cycle;name;location.x;location.y;location.z;name;dataZone;nm_children;pop;over16;nm_hh;AB_car_prob;C1_car_prob;C2_car_prob;DE_car_prob;prob_social;simd;crimeRate;norm_crime;avg_dis_sh;neigh_play;daily_play_per_child;avg_FSA;avg_walk;daily_OD;zone_mvpa;mvpa_home;mvpa_sc;mvpa_road;mvpa_play_field;mvpa_home_garden;mvpa_park;mvpa_PG;mvpa_amenity;mvpa_shops;mvpa_F_home;mvpa_fsa;mvpa_OD
11286;zone0;8448.90275962388;2625.4515469546564;0.0;zone0;S01010195;19;531;390;212;[0.0,0.481481,0.518519];[0.261538,0.646154,0.092308];[0.12,0.59,0.29];[0.447368,0.368421,0.184211];[0.418918918919,0.283783783784,0.202702702703,0.0945945945946];1;0.0;-0.540229885057;1056;165;0.3389473684210526;0.9473684210526315;47.707368421052635;43.68421052631579;64.69473684210526;8.894736842105264;21.842105263157894;16.42105263157895;1.3410526315789473;0.0;6.168421052631579;0.0;3.166315789473684;0.3347368421052633;2.3642105263157895;2.5789473684210527;10.157894736842104
11286;zone1;8656.736904000718;2165.9902346445633;0.0;zone1;S01010198;18;1027;748;394;[0.058824,0.529412,0.411765];[0.305785,0.561983,0.132231];[0.219858,0.496454,0.283688];[0.523179,0.331126,0.145695];[0.48623853211,0.229357798165,0.266055045872,0.0183486238532];1;1609.0;1.3102524676;1281;106;0.2288888888888889;1.3888888888888888;35.86666666666666;35.44444444444444;66.13777777777779;11.166666666666666;23.22222222222222;12.166666666666666;1.74;0.0;4.115555555555555;0.16;3.4555555555555557;0.29333333333333333;2.3533333333333335;5.611111111111111;9.055555555555555
11286;zone2;8537.588755655543;3024.028900129281;0.0;zone2;S01010201;22;643;453;253;[0.0,0.47619,0.52381];[0.270833,0.3125,0.416667];[0.088,0.48,0.432];[0.296552,0.434483,0.268966];[0.365853658537,0.292682926829,0.292682926829,0.0487804878049];2;219.0;-0.28762447053;1060;255;0.4490909090909091;1.2727272727272727;45.79272727272728;55.40909090909091;70.02181818181818;9.409090909090908;22.272727272727273;15.590909090909092;2.5054545454545454;0.0;6.280000000000001;0.07090909090909091;4.3145454545454545;0.37454545454545457;2.178181818181819;5.318181818181818;12.727272727272727
11286;zone3;8059.42097232239;3767.666522351409;0.0;zone3;S01010203;30;671;504;260;[0.090909,0.363636,0.545455];[0.263804,0.460123,0.276074];[0.094828,0.422414,0.482759];[0.183824,0.375,0.441176];[0.272727272727,0.218181818182,0.363636363636,0.145454545455];3;215.0;-0.292668818285;1941;336;0.4266666666666667;0.6666666666666666;56.577333333333335;57.333333333333336;78.56266666666669;10.5;24.066666666666666;19.3;5.142666666666668;0.0;6.1800000000000015;0.0;5.318666666666664;0.30000000000000004;3.0546666666666673;2.9;16.266666666666666
11286;zone4;8368.288440296214;3565.498290652094;0.0;zone4;S01010204;30;800;589;381;[0.272727,0.727273,0.0];[0.627451,0.27451,0.098039];[0.444444,0.533333,0.022222];[0.600619,0.321981,0.077399];[0.595041322314,0.157024793388,0.239669421488,0.00826446280992];1;497.0;0.0317745673598;1182;293;0.36666666666666664;1.1333333333333333;46.43866666666668;49.03333333333333;71.76266666666668;10.466666666666667;23.1;16.0;3.2133333333333334;0.0;5.461333333333333;0.068;4.553333333333334;0.41333333333333344;2.170666666666667;4.6;12.733333333333333
11286;zone5;8034.229745798958;3515.110462853287;0.0;zone5;S01010205;15;658;534;355;[0.411765,0.117647,0.470588];[0.465116,0.457364,0.077519];[0.317757,0.588785,0.093458];[0.593458,0.280374,0.126168];[0.466666666667,0.2,0.3,0.0333333333333];1;925.0;0.523434132086;1203;144;0.36533333333333334;1.2666666666666666;45.522666666666666;45.4;72.06666666666668;10.733333333333333;23.4;15.4;4.922666666666666;0.0;4.4879999999999995;0.0;3.565333333333333;0.23733333333333337;2.426666666666667;5.066666666666666;12.466666666666667
11286;zone6;7457.064719570519;3739.055375726369;0.0;zone6;S01010208;18;903;745;565;[0.30137,0.589041,0.109589];[0.48062,0.457364,0.062016];[0.272727,0.613636,0.113636];[0.66055,0.270642,0.068807];[0.233333333333,0.133333333333,0.461111111111,0.172222222222];1;603.0;0.153385979085;1446;103;0.21777777777777776;1.8333333333333333;44.99333333333334;34.388888888888886;73.79777777777775;11.777777777777779;24.0;15.222222222222221;4.988888888888888;0.0;2.1444444444444444;0.0;3.2888888888888888;0.2222222222222222;2.1911111111111112;8.333333333333334;9.833333333333334
11286;zone7;7917.838214725937;1939.334458859395;0.0;zone7;S01010209;24;966;677;468;[0.172414,0.586207,0.241379];[0.333333,0.414966,0.251701];[0.381944,0.458333,0.159722];[0.545852,0.336245,0.117904];[0.337931034483,0.248275862069,0.303448275862,0.110344827586];1;2053.0;1.82052250092;1661;134;0.20666666666666667;1.375;52.81666666666667;36.833333333333336;70.095;10.083333333333334;22.833333333333332;17.833333333333332;1.2733333333333332;0.0;5.798333333333333;0.0;2.686666666666666;0.25666666666666677;2.1916666666666664;5.458333333333333;9.333333333333334
11286;zone8;7878.406567747077;2721.2634132011362;0.0;zone8;S01010210;18;885;641;416;[0.173913,0.456522,0.369565];[0.21519,0.5,0.28481];[0.189781,0.386861,0.423358];[0.422111,0.442211,0.135678];[0.394736842105,0.236842105263,0.254385964912,0.114035087719];1;344.0;-0.144253829852;1381;160;0.34;1.4444444444444444;48.48444444444444;44.0;69.1422222222222;9.722222222222221;22.666666666666668;16.27777777777778;1.8533333333333337;0.0;6.073333333333334;0.0;3.626666666666667;0.3222222222222222;2.0288888888888885;5.111111111111111;11.222222222222221
11286;zone9;7785.599648345685;3201.783800714137;0.0;zone9;S01010211;22;858;634;452;[0.147059,0.705882,0.147059];[0.384615,0.452991,0.162393];[0.469565,0.4,0.130435];[0.722656,0.226563,0.050781];[0.473214285714,0.169642857143,0.285714285714,0.0714285714286];1;430.0;-0.0456985893816;1066;194;0.34;1.5909090909090908;43.14545454545455;43.31818181818182;73.84545454545454;10.954545454545455;23.545454545454547;14.681818181818182;3.5600000000000005;0.0;5.929090909090909;0.00545454545454545;3.394545454545454;0.35454545454545455;2.209090909090909;7.318181818181818;12.409090909090908
11286;zone10;7580.688680869333;3097.127786881416;0.0;zone10;S01010212;49;1083;779;559;[0.233333,0.633333,0.133333];[0.594771,0.339869,0.065359];[0.465517,0.405172,0.12931];[0.712821,0.269231,0.017949];[0.566037735849,0.138364779874,0.22641509434,0.0691823899371];1;1473.0;1.15298517036;1239;453;0.356734693877551;0.9795918367346939;52.986938775510204;47.93877551020408;71.25877551020407;9.673469387755102;22.653061224489797;18.142857142857142;3.009795918367348;0.0;5.724897959183673;0.0;3.8693877551020415;0.276734693877551;2.564897959183674;3.5714285714285716;12.204081632653061
11286;zone11;8065.177293237223;3111.5884965344962;0.0;zone11;S01010213;13;924;657;476;[0.105263,0.684211,0.210526];[0.382609,0.547826,0.069565];[0.218543,0.556291,0.225166];[0.467925,0.483019,0.049057];[0.451327433628,0.221238938053,0.274336283186,0.0530973451327];1;247.0;-0.255840453357;866;128;0.38153846153846155;2.076923076923077;38.5876923076923;46.23076923076923;75.28307692307692;11.23076923076923;23.615384615384617;13.0;1.8861538461538463;0.0;7.320000000000001;0.16615384615384615;4.907692307692308;0.2923076923076923;2.5969230769230767;8.307692307692308;13.76923076923077
11286;zone12;7144.994858230166;1947.4125453867302;0.0;zone12;S01010214;27;967;717;396;[0.098592,0.28169,0.619718];[0.197531,0.438272,0.364198];[0.173333,0.493333,0.333333];[0.237069,0.487069,0.275862];[0.361344537815,0.210084033613,0.310924369748,0.117647058824];3;176.0;-0.337854473183;1854;216;0.3037037037037037;1.4814814814814814;53.07703703703705;41.888888888888886;72.97333333333333;10.407407407407407;22.925925925925927;18.11111111111111;3.0370370370370376;0.0;5.411851851851852;0.0;3.2518518518518515;0.31555555555555553;2.1333333333333333;5.666666666666667;11.25925925925926
11286;zone13;7013.590150664996;2618.495528189446;0.0;zone13;S01010215;24;850;608;492;[0.571429,0.285714,0.142857];[0.5,0.431373,0.068627];[0.382609,0.391304,0.226087];[0.678571,0.269841,0.051587];[0.467289719626,0.140186915888,0.345794392523,0.0467289719626];1;547.0;0.0886083430805;622;182;0.2916666666666667;1.2916666666666667;39.97666666666667;43.25;68.68500000000002;10.708333333333334;23.208333333333332;13.833333333333334;2.1716666666666664;0.0;4.316666666666667;0.0;4.7266666666666675;0.2216666666666667;2.5366666666666666;5.25;10.708333333333334
11286;zone14;7332.222205807836;2329.961970144465;0.0;zone14;S01010216;15;621;464;361;[0.6,0.4,0.0];[0.597701,0.356322,0.045977];[0.409091,0.439394,0.151515];[0.709544,0.273859,0.016598];[0.5,0.163265306122,0.265306122449,0.0714285714286];1;600.0;0.150092344085;1303;115;0.2906666666666667;0.8666666666666667;62.58933333333333;45.2;72.09333333333332;9.333333333333334;22.333333333333332;21.266666666666666;2.3333333333333335;0.0;5.346666666666667;0.0;3.6906666666666674;0.2586666666666667;2.770666666666666;3.2;10.866666666666667
11286;zone15;7299.833172322251;2625.8610945736937;0.0;zone15;S01010217;33;817;598;406;[0.16129,0.516129,0.322581];[0.565517,0.4,0.034483];[0.5,0.431373,0.068627];[0.702703,0.283784,0.013514];[0.541935483871,0.0967741935484,0.296774193548,0.0645161290323];1;1060.0;0.679274950851;1008;340;0.3987878787878788;0.9393939393939394;45.772121212121206;53.96969696969697;72.20969696969698;10.636363636363637;23.272727272727273;15.545454545454545;2.2860606060606052;0.0;6.385454545454547;0.0;5.186666666666666;0.3309090909090909;2.7890909090909086;4.2727272727272725;13.424242424242424
11286;zone16;7142.953643082513;3018.5401822929393;0.0;zone16;S01010218;31;1018;790;587;[0.425532,0.404255,0.170213];[0.392523,0.453271,0.154206];[0.358209,0.492537,0.149254];[0.589124,0.335347,0.075529];[0.424657534247,0.109589041096,0.369863013699,0.0958904109589];1;557.0;0.101026678737;568;231;0.2903225806451613;1.2580645161290323;37.06193548387097;43.87096774193548;66.1432258064516;10.516129032258064;22.903225806451612;12.612903225806452;2.0903225806451613;0.0;3.0141935483870967;0.0;5.598709677419355;0.31483870967741934;2.327741935483871;4.967741935483871;10.32258064516129
11286;zone17;6738.8937706128745;4298.8917997019325;0.0;zone17;S01010219;21;503;382;274;[0.695652,0.304348,0.0];[0.758621,0.215517,0.025862];[0.761905,0.166667,0.071429];[0.781609,0.195402,0.022989];[0.41935483871,0.0752688172043,0.408602150538,0.0967741935484];2;184.0;-0.327838932938;1556;215;0.3942857142857143;1.0952380952380953;58.19238095238095;53.80952380952381;76.10666666666667;9.285714285714286;22.80952380952381;20.047619047619047;5.394285714285716;0.0;6.721904761904763;0.02857142857142857;2.7885714285714283;0.3238095238095239;2.5199999999999996;4.666666666666667;14.428571428571429
11286;zone18;5915.780765415368;4211.222876105162;0.0;zone18;S01010220;7;476;433;279;[0.181159,0.608696,0.210145];[0.404255,0.531915,0.06383];[0.227273,0.704545,0.068182];[0.448276,0.482759,0.068966];[0.154545454545,0.0636363636364,0.318181818182,0.463636363636];5;267.0;-0.232306706325;1365;133;0.7314285714285714;0.8571428571428571;40.08571428571429;78.42857142857143;78.55428571428571;9.285714285714286;23.571428571428573;13.428571428571429;9.428571428571427;0.0;9.428571428571429;0.4742857142857143;4.76;0.12571428571428572;2.188571428571429;4.0;23.714285714285715
11286;zone19;6341.0811208317455;3913.8398648988496;0.0;zone19;S01010221;13;546;394;260;[0.6,0.4,0.0];[0.557377,0.409836,0.032787];[0.538462,0.323077,0.138462];[0.699387,0.257669,0.042945];[0.609375,0.140625,0.203125,0.046875];1;635.0;0.19005459739;987;64;0.18769230769230769;1.3076923076923077;49.464615384615385;28.615384615384617;71.96307692307691;11.846153846153847;23.76923076923077;17.076923076923077;4.483076923076923;0.0;3.504615384615384;0.18769230769230769;1.2092307692307693;0.39076923076923076;2.492307692307693;5.3076923076923075;8.923076923076923
11286;zone20;7001.213463613622;4053.9957950241624;0.0;zone20;S01010222;15;492;414;285;[0.142857,0.5,0.357143];[0.432432,0.459459,0.108108];[0.348624,0.522936,0.12844];[0.747899,0.235294,0.016807];[0.345238095238,0.214285714286,0.309523809524,0.130952380952];1;377.0;-0.105830277325;1813;94;0.24;1.9333333333333333;60.32266666666667;36.4;73.01599999999999;9.6;22.4;20.533333333333335;3.2800000000000002;0.0;4.042666666666667;0.0;2.296;0.312;1.9146666666666665;6.866666666666666;9.333333333333334
11286;zone21;6986.8418912765155;3434.1450308482026;0.0;zone21;S01010223;4;556;462;337;[0.076923,0.538462,0.384615];[0.567797,0.330508,0.101695];[0.472222,0.444444,0.083333];[0.584699,0.36612,0.04918];[0.432432432432,0.162162162162,0.324324324324,0.0810810810811];1;439.0;-0.0353356041414;1733;9;0.09;1.25;60.349999999999994;26.5;83.35000000000001;14.25;26.5;21.0;3.71;0.0;2.35;0.0;3.6199999999999997;0.6000000000000001;4.069999999999999;6.25;9.25
11286;zone22;6247.397837456437;3329.661273309237;0.0;zone22;S01010224;40;1036;727;469;[0.405405,0.540541,0.054054];[0.592593,0.274074,0.133333];[0.418803,0.504274,0.076923];[0.768421,0.202632,0.028947];[0.506097560976,0.140243902439,0.268292682927,0.0853658536585];1;1004.0;0.614259332793;975;279;0.266;1.025;49.454000000000015;38.05;71.532;11.25;23.525;16.9;5.46;0.0;3.5519999999999996;0.04500000000000001;1.9810000000000003;0.32200000000000006;2.5229999999999997;4.375;10.55
11286;zone23;7827.985844039554;4105.4701191949;0.0;zone23;S01010225;33;812;636;431;[0.25,0.634615,0.115385];[0.469072,0.43299,0.097938];[0.54023,0.413793,0.045977];[0.672065,0.234818,0.093117];[0.385185185185,0.125925925926,0.325925925926,0.162962962963];1;1006.0;0.616572011517;1561;218;0.25212121212121213;1.9090909090909092;53.275151515151514;35.72727272727273;71.98787878787878;9.878787878787879;22.757575757575758;18.181818181818183;3.672727272727273;0.0;4.213333333333334;0.0303030303030303;2.283636363636364;0.34909090909090906;1.8690909090909087;6.96969696969697;9.696969696969697
11286;zone24;7040.363001382077;4481.052780471187;0.0;zone24;S01010226;40;816;565;394;[0.454545,0.242424,0.30303];[0.715385,0.2,0.084615];[0.540541,0.405405,0.054054];[0.766917,0.18797,0.045113];[0.503355704698,0.201342281879,0.221476510067,0.0738255033557];2;422.0;-0.0548014077425;1272;488;0.465;1.55;55.626999999999995;59.775;79.582;9.825;23.125;19.075;6.058000000000001;0.0;8.341000000000001;0.151;3.105;0.24499999999999997;1.9659999999999997;5.875;17.075
11286;zone25;6847.772309074456;4638.663588163389;0.0;zone25;S01010227;39;692;454;294;[0.413793,0.413793,0.172414];[0.704545,0.238636,0.056818];[0.654545,0.345455,0.0];[0.810606,0.159091,0.030303];[0.672268907563,0.0924369747899,0.159663865546,0.0756302521008];4;0.0;-0.540229885057;1081;633;0.6215384615384615;1.1794871794871795;49.2502564102564;73.51282051282051;81.23384615384614;9.615384615384615;23.025641025641026;16.94871794871795;5.447179487179485;0.0;14.64205128205128;0.18358974358974361;2.752820512820513;0.2482051282051283;1.9907692307692308;4.82051282051282;22.53846153846154
11286;zone26;8241.816993110848;4572.457656401622;0.0;zone26;S01010229;30;1016;787;508;[0.1,0.625,0.275];[0.350877,0.350877,0.298246];[0.348315,0.477528,0.174157];[0.565217,0.310559,0.124224];[0.420731707317,0.213414634146,0.292682926829,0.0731707317073];1;395.0;-0.0859445809966;1265;159;0.196;1.4666666666666666;46.092;30.033333333333335;68.384;10.9;23.166666666666668;15.866666666666667;2.3320000000000003;0.0;3.3266666666666667;0.02533333333333333;2.686666666666667;0.3066666666666668;2.122666666666666;6.033333333333333;7.766666666666667
11286;zone27;7458.320056766788;4680.341251240345;0.0;zone27;S01010230;24;1005;772;577;[0.314286,0.628571,0.057143];[0.703883,0.296117,0.0];[0.727273,0.218182,0.054545];[0.71831,0.24507,0.03662];[0.517857142857,0.136904761905,0.267857142857,0.077380952381];1;846.0;0.433218203459;841;213;0.3433333333333333;0.875;39.16833333333333;50.958333333333336;69.57500000000002;10.375;23.375;13.458333333333334;4.021666666666667;0.0;7.433333333333334;0.165;3.3499999999999996;0.35333333333333344;2.646666666666667;2.9166666666666665;14.416666666666666
11286;zone28;7569.802990100143;4917.458811240416;0.0;zone28;S01010232;37;1074;792;485;[0.457143,0.485714,0.057143];[0.557292,0.338542,0.104167];[0.492063,0.333333,0.174603];[0.654229,0.251244,0.094527];[0.470297029703,0.153465346535,0.306930693069,0.0693069306931];1;771.0;0.347049794199;1031;378;0.3924324324324324;0.972972972972973;49.09621621621622;52.513513513513516;73.9621621621622;10.594594594594595;23.513513513513512;16.64864864864865;3.4183783783783785;0.0;5.84;0.17405405405405405;5.070270270270269;0.32540540540540536;2.358918918918919;4.378378378378378;13.891891891891891
11286;zone29;7830.713068379679;4879.746446724283;0.0;zone29;S01010233;33;970;705;476;[0.275,0.625,0.1];[0.655629,0.245033,0.099338];[0.52809,0.426966,0.044944];[0.771505,0.212366,0.016129];[0.587209302326,0.093023255814,0.261627906977,0.0581395348837];1;284.0;-0.213781821634;1217;307;0.35393939393939394;1.3636363636363635;54.751515151515164;47.96969696969697;72.52969696969697;10.151515151515152;22.87878787878788;18.727272727272727;2.123636363636364;0.0;3.4145454545454537;0.24848484848484848;5.29939393939394;0.31636363636363635;1.9866666666666672;5.7272727272727275;10.666666666666666
11286;zone30;6473.383843181837;4954.519765957263;0.0;zone30;S01010261;6;2551;2373;526;[0.666667,0.270833,0.0625];[0.675841,0.281346,0.042813];[0.75,0.25,0.0];[0.824468,0.164894,0.010638];[0.41,0.06,0.41,0.12];3;176.0;-0.337679921334;1747;37;0.24666666666666667;0.8333333333333334;70.71333333333332;45.833333333333336;80.12666666666667;10.333333333333334;23.833333333333332;24.833333333333332;4.673333333333333;0.0;2.4333333333333336;0.04666666666666667;5.359999999999999;0.52;2.66;3.8333333333333335;12.166666666666666
11286;zone31;4930.642193689802;4959.449818932565;0.0;zone31;S01010266;3;555;474;237;[0.320755,0.556604,0.122642];[0.677273,0.254545,0.068182];[0.5,0.461538,0.038462];[0.534247,0.30137,0.164384];[0.141176470588,0.0588235294118,0.4,0.4];3;536.0;0.0761386922126;1137;20;0.25333333333333335;1.0;34.99999999999999;33.333333333333336;64.72000000000001;11.666666666666666;23.666666666666668;11.666666666666666;2.16;0.0;1.5333333333333334;1.9600000000000002;3.3466666666666662;0.6133333333333334;2.5866666666666664;3.3333333333333335;8.333333333333334
11286;zone32;5712.5549897826;4979.400336637217;0.0;zone32;S01010270;4;1153;972;817;[0.389831,0.533898,0.076271];[0.70255,0.252125,0.045326];[0.714286,0.272727,0.012987];[0.771552,0.228448,0.0];[0.125,0.0909090909091,0.454545454545,0.329545454545];1;871.0;0.461200629557;1651;21;0.21;1.75;57.71;33.5;69.92000000000002;10.0;22.75;19.75;4.2;0.0;0.45;0.07;3.51;0.11;1.0699999999999998;6.25;7.75
11286;zone33;3394.0723536088512;4934.677182292946;0.0;zone33;S01010282;13;976;841;645;[0.438776,0.520408,0.040816];[0.545732,0.405488,0.04878];[0.521277,0.382979,0.095745];[0.712707,0.232044,0.055249];[0.190954773869,0.070351758794,0.35175879397,0.386934673367];2;350.0;-0.137812028107;1326;55;0.16307692307692306;1.4615384615384615;54.10461538461539;39.53846153846154;74.58461538461539;10.76923076923077;24.076923076923077;18.46153846153846;1.6676923076923076;0.0;7.5661538461538465;1.0123076923076924;1.513846153846154;0.32307692307692315;1.9046153846153848;5.769230769230769;11.23076923076923
11286;zone34;4385.789287498423;4835.237486850067;0.0;zone34;S01010289;15;771;687;380;[0.130952,0.511905,0.357143];[0.262911,0.502347,0.234742];[0.178571,0.464286,0.357143];[0.410256,0.435897,0.153846];[0.058064516129,0.0322580645161,0.245161290323,0.664516129032];5;259.0;-0.241396294863;1334;257;0.6613333333333333;2.3333333333333335;54.786666666666655;71.2;73.45333333333333;7.333333333333333;21.733333333333334;18.666666666666668;3.381333333333333;0.0;7.269333333333334;1.3066666666666669;3.6053333333333333;0.10133333333333333;1.0906666666666667;6.866666666666666;15.133333333333333
11286;zone35;4401.5375624188455;4669.062022109911;0.0;zone35;S01010290;13;546;485;278;[0.198198,0.603604,0.198198];[0.485944,0.449799,0.064257];[0.555556,0.444444,0.0];[0.435897,0.512821,0.051282];[0.10752688172,0.0430107526882,0.494623655914,0.354838709677];3;353.0;-0.133686757747;1012;168;0.49230769230769234;2.0;51.92307692307692;63.15384615384615;84.51076923076923;10.692307692307692;24.46153846153846;17.615384615384617;3.8369230769230773;0.0;9.049230769230771;2.0523076923076924;3.8400000000000003;0.11999999999999998;2.0184615384615388;9.23076923076923;18.153846153846153
11286;zone36;4119.983651650423;4281.100418217042;0.0;zone36;S01010291;12;1075;975;481;[0.405594,0.447552,0.146853];[0.627907,0.277132,0.094961];[0.415094,0.433962,0.150943];[0.562963,0.325926,0.111111];[0.197080291971,0.0729927007299,0.445255474453,0.284671532847];3;438.0;-0.0363924713322;833;181;0.58;1.6666666666666667;53.606666666666676;73.75;77.61333333333333;8.333333333333334;22.666666666666668;18.5;3.4499999999999997;0.0;11.303333333333333;1.42;2.4466666666666668;0.26666666666666666;1.61;5.833333333333333;18.166666666666668
11286;zone37;4399.731076226201;4291.6703625917;0.0;zone37;S01010292;10;890;831;409;[0.348214,0.508929,0.142857];[0.477169,0.420091,0.10274];[0.339286,0.446429,0.214286];[0.55814,0.383721,0.05814];[0.128378378378,0.0540540540541,0.398648648649,0.418918918919];4;323.0;-0.168488563048;889;149;0.564;1.5;50.53199999999999;60.7;70.56;8.5;21.8;17.1;4.4719999999999995;0.0;7.343999999999999;1.1199999999999999;1.9480000000000004;0.324;1.3080000000000003;5.0;14.3
11286;zone38;4514.690807242894;4541.15458266895;0.0;zone38;S01010293;16;839;723;373;[0.51773,0.35461,0.12766];[0.635389,0.262735,0.101877];[0.446809,0.319149,0.234043];[0.514286,0.392857,0.092857];[0.242424242424,0.0606060606061,0.393939393939,0.30303030303];3;290.0;-0.205814991507;1008;203;0.475;2.0;55.1775;61.9375;77.675;9.0625;22.5;18.6875;3.5225;0.0;7.8225;1.2474999999999998;3.33;0.22;1.335;7.9375;15.375
11286;zone39;4541.7482834333705;4418.565122351524;0.0;zone39;S01010294;13;690;631;275;[0.242105,0.526316,0.231579];[0.650873,0.214464,0.134663];[0.583333,0.208333,0.208333];[0.414894,0.489362,0.095745];[0.164835164835,0.043956043956,0.494505494505,0.296703296703];4;440.0;-0.0342259463805;963;180;0.5261538461538462;2.1538461538461537;51.947692307692314;67.46153846153847;76.04923076923077;8.384615384615385;22.307692307692307;17.692307692307693;5.563076923076922;0.0;5.243076923076923;1.9569230769230768;3.729230769230769;0.17230769230769233;1.2646153846153847;7.923076923076923;16.0
11286;zone40;4766.8646917667475;4574.50133624035;0.0;zone40;S01010295;18;974;870;427;[0.384615,0.391026,0.224359];[0.604555,0.310559,0.084886];[0.428571,0.285714,0.285714];[0.390728,0.516556,0.092715];[0.212765957447,0.113475177305,0.297872340426,0.375886524823];4;529.0;0.0680145754747;1042;285;0.6044444444444445;2.0555555555555554;54.791111111111114;69.77777777777777;78.44666666666666;8.444444444444445;22.333333333333332;18.88888888888889;4.893333333333334;0.0;7.231111111111111;1.2933333333333337;3.788888888888889;0.1733333333333334;1.6800000000000004;8.0;16.77777777777778
11286;zone41;4647.752341766679;4736.091736240359;0.0;zone41;S01010296;16;664;560;291;[0.294118,0.423529,0.282353];[0.520913,0.368821,0.110266];[0.375,0.375,0.25];[0.475524,0.391608,0.132867];[0.282828282828,0.111111111111,0.363636363636,0.242424242424];2;856.0;0.444094443477;1376;157;0.38;1.9375;52.82;50.625;75.24999999999999;9.75;22.8125;18.375;3.5949999999999998;0.0;5.2875;1.4849999999999999;2.4974999999999996;0.27;2.21;7.3125;12.4375
11286;zone42;5522.849421766708;4411.996091240393;0.0;zone42;S01010297;7;1066;894;676;[0.582609,0.382609,0.034783];[0.691824,0.245283,0.062893];[0.540541,0.333333,0.126126];[0.681275,0.270916,0.047809];[0.260563380282,0.140845070423,0.37323943662,0.225352112676];1;504.0;0.0391758595379;2070;71;0.37714285714285717;0.5714285714285714;47.125714285714274;50.42857142857143;63.748571428571424;9.285714285714286;21.714285714285715;16.142857142857142;4.085714285714285;0.0;2.5142857142857147;0.4457142857142857;3.005714285714286;0.2685714285714286;2.1085714285714285;2.7142857142857144;9.571428571428571
11286;zone43;4706.481893689814;4143.807995855712;0.0;zone43;S01010298;12;880;677;515;[0.308943,0.479675,0.211382];[0.581395,0.356589,0.062016];[0.539683,0.396825,0.063492];[0.744828,0.193103,0.062069];[0.227272727273,0.0984848484848,0.371212121212,0.30303030303];1;486.0;0.0190902878356;1248;100;0.32;1.9166666666666667;46.163333333333334;48.5;75.53333333333333;10.416666666666666;23.083333333333332;15.75;5.04;0.0;6.379999999999999;1.1866666666666668;2.0399999999999996;0.32333333333333336;1.7733333333333334;7.75;14.166666666666666
11286;zone44;4885.424673909578;4209.645754097502;0.0;zone44;S01010299;4;536;404;292;[0.3,0.54,0.16];[0.556701,0.340206,0.103093];[0.458333,0.520833,0.020833];[0.584906,0.283019,0.132075];[0.428571428571,0.0857142857143,0.285714285714,0.2];1;375.0;-0.10827530326;722;46;0.43;1.0;33.69;45.0;73.5;13.0;25.5;11.25;5.470000000000001;0.0;2.3;1.08;4.7;0.44;2.3099999999999996;5.5;13.0
11286;zone45;4883.397012115578;4340.414778682246;0.0;zone45;S01010300;21;934;764;478;[0.460784,0.411765,0.127451];[0.664653,0.238671,0.096677];[0.632353,0.323529,0.044118];[0.606383,0.329787,0.06383];[0.3046875,0.125,0.3515625,0.21875];2;513.0;0.0498225801839;604;239;0.4361904761904762;1.1904761904761905;41.965714285714284;53.666666666666664;74.39809523809524;11.333333333333334;24.0;14.380952380952381;6.3466666666666685;0.0;3.8285714285714287;1.0476190476190477;3.8285714285714283;0.3219047619047619;2.1866666666666665;5.333333333333333;14.571428571428571
11286;zone46;5144.66081966521;4032.769083704074;0.0;zone46;S01010301;6;522;457;283;[0.292683,0.597561,0.109756];[0.57563,0.315126,0.109244];[0.222222,0.703704,0.074074];[0.561798,0.393258,0.044944];[0.214285714286,0.0612244897959,0.459183673469,0.265306122449];4;490.0;0.0232745011966;1092;113;0.7266666666666667;0.8333333333333334;48.96666666666667;85.83333333333333;81.55333333333333;10.333333333333334;23.166666666666668;16.833333333333332;12.879999999999997;0.0;4.073333333333333;2.2266666666666666;4.486666666666666;0.08;2.46;3.3333333333333335;23.166666666666668
11286;zone47;5165.568789180556;4297.038752619699;0.0;zone47;S01010302;24;669;495;388;[0.65625,0.28125,0.0625];[0.6,0.356522,0.043478];[0.716981,0.226415,0.056604];[0.801802,0.18018,0.018018];[0.582417582418,0.0769230769231,0.263736263736,0.0769230769231];1;392.0;-0.0896499889057;1046;238;0.37333333333333335;1.1666666666666667;50.906666666666645;51.5;72.16166666666668;9.916666666666666;22.916666666666668;17.166666666666668;6.771666666666667;0.0;1.59;0.6316666666666666;3.85;0.3916666666666666;2.055;5.125;12.25
11286;zone48;5241.140616766716;4139.402270499609;0.0;zone48;S01010303;33;579;387;250;[0.692308,0.153846,0.153846];[0.56701,0.298969,0.134021];[0.630435,0.282609,0.086957];[0.658879,0.285047,0.056075];[0.58407079646,0.106194690265,0.274336283186,0.0353982300885];1;415.0;-0.0627120940391;1525;375;0.43636363636363634;1.0909090909090908;50.94424242424242;54.45454545454545;70.81575757575757;9.303030303030303;22.303030303030305;17.333333333333332;7.1042424242424245;0.0;2.713939393939394;0.9515151515151514;2.6472727272727283;0.3575757575757576;2.2254545454545456;4.151515151515151;12.93939393939394
11286;zone49;4853.647576226233;3833.123065294377;0.0;zone49;S01010304;12;542;456;332;[0.323529,0.514706,0.161765];[0.635135,0.25,0.114865];[0.477273,0.522727,0.0];[0.829268,0.109756,0.060976];[0.372340425532,0.0425531914894,0.297872340426,0.287234042553];1;804.0;0.384523850516;1635;126;0.4033333333333333;1.4166666666666667;62.69;51.916666666666664;77.55;9.583333333333334;22.833333333333332;21.75;7.4433333333333325;0.0;3.56;0.7133333333333334;2.3933333333333335;0.46666666666666673;2.013333333333333;5.25;13.583333333333334
11286;zone50;4697.410406890209;3639.1027396354093;0.0;zone50;S01010305;7;807;694;478;[0.36036,0.468468,0.171171];[0.553191,0.33617,0.110638];[0.409639,0.301205,0.289157];[0.589888,0.337079,0.073034];[0.198529411765,0.0735294117647,0.382352941176,0.345588235294];1;223.0;-0.28282788147;596;63;0.33714285714285713;1.4285714285714286;47.75428571428572;48.42857142857143;67.82285714285715;9.142857142857142;22.285714285714285;16.142857142857142;7.068571428571429;0.0;2.1885714285714286;1.6742857142857142;0.6114285714285714;0.35428571428571426;1.5714285714285714;4.857142857142857;10.857142857142858
11286;zone51;4591.3082521834585;3868.367573740388;0.0;zone51;S01010306;13;752;675;449;[0.35625,0.56875,0.075];[0.570588,0.355882,0.073529];[0.283019,0.566038,0.150943];[0.650943,0.330189,0.018868];[0.165680473373,0.0473372781065,0.479289940828,0.307692307692];2;238.0;-0.265781391166;874;139;0.40615384615384614;2.3076923076923075;51.23076923076924;52.46153846153846;82.43076923076923;11.384615384615385;24.076923076923077;17.53846153846154;6.689230769230771;0.0;4.0092307692307685;2.612307692307693;0.8;0.28923076923076924;1.6707692307692312;11.76923076923077;13.76923076923077
11286;zone52;4503.72067559025;3742.2957906521283;0.0;zone52;S01010307;9;821;732;428;[0.189922,0.577519,0.232558];[0.407407,0.487654,0.104938];[0.346154,0.538462,0.115385];[0.71875,0.234375,0.046875];[0.0681818181818,0.0568181818182,0.375,0.5];5;319.0;-0.172537833795;449;163;0.6933333333333334;1.2222222222222223;49.32;89.44444444444444;88.35555555555554;10.222222222222221;24.333333333333332;17.333333333333332;12.444444444444445;0.0;7.155555555555556;5.226666666666666;1.9955555555555557;0.27999999999999997;2.2222222222222223;5.555555555555555;26.333333333333332
11286;zone53;4364.519870735056;4047.768725526131;0.0;zone53;S01010308;9;975;858;480;[0.285714,0.54007,0.174216];[0.511936,0.384615,0.103448];[0.254902,0.411765,0.333333];[0.648352,0.307692,0.043956];[0.0970873786408,0.0631067961165,0.359223300971,0.480582524272];4;257.0;-0.244477582955;1362;127;0.5466666666666666;2.6666666666666665;63.10222222222222;63.44444444444444;81.02666666666667;7.555555555555555;22.333333333333332;21.555555555555557;7.097777777777777;0.0;5.062222222222222;2.7777777777777777;1.32;0.09777777777777778;1.6355555555555554;9.777777777777779;15.88888888888889
11286;zone54;5381.88771051669;3636.3205112402793;0.0;zone54;S01010309;4;419;356;264;[0.333333,0.25,0.416667];[0.478873,0.422535,0.098592];[0.352941,0.382353,0.264706];[0.705882,0.24183,0.052288];[0.365853658537,0.170731707317,0.390243902439,0.0731707317073];1;0.0;-0.540229885057;2153;28;0.27;1.0;54.17999999999999;39.25;67.64;9.25;22.0;18.25;4.02;0.0;2.47;0.11;3.1;0.66;2.15;3.75;9.0
11286;zone55;5657.373406240428;3625.6586165034923;0.0;zone55;S01010310;13;706;540;381;[0.333333,0.238095,0.428571];[0.565517,0.337931,0.096552];[0.54902,0.27451,0.176471];[0.715415,0.256917,0.027668];[0.484848484848,0.151515151515,0.318181818182,0.0454545454545];1;574.0;0.120406534162;845;96;0.28615384615384615;1.2307692307692308;54.052307692307686;38.61538461538461;68.27692307692308;10.0;22.153846153846153;18.384615384615383;3.209230769230769;0.0;2.581538461538462;0.39692307692307693;2.8923076923076922;0.36;2.421538461538461;4.384615384615385;8.76923076923077
11286;zone56;5685.425126382168;3318.6970593171873;0.0;zone56;S01010311;22;721;556;351;[0.411765,0.352941,0.235294];[0.472222,0.453704,0.074074];[0.571429,0.404762,0.02381];[0.717949,0.271062,0.010989];[0.565217391304,0.121739130435,0.269565217391,0.0434782608696];1;1534.0;1.22364271569;1642;207;0.3654545454545455;0.5909090909090909;62.31454545454546;50.77272727272727;72.14181818181818;9.363636363636363;22.272727272727273;21.363636363636363;4.254545454545454;0.0;4.365454545454545;0.24545454545454543;3.5254545454545454;0.3109090909090909;2.7472727272727275;2.090909090909091;12.0
11286;zone57;5466.52613028024;3072.1402274564575;0.0;zone57;S01010312;34;868;647;425;[0.117647,0.823529,0.058824];[0.754386,0.22807,0.017544];[0.407407,0.444444,0.148148];[0.804945,0.153846,0.041209];[0.586956521739,0.115942028986,0.268115942029,0.0289855072464];1;685.0;0.247477927043;1651;285;0.32;0.7352941176470589;61.715294117647076;44.294117647058826;71.73411764705882;9.294117647058824;22.441176470588236;21.147058823529413;3.2670588235294113;0.0;4.263529411764705;0.24941176470588236;3.1788235294117646;0.39058823529411757;2.7847058823529416;3.0;10.558823529411764
11286;zone58;5251.7403530303945;3502.549209042501;0.0;zone58;S01010313;16;654;529;356;[0.428571,0.285714,0.285714];[0.6,0.333333,0.066667];[0.433735,0.481928,0.084337];[0.739623,0.162264,0.098113];[0.648351648352,0.131868131868,0.175824175824,0.043956043956];1;565.0;0.109617915218;2142;135;0.33;1.125;66.9825;46.0;80.3425;10.875;23.75;22.75;4.95;0.0;4.12;0.2625;3.8524999999999996;0.3225;2.8425000000000002;4.9375;12.6875
11286;zone59;4840.312157862589;3385.4448126102257;0.0;zone59;S01010314;21;1248;1034;550;[0.358209,0.507463,0.134328];[0.514493,0.333333,0.152174];[0.5,0.326923,0.173077];[0.636,0.324,0.04];[0.316901408451,0.133802816901,0.401408450704,0.147887323944];1;637.0;0.192402372167;1124;170;0.30857142857142855;1.1428571428571428;48.83428571428571;46.95238095238095;74.61714285714285;11.285714285714286;23.857142857142858;16.571428571428573;5.2666666666666675;0.0;4.963809523809524;1.5771428571428574;1.620952380952381;0.39047619047619053;2.820952380952381;4.619047619047619;12.952380952380953
11286;zone60;4536.293429266749;2504.1273706154316;0.0;zone60;S01010315;43;911;678;409;[0.180723,0.554217,0.26506];[0.252632,0.457895,0.289474];[0.208333,0.5,0.291667];[0.55144,0.345679,0.102881];[0.308176100629,0.169811320755,0.358490566038,0.163522012579];2;382.0;-0.100954860853;1604;475;0.42511627906976746;1.441860465116279;53.115348837209304;52.97674418604651;73.21767441860466;9.255813953488373;22.53488372093023;18.069767441860463;4.728372093023257;0.0;4.669767441860464;0.02418604651162791;4.415813953488372;0.2446511627906977;1.9553488372093022;5.465116279069767;13.372093023255815
11286;zone61;4589.6619547948285;2943.195659127726;0.0;zone61;S01010316;25;512;414;304;[0.392157,0.529412,0.078431];[0.62931,0.37069,0.0];[0.439024,0.560976,0.0];[0.775401,0.224599,0.0];[0.439252336449,0.102803738318,0.252336448598,0.205607476636];1;481.0;0.0128180141103;1417;220;0.336;1.88;58.33920000000001;43.28;78.21919999999999;10.0;23.4;19.64;3.5664;0.0;5.1008000000000004;0.35840000000000005;2.9728;0.2960000000000001;1.9600000000000002;8.96;11.56
11286;zone63;4421.5566371748755;3071.026327566895;0.0;zone63;S01010318;12;1588;1497;304;[0.5,0.456522,0.043478];[0.469799,0.47651,0.053691];[0.310345,0.37931,0.310345];[0.678571,0.285714,0.035714];[0.36,0.14,0.34,0.16];3;317.0;-0.175110645645;1009;178;0.57;1.4166666666666667;58.62333333333333;70.41666666666667;83.42;8.75;23.416666666666668;20.25;10.783333333333333;0.0;6.486666666666667;0.8733333333333334;2.0933333333333337;0.18666666666666668;2.1533333333333333;6.583333333333333;19.75
11286;zone64;4173.240913470097;2893.8040771744095;0.0;zone64;S01010319;9;711;624;407;[0.258741,0.608392,0.132867];[0.383399,0.486166,0.130435];[0.439394,0.212121,0.348485];[0.530769,0.384615,0.084615];[0.171974522293,0.0700636942675,0.471337579618,0.286624203822];2;473.0;0.00423719084943;1494;107;0.4488888888888889;2.111111111111111;55.15555555555556;54.55555555555556;74.25333333333333;9.666666666666666;22.555555555555557;18.666666666666668;5.857777777777778;0.0;3.4933333333333336;0.4044444444444445;3.3422222222222224;0.19555555555555557;1.4755555555555553;7.111111111111111;12.555555555555555
11286;zone65;3940.1918462749595;2900.8899784533987;0.0;zone65;S01010320;4;675;594;437;[0.257813,0.523438,0.21875];[0.61753,0.298805,0.083665];[0.526316,0.22807,0.245614];[0.805085,0.169492,0.025424];[0.172185430464,0.0662251655629,0.443708609272,0.317880794702];1;646.0;0.202453315259;1221;20;0.17;2.75;43.68;26.5;76.08;11.5;24.0;15.25;4.4;0.0;1.23;0.64;1.6400000000000001;0.45;1.8900000000000001;13.25;7.25
11286;zone66;3905.8658739096163;2664.6669636212755;0.0;zone66;S01010321;7;837;634;432;[0.401709,0.555556,0.042735];[0.54717,0.433962,0.018868];[0.45122,0.439024,0.109756];[0.666667,0.271186,0.062147];[0.212328767123,0.0958904109589,0.390410958904,0.301369863014];1;1019.0;0.631764531736;1920;41;0.21714285714285714;2.5714285714285716;46.6;31.571428571428573;75.7942857142857;11.571428571428571;23.714285714285715;15.857142857142858;3.4114285714285715;0.0;3.0857142857142854;0.2857142857142857;2.251428571428572;0.2285714285714286;1.4571428571428573;11.857142857142858;8.285714285714286
11286;zone67;3630.3978644730896;3132.1651121578075;0.0;zone67;S01010322;9;1028;914;549;[0.174419,0.549419,0.276163];[0.412399,0.471698,0.115903];[0.298507,0.38806,0.313433];[0.647059,0.323529,0.029412];[0.057268722467,0.0352422907489,0.449339207048,0.458149779736];5;124.0;-0.397569575369;1555;133;0.5688888888888889;2.888888888888889;40.35555555555556;61.22222222222222;78.06666666666666;9.222222222222221;22.88888888888889;13.777777777777779;5.128888888888889;0.0;7.8755555555555565;1.3022222222222224;2.8622222222222224;0.2533333333333333;1.5022222222222221;11.333333333333334;16.666666666666668
11286;zone68;6208.193116766784;3072.425066795916;0.0;zone68;S01010323;4;603;466;377;[0.555556,0.444444,0.0];[0.657143,0.271429,0.071429];[0.642857,0.321429,0.035714];[0.793651,0.166667,0.039683];[0.578431372549,0.166666666667,0.235294117647,0.0196078431373];1;970.0;0.57559463238;1077;31;0.3;1.25;61.78;42.5;80.62;10.5;24.25;21.25;10.82;0.0;2.3600000000000003;0.11;1.58;0.35;2.45;5.25;14.5
11286;zone69;6517.651722029823;2240.572579661372;0.0;zone69;S01010324;6;759;566;403;[0.142857,0.571429,0.285714];[0.298077,0.490385,0.211538];[0.333333,0.530864,0.135802];[0.401674,0.414226,0.1841];[0.569620253165,0.101265822785,0.291139240506,0.0379746835443];1;407.0;-0.0721601679586;1220;39;0.24666666666666667;1.5;43.54;44.0;70.75333333333333;11.666666666666666;23.166666666666668;15.0;4.573333333333333;0.0;2.22;0.0;4.413333333333333;0.24666666666666667;1.92;5.666666666666667;10.5
11286;zone70;6038.016041009105;2402.8415869980217;0.0;zone70;S01010325;18;939;666;501;[0.263158,0.368421,0.368421];[0.383838,0.525253,0.090909];[0.253623,0.615942,0.130435];[0.451362,0.463035,0.085603];[0.545454545455,0.238636363636,0.193181818182,0.0227272727273];1;225.0;-0.281126582053;1591;152;0.32666666666666666;0.8333333333333334;46.21111111111111;44.888888888888886;71.18;11.666666666666666;23.555555555555557;15.61111111111111;4.057777777777778;0.0;2.3977777777777782;0.0;5.373333333333335;0.30666666666666664;2.7222222222222223;3.6666666666666665;11.38888888888889
11286;zone71;5272.359331052501;2740.775131541117;0.0;zone71;S01010326;39;987;707;494;[0.526316,0.368421,0.105263];[0.522523,0.333333,0.144144];[0.492188,0.3125,0.195313];[0.723514,0.224806,0.05168];[0.54375,0.16875,0.23125,0.05625];1;1389.0;1.05701743376;1010;328;0.3241025641025641;1.205128205128205;54.45948717948717;47.07692307692308;75.74461538461536;10.128205128205128;23.128205128205128;18.666666666666668;4.551794871794871;0.0;6.991794871794873;0.03794871794871795;2.7107692307692313;0.25025641025641027;2.7733333333333334;4.666666666666667;13.820512820512821
11286;zone72;4970.167032608406;2501.795090448298;0.0;zone72;S01010327;34;982;660;362;[0.031746,0.507937,0.460317];[0.372881,0.432203,0.194915];[0.289063,0.328125,0.382813];[0.516892,0.347973,0.135135];[0.416184971098,0.21387283237,0.236994219653,0.132947976879];1;470.0;0.000335688704598;927;340;0.38823529411764707;1.088235294117647;47.30235294117648;52.411764705882355;69.92941176470588;9.088235294117647;22.294117647058822;16.058823529411764;4.271764705882354;0.0;8.068235294117647;0.00705882352941176;2.4882352941176475;0.2929411764705883;2.105882352941177;3.588235294117647;14.323529411764707
11286;zone73;5975.307390960257;2677.5485166167286;0.0;zone73;S01010328;24;969;706;445;[0.16129,0.5,0.33871];[0.27044,0.471698,0.257862];[0.192547,0.434783,0.372671];[0.338983,0.432203,0.228814];[0.309352517986,0.258992805755,0.280575539568,0.151079136691];2;457.0;-0.0138550124678;1914;342;0.54;1.0833333333333333;53.09333333333333;62.625;73.31833333333333;8.708333333333334;22.125;17.916666666666668;7.733333333333334;0.0;3.6600000000000006;0.0;5.081666666666666;0.3383333333333334;2.1866666666666665;3.7083333333333335;15.958333333333334
