cycle;name;location.x;location.y;location.z;name;dataZone;nm_children;pop;over16;nm_hh;AB_car_prob;C1_car_prob;C2_car_prob;DE_car_prob;prob_social;simd;crimeRate;norm_crime;avg_dis_sh;neigh_play;daily_play_per_child;avg_FSA;avg_walk;daily_OD;zone_mvpa;mvpa_home;mvpa_sc;mvpa_road;mvpa_play_field;mvpa_home_garden;mvpa_park;mvpa_PG;mvpa_amenity;mvpa_shops;mvpa_F_home;mvpa_fsa;mvpa_OD
11286;zone0;8448.90275962388;2625.4515469546564;0.0;zone0;S01010195;19;531;390;212;[0.0,0.481481,0.518519];[0.261538,0.646154,0.092308];[0.12,0.59,0.29];[0.447368,0.368421,0.184211];[0.418918918919,0.283783783784,0.202702702703,0.0945945945946];1;0.0;-0.540229885057;1186;142;0.28421052631578947;1.263157894736842;47.787368421052626;42.0;65.30736842105264;9.105263157894736;21.736842105263158;16.263157894736842;1.24;0.0;4.741052631578947;0.08842105263157896;3.473684210526315;0.31789473684210534;2.151578947368421;4.473684210526316;9.105263157894736
11286;zone1;8656.736904000718;2165.9902346445633;0.0;zone1;S01010198;18;1027;748;394;[0.058824,0.529412,0.411765];[0.305785,0.561983,0.132231];[0.219858,0.496454,0.283688];[0.523179,0.331126,0.145695];[0.48623853211,0.229357798165,0.266055045872,0.0183486238532];1;1609.0;1.3102524676;1251;84;0.18;1.4444444444444444;44.58444444444444;29.77777777777778;67.98666666666666;10.833333333333334;23.11111111111111;15.222222222222221;1.1866666666666665;0.0;3.0911111111111116;0.04222222222222222;3.5133333333333336;0.32000000000000006;2.3177777777777777;6.5;7.333333333333333
11286;zone2;8537.588755655543;3024.028900129281;0.0;zone2;S01010201;22;643;453;253;[0.0,0.47619,0.52381];[0.270833,0.3125,0.416667];[0.088,0.48,0.432];[0.296552,0.434483,0.268966];[0.365853658537,0.292682926829,0.292682926829,0.0487804878049];2;219.0;-0.28762447053;982;208;0.3654545454545455;1.4545454545454546;42.13272727272727;43.63636363636363;66.24181818181818;9.5;22.272727272727273;14.227272727272727;1.6872727272727275;0.0;5.830909090909089;0.1690909090909091;3.523636363636364;0.2618181818181819;2.1563636363636367;4.7727272727272725;10.681818181818182
11286;zone3;8059.42097232239;3767.666522351409;0.0;zone3;S01010203;30;671;504;260;[0.090909,0.363636,0.545455];[0.263804,0.460123,0.276074];[0.094828,0.422414,0.482759];[0.183824,0.375,0.441176];[0.272727272727,0.218181818182,0.363636363636,0.145454545455];3;215.0;-0.292668818285;1941;240;0.308;1.7666666666666666;50.66933333333334;40.53333333333333;76.78533333333334;11.1;23.966666666666665;17.033333333333335;3.595999999999999;0.0;5.057333333333334;0.0;3.3946666666666663;0.2506666666666667;1.8373333333333337;9.0;11.633333333333333
11286;zone4;8368.288440296214;3565.498290652094;0.0;zone4;S01010204;30;800;589;381;[0.272727,0.727273,0.0];[0.627451,0.27451,0.098039];[0.444444,0.533333,0.022222];[0.600619,0.321981,0.077399];[0.595041322314,0.157024793388,0.239669421488,0.00826446280992];1;497.0;0.0317745673598;1336;232;0.296;1.2333333333333334;46.01066666666666;40.766666666666666;69.528;10.8;23.2;15.333333333333334;2.0813333333333333;0.0;4.906666666666667;0.02933333333333333;4.031999999999999;0.2960000000000001;2.4960000000000004;4.566666666666666;10.5
11286;zone5;8034.229745798958;3515.110462853287;0.0;zone5;S01010205;15;658;534;355;[0.411765,0.117647,0.470588];[0.465116,0.457364,0.077519];[0.317757,0.588785,0.093458];[0.593458,0.280374,0.126168];[0.466666666667,0.2,0.3,0.0333333333333];1;925.0;0.523434132086;1235;131;0.3466666666666667;0.6666666666666666;53.70666666666666;45.8;72.79733333333333;10.533333333333333;23.466666666666665;18.2;4.872;0.0;4.781333333333333;0.0;3.28;0.3653333333333334;2.6613333333333333;3.066666666666667;12.4
11286;zone6;7457.064719570519;3739.055375726369;0.0;zone6;S01010208;18;903;745;565;[0.30137,0.589041,0.109589];[0.48062,0.457364,0.062016];[0.272727,0.613636,0.113636];[0.66055,0.270642,0.068807];[0.233333333333,0.133333333333,0.461111111111,0.172222222222];1;603.0;0.153385979085;1446;79;0.16666666666666666;1.2222222222222223;52.977777777777774;33.27777777777778;73.1688888888889;11.5;23.61111111111111;18.0;3.0022222222222217;0.0;3.2822222222222224;0.0;3.511111111111111;0.37111111111111117;2.7622222222222224;5.333333333333333;9.333333333333334
11286;zone7;7917.838214725937;1939.334458859395;0.0;zone7;S01010209;24;966;677;468;[0.172414,0.586207,0.241379];[0.333333,0.414966,0.251701];[0.381944,0.458333,0.159722];[0.545852,0.336245,0.117904];[0.337931034483,0.248275862069,0.303448275862,0.110344827586];1;2053.0;1.82052250092;1634;136;0.22;1.375;52.11666666666665;34.875;70.015;10.208333333333334;22.708333333333332;17.916666666666668;1.1166666666666665;0.0;5.928333333333334;0.0;2.728333333333333;0.38333333333333336;2.1783333333333332;5.333333333333333;9.291666666666666
11286;zone8;7878.406567747077;2721.2634132011362;0.0;zone8;S01010210;18;885;641;416;[0.173913,0.456522,0.369565];[0.21519,0.5,0.28481];[0.189781,0.386861,0.423358];[0.422111,0.442211,0.135678];[0.394736842105,0.236842105263,0.254385964912,0.114035087719];1;344.0;-0.144253829852;1054;151;0.31333333333333335;0.8888888888888888;36.524444444444455;45.05555555555556;64.35333333333332;9.666666666666666;22.444444444444443;12.555555555555555;2.2666666666666675;0.0;6.355555555555556;0.0;3.184444444444445;0.3022222222222222;2.502222222222222;3.2777777777777777;11.444444444444445
11286;zone9;7785.599648345685;3201.783800714137;0.0;zone9;S01010211;22;858;634;452;[0.147059,0.705882,0.147059];[0.384615,0.452991,0.162393];[0.469565,0.4,0.130435];[0.722656,0.226563,0.050781];[0.473214285714,0.169642857143,0.285714285714,0.0714285714286];1;430.0;-0.0456985893816;1166;219;0.3836363636363636;1.0;43.076363636363645;46.04545454545455;71.83454545454548;11.0;23.59090909090909;14.409090909090908;3.5799999999999996;0.0;7.054545454545454;0.0;3.2890909090909095;0.39818181818181825;2.8581818181818175;4.090909090909091;13.409090909090908
11286;zone10;7580.688680869333;3097.127786881416;0.0;zone10;S01010212;49;1083;779;559;[0.233333,0.633333,0.133333];[0.594771,0.339869,0.065359];[0.465517,0.405172,0.12931];[0.712821,0.269231,0.017949];[0.566037735849,0.138364779874,0.22641509434,0.0691823899371];1;1473.0;1.15298517036;1232;384;0.3053061224489796;1.469387755102041;58.351836734693876;44.46938775510204;73.49632653061227;9.46938775510204;22.693877551020407;19.979591836734695;2.443265306122449;0.0;5.661224489795918;0.0;3.431836734693878;0.27265306122448985;2.3012244897959198;5.448979591836735;11.040816326530612
11286;zone11;8065.177293237223;3111.5884965344962;0.0;zone11;S01010213;13;924;657;476;[0.105263,0.684211,0.210526];[0.382609,0.547826,0.069565];[0.218543,0.556291,0.225166];[0.467925,0.483019,0.049057];[0.451327433628,0.221238938053,0.274336283186,0.0530973451327];1;247.0;-0.255840453357;828;122;0.3630769230769231;1.6153846153846154;37.643076923076926;43.46153846153846;72.90153846153845;11.923076923076923;23.615384615384617;12.538461538461538;2.116923076923077;0.0;6.812307692307692;0.03384615384615385;4.686153846153847;0.36000000000000004;2.4123076923076927;6.538461538461538;13.153846153846153
11286;zone12;7144.994858230166;1947.4125453867302;0.0;zone12;S01010214;27;967;717;396;[0.098592,0.28169,0.619718];[0.197531,0.438272,0.364198];[0.173333,0.493333,0.333333];[0.237069,0.487069,0.275862];[0.361344537815,0.210084033613,0.310924369748,0.117647058824];3;176.0;-0.337854473183;1991;199;0.28296296296296297;1.3703703703703705;51.27407407407408;41.592592592592595;72.2637037037037;10.222222222222221;23.14814814814815;17.59259259259259;3.085925925925926;0.0;5.442962962962963;0.0;3.325925925925927;0.3496296296296296;2.054814814814815;5.481481481481482;11.444444444444445
11286;zone13;7013.590150664996;2618.495528189446;0.0;zone13;S01010215;24;850;608;492;[0.571429,0.285714,0.142857];[0.5,0.431373,0.068627];[0.382609,0.391304,0.226087];[0.678571,0.269841,0.051587];[0.467289719626,0.140186915888,0.345794392523,0.0467289719626];1;547.0;0.0886083430805;622;196;0.315;1.1666666666666667;42.21666666666667;49.541666666666664;70.35166666666667;10.375;23.25;14.375;2.7899999999999996;0.0;3.975;0.0;6.19;0.2950000000000001;2.4233333333333325;4.958333333333333;12.541666666666666
11286;zone14;7332.222205807836;2329.961970144465;0.0;zone14;S01010216;15;621;464;361;[0.6,0.4,0.0];[0.597701,0.356322,0.045977];[0.409091,0.439394,0.151515];[0.709544,0.273859,0.016598];[0.5,0.163265306122,0.265306122449,0.0714285714286];1;600.0;0.150092344085;1303;103;0.2693333333333333;0.7333333333333333;56.104000000000006;45.13333333333333;69.94666666666667;9.533333333333333;22.133333333333333;19.266666666666666;1.7973333333333334;0.0;6.690666666666668;0.0;3.2053333333333334;0.2853333333333334;2.704;2.6666666666666665;11.4
11286;zone15;7299.833172322251;2625.8610945736937;0.0;zone15;S01010217;33;817;598;406;[0.16129,0.516129,0.322581];[0.565517,0.4,0.034483];[0.5,0.431373,0.068627];[0.702703,0.283784,0.013514];[0.541935483871,0.0967741935484,0.296774193548,0.0645161290323];1;1060.0;0.679274950851;1008;332;0.3842424242424242;1.1515151515151516;48.21818181818182;54.484848484848484;74.31515151515151;10.393939393939394;23.363636363636363;16.393939393939394;2.901818181818182;0.0;6.432727272727274;0.0;5.32;0.406060606060606;2.339393939393939;5.0606060606060606;14.121212121212121
11286;zone16;7142.953643082513;3018.5401822929393;0.0;zone16;S01010218;31;1018;790;587;[0.425532,0.404255,0.170213];[0.392523,0.453271,0.154206];[0.358209,0.492537,0.149254];[0.589124,0.335347,0.075529];[0.424657534247,0.109589041096,0.369863013699,0.0958904109589];1;557.0;0.101026678737;568;212;0.26193548387096777;1.1612903225806452;36.94193548387097;42.83870967741935;65.26322580645162;10.580645161290322;22.806451612903224;12.387096774193548;2.158709677419355;0.0;3.234838709677419;0.0;4.892903225806452;0.3354838709677419;2.1458064516129034;5.0;9.838709677419354
11286;zone17;6738.8937706128745;4298.8917997019325;0.0;zone17;S01010219;21;503;382;274;[0.695652,0.304348,0.0];[0.758621,0.215517,0.025862];[0.761905,0.166667,0.071429];[0.781609,0.195402,0.022989];[0.41935483871,0.0752688172043,0.408602150538,0.0967741935484];2;184.0;-0.327838932938;1765;174;0.3219047619047619;2.238095238095238;69.29333333333334;44.857142857142854;81.33714285714285;9.047619047619047;22.761904761904763;24.047619047619047;3.7257142857142855;0.0;6.811428571428571;0.01333333333333333;1.8285714285714285;0.18857142857142856;1.5790476190476188;9.523809523809524;11.952380952380953
11286;zone18;5915.780765415368;4211.222876105162;0.0;zone18;S01010220;7;476;433;279;[0.181159,0.608696,0.210145];[0.404255,0.531915,0.06383];[0.227273,0.704545,0.068182];[0.448276,0.482759,0.068966];[0.154545454545,0.0636363636364,0.318181818182,0.463636363636];5;267.0;-0.232306706325;1336;108;0.5942857142857143;1.0;42.53142857142858;64.28571428571429;77.31428571428572;10.0;24.285714285714285;14.714285714285714;8.114285714285716;0.0;8.125714285714285;0.7428571428571429;3.0914285714285716;0.07428571428571429;2.325714285714286;4.428571428571429;19.571428571428573
11286;zone19;6341.0811208317455;3913.8398648988496;0.0;zone19;S01010221;13;546;394;260;[0.6,0.4,0.0];[0.557377,0.409836,0.032787];[0.538462,0.323077,0.138462];[0.699387,0.257669,0.042945];[0.609375,0.140625,0.203125,0.046875];1;635.0;0.19005459739;1079;61;0.17846153846153845;1.4615384615384615;48.627692307692314;25.615384615384617;71.30769230769229;12.0;24.076923076923077;16.615384615384617;4.243076923076923;0.0;2.3046153846153845;0.19692307692307692;1.636923076923077;0.30769230769230776;2.5907692307692307;5.6923076923076925;7.923076923076923
11286;zone20;7001.213463613622;4053.9957950241624;0.0;zone20;S01010222;15;492;414;285;[0.142857,0.5,0.357143];[0.432432,0.459459,0.108108];[0.348624,0.522936,0.12844];[0.747899,0.235294,0.016807];[0.345238095238,0.214285714286,0.309523809524,0.130952380952];1;377.0;-0.105830277325;1723;68;0.168;1.8;52.29600000000001;32.333333333333336;70.08;10.2;22.466666666666665;17.733333333333334;2.717333333333334;0.0;4.010666666666666;0.0;1.8853333333333329;0.288;2.373333333333334;6.533333333333333;8.133333333333333
11286;zone21;6986.8418912765155;3434.1450308482026;0.0;zone21;S01010223;4;556;462;337;[0.076923,0.538462,0.384615];[0.567797,0.330508,0.101695];[0.472222,0.444444,0.083333];[0.584699,0.36612,0.04918];[0.432432432432,0.162162162162,0.324324324324,0.0810810810811];1;439.0;-0.0353356041414;1869;16;0.16;0.75;73.61;39.5;91.9;14.5;26.25;26.0;5.970000000000001;0.0;5.93;0.0;3.71;0.47;3.53;3.5;15.0
11286;zone22;6247.397837456437;3329.661273309237;0.0;zone22;S01010224;40;1036;727;469;[0.405405,0.540541,0.054054];[0.592593,0.274074,0.133333];[0.418803,0.504274,0.076923];[0.768421,0.202632,0.028947];[0.506097560976,0.140243902439,0.268292682927,0.0853658536585];1;1004.0;0.614259332793;975;268;0.255;0.975;46.76499999999998;37.5;70.64999999999999;11.05;23.525;16.1;5.371999999999999;0.0;3.4510000000000014;0.095;1.9880000000000002;0.31199999999999994;2.4839999999999995;4.55;10.425
11286;zone23;7827.985844039554;4105.4701191949;0.0;zone23;S01010225;33;812;636;431;[0.25,0.634615,0.115385];[0.469072,0.43299,0.097938];[0.54023,0.413793,0.045977];[0.672065,0.234818,0.093117];[0.385185185185,0.125925925926,0.325925925926,0.162962962963];1;1006.0;0.616572011517;1741;176;0.2012121212121212;1.4242424242424243;54.76242424242425;33.696969696969695;70.85212121212122;10.151515151515152;22.818181818181817;18.727272727272727;3.1248484848484845;0.0;3.5793939393939396;0.0;2.5939393939393938;0.3090909090909091;2.3078787878787876;5.484848484848484;8.878787878787879
11286;zone24;7040.363001382077;4481.052780471187;0.0;zone24;S01010226;40;816;565;394;[0.454545,0.242424,0.30303];[0.715385,0.2,0.084615];[0.540541,0.405405,0.054054];[0.766917,0.18797,0.045113];[0.503355704698,0.201342281879,0.221476510067,0.0738255033557];2;422.0;-0.0548014077425;1194;520;0.499;0.875;54.971000000000004;63.85;78.83100000000002;9.625;23.15;18.75;6.357;0.0;9.772000000000002;0.15999999999999998;2.8480000000000003;0.22900000000000004;2.5860000000000003;3.625;18.725
11286;zone25;6847.772309074456;4638.663588163389;0.0;zone25;S01010227;39;692;454;294;[0.413793,0.413793,0.172414];[0.704545,0.238636,0.056818];[0.654545,0.345455,0.0];[0.810606,0.159091,0.030303];[0.672268907563,0.0924369747899,0.159663865546,0.0756302521008];4;0.0;-0.540229885057;1127;637;0.6266666666666667;1.2307692307692308;55.52717948717949;75.41025641025641;83.6748717948718;9.025641025641026;23.102564102564102;18.76923076923077;5.903589743589744;0.0;15.108717948717949;0.23487179487179488;2.542564102564103;0.2728205128205128;2.5989743589743597;4.538461538461538;23.28205128205128
11286;zone26;8241.816993110848;4572.457656401622;0.0;zone26;S01010229;30;1016;787;508;[0.1,0.625,0.275];[0.350877,0.350877,0.298246];[0.348315,0.477528,0.174157];[0.565217,0.310559,0.124224];[0.420731707317,0.213414634146,0.292682926829,0.0731707317073];1;395.0;-0.0859445809966;1348;156;0.196;1.0333333333333334;44.28666666666666;32.333333333333336;67.03066666666668;10.733333333333333;23.2;14.833333333333334;2.6626666666666656;0.0;4.326666666666667;0.00933333333333333;2.2640000000000002;0.35200000000000004;2.6159999999999997;4.4;8.833333333333334
11286;zone27;7458.320056766788;4680.341251240345;0.0;zone27;S01010230;24;1005;772;577;[0.314286,0.628571,0.057143];[0.703883,0.296117,0.0];[0.727273,0.218182,0.054545];[0.71831,0.24507,0.03662];[0.517857142857,0.136904761905,0.267857142857,0.077380952381];1;846.0;0.433218203459;929;230;0.37166666666666665;1.4583333333333333;45.19;46.5;72.58166666666666;10.125;23.375;15.416666666666666;3.5050000000000003;0.0;6.8133333333333335;0.08666666666666667;3.248333333333333;0.34500000000000003;2.3866666666666663;5.583333333333333;13.208333333333334
11286;zone28;7569.802990100143;4917.458811240416;0.0;zone28;S01010232;37;1074;792;485;[0.457143,0.485714,0.057143];[0.557292,0.338542,0.104167];[0.492063,0.333333,0.174603];[0.654229,0.251244,0.094527];[0.470297029703,0.153465346535,0.306930693069,0.0693069306931];1;771.0;0.347049794199;1220;341;0.3545945945945946;1.135135135135135;52.274594594594575;50.567567567567565;76.30810810810813;10.756756756756756;23.486486486486488;17.864864864864863;3.93189189189189;0.0;6.887567567567569;0.22162162162162166;3.8864864864864854;0.2886486486486487;2.5600000000000005;4.675675675675675;14.45945945945946
11286;zone29;7830.713068379679;4879.746446724283;0.0;zone29;S01010233;33;970;705;476;[0.275,0.625,0.1];[0.655629,0.245033,0.099338];[0.52809,0.426966,0.044944];[0.771505,0.212366,0.016129];[0.587209302326,0.093023255814,0.261627906977,0.0581395348837];1;284.0;-0.213781821634;1104;313;0.3624242424242424;0.9393939393939394;45.486060606060605;50.666666666666664;69.70303030303033;10.454545454545455;22.96969696969697;15.484848484848484;2.04;0.0;4.869090909090908;0.1975757575757576;5.4448484848484835;0.2703030303030304;2.466666666666667;3.8484848484848486;12.090909090909092
11286;zone30;6473.383843181837;4954.519765957263;0.0;zone30;S01010261;6;2551;2373;526;[0.666667,0.270833,0.0625];[0.675841,0.281346,0.042813];[0.75,0.25,0.0];[0.824468,0.164894,0.010638];[0.41,0.06,0.41,0.12];3;176.0;-0.337679921334;1918;36;0.22666666666666666;1.1666666666666667;76.60000000000001;45.166666666666664;80.89333333333333;10.166666666666666;24.0;26.0;3.0066666666666664;0.0;3.3200000000000003;0.09999999999999999;4.7;0.16666666666666666;2.36;5.333333333333333;10.5
11286;zone31;4930.642193689802;4959.449818932565;0.0;zone31;S01010266;3;555;474;237;[0.320755,0.556604,0.122642];[0.677273,0.254545,0.068182];[0.5,0.461538,0.038462];[0.534247,0.30137,0.164384];[0.141176470588,0.0588235294118,0.4,0.4];3;536.0;0.0761386922126;1277;17;0.21333333333333335;1.0;44.373333333333335;54.666666666666664;73.58666666666666;10.333333333333334;24.0;15.666666666666666;3.853333333333333;0.0;1.9733333333333334;1.28;8.226666666666667;0.32;2.813333333333333;3.3333333333333335;15.0
11286;zone32;5712.5549897826;4979.400336637217;0.0;zone32;S01010270;4;1153;972;817;[0.389831,0.533898,0.076271];[0.70255,0.252125,0.045326];[0.714286,0.272727,0.012987];[0.771552,0.228448,0.0];[0.125,0.0909090909091,0.454545454545,0.329545454545];1;871.0;0.461200629557;1720;19;0.19;1.75;62.32;31.75;73.61;10.25;22.25;21.5;3.73;0.0;1.15;0.14;2.54;0.51;2.2;7.25;7.25
11286;zone33;3394.0723536088512;4934.677182292946;0.0;zone33;S01010282;13;976;841;645;[0.438776,0.520408,0.040816];[0.545732,0.405488,0.04878];[0.521277,0.382979,0.095745];[0.712707,0.232044,0.055249];[0.190954773869,0.070351758794,0.35175879397,0.386934673367];2;350.0;-0.137812028107;1341;62;0.17846153846153845;2.076923076923077;55.2;40.07692307692308;79.15692307692308;10.76923076923077;23.923076923076923;18.846153846153847;3.1938461538461542;0.0;6.880000000000001;0.5630769230769231;1.8215384615384613;0.25846153846153846;1.7384615384615385;9.076923076923077;11.923076923076923
11286;zone34;4385.789287498423;4835.237486850067;0.0;zone34;S01010289;15;771;687;380;[0.130952,0.511905,0.357143];[0.262911,0.502347,0.234742];[0.178571,0.464286,0.357143];[0.410256,0.435897,0.153846];[0.058064516129,0.0322580645161,0.245161290323,0.664516129032];5;259.0;-0.241396294863;1331;226;0.576;2.533333333333333;52.08000000000001;66.06666666666666;72.18933333333332;7.2;21.8;17.6;2.7680000000000002;0.0;5.738666666666668;1.6746666666666665;3.296;0.11466666666666665;1.1546666666666667;9.0;13.066666666666666
11286;zone35;4401.5375624188455;4669.062022109911;0.0;zone35;S01010290;13;546;485;278;[0.198198,0.603604,0.198198];[0.485944,0.449799,0.064257];[0.555556,0.444444,0.0];[0.435897,0.512821,0.051282];[0.10752688172,0.0430107526882,0.494623655914,0.354838709677];3;353.0;-0.133686757747;991;202;0.6;1.6153846153846154;48.65846153846154;67.3076923076923;83.80923076923077;11.461538461538462;24.692307692307693;16.53846153846154;5.3076923076923075;0.0;7.827692307692308;1.9446153846153844;4.855384615384614;0.27384615384615385;1.8553846153846154;7.3076923076923075;19.23076923076923
11286;zone36;4119.983651650423;4281.100418217042;0.0;zone36;S01010291;12;1075;975;481;[0.405594,0.447552,0.146853];[0.627907,0.277132,0.094961];[0.415094,0.433962,0.150943];[0.562963,0.325926,0.111111];[0.197080291971,0.0729927007299,0.445255474453,0.284671532847];3;438.0;-0.0363924713322;1131;161;0.52;2.0;59.36000000000001;63.333333333333336;77.93;8.333333333333334;22.5;20.25;2.5466666666666673;0.0;10.4;1.0133333333333332;2.4733333333333336;0.3033333333333334;1.2933333333333332;7.0;16.0
11286;zone37;4399.731076226201;4291.6703625917;0.0;zone37;S01010292;10;890;831;409;[0.348214,0.508929,0.142857];[0.477169,0.420091,0.10274];[0.339286,0.446429,0.214286];[0.55814,0.383721,0.05814];[0.128378378378,0.0540540540541,0.398648648649,0.418918918919];4;323.0;-0.168488563048;953;122;0.46;1.5;52.27600000000001;59.4;72.81200000000001;8.3;21.9;17.8;4.392;0.0;8.032;0.708;1.8719999999999999;0.3;1.564;6.2;14.7
11286;zone38;4514.690807242894;4541.15458266895;0.0;zone38;S01010293;16;839;723;373;[0.51773,0.35461,0.12766];[0.635389,0.262735,0.101877];[0.446809,0.319149,0.234043];[0.514286,0.392857,0.092857];[0.242424242424,0.0606060606061,0.393939393939,0.30303030303];3;290.0;-0.205814991507;1164;225;0.5375;1.25;55.959999999999994;69.6875;76.19749999999999;9.1875;22.375;18.8125;5.312499999999999;0.0;7.172499999999999;1.245;3.6799999999999997;0.19000000000000006;1.5650000000000004;4.75;16.8125
11286;zone39;4541.7482834333705;4418.565122351524;0.0;zone39;S01010294;13;690;631;275;[0.242105,0.526316,0.231579];[0.650873,0.214464,0.134663];[0.583333,0.208333,0.208333];[0.414894,0.489362,0.095745];[0.164835164835,0.043956043956,0.494505494505,0.296703296703];4;440.0;-0.0342259463805;1126;208;0.6153846153846154;2.0;60.615384615384606;75.6923076923077;80.59076923076921;7.846153846153846;22.46153846153846;20.76923076923077;6.732307692307692;0.0;5.529230769230769;1.1076923076923078;4.713846153846154;0.14461538461538462;1.5815384615384613;8.0;17.53846153846154
11286;zone40;4766.8646917667475;4574.50133624035;0.0;zone40;S01010295;18;974;870;427;[0.384615,0.391026,0.224359];[0.604555,0.310559,0.084886];[0.428571,0.285714,0.285714];[0.390728,0.516556,0.092715];[0.212765957447,0.113475177305,0.297872340426,0.375886524823];4;529.0;0.0680145754747;1420;290;0.62;1.4444444444444444;60.54000000000001;83.33333333333333;79.79333333333335;7.888888888888889;22.333333333333332;20.38888888888889;5.948888888888889;0.0;8.088888888888889;1.7111111111111112;4.8066666666666675;0.17555555555555558;1.7177777777777776;4.944444444444445;20.166666666666668
11286;zone41;4647.752341766679;4736.091736240359;0.0;zone41;S01010296;16;664;560;291;[0.294118,0.423529,0.282353];[0.520913,0.368821,0.110266];[0.375,0.375,0.25];[0.475524,0.391608,0.132867];[0.282828282828,0.111111111111,0.363636363636,0.242424242424];2;856.0;0.444094443477;1358;157;0.385;1.9375;45.589999999999996;47.75;72.52999999999999;10.1875;23.0;15.5625;3.0775;0.0;4.615;1.1349999999999998;3.2525000000000004;0.20750000000000005;1.75;8.125;11.4375
11286;zone42;5522.849421766708;4411.996091240393;0.0;zone42;S01010297;7;1066;894;676;[0.582609,0.382609,0.034783];[0.691824,0.245283,0.062893];[0.540541,0.333333,0.126126];[0.681275,0.270916,0.047809];[0.260563380282,0.140845070423,0.37323943662,0.225352112676];1;504.0;0.0391758595379;1723;46;0.25142857142857145;2.5714285714285716;51.13714285714286;31.714285714285715;65.69142857142857;8.571428571428571;21.142857142857142;17.428571428571427;2.3428571428571425;0.0;1.1485714285714288;0.16;2.2457142857142856;0.39999999999999997;1.4571428571428573;8.714285714285714;5.285714285714286
11286;zone43;4706.481893689814;4143.807995855712;0.0;zone43;S01010298;12;880;677;515;[0.308943,0.479675,0.211382];[0.581395,0.356589,0.062016];[0.539683,0.396825,0.063492];[0.744828,0.193103,0.062069];[0.227272727273,0.0984848484848,0.371212121212,0.30303030303];1;486.0;0.0190902878356;1162;100;0.31333333333333335;1.75;52.81999999999999;42.916666666666664;76.07666666666667;10.916666666666666;23.333333333333332;17.833333333333332;4.4766666666666675;0.0;5.163333333333334;0.87;1.7533333333333332;0.47333333333333333;1.6533333333333333;8.0;11.833333333333334
11286;zone44;4885.424673909578;4209.645754097502;0.0;zone44;S01010299;4;536;404;292;[0.3,0.54,0.16];[0.556701,0.340206,0.103093];[0.458333,0.520833,0.020833];[0.584906,0.283019,0.132075];[0.428571428571,0.0857142857143,0.285714285714,0.2];1;375.0;-0.10827530326;722;41;0.4;1.25;32.47;48.0;73.12;12.75;25.75;10.75;5.42;0.0;3.34;0.5700000000000001;5.640000000000001;0.76;2.49;4.25;14.25
11286;zone45;4883.397012115578;4340.414778682246;0.0;zone45;S01010300;21;934;764;478;[0.460784,0.411765,0.127451];[0.664653,0.238671,0.096677];[0.632353,0.323529,0.044118];[0.606383,0.329787,0.06383];[0.3046875,0.125,0.3515625,0.21875];2;513.0;0.0498225801839;604;220;0.40190476190476193;1.2380952380952381;41.89333333333333;53.666666666666664;74.70857142857145;11.380952380952381;23.80952380952381;14.047619047619047;5.784761904761904;0.0;4.135238095238094;0.914285714285714;4.523809523809524;0.39428571428571435;2.7523809523809524;5.190476190476191;14.904761904761905
11286;zone46;5144.66081966521;4032.769083704074;0.0;zone46;S01010301;6;522;457;283;[0.292683,0.597561,0.109756];[0.57563,0.315126,0.109244];[0.222222,0.703704,0.074074];[0.561798,0.393258,0.044944];[0.214285714286,0.0612244897959,0.459183673469,0.265306122449];4;490.0;0.0232745011966;1227;121;0.78;0.16666666666666666;47.46666666666666;85.0;80.21999999999998;10.5;23.166666666666668;15.833333333333334;13.206666666666665;0.0;6.353333333333334;0.9533333333333333;4.3933333333333335;0.36000000000000004;3.266666666666667;0.5;24.166666666666668
11286;zone47;5165.568789180556;4297.038752619699;0.0;zone47;S01010302;24;669;495;388;[0.65625,0.28125,0.0625];[0.6,0.356522,0.043478];[0.716981,0.226415,0.056604];[0.801802,0.18018,0.018018];[0.582417582418,0.0769230769231,0.263736263736,0.0769230769231];1;392.0;-0.0896499889057;1436;232;0.3616666666666667;0.6666666666666666;55.09166666666666;54.833333333333336;72.72166666666668;9.833333333333334;22.833333333333332;18.791666666666668;6.458333333333332;0.0;2.7883333333333336;0.6783333333333333;3.7283333333333335;0.2533333333333334;2.9683333333333337;2.875;13.125
11286;zone48;5241.140616766716;4139.402270499609;0.0;zone48;S01010303;33;579;387;250;[0.692308,0.153846,0.153846];[0.56701,0.298969,0.134021];[0.630435,0.282609,0.086957];[0.658879,0.285047,0.056075];[0.58407079646,0.106194690265,0.274336283186,0.0353982300885];1;415.0;-0.0627120940391;1572;324;0.3709090909090909;1.5454545454545454;56.21333333333332;48.09090909090909;72.83393939393939;9.272727272727273;22.333333333333332;19.272727272727273;6.45939393939394;0.0;2.9200000000000004;0.4703030303030302;2.264242424242424;0.2133333333333334;2.058181818181818;5.787878787878788;11.696969696969697
11286;zone49;4853.647576226233;3833.123065294377;0.0;zone49;S01010304;12;542;456;332;[0.323529,0.514706,0.161765];[0.635135,0.25,0.114865];[0.477273,0.522727,0.0];[0.829268,0.109756,0.060976];[0.372340425532,0.0425531914894,0.297872340426,0.287234042553];1;804.0;0.384523850516;1970;92;0.30666666666666664;1.9166666666666667;78.01;42.5;82.69333333333333;9.666666666666666;22.5;27.0;5.8500000000000005;0.0;2.5433333333333334;0.34;2.763333333333333;0.22000000000000006;2.296666666666667;7.5;11.0
11286;zone50;4697.410406890209;3639.1027396354093;0.0;zone50;S01010305;7;807;694;478;[0.36036,0.468468,0.171171];[0.553191,0.33617,0.110638];[0.409639,0.301205,0.289157];[0.589888,0.337079,0.073034];[0.198529411765,0.0735294117647,0.382352941176,0.345588235294];1;223.0;-0.28282788147;635;50;0.2742857142857143;2.142857142857143;48.80571428571428;34.714285714285715;68.50285714285714;9.714285714285714;22.428571428571427;16.714285714285715;3.9828571428571427;0.0;2.7142857142857144;1.2857142857142858;0.5142857142857143;0.1942857142857143;1.8914285714285715;7.142857142857143;8.0
11286;zone51;4591.3082521834585;3868.367573740388;0.0;zone51;S01010306;13;752;675;449;[0.35625,0.56875,0.075];[0.570588,0.355882,0.073529];[0.283019,0.566038,0.150943];[0.650943,0.330189,0.018868];[0.165680473373,0.0473372781065,0.479289940828,0.307692307692];2;238.0;-0.265781391166;845;191;0.5661538461538461;1.8461538461538463;51.79384615384615;68.38461538461539;85.44307692307692;10.692307692307692;23.846153846153847;17.615384615384617;8.504615384615384;0.0;7.92;2.630769230769231;1.4523076923076925;0.31076923076923085;1.7753846153846156;8.76923076923077;19.923076923076923
11286;zone52;4503.72067559025;3742.2957906521283;0.0;zone52;S01010307;9;821;732;428;[0.189922,0.577519,0.232558];[0.407407,0.487654,0.104938];[0.346154,0.538462,0.115385];[0.71875,0.234375,0.046875];[0.0681818181818,0.0568181818182,0.375,0.5];5;319.0;-0.172537833795;469;144;0.6177777777777778;1.8888888888888888;48.95111111111112;81.0;87.56;10.222222222222221;24.0;16.666666666666668;11.02222222222222;0.0;6.9911111111111115;4.897777777777777;1.7644444444444445;0.2222222222222222;1.6355555555555554;8.444444444444445;24.22222222222222
11286;zone53;4364.519870735056;4047.768725526131;0.0;zone53;S01010308;9;975;858;480;[0.285714,0.54007,0.174216];[0.511936,0.384615,0.103448];[0.254902,0.411765,0.333333];[0.648352,0.307692,0.043956];[0.0970873786408,0.0631067961165,0.359223300971,0.480582524272];4;257.0;-0.244477582955;1360;141;0.5911111111111111;2.0;75.27111111111111;75.66666666666667;87.41333333333334;7.333333333333333;22.444444444444443;26.333333333333332;7.546666666666667;0.0;7.311111111111111;2.151111111111111;3.1822222222222227;0.09333333333333332;1.711111111111111;7.555555555555555;19.666666666666668
11286;zone54;5381.88771051669;3636.3205112402793;0.0;zone54;S01010309;4;419;356;264;[0.333333,0.25,0.416667];[0.478873,0.422535,0.098592];[0.352941,0.382353,0.264706];[0.705882,0.24183,0.052288];[0.365853658537,0.170731707317,0.390243902439,0.0731707317073];1;0.0;-0.540229885057;2153;34;0.31;1.0;57.099999999999994;40.5;69.12;9.5;22.0;19.75;4.07;0.0;3.2199999999999998;0.12;2.4;0.36;1.8900000000000001;4.0;9.25
11286;zone55;5657.373406240428;3625.6586165034923;0.0;zone55;S01010310;13;706;540;381;[0.333333,0.238095,0.428571];[0.565517,0.337931,0.096552];[0.54902,0.27451,0.176471];[0.715415,0.256917,0.027668];[0.484848484848,0.151515151515,0.318181818182,0.0454545454545];1;574.0;0.120406534162;845;76;0.2246153846153846;1.6923076923076923;50.427692307692304;39.69230769230769;68.5323076923077;9.23076923076923;22.153846153846153;17.23076923076923;3.676923076923077;0.0;2.1507692307692303;0.4492307692307692;2.876923076923077;0.34153846153846157;1.8246153846153845;6.6923076923076925;8.692307692307692
11286;zone56;5685.425126382168;3318.6970593171873;0.0;zone56;S01010311;22;721;556;351;[0.411765,0.352941,0.235294];[0.472222,0.453704,0.074074];[0.571429,0.404762,0.02381];[0.717949,0.271062,0.010989];[0.565217391304,0.121739130435,0.269565217391,0.0434782608696];1;1534.0;1.22364271569;1642;148;0.2581818181818182;1.2272727272727273;64.39636363636362;40.40909090909091;72.88363636363637;9.590909090909092;22.5;21.954545454545453;2.6963636363636363;0.0;3.8927272727272726;0.2090909090909091;3.0927272727272723;0.3563636363636364;2.24;4.636363636363637;9.363636363636363
11286;zone57;5466.52613028024;3072.1402274564575;0.0;zone57;S01010312;34;868;647;425;[0.117647,0.823529,0.058824];[0.754386,0.22807,0.017544];[0.407407,0.444444,0.148148];[0.804945,0.153846,0.041209];[0.586956521739,0.115942028986,0.268115942029,0.0289855072464];1;685.0;0.247477927043;1651;198;0.22470588235294117;0.9117647058823529;63.38588235294119;36.94117647058823;71.34705882352942;9.735294117647058;22.558823529411764;21.61764705882353;2.892941176470588;0.0;3.4447058823529404;0.10470588235294119;2.901176470588236;0.22235294117647064;2.4729411764705884;3.676470588235294;8.794117647058824
11286;zone58;5251.7403530303945;3502.549209042501;0.0;zone58;S01010313;16;654;529;356;[0.428571,0.285714,0.285714];[0.6,0.333333,0.066667];[0.433735,0.481928,0.084337];[0.739623,0.162264,0.098113];[0.648351648352,0.131868131868,0.175824175824,0.043956043956];1;565.0;0.109617915218;2142;143;0.35;1.1875;70.1775;49.75;82.73249999999997;10.4375;23.625;23.625;6.882500000000001;0.0;4.4799999999999995;0.27749999999999997;3.7650000000000006;0.3675;2.6950000000000003;4.75;14.875
11286;zone59;4840.312157862589;3385.4448126102257;0.0;zone59;S01010314;21;1248;1034;550;[0.358209,0.507463,0.134328];[0.514493,0.333333,0.152174];[0.5,0.326923,0.173077];[0.636,0.324,0.04];[0.316901408451,0.133802816901,0.401408450704,0.147887323944];1;637.0;0.192402372167;1089;158;0.2876190476190476;1.5714285714285714;45.62095238095239;40.476190476190474;73.76000000000002;11.285714285714286;23.714285714285715;15.428571428571429;4.638095238095238;0.0;4.788571428571428;1.4038095238095236;1.0514285714285716;0.4038095238095239;2.363809523809524;6.904761904761905;11.428571428571429
11286;zone60;4536.293429266749;2504.1273706154316;0.0;zone60;S01010315;43;911;678;409;[0.180723,0.554217,0.26506];[0.252632,0.457895,0.289474];[0.208333,0.5,0.291667];[0.55144,0.345679,0.102881];[0.308176100629,0.169811320755,0.358490566038,0.163522012579];2;382.0;-0.100954860853;1601;443;0.3916279069767442;1.6744186046511629;55.49953488372092;51.13953488372093;73.92930232558139;9.279069767441861;22.3953488372093;19.0;4.404651162790699;0.0;3.989767441860465;0.02232558139534884;4.351627906976745;0.27348837209302324;2.0558139534883715;6.372093023255814;12.30232558139535
11286;zone61;4589.6619547948285;2943.195659127726;0.0;zone61;S01010316;25;512;414;304;[0.392157,0.529412,0.078431];[0.62931,0.37069,0.0];[0.439024,0.560976,0.0];[0.775401,0.224599,0.0];[0.439252336449,0.102803738318,0.252336448598,0.205607476636];1;481.0;0.0128180141103;1417;240;0.3728;1.56;57.352;45.32;76.8368;10.48;23.4;19.6;4.863999999999999;0.0;4.5392;0.22880000000000003;3.0688000000000013;0.2256000000000001;2.2544000000000004;6.32;12.2
11286;zone63;4421.5566371748755;3071.026327566895;0.0;zone63;S01010318;12;1588;1497;304;[0.5,0.456522,0.043478];[0.469799,0.47651,0.053691];[0.310345,0.37931,0.310345];[0.678571,0.285714,0.035714];[0.36,0.14,0.34,0.16];3;317.0;-0.175110645645;1009;182;0.5933333333333334;0.6666666666666666;60.680000000000014;84.91666666666667;85.70666666666666;9.083333333333334;23.333333333333332;20.916666666666668;11.31;0.0;11.11;1.4599999999999997;1.7566666666666668;0.22333333333333338;2.48;2.4166666666666665;25.166666666666668
11286;zone64;4173.240913470097;2893.8040771744095;0.0;zone64;S01010319;9;711;624;407;[0.258741,0.608392,0.132867];[0.383399,0.486166,0.130435];[0.439394,0.212121,0.348485];[0.530769,0.384615,0.084615];[0.171974522293,0.0700636942675,0.471337579618,0.286624203822];2;473.0;0.00423719084943;1405;73;0.31555555555555553;1.6666666666666667;59.271111111111104;46.77777777777778;73.98222222222222;9.555555555555555;22.444444444444443;20.11111111111111;4.915555555555556;0.0;3.2311111111111113;0.1511111111111111;2.8888888888888884;0.4844444444444444;2.2266666666666666;6.111111111111111;10.666666666666666
11286;zone65;3940.1918462749595;2900.8899784533987;0.0;zone65;S01010320;4;675;594;437;[0.257813,0.523438,0.21875];[0.61753,0.298805,0.083665];[0.526316,0.22807,0.245614];[0.805085,0.169492,0.025424];[0.172185430464,0.0662251655629,0.443708609272,0.317880794702];1;646.0;0.202453315259;1125;19;0.18;2.75;53.269999999999996;27.5;80.61;12.0;24.5;18.0;2.82;0.0;3.7199999999999998;0.39;1.0699999999999998;0.22;1.37;14.5;7.25
11286;zone66;3905.8658739096163;2664.6669636212755;0.0;zone66;S01010321;7;837;634;432;[0.401709,0.555556,0.042735];[0.54717,0.433962,0.018868];[0.45122,0.439024,0.109756];[0.666667,0.271186,0.062147];[0.212328767123,0.0958904109589,0.390410958904,0.301369863014];1;1019.0;0.631764531736;1937;45;0.24571428571428572;1.4285714285714286;52.4;37.285714285714285;75.37714285714286;11.714285714285714;23.857142857142858;17.857142857142858;3.565714285714286;0.0;4.354285714285714;0.13142857142857142;2.777142857142858;0.31428571428571433;2.942857142857143;6.0;10.428571428571429
11286;zone67;3630.3978644730896;3132.1651121578075;0.0;zone67;S01010322;9;1028;914;549;[0.174419,0.549419,0.276163];[0.412399,0.471698,0.115903];[0.298507,0.38806,0.313433];[0.647059,0.323529,0.029412];[0.057268722467,0.0352422907489,0.449339207048,0.458149779736];5;124.0;-0.397569575369;1492;135;0.5822222222222222;1.3333333333333333;41.30222222222223;68.77777777777777;75.24444444444445;9.777777777777779;23.0;14.222222222222221;6.626666666666667;0.0;8.546666666666665;1.7422222222222221;2.2488888888888896;0.12444444444444445;1.728888888888889;5.444444444444445;18.666666666666668
11286;zone68;6208.193116766784;3072.425066795916;0.0;zone68;S01010323;4;603;466;377;[0.555556,0.444444,0.0];[0.657143,0.271429,0.071429];[0.642857,0.321429,0.035714];[0.793651,0.166667,0.039683];[0.578431372549,0.166666666667,0.235294117647,0.0196078431373];1;970.0;0.57559463238;1077;29;0.28;1.5;59.75;40.25;81.77;11.75;24.5;20.75;7.89;0.0;3.06;0.06;1.58;0.56;1.1;9.0;12.0
11286;zone69;6517.651722029823;2240.572579661372;0.0;zone69;S01010324;6;759;566;403;[0.142857,0.571429,0.285714];[0.298077,0.490385,0.211538];[0.333333,0.530864,0.135802];[0.401674,0.414226,0.1841];[0.569620253165,0.101265822785,0.291139240506,0.0379746835443];1;407.0;-0.0721601679586;1734;26;0.16666666666666666;1.1666666666666667;44.4;28.833333333333332;69.14;12.0;23.666666666666668;14.833333333333334;2.1666666666666665;0.0;2.3066666666666666;0.0;3.0666666666666664;0.6133333333333333;2.926666666666667;5.5;7.166666666666667
11286;zone70;6038.016041009105;2402.8415869980217;0.0;zone70;S01010325;18;939;666;501;[0.263158,0.368421,0.368421];[0.383838,0.525253,0.090909];[0.253623,0.615942,0.130435];[0.451362,0.463035,0.085603];[0.545454545455,0.238636363636,0.193181818182,0.0227272727273];1;225.0;-0.281126582053;1580;119;0.25555555555555554;1.1666666666666667;47.00888888888889;40.388888888888886;71.3888888888889;12.0;23.38888888888889;16.27777777777778;3.724444444444444;0.0;2.597777777777778;0.0;4.56;0.35111111111111115;2.1333333333333337;4.777777777777778;10.38888888888889
11286;zone71;5272.359331052501;2740.775131541117;0.0;zone71;S01010326;39;987;707;494;[0.526316,0.368421,0.105263];[0.522523,0.333333,0.144144];[0.492188,0.3125,0.195313];[0.723514,0.224806,0.05168];[0.54375,0.16875,0.23125,0.05625];1;1389.0;1.05701743376;1008;329;0.32205128205128203;1.2307692307692308;52.2923076923077;47.282051282051285;73.76512820512819;10.256410256410257;22.871794871794872;17.641025641025642;2.5076923076923077;0.0;8.296410256410255;0.09025641025641026;2.8676923076923075;0.34051282051282056;2.207179487179488;4.948717948717949;13.307692307692308
11286;zone72;4970.167032608406;2501.795090448298;0.0;zone72;S01010327;34;982;660;362;[0.031746,0.507937,0.460317];[0.372881,0.432203,0.194915];[0.289063,0.328125,0.382813];[0.516892,0.347973,0.135135];[0.416184971098,0.21387283237,0.236994219653,0.132947976879];1;470.0;0.000335688704598;927;338;0.3835294117647059;1.3823529411764706;47.7129411764706;47.11764705882353;70.14235294117645;9.294117647058824;22.352941176470587;16.11764705882353;3.5776470588235294;0.0;7.616470588235295;0.01882352941176471;2.1999999999999993;0.24000000000000005;2.178823529411764;5.0;13.0
11286;zone73;5975.307390960257;2677.5485166167286;0.0;zone73;S01010328;24;969;706;445;[0.16129,0.5,0.33871];[0.27044,0.471698,0.257862];[0.192547,0.434783,0.372671];[0.338983,0.432203,0.228814];[0.309352517986,0.258992805755,0.280575539568,0.151079136691];2;457.0;-0.0138550124678;2143;292;0.4666666666666667;1.6666666666666667;53.90833333333333;53.333333333333336;72.64666666666666;9.125;22.375;18.25;4.349999999999999;0.0;2.97;0.0;5.141666666666667;0.21333333333333337;1.906666666666667;6.583333333333333;11.958333333333334
