cycle;name;location.x;location.y;location.z;name;dataZone;nm_children;pop;over16;nm_hh;AB_car_prob;C1_car_prob;C2_car_prob;DE_car_prob;prob_social;simd;crimeRate;norm_crime;avg_dis_sh;neigh_play;daily_play_per_child;avg_FSA;avg_walk;daily_OD;zone_mvpa;mvpa_home;mvpa_sc;mvpa_road;mvpa_play_field;mvpa_home_garden;mvpa_park;mvpa_PG;mvpa_amenity;mvpa_shops;mvpa_F_home;mvpa_fsa;mvpa_OD
11286;zone0;8448.90275962388;2625.4515469546564;0.0;zone0;S01010195;19;531;390;212;[0.0,0.481481,0.518519];[0.261538,0.646154,0.092308];[0.12,0.59,0.29];[0.447368,0.368421,0.184211];[0.418918918919,0.283783783784,0.202702702703,0.0945945945946];1;0.0;-0.540229885057;1019;102;0.20842105263157895;0.8947368421052632;40.583157894736836;40.526315789473685;61.781052631578945;9.263157894736842;21.736842105263158;13.631578947368421;1.2694736842105263;0.0;4.886315789473684;0.0;3.3726315789473684;0.3452631578947369;2.4189473684210525;3.210526315789474;9.0
11286;zone1;8656.736904000718;2165.9902346445633;0.0;zone1;S01010198;18;1027;748;394;[0.058824,0.529412,0.411765];[0.305785,0.561983,0.132231];[0.219858,0.496454,0.283688];[0.523179,0.331126,0.145695];[0.48623853211,0.229357798165,0.266055045872,0.0183486238532];1;1609.0;1.3102524676;1248;90;0.19555555555555557;0.9444444444444444;39.315555555555555;33.666666666666664;65.15777777777777;11.277777777777779;23.055555555555557;13.61111111111111;1.482222222222222;0.0;3.802222222222222;0.04;3.277777777777778;0.5444444444444445;2.2844444444444445;4.111111111111111;8.055555555555555
11286;zone2;8537.588755655543;3024.028900129281;0.0;zone2;S01010201;22;643;453;253;[0.0,0.47619,0.52381];[0.270833,0.3125,0.416667];[0.088,0.48,0.432];[0.296552,0.434483,0.268966];[0.365853658537,0.292682926829,0.292682926829,0.0487804878049];2;219.0;-0.28762447053;942;176;0.3018181818181818;0.9090909090909091;36.52181818181818;45.90909090909091;65.20545454545456;10.363636363636363;22.454545454545453;12.136363636363637;1.7872727272727273;0.0;6.136363636363637;0.08727272727272727;3.7509090909090914;0.2927272727272727;2.234545454545455;4.181818181818182;11.272727272727273
11286;zone3;8059.42097232239;3767.666522351409;0.0;zone3;S01010203;30;671;504;260;[0.090909,0.363636,0.545455];[0.263804,0.460123,0.276074];[0.094828,0.422414,0.482759];[0.183824,0.375,0.441176];[0.272727272727,0.218181818182,0.363636363636,0.145454545455];3;215.0;-0.292668818285;1941;171;0.21733333333333332;1.2666666666666666;48.904;38.13333333333333;73.97599999999998;11.533333333333333;23.933333333333334;16.866666666666667;3.5653333333333332;0.0;4.078666666666667;0.0;3.718666666666667;0.404;2.597333333333333;5.5;11.033333333333333
11286;zone4;8368.288440296214;3565.498290652094;0.0;zone4;S01010204;30;800;589;381;[0.272727,0.727273,0.0];[0.627451,0.27451,0.098039];[0.444444,0.533333,0.022222];[0.600619,0.321981,0.077399];[0.595041322314,0.157024793388,0.239669421488,0.00826446280992];1;497.0;0.0317745673598;1063;176;0.22133333333333333;1.0;37.352000000000004;38.4;66.44133333333333;11.233333333333333;23.3;12.633333333333333;1.870666666666667;0.0;4.102666666666667;0.00533333333333333;4.094666666666666;0.3733333333333332;2.914666666666667;4.166666666666667;9.533333333333333
11286;zone5;8034.229745798958;3515.110462853287;0.0;zone5;S01010205;15;658;534;355;[0.411765,0.117647,0.470588];[0.465116,0.457364,0.077519];[0.317757,0.588785,0.093458];[0.593458,0.280374,0.126168];[0.466666666667,0.2,0.3,0.0333333333333];1;925.0;0.523434132086;1198;98;0.248;1.6;49.472;37.333333333333336;72.4;11.333333333333334;23.4;16.866666666666667;3.056;0.0;3.6853333333333325;0.048;3.4346666666666668;0.2773333333333334;1.8266666666666667;7.0;9.8
11286;zone6;7457.064719570519;3739.055375726369;0.0;zone6;S01010208;18;903;745;565;[0.30137,0.589041,0.109589];[0.48062,0.457364,0.062016];[0.272727,0.613636,0.113636];[0.66055,0.270642,0.068807];[0.233333333333,0.133333333333,0.461111111111,0.172222222222];1;603.0;0.153385979085;1446;83;0.1711111111111111;1.0;46.89333333333333;35.22222222222222;71.53333333333333;11.833333333333334;23.77777777777778;16.333333333333332;3.8466666666666662;0.0;2.1577777777777776;0.0;3.935555555555555;0.3577777777777778;2.922222222222222;4.722222222222222;9.5
11286;zone7;7917.838214725937;1939.334458859395;0.0;zone7;S01010209;24;966;677;468;[0.172414,0.586207,0.241379];[0.333333,0.414966,0.251701];[0.381944,0.458333,0.159722];[0.545852,0.336245,0.117904];[0.337931034483,0.248275862069,0.303448275862,0.110344827586];1;2053.0;1.82052250092;1655;102;0.16333333333333333;1.375;47.49833333333334;29.166666666666668;67.17833333333334;10.291666666666666;22.75;16.041666666666668;2.0616666666666665;0.0;3.4083333333333328;0.0;2.3266666666666667;0.37166666666666676;2.268333333333334;5.958333333333333;7.291666666666667
11286;zone8;7878.406567747077;2721.2634132011362;0.0;zone8;S01010210;18;885;641;416;[0.173913,0.456522,0.369565];[0.21519,0.5,0.28481];[0.189781,0.386861,0.423358];[0.422111,0.442211,0.135678];[0.394736842105,0.236842105263,0.254385964912,0.114035087719];1;344.0;-0.144253829852;1198;93;0.19111111111111112;2.5;47.777777777777786;32.333333333333336;69.07555555555555;9.666666666666666;22.5;16.11111111111111;1.4888888888888892;0.0;4.404444444444445;0.0;2.591111111111111;0.2733333333333333;1.6399999999999997;8.777777777777779;8.11111111111111
11286;zone9;7785.599648345685;3201.783800714137;0.0;zone9;S01010211;22;858;634;452;[0.147059,0.705882,0.147059];[0.384615,0.452991,0.162393];[0.469565,0.4,0.130435];[0.722656,0.226563,0.050781];[0.473214285714,0.169642857143,0.285714285714,0.0714285714286];1;430.0;-0.0456985893816;1073;158;0.27454545454545454;1.0;41.040000000000006;41.22727272727273;69.97272727272728;11.681818181818182;23.772727272727273;13.818181818181818;3.7145454545454544;0.0;5.523636363636364;0.0;2.9763636363636365;0.38000000000000006;2.809090909090909;3.5454545454545454;11.727272727272727
11286;zone10;7580.688680869333;3097.127786881416;0.0;zone10;S01010212;49;1083;779;559;[0.233333,0.633333,0.133333];[0.594771,0.339869,0.065359];[0.465517,0.405172,0.12931];[0.712821,0.269231,0.017949];[0.566037735849,0.138364779874,0.22641509434,0.0691823899371];1;1473.0;1.15298517036;1230;320;0.25387755102040815;1.2448979591836735;53.49551020408162;40.53061224489796;70.64734693877553;10.122448979591837;22.6734693877551;18.183673469387756;2.628571428571429;0.0;3.9444897959183667;0.0;3.5281632653061212;0.30448979591836733;2.2130612244897963;5.183673469387755;9.673469387755102
11286;zone11;8065.177293237223;3111.5884965344962;0.0;zone11;S01010213;13;924;657;476;[0.105263,0.684211,0.210526];[0.382609,0.547826,0.069565];[0.218543,0.556291,0.225166];[0.467925,0.483019,0.049057];[0.451327433628,0.221238938053,0.274336283186,0.0530973451327];1;247.0;-0.255840453357;1200;69;0.2;1.5384615384615385;41.606153846153845;39.69230769230769;71.82461538461538;11.538461538461538;23.692307692307693;14.153846153846153;1.8092307692307694;0.0;5.550769230769232;0.10153846153846152;4.578461538461538;0.21230769230769228;2.735384615384615;5.769230769230769;11.538461538461538
11286;zone12;7144.994858230166;1947.4125453867302;0.0;zone12;S01010214;27;967;717;396;[0.098592,0.28169,0.619718];[0.197531,0.438272,0.364198];[0.173333,0.493333,0.333333];[0.237069,0.487069,0.275862];[0.361344537815,0.210084033613,0.310924369748,0.117647058824];3;176.0;-0.337854473183;2084;138;0.19407407407407407;1.5185185185185186;51.797037037037036;37.148148148148145;71.50074074074074;10.703703703703704;22.962962962962962;17.62962962962963;2.8725925925925933;0.0;3.8399999999999994;0.0;3.2385185185185184;0.29481481481481486;1.8800000000000001;6.481481481481482;9.444444444444445
11286;zone13;7013.590150664996;2618.495528189446;0.0;zone13;S01010215;24;850;608;492;[0.571429,0.285714,0.142857];[0.5,0.431373,0.068627];[0.382609,0.391304,0.226087];[0.678571,0.269841,0.051587];[0.467289719626,0.140186915888,0.345794392523,0.0467289719626];1;547.0;0.0886083430805;622;173;0.28;1.375;39.688333333333325;41.375;68.77999999999999;10.791666666666666;23.25;13.375;2.3800000000000003;0.0;3.328333333333333;0.0;4.821666666666666;0.29;2.296666666666667;6.375;10.041666666666666
11286;zone14;7332.222205807836;2329.961970144465;0.0;zone14;S01010216;15;621;464;361;[0.6,0.4,0.0];[0.597701,0.356322,0.045977];[0.409091,0.439394,0.151515];[0.709544,0.273859,0.016598];[0.5,0.163265306122,0.265306122449,0.0714285714286];1;600.0;0.150092344085;1303;79;0.19466666666666665;1.0666666666666667;56.54933333333334;36.93333333333333;69.17333333333333;9.933333333333334;22.266666666666666;19.133333333333333;1.2480000000000002;0.0;5.261333333333335;0.0;2.9040000000000004;0.3440000000000001;2.402666666666667;4.066666666666666;9.0
11286;zone15;7299.833172322251;2625.8610945736937;0.0;zone15;S01010217;33;817;598;406;[0.16129,0.516129,0.322581];[0.565517,0.4,0.034483];[0.5,0.431373,0.068627];[0.702703,0.283784,0.013514];[0.541935483871,0.0967741935484,0.296774193548,0.0645161290323];1;1060.0;0.679274950851;1008;240;0.2787878787878788;1.696969696969697;48.421818181818196;39.03030303030303;71.92969696969698;10.606060606060606;23.303030303030305;16.545454545454547;1.983030303030303;0.0;4.3927272727272735;0.0;4.03030303030303;0.26424242424242433;1.980606060606061;7.0606060606060606;9.878787878787879
11286;zone16;7142.953643082513;3018.5401822929393;0.0;zone16;S01010218;31;1018;790;587;[0.425532,0.404255,0.170213];[0.392523,0.453271,0.154206];[0.358209,0.492537,0.149254];[0.589124,0.335347,0.075529];[0.424657534247,0.109589041096,0.369863013699,0.0958904109589];1;557.0;0.101026678737;568;178;0.21806451612903227;1.1290322580645162;36.46322580645161;40.41935483870968;65.01161290322582;10.709677419354838;22.93548387096774;12.258064516129032;2.3380645161290325;0.0;2.72516129032258;0.0;4.645161290322582;0.3070967741935484;2.6193548387096772;4.806451612903226;9.290322580645162
11286;zone17;6738.8937706128745;4298.8917997019325;0.0;zone17;S01010219;21;503;382;274;[0.695652,0.304348,0.0];[0.758621,0.215517,0.025862];[0.761905,0.166667,0.071429];[0.781609,0.195402,0.022989];[0.41935483871,0.0752688172043,0.408602150538,0.0967741935484];2;184.0;-0.327838932938;1514;163;0.29714285714285715;1.8095238095238095;63.38095238095238;47.42857142857143;78.58476190476189;9.523809523809524;22.761904761904763;21.857142857142858;4.645714285714286;0.0;5.895238095238096;0.11047619047619049;2.643809523809524;0.24761904761904763;2.0628571428571427;7.190476190476191;12.761904761904763
11286;zone18;5915.780765415368;4211.222876105162;0.0;zone18;S01010220;7;476;433;279;[0.181159,0.608696,0.210145];[0.404255,0.531915,0.06383];[0.227273,0.704545,0.068182];[0.448276,0.482759,0.068966];[0.154545454545,0.0636363636364,0.318181818182,0.463636363636];5;267.0;-0.232306706325;1277;61;0.34285714285714286;1.7142857142857142;39.68;51.142857142857146;74.43999999999998;10.714285714285714;23.571428571428573;13.714285714285714;5.897142857142858;0.0;6.388571428571429;0.25142857142857145;2.8285714285714283;0.4457142857142857;1.7771428571428574;6.857142857142857;14.857142857142858
11286;zone19;6341.0811208317455;3913.8398648988496;0.0;zone19;S01010221;13;546;394;260;[0.6,0.4,0.0];[0.557377,0.409836,0.032787];[0.538462,0.323077,0.138462];[0.699387,0.257669,0.042945];[0.609375,0.140625,0.203125,0.046875];1;635.0;0.19005459739;1141;52;0.16;1.6153846153846154;54.08307692307692;26.923076923076923;74.92923076923077;11.538461538461538;24.076923076923077;18.76923076923077;3.8400000000000003;0.0;3.738461538461539;0.11076923076923079;1.276923076923077;0.37846153846153857;2.7661538461538457;6.769230769230769;8.461538461538462
11286;zone20;7001.213463613622;4053.9957950241624;0.0;zone20;S01010222;15;492;414;285;[0.142857,0.5,0.357143];[0.432432,0.459459,0.108108];[0.348624,0.522936,0.12844];[0.747899,0.235294,0.016807];[0.345238095238,0.214285714286,0.309523809524,0.130952380952];1;377.0;-0.105830277325;1777;73;0.18666666666666668;1.7333333333333334;48.232;29.2;68.27733333333332;10.533333333333333;22.466666666666665;16.133333333333333;2.757333333333334;0.0;3.4399999999999995;0.0;1.6906666666666665;0.29600000000000004;2.322666666666666;6.666666666666667;7.333333333333333
11286;zone21;6986.8418912765155;3434.1450308482026;0.0;zone21;S01010223;4;556;462;337;[0.076923,0.538462,0.384615];[0.567797,0.330508,0.101695];[0.472222,0.444444,0.083333];[0.584699,0.36612,0.04918];[0.432432432432,0.162162162162,0.324324324324,0.0810810810811];1;439.0;-0.0353356041414;1814;13;0.12;1.5;55.28999999999999;25.5;84.07999999999998;14.75;25.75;19.0;5.59;0.0;2.68;0.0;1.44;0.36;2.85;9.5;9.25
11286;zone22;6247.397837456437;3329.661273309237;0.0;zone22;S01010224;40;1036;727;469;[0.405405,0.540541,0.054054];[0.592593,0.274074,0.133333];[0.418803,0.504274,0.076923];[0.768421,0.202632,0.028947];[0.506097560976,0.140243902439,0.268292682927,0.0853658536585];1;1004.0;0.614259332793;973;210;0.2;1.35;47.27499999999999;29.4;70.205;11.475;23.425;16.2;4.4959999999999996;0.0;2.8539999999999996;0.11099999999999999;1.355;0.346;2.12;5.9;8.35
11286;zone23;7827.985844039554;4105.4701191949;0.0;zone23;S01010225;33;812;636;431;[0.25,0.634615,0.115385];[0.469072,0.43299,0.097938];[0.54023,0.413793,0.045977];[0.672065,0.234818,0.093117];[0.385185185185,0.125925925926,0.325925925926,0.162962962963];1;1006.0;0.616572011517;1633;168;0.19393939393939394;1.1818181818181819;54.10909090909092;35.81818181818182;70.63757575757576;10.121212121212121;22.90909090909091;18.606060606060606;3.4533333333333323;0.0;3.718787878787879;0.01818181818181818;2.8060606060606057;0.2448484848484849;2.4096969696969706;4.545454545454546;9.515151515151516
11286;zone24;7040.363001382077;4481.052780471187;0.0;zone24;S01010226;40;816;565;394;[0.454545,0.242424,0.30303];[0.715385,0.2,0.084615];[0.540541,0.405405,0.054054];[0.766917,0.18797,0.045113];[0.503355704698,0.201342281879,0.221476510067,0.0738255033557];2;422.0;-0.0548014077425;1043;461;0.439;1.225;49.54400000000002;58.975;76.93099999999998;9.925;23.05;16.85;7.448;0.0;7.263000000000001;0.06799999999999999;2.62;0.24399999999999994;2.553;5.25;16.875
11286;zone25;6847.772309074456;4638.663588163389;0.0;zone25;S01010227;39;692;454;294;[0.413793,0.413793,0.172414];[0.704545,0.238636,0.056818];[0.654545,0.345455,0.0];[0.810606,0.159091,0.030303];[0.672268907563,0.0924369747899,0.159663865546,0.0756302521008];4;0.0;-0.540229885057;1051;628;0.6143589743589744;1.2564102564102564;52.143589743589736;73.71794871794872;81.81743589743587;9.35897435897436;23.025641025641026;17.666666666666668;6.344615384615385;0.0;13.030769230769225;0.2266666666666667;3.006153846153847;0.16820512820512823;2.0164102564102566;5.102564102564102;22.153846153846153
11286;zone26;8241.816993110848;4572.457656401622;0.0;zone26;S01010229;30;1016;787;508;[0.1,0.625,0.275];[0.350877,0.350877,0.298246];[0.348315,0.477528,0.174157];[0.565217,0.310559,0.124224];[0.420731707317,0.213414634146,0.292682926829,0.0731707317073];1;395.0;-0.0859445809966;1252;151;0.19066666666666668;1.2333333333333334;44.632;29.666666666666668;66.956;11.0;23.0;15.266666666666667;1.9693333333333334;0.0;4.378666666666666;0.07333333333333333;1.896;0.37333333333333335;2.397333333333333;4.866666666666666;7.866666666666666
11286;zone27;7458.320056766788;4680.341251240345;0.0;zone27;S01010230;24;1005;772;577;[0.314286,0.628571,0.057143];[0.703883,0.296117,0.0];[0.727273,0.218182,0.054545];[0.71831,0.24507,0.03662];[0.517857142857,0.136904761905,0.267857142857,0.077380952381];1;846.0;0.433218203459;906;143;0.23166666666666666;1.2916666666666667;43.49833333333333;37.583333333333336;69.60166666666666;10.708333333333334;23.208333333333332;14.791666666666666;3.446666666666667;0.0;4.073333333333332;0.03166666666666667;2.9;0.31166666666666676;2.7116666666666664;5.541666666666667;10.0
11286;zone28;7569.802990100143;4917.458811240416;0.0;zone28;S01010232;37;1074;792;485;[0.457143,0.485714,0.057143];[0.557292,0.338542,0.104167];[0.492063,0.333333,0.174603];[0.654229,0.251244,0.094527];[0.470297029703,0.153465346535,0.306930693069,0.0693069306931];1;771.0;0.347049794199;1125;294;0.30594594594594593;1.162162162162162;51.87243243243244;45.75675675675676;74.23675675675675;10.594594594594595;23.405405405405407;17.64864864864865;3.505945945945945;0.0;5.433513513513513;0.07783783783783783;4.049729729729729;0.28864864864864875;2.3210810810810805;5.135135135135135;12.594594594594595
11286;zone29;7830.713068379679;4879.746446724283;0.0;zone29;S01010233;33;970;705;476;[0.275,0.625,0.1];[0.655629,0.245033,0.099338];[0.52809,0.426966,0.044944];[0.771505,0.212366,0.016129];[0.587209302326,0.093023255814,0.261627906977,0.0581395348837];1;284.0;-0.213781821634;1222;228;0.26181818181818184;0.8181818181818182;50.28969696969697;47.0;69.99151515151516;10.575757575757576;23.21212121212121;17.181818181818183;2.7006060606060602;0.0;3.736969696969697;0.13333333333333333;5.083636363636364;0.3345454545454545;2.6569696969696976;2.727272727272727;11.151515151515152
11286;zone30;6473.383843181837;4954.519765957263;0.0;zone30;S01010261;6;2551;2373;526;[0.666667,0.270833,0.0625];[0.675841,0.281346,0.042813];[0.75,0.25,0.0];[0.824468,0.164894,0.010638];[0.41,0.06,0.41,0.12];3;176.0;-0.337679921334;1662;35;0.23333333333333334;1.6666666666666667;80.88;48.333333333333336;86.10666666666667;10.166666666666666;24.166666666666668;27.666666666666668;4.5;0.0;3.1933333333333334;0.02666666666666667;4.88;0.16666666666666666;2.56;6.5;12.166666666666666
11286;zone31;4930.642193689802;4959.449818932565;0.0;zone31;S01010266;3;555;474;237;[0.320755,0.556604,0.122642];[0.677273,0.254545,0.068182];[0.5,0.461538,0.038462];[0.534247,0.30137,0.164384];[0.141176470588,0.0588235294118,0.4,0.4];3;536.0;0.0761386922126;996;10;0.13333333333333333;0.6666666666666666;40.13333333333333;34.666666666666664;65.14666666666666;12.666666666666666;23.0;13.666666666666666;0.9066666666666666;0.0;4.56;0.49333333333333335;3.1466666666666665;0.21333333333333335;2.3866666666666667;2.3333333333333335;8.666666666666666
11286;zone32;5712.5549897826;4979.400336637217;0.0;zone32;S01010270;4;1153;972;817;[0.389831,0.533898,0.076271];[0.70255,0.252125,0.045326];[0.714286,0.272727,0.012987];[0.771552,0.228448,0.0];[0.125,0.0909090909091,0.454545454545,0.329545454545];1;871.0;0.461200629557;1581;18;0.16;2.0;69.19;30.0;75.36;9.5;23.0;24.0;3.65;0.0;1.62;0.0;2.4299999999999997;0.57;1.67;7.5;7.25
11286;zone33;3394.0723536088512;4934.677182292946;0.0;zone33;S01010282;13;976;841;645;[0.438776,0.520408,0.040816];[0.545732,0.405488,0.04878];[0.521277,0.382979,0.095745];[0.712707,0.232044,0.055249];[0.190954773869,0.070351758794,0.35175879397,0.386934673367];2;350.0;-0.137812028107;1325;61;0.18461538461538463;2.3076923076923075;59.50153846153846;35.46153846153846;79.95692307692306;10.76923076923077;23.692307692307693;20.692307692307693;1.950769230769231;0.0;6.815384615384616;0.6953846153846153;1.0953846153846154;0.25230769230769234;1.529230769230769;10.538461538461538;10.076923076923077
11286;zone34;4385.789287498423;4835.237486850067;0.0;zone34;S01010289;15;771;687;380;[0.130952,0.511905,0.357143];[0.262911,0.502347,0.234742];[0.178571,0.464286,0.357143];[0.410256,0.435897,0.153846];[0.058064516129,0.0322580645161,0.245161290323,0.664516129032];5;259.0;-0.241396294863;1366;215;0.5546666666666666;1.4;56.60266666666666;74.8;73.06400000000001;7.4;21.466666666666665;19.266666666666666;3.1199999999999997;0.0;9.490666666666668;1.6640000000000001;2.858666666666667;0.23733333333333337;1.68;4.066666666666666;16.733333333333334
11286;zone35;4401.5375624188455;4669.062022109911;0.0;zone35;S01010290;13;546;485;278;[0.198198,0.603604,0.198198];[0.485944,0.449799,0.064257];[0.555556,0.444444,0.0];[0.435897,0.512821,0.051282];[0.10752688172,0.0430107526882,0.494623655914,0.354838709677];3;353.0;-0.133686757747;1305;186;0.5507692307692308;2.076923076923077;63.13230769230769;63.46153846153846;89.88615384615385;10.076923076923077;24.23076923076923;20.923076923076923;5.006153846153846;0.0;10.661538461538463;1.1323076923076925;3.412307692307692;0.2276923076923077;1.7476923076923077;10.307692307692308;19.692307692307693
11286;zone36;4119.983651650423;4281.100418217042;0.0;zone36;S01010291;12;1075;975;481;[0.405594,0.447552,0.146853];[0.627907,0.277132,0.094961];[0.415094,0.433962,0.150943];[0.562963,0.325926,0.111111];[0.197080291971,0.0729927007299,0.445255474453,0.284671532847];3;438.0;-0.0363924713322;1048;122;0.39666666666666667;2.25;57.07;59.0;76.08;8.833333333333334;22.0;19.416666666666668;2.8933333333333326;0.0;9.883333333333333;1.1466666666666667;1.8133333333333335;0.2233333333333333;1.4133333333333333;6.583333333333333;15.166666666666666
11286;zone37;4399.731076226201;4291.6703625917;0.0;zone37;S01010292;10;890;831;409;[0.348214,0.508929,0.142857];[0.477169,0.420091,0.10274];[0.339286,0.446429,0.214286];[0.55814,0.383721,0.05814];[0.128378378378,0.0540540540541,0.398648648649,0.418918918919];4;323.0;-0.168488563048;966;116;0.452;1.5;50.872;58.0;70.98400000000001;8.4;21.6;17.0;5.656;0.0;7.712000000000001;0.74;1.6920000000000002;0.328;1.6640000000000001;4.2;15.2
11286;zone38;4514.690807242894;4541.15458266895;0.0;zone38;S01010293;16;839;723;373;[0.51773,0.35461,0.12766];[0.635389,0.262735,0.101877];[0.446809,0.319149,0.234043];[0.514286,0.392857,0.092857];[0.242424242424,0.0606060606061,0.393939393939,0.30303030303];3;290.0;-0.205814991507;861;221;0.5275;0.875;51.845;68.375;75.6175;9.5625;22.4375;17.5;5.082500000000001;0.0;10.5075;0.7749999999999999;2.1149999999999998;0.29250000000000004;2.3049999999999997;3.25;17.9375
11286;zone39;4541.7482834333705;4418.565122351524;0.0;zone39;S01010294;13;690;631;275;[0.242105,0.526316,0.231579];[0.650873,0.214464,0.134663];[0.583333,0.208333,0.208333];[0.414894,0.489362,0.095745];[0.164835164835,0.043956043956,0.494505494505,0.296703296703];4;440.0;-0.0342259463805;1161;177;0.52;1.6153846153846154;57.37846153846154;69.53846153846153;79.97230769230768;8.23076923076923;22.615384615384617;19.615384615384617;4.144615384615386;0.0;10.84;0.7261538461538463;3.572307692307693;0.356923076923077;1.9353846153846155;6.153846153846154;18.76923076923077
11286;zone40;4766.8646917667475;4574.50133624035;0.0;zone40;S01010295;18;974;870;427;[0.384615,0.391026,0.224359];[0.604555,0.310559,0.084886];[0.428571,0.285714,0.285714];[0.390728,0.516556,0.092715];[0.212765957447,0.113475177305,0.297872340426,0.375886524823];4;529.0;0.0680145754747;1240;214;0.46;1.2222222222222223;56.79555555555555;63.111111111111114;76.71333333333334;9.055555555555555;22.22222222222222;19.77777777777778;4.968888888888888;0.0;9.137777777777778;0.9177777777777778;2.213333333333333;0.23555555555555557;2.1333333333333333;4.333333333333333;16.666666666666668
11286;zone41;4647.752341766679;4736.091736240359;0.0;zone41;S01010296;16;664;560;291;[0.294118,0.423529,0.282353];[0.520913,0.368821,0.110266];[0.375,0.375,0.25];[0.475524,0.391608,0.132867];[0.282828282828,0.111111111111,0.363636363636,0.242424242424];2;856.0;0.444094443477;1216;148;0.35;1.9375;42.26;46.4375;71.71000000000001;10.125;22.6875;14.4375;2.5700000000000003;0.0;7.632500000000001;1.4549999999999998;1.6675;0.365;1.9175000000000002;7.0625;12.8125
11286;zone42;5522.849421766708;4411.996091240393;0.0;zone42;S01010297;7;1066;894;676;[0.582609,0.382609,0.034783];[0.691824,0.245283,0.062893];[0.540541,0.333333,0.126126];[0.681275,0.270916,0.047809];[0.260563380282,0.140845070423,0.37323943662,0.225352112676];1;504.0;0.0391758595379;674;41;0.22285714285714286;1.0;40.36;40.0;59.50857142857143;9.285714285714286;21.714285714285715;13.714285714285714;2.7085714285714286;0.0;2.2342857142857144;0.44571428571428573;2.994285714285714;0.24571428571428575;1.8800000000000001;2.4285714285714284;8.0
11286;zone43;4706.481893689814;4143.807995855712;0.0;zone43;S01010298;12;880;677;515;[0.308943,0.479675,0.211382];[0.581395,0.356589,0.062016];[0.539683,0.396825,0.063492];[0.744828,0.193103,0.062069];[0.227272727273,0.0984848484848,0.371212121212,0.30303030303];1;486.0;0.0190902878356;1254;84;0.27;2.0833333333333335;40.54666666666666;33.583333333333336;70.48666666666666;11.666666666666666;23.25;13.583333333333334;4.07;0.0;3.4500000000000006;0.5566666666666666;1.2966666666666666;0.15333333333333335;1.833333333333333;8.583333333333334;8.916666666666666
11286;zone44;4885.424673909578;4209.645754097502;0.0;zone44;S01010299;4;536;404;292;[0.3,0.54,0.16];[0.556701,0.340206,0.103093];[0.458333,0.520833,0.020833];[0.584906,0.283019,0.132075];[0.428571428571,0.0857142857143,0.285714285714,0.2];1;375.0;-0.10827530326;722;33;0.32;2.0;40.519999999999996;37.25;79.23;13.25;25.25;14.0;3.9800000000000004;0.0;1.47;0.7899999999999999;5.369999999999999;0.33;2.2800000000000002;10.25;11.25
11286;zone45;4883.397012115578;4340.414778682246;0.0;zone45;S01010300;21;934;764;478;[0.460784,0.411765,0.127451];[0.664653,0.238671,0.096677];[0.632353,0.323529,0.044118];[0.606383,0.329787,0.06383];[0.3046875,0.125,0.3515625,0.21875];2;513.0;0.0498225801839;604;168;0.30095238095238097;1.7619047619047619;43.121904761904766;41.42857142857143;74.98857142857142;11.380952380952381;23.904761904761905;14.714285714285714;5.2647619047619045;0.0;3.567619047619048;0.3771428571428571;2.9371428571428573;0.26857142857142857;2.1885714285714286;8.619047619047619;11.619047619047619
11286;zone46;5144.66081966521;4032.769083704074;0.0;zone46;S01010301;6;522;457;283;[0.292683,0.597561,0.109756];[0.57563,0.315126,0.109244];[0.222222,0.703704,0.074074];[0.561798,0.393258,0.044944];[0.214285714286,0.0612244897959,0.459183673469,0.265306122449];4;490.0;0.0232745011966;2051;105;0.6733333333333333;0.6666666666666666;56.76;83.16666666666667;83.62;10.0;23.0;19.5;13.706666666666669;0.0;3.533333333333333;1.2666666666666668;4.946666666666666;0.11333333333333333;2.8866666666666667;3.0;23.166666666666668
11286;zone47;5165.568789180556;4297.038752619699;0.0;zone47;S01010302;24;669;495;388;[0.65625,0.28125,0.0625];[0.6,0.356522,0.043478];[0.716981,0.226415,0.056604];[0.801802,0.18018,0.018018];[0.582417582418,0.0769230769231,0.263736263736,0.0769230769231];1;392.0;-0.0896499889057;1301;230;0.375;0.625;46.44;49.666666666666664;68.21499999999999;10.125;22.916666666666668;15.916666666666666;5.913333333333333;0.0;2.1750000000000003;0.39333333333333337;3.636666666666667;0.24333333333333337;2.793333333333333;2.5416666666666665;11.708333333333334
11286;zone48;5241.140616766716;4139.402270499609;0.0;zone48;S01010303;33;579;387;250;[0.692308,0.153846,0.153846];[0.56701,0.298969,0.134021];[0.630435,0.282609,0.086957];[0.658879,0.285047,0.056075];[0.58407079646,0.106194690265,0.274336283186,0.0353982300885];1;415.0;-0.0627120940391;1727;309;0.3503030303030303;1.606060606060606;52.80000000000001;48.06060606060606;71.80848484848485;9.424242424242424;22.454545454545453;18.21212121212121;6.7733333333333325;0.0;1.9381818181818178;0.5345454545454545;3.031515151515151;0.2557575757575758;1.983030303030303;5.545454545454546;11.696969696969697
11286;zone49;4853.647576226233;3833.123065294377;0.0;zone49;S01010304;12;542;456;332;[0.323529,0.514706,0.161765];[0.635135,0.25,0.114865];[0.477273,0.522727,0.0];[0.829268,0.109756,0.060976];[0.372340425532,0.0425531914894,0.297872340426,0.287234042553];1;804.0;0.384523850516;1949;101;0.31666666666666665;0.6666666666666666;65.83000000000001;46.333333333333336;76.45666666666668;10.0;23.0;22.666666666666668;7.096666666666668;0.0;3.2733333333333334;0.7666666666666666;1.7566666666666668;0.2933333333333333;2.766666666666667;3.25;12.5
11286;zone50;4697.410406890209;3639.1027396354093;0.0;zone50;S01010305;7;807;694;478;[0.36036,0.468468,0.171171];[0.553191,0.33617,0.110638];[0.409639,0.301205,0.289157];[0.589888,0.337079,0.073034];[0.198529411765,0.0735294117647,0.382352941176,0.345588235294];1;223.0;-0.28282788147;614;62;0.33714285714285713;0.7142857142857143;42.87428571428571;53.42857142857143;66.06285714285715;9.428571428571429;22.571428571428573;14.571428571428571;7.497142857142856;0.0;2.777142857142857;1.6799999999999997;0.4857142857142857;0.44571428571428573;2.228571428571428;2.5714285714285716;11.857142857142858
11286;zone51;4591.3082521834585;3868.367573740388;0.0;zone51;S01010306;13;752;675;449;[0.35625,0.56875,0.075];[0.570588,0.355882,0.073529];[0.283019,0.566038,0.150943];[0.650943,0.330189,0.018868];[0.165680473373,0.0473372781065,0.479289940828,0.307692307692];2;238.0;-0.265781391166;841;156;0.4646153846153846;1.1538461538461537;44.23076923076922;62.0;77.66153846153846;11.538461538461538;23.76923076923077;15.461538461538462;8.036923076923078;0.0;5.110769230769231;2.9753846153846157;1.4123076923076923;0.36307692307692313;1.9446153846153846;5.076923076923077;17.076923076923077
11286;zone52;4503.72067559025;3742.2957906521283;0.0;zone52;S01010307;9;821;732;428;[0.189922,0.577519,0.232558];[0.407407,0.487654,0.104938];[0.346154,0.538462,0.115385];[0.71875,0.234375,0.046875];[0.0681818181818,0.0568181818182,0.375,0.5];5;319.0;-0.172537833795;495;155;0.6711111111111111;2.4444444444444446;53.297777777777775;80.66666666666667;92.36888888888889;9.666666666666666;24.0;18.11111111111111;12.288888888888888;0.0;5.919999999999999;4.475555555555555;1.7333333333333332;0.15555555555555556;1.48;12.444444444444445;23.88888888888889
11286;zone53;4364.519870735056;4047.768725526131;0.0;zone53;S01010308;9;975;858;480;[0.285714,0.54007,0.174216];[0.511936,0.384615,0.103448];[0.254902,0.411765,0.333333];[0.648352,0.307692,0.043956];[0.0970873786408,0.0631067961165,0.359223300971,0.480582524272];4;257.0;-0.244477582955;1338;114;0.5022222222222222;1.7777777777777777;53.48;64.22222222222223;76.85777777777778;8.555555555555555;22.77777777777778;18.333333333333332;7.648888888888889;0.0;6.0488888888888885;1.9155555555555557;1.2266666666666668;0.14666666666666667;1.8755555555555559;6.444444444444445;16.333333333333332
11286;zone54;5381.88771051669;3636.3205112402793;0.0;zone54;S01010309;4;419;356;264;[0.333333,0.25,0.416667];[0.478873,0.422535,0.098592];[0.352941,0.382353,0.264706];[0.705882,0.24183,0.052288];[0.365853658537,0.170731707317,0.390243902439,0.0731707317073];1;0.0;-0.540229885057;2153;19;0.17;0.75;51.77;28.75;62.07;9.5;22.0;17.25;2.22;0.0;1.85;0.4;1.69;0.37;2.37;2.75;5.75
11286;zone55;5657.373406240428;3625.6586165034923;0.0;zone55;S01010310;13;706;540;381;[0.333333,0.238095,0.428571];[0.565517,0.337931,0.096552];[0.54902,0.27451,0.176471];[0.715415,0.256917,0.027668];[0.484848484848,0.151515151515,0.318181818182,0.0454545454545];1;574.0;0.120406534162;845;80;0.23692307692307693;1.4615384615384615;48.74153846153846;41.38461538461539;66.71076923076924;9.461538461538462;22.307692307692307;16.615384615384617;3.0615384615384613;0.0;2.0246153846153847;0.64;3.221538461538461;0.30769230769230765;2.1384615384615384;5.615384615384615;8.461538461538462
11286;zone56;5685.425126382168;3318.6970593171873;0.0;zone56;S01010311;22;721;556;351;[0.411765,0.352941,0.235294];[0.472222,0.453704,0.074074];[0.571429,0.404762,0.02381];[0.717949,0.271062,0.010989];[0.565217391304,0.121739130435,0.269565217391,0.0434782608696];1;1534.0;1.22364271569;1642;141;0.24727272727272728;1.2272727272727273;62.89272727272728;38.45454545454545;72.66727272727272;10.045454545454545;22.40909090909091;21.772727272727273;3.1327272727272732;0.0;3.092727272727273;0.15272727272727274;2.9399999999999995;0.3836363636363638;1.7763636363636364;5.318181818181818;8.818181818181818
11286;zone57;5466.52613028024;3072.1402274564575;0.0;zone57;S01010312;34;868;647;425;[0.117647,0.823529,0.058824];[0.754386,0.22807,0.017544];[0.407407,0.444444,0.148148];[0.804945,0.153846,0.041209];[0.586956521739,0.115942028986,0.268115942029,0.0289855072464];1;685.0;0.247477927043;1651;171;0.19176470588235295;1.411764705882353;61.27294117647058;35.38235294117647;71.37058823529412;9.441176470588236;22.441176470588236;20.852941176470587;2.249411764705882;0.0;3.434117647058823;0.11294117647058824;3.1152941176470588;0.30705882352941183;2.092941176470588;5.411764705882353;8.382352941176471
11286;zone58;5251.7403530303945;3502.549209042501;0.0;zone58;S01010313;16;654;529;356;[0.428571,0.285714,0.285714];[0.6,0.333333,0.066667];[0.433735,0.481928,0.084337];[0.739623,0.162264,0.098113];[0.648351648352,0.131868131868,0.175824175824,0.043956043956];1;565.0;0.109617915218;2142;114;0.275;1.375;65.7725;36.875;79.26249999999999;11.375;23.9375;22.375;5.2124999999999995;0.0;2.5699999999999994;0.2975;2.8699999999999997;0.4625;2.6550000000000002;5.5625;10.4375
11286;zone59;4840.312157862589;3385.4448126102257;0.0;zone59;S01010314;21;1248;1034;550;[0.358209,0.507463,0.134328];[0.514493,0.333333,0.152174];[0.5,0.326923,0.173077];[0.636,0.324,0.04];[0.316901408451,0.133802816901,0.401408450704,0.147887323944];1;637.0;0.192402372167;1124;118;0.21904761904761905;2.142857142857143;44.40190476190477;35.23809523809524;73.11047619047619;11.476190476190476;23.80952380952381;15.19047619047619;3.660952380952382;0.0;4.199999999999999;1.0095238095238093;1.3295238095238098;0.2514285714285715;2.0457142857142854;8.380952380952381;9.714285714285714
11286;zone60;4536.293429266749;2504.1273706154316;0.0;zone60;S01010315;43;911;678;409;[0.180723,0.554217,0.26506];[0.252632,0.457895,0.289474];[0.208333,0.5,0.291667];[0.55144,0.345679,0.102881];[0.308176100629,0.169811320755,0.358490566038,0.163522012579];2;382.0;-0.100954860853;1612;398;0.3572093023255814;1.3488372093023255;49.55255813953488;45.46511627906977;70.33023255813953;9.44186046511628;22.558139534883722;16.906976744186046;5.18139534883721;0.0;3.4827906976744183;0.03162790697674419;3.2455813953488373;0.21116279069767446;2.531162790697675;5.046511627906977;11.44186046511628
11286;zone61;4589.6619547948285;2943.195659127726;0.0;zone61;S01010316;25;512;414;304;[0.392157,0.529412,0.078431];[0.62931,0.37069,0.0];[0.439024,0.560976,0.0];[0.775401,0.224599,0.0];[0.439252336449,0.102803738318,0.252336448598,0.205607476636];1;481.0;0.0128180141103;1417;186;0.2864;1.08;54.676800000000014;41.2;74.25919999999998;10.8;23.52;19.0;5.446399999999999;0.0;3.652799999999999;0.18719999999999998;2.8047999999999997;0.272;2.5840000000000005;4.4;11.68
11286;zone63;4421.5566371748755;3071.026327566895;0.0;zone63;S01010318;12;1588;1497;304;[0.5,0.456522,0.043478];[0.469799,0.47651,0.053691];[0.310345,0.37931,0.310345];[0.678571,0.285714,0.035714];[0.36,0.14,0.34,0.16];3;317.0;-0.175110645645;1009;159;0.5033333333333333;1.5833333333333333;62.32;69.75;84.08666666666666;9.25;23.5;20.916666666666668;10.38;0.0;7.41;1.0966666666666667;1.5599999999999998;0.10666666666666667;1.8533333333333335;6.166666666666667;19.916666666666668
11286;zone64;4173.240913470097;2893.8040771744095;0.0;zone64;S01010319;9;711;624;407;[0.258741,0.608392,0.132867];[0.383399,0.486166,0.130435];[0.439394,0.212121,0.348485];[0.530769,0.384615,0.084615];[0.171974522293,0.0700636942675,0.471337579618,0.286624203822];2;473.0;0.00423719084943;1405;68;0.29777777777777775;2.2222222222222223;56.29333333333334;39.77777777777778;73.44;10.0;22.333333333333332;19.22222222222222;4.155555555555556;0.0;3.4355555555555553;0.14222222222222222;2.0222222222222226;0.2977777777777778;1.3822222222222225;8.555555555555555;9.222222222222221
11286;zone65;3940.1918462749595;2900.8899784533987;0.0;zone65;S01010320;4;675;594;437;[0.257813,0.523438,0.21875];[0.61753,0.298805,0.083665];[0.526316,0.22807,0.245614];[0.805085,0.169492,0.025424];[0.172185430464,0.0662251655629,0.443708609272,0.317880794702];1;646.0;0.202453315259;1125;22;0.22;2.0;46.31;31.0;75.78;12.5;24.5;15.75;3.68;0.0;3.4600000000000004;0.8200000000000001;1.82;0.44000000000000006;2.41;8.5;9.5
11286;zone66;3905.8658739096163;2664.6669636212755;0.0;zone66;S01010321;7;837;634;432;[0.401709,0.555556,0.042735];[0.54717,0.433962,0.018868];[0.45122,0.439024,0.109756];[0.666667,0.271186,0.062147];[0.212328767123,0.0958904109589,0.390410958904,0.301369863014];1;1019.0;0.631764531736;1920;36;0.18285714285714286;1.4285714285714286;56.66857142857143;38.42857142857143;76.54285714285713;11.714285714285714;23.714285714285715;19.428571428571427;4.651428571428572;0.0;3.7142857142857144;0.24571428571428572;2.325714285714285;0.6114285714285714;2.1828571428571424;6.142857142857143;10.571428571428571
11286;zone67;3630.3978644730896;3132.1651121578075;0.0;zone67;S01010322;9;1028;914;549;[0.174419,0.549419,0.276163];[0.412399,0.471698,0.115903];[0.298507,0.38806,0.313433];[0.647059,0.323529,0.029412];[0.057268722467,0.0352422907489,0.449339207048,0.458149779736];5;124.0;-0.397569575369;1537;123;0.52;1.6666666666666667;46.626666666666665;71.55555555555556;79.15555555555555;8.88888888888889;23.333333333333332;15.88888888888889;7.0088888888888885;0.0;9.03111111111111;2.4533333333333336;1.6711111111111112;0.2222222222222222;2.0755555555555554;7.0;19.77777777777778
11286;zone68;6208.193116766784;3072.425066795916;0.0;zone68;S01010323;4;603;466;377;[0.555556,0.444444,0.0];[0.657143,0.271429,0.071429];[0.642857,0.321429,0.035714];[0.793651,0.166667,0.039683];[0.578431372549,0.166666666667,0.235294117647,0.0196078431373];1;970.0;0.57559463238;1077;16;0.14;2.5;70.49000000000001;23.75;82.8;10.5;24.75;23.75;4.69;0.0;1.8599999999999999;0.0;1.02;0.42;1.71;12.5;7.25
11286;zone69;6517.651722029823;2240.572579661372;0.0;zone69;S01010324;6;759;566;403;[0.142857,0.571429,0.285714];[0.298077,0.490385,0.211538];[0.333333,0.530864,0.135802];[0.401674,0.414226,0.1841];[0.569620253165,0.101265822785,0.291139240506,0.0379746835443];1;407.0;-0.0721601679586;1916;34;0.22;1.0;45.74666666666667;33.5;69.00666666666666;11.333333333333334;23.166666666666668;15.833333333333334;2.293333333333333;0.0;2.2133333333333334;0.0;3.646666666666667;0.3666666666666667;2.9533333333333336;5.166666666666667;7.5
11286;zone70;6038.016041009105;2402.8415869980217;0.0;zone70;S01010325;18;939;666;501;[0.263158,0.368421,0.368421];[0.383838,0.525253,0.090909];[0.253623,0.615942,0.130435];[0.451362,0.463035,0.085603];[0.545454545455,0.238636363636,0.193181818182,0.0227272727273];1;225.0;-0.281126582053;2009;97;0.2111111111111111;1.3888888888888888;49.56666666666666;36.05555555555556;71.3288888888889;11.666666666666666;23.444444444444443;16.666666666666668;2.1088888888888886;0.0;1.231111111111111;0.0;5.655555555555555;0.448888888888889;2.5622222222222226;5.888888888888889;8.555555555555555
11286;zone71;5272.359331052501;2740.775131541117;0.0;zone71;S01010326;39;987;707;494;[0.526316,0.368421,0.105263];[0.522523,0.333333,0.144144];[0.492188,0.3125,0.195313];[0.723514,0.224806,0.05168];[0.54375,0.16875,0.23125,0.05625];1;1389.0;1.05701743376;1010;241;0.23384615384615384;0.9487179487179487;48.83897435897434;41.43589743589744;71.07076923076923;10.538461538461538;22.94871794871795;16.487179487179485;3.5353846153846153;0.0;6.810256410256413;0.0;2.0666666666666678;0.3938461538461539;2.4707692307692315;4.076923076923077;11.923076923076923
11286;zone72;4970.167032608406;2501.795090448298;0.0;zone72;S01010327;34;982;660;362;[0.031746,0.507937,0.460317];[0.372881,0.432203,0.194915];[0.289063,0.328125,0.382813];[0.516892,0.347973,0.135135];[0.416184971098,0.21387283237,0.236994219653,0.132947976879];1;470.0;0.000335688704598;927;255;0.28705882352941176;1.588235294117647;45.96117647058823;40.61764705882353;68.09411764705882;9.235294117647058;22.176470588235293;15.529411764705882;3.6541176470588232;0.0;6.657647058823529;0.02235294117647059;1.288235294117647;0.22235294117647064;2.0611764705882356;5.470588235294118;11.176470588235293
11286;zone73;5975.307390960257;2677.5485166167286;0.0;zone73;S01010328;24;969;706;445;[0.16129,0.5,0.33871];[0.27044,0.471698,0.257862];[0.192547,0.434783,0.372671];[0.338983,0.432203,0.228814];[0.309352517986,0.258992805755,0.280575539568,0.151079136691];2;457.0;-0.0138550124678;2086;181;0.29;1.375;52.66166666666667;41.875;69.99166666666667;9.791666666666666;22.541666666666668;17.75;4.31;0.0;2.2600000000000002;0.00333333333333333;3.690000000000001;0.36166666666666675;2.14;5.416666666666667;9.75
