cycle;name;location.x;location.y;location.z;name;dataZone;nm_children;pop;over16;nm_hh;AB_car_prob;C1_car_prob;C2_car_prob;DE_car_prob;prob_social;simd;crimeRate;norm_crime;avg_dis_sh;neigh_play;daily_play_per_child;avg_FSA;avg_walk;daily_OD;zone_mvpa;mvpa_home;mvpa_sc;mvpa_road;mvpa_play_field;mvpa_home_garden;mvpa_park;mvpa_PG;mvpa_amenity;mvpa_shops;mvpa_F_home;mvpa_fsa;mvpa_OD
11286;zone0;8448.90275962388;2625.4515469546564;0.0;zone0;S01010195;19;531;390;212;[0.0,0.481481,0.518519];[0.261538,0.646154,0.092308];[0.12,0.59,0.29];[0.447368,0.368421,0.184211];[0.418918918919,0.283783783784,0.202702702703,0.0945945945946];1;0.0;-0.540229885057;1022;144;0.2926315789473684;1.0526315789473684;45.519999999999996;45.31578947368421;63.95789473684211;9.052631578947368;21.736842105263158;15.263157894736842;1.254736842105263;0.0;5.9389473684210525;0.05263157894736842;3.404210526315789;0.19157894736842107;2.263157894736842;2.8947368421052633;10.210526315789474
11286;zone1;8656.736904000718;2165.9902346445633;0.0;zone1;S01010198;18;1027;748;394;[0.058824,0.529412,0.411765];[0.305785,0.561983,0.132231];[0.219858,0.496454,0.283688];[0.523179,0.331126,0.145695];[0.48623853211,0.229357798165,0.266055045872,0.0183486238532];1;1609.0;1.3102524676;1266;105;0.2311111111111111;1.1111111111111112;39.16444444444444;33.94444444444444;65.51111111111112;11.277777777777779;23.055555555555557;13.333333333333334;1.3444444444444446;0.0;3.9711111111111106;0.23333333333333334;3.4599999999999995;0.4511111111111112;2.415555555555556;4.222222222222222;8.555555555555555
11286;zone2;8537.588755655543;3024.028900129281;0.0;zone2;S01010201;22;643;453;253;[0.0,0.47619,0.52381];[0.270833,0.3125,0.416667];[0.088,0.48,0.432];[0.296552,0.434483,0.268966];[0.365853658537,0.292682926829,0.292682926829,0.0487804878049];2;219.0;-0.28762447053;931;241;0.41454545454545455;1.0454545454545454;45.710909090909084;58.5;71.49272727272727;9.454545454545455;22.454545454545453;15.863636363636363;2.5618181818181816;0.0;7.976363636363636;0.21454545454545457;4.821818181818181;0.2890909090909092;2.430909090909091;3.8636363636363638;15.045454545454545
11286;zone3;8059.42097232239;3767.666522351409;0.0;zone3;S01010203;30;671;504;260;[0.090909,0.363636,0.545455];[0.263804,0.460123,0.276074];[0.094828,0.422414,0.482759];[0.183824,0.375,0.441176];[0.272727272727,0.218181818182,0.363636363636,0.145454545455];3;215.0;-0.292668818285;1941;297;0.384;1.5666666666666667;56.797333333333334;46.03333333333333;79.54;10.566666666666666;24.0;19.4;4.023999999999999;0.0;5.605333333333332;0.0;4.359999999999999;0.35866666666666663;2.3933333333333335;6.966666666666667;13.466666666666667
11286;zone4;8368.288440296214;3565.498290652094;0.0;zone4;S01010204;30;800;589;381;[0.272727,0.727273,0.0];[0.627451,0.27451,0.098039];[0.444444,0.533333,0.022222];[0.600619,0.321981,0.077399];[0.595041322314,0.157024793388,0.239669421488,0.00826446280992];1;497.0;0.0317745673598;1297;291;0.37866666666666665;1.0333333333333334;41.13733333333334;46.233333333333334;68.89866666666668;10.966666666666667;23.266666666666666;14.033333333333333;2.52;0.0;5.238666666666665;0.12666666666666668;4.398666666666667;0.3013333333333334;2.3426666666666667;4.266666666666667;11.8
11286;zone5;8034.229745798958;3515.110462853287;0.0;zone5;S01010205;15;658;534;355;[0.411765,0.117647,0.470588];[0.465116,0.457364,0.077519];[0.317757,0.588785,0.093458];[0.593458,0.280374,0.126168];[0.466666666667,0.2,0.3,0.0333333333333];1;925.0;0.523434132086;1278;145;0.37333333333333335;1.2;51.14133333333333;53.266666666666666;74.38133333333333;10.2;23.266666666666666;17.666666666666668;4.829333333333334;0.0;5.266666666666667;0.0;4.413333333333333;0.26666666666666666;2.176;4.733333333333333;14.066666666666666
11286;zone6;7457.064719570519;3739.055375726369;0.0;zone6;S01010208;18;903;745;565;[0.30137,0.589041,0.109589];[0.48062,0.457364,0.062016];[0.272727,0.613636,0.113636];[0.66055,0.270642,0.068807];[0.233333333333,0.133333333333,0.461111111111,0.172222222222];1;603.0;0.153385979085;1446;116;0.2511111111111111;1.1111111111111112;51.242222222222225;39.0;73.6511111111111;11.166666666666666;24.0;17.5;3.4644444444444447;0.0;3.0222222222222217;0.0;4.606666666666666;0.41111111111111115;2.78;5.277777777777778;10.722222222222221
11286;zone7;7917.838214725937;1939.334458859395;0.0;zone7;S01010209;24;966;677;468;[0.172414,0.586207,0.241379];[0.333333,0.414966,0.251701];[0.381944,0.458333,0.159722];[0.545852,0.336245,0.117904];[0.337931034483,0.248275862069,0.303448275862,0.110344827586];1;2053.0;1.82052250092;1655;132;0.21666666666666667;1.875;50.068333333333335;34.666666666666664;70.07333333333332;9.875;22.708333333333332;16.916666666666668;1.2566666666666668;0.0;5.07;0.0;2.5716666666666663;0.2783333333333335;1.8533333333333335;7.666666666666667;8.416666666666666
11286;zone8;7878.406567747077;2721.2634132011362;0.0;zone8;S01010210;18;885;641;416;[0.173913,0.456522,0.369565];[0.21519,0.5,0.28481];[0.189781,0.386861,0.423358];[0.422111,0.442211,0.135678];[0.394736842105,0.236842105263,0.254385964912,0.114035087719];1;344.0;-0.144253829852;1219;180;0.3888888888888889;0.8888888888888888;43.980000000000004;47.55555555555556;67.03333333333335;9.38888888888889;22.333333333333332;15.055555555555555;1.9911111111111108;0.0;6.206666666666667;0.01333333333333333;3.533333333333333;0.29777777777777786;2.971111111111111;3.5555555555555554;11.166666666666666
11286;zone9;7785.599648345685;3201.783800714137;0.0;zone9;S01010211;22;858;634;452;[0.147059,0.705882,0.147059];[0.384615,0.452991,0.162393];[0.469565,0.4,0.130435];[0.722656,0.226563,0.050781];[0.473214285714,0.169642857143,0.285714285714,0.0714285714286];1;430.0;-0.0456985893816;1013;193;0.33454545454545453;1.7272727272727273;41.77454545454546;45.77272727272727;74.62000000000002;11.136363636363637;23.59090909090909;14.409090909090908;3.4563636363636365;0.0;6.579999999999999;0.0;3.5509090909090903;0.2563636363636364;1.94;7.909090909090909;13.045454545454545
11286;zone10;7580.688680869333;3097.127786881416;0.0;zone10;S01010212;49;1083;779;559;[0.233333,0.633333,0.133333];[0.594771,0.339869,0.065359];[0.465517,0.405172,0.12931];[0.712821,0.269231,0.017949];[0.566037735849,0.138364779874,0.22641509434,0.0691823899371];1;1473.0;1.15298517036;1275;415;0.32816326530612244;1.346938775510204;56.84081632653061;46.57142857142857;72.5469387755102;9.428571428571429;22.6734693877551;19.224489795918366;2.4889795918367352;0.0;5.761632653061223;0.0;3.769795918367347;0.35918367346938773;2.000816326530612;5.040816326530612;11.510204081632653
11286;zone11;8065.177293237223;3111.5884965344962;0.0;zone11;S01010213;13;924;657;476;[0.105263,0.684211,0.210526];[0.382609,0.547826,0.069565];[0.218543,0.556291,0.225166];[0.467925,0.483019,0.049057];[0.451327433628,0.221238938053,0.274336283186,0.0530973451327];1;247.0;-0.255840453357;968;160;0.47384615384615386;0.8461538461538461;34.55076923076923;54.30769230769231;70.80307692307693;11.307692307692308;23.53846153846154;11.384615384615385;3.2892307692307687;0.0;6.163076923076923;0.06769230769230769;7.427692307692307;0.2738461538461539;2.4584615384615387;3.0;16.46153846153846
11286;zone12;7144.994858230166;1947.4125453867302;0.0;zone12;S01010214;27;967;717;396;[0.098592,0.28169,0.619718];[0.197531,0.438272,0.364198];[0.173333,0.493333,0.333333];[0.237069,0.487069,0.275862];[0.361344537815,0.210084033613,0.310924369748,0.117647058824];3;176.0;-0.337854473183;1884;226;0.31851851851851853;1.6666666666666667;48.90814814814815;42.592592592592595;72.51703703703704;10.25925925925926;23.0;16.59259259259259;2.9644444444444438;0.0;5.1066666666666665;0.0;3.4355555555555557;0.2562962962962963;1.9570370370370367;7.222222222222222;10.962962962962964
11286;zone13;7013.590150664996;2618.495528189446;0.0;zone13;S01010215;24;850;608;492;[0.571429,0.285714,0.142857];[0.5,0.431373,0.068627];[0.382609,0.391304,0.226087];[0.678571,0.269841,0.051587];[0.467289719626,0.140186915888,0.345794392523,0.0467289719626];1;547.0;0.0886083430805;622;206;0.33166666666666667;1.25;40.94833333333333;44.333333333333336;68.98666666666666;10.458333333333334;23.25;13.833333333333334;2.1950000000000003;0.0;4.135000000000002;0.0;4.858333333333333;0.29000000000000004;2.608333333333334;5.458333333333333;10.625
11286;zone14;7332.222205807836;2329.961970144465;0.0;zone14;S01010216;15;621;464;361;[0.6,0.4,0.0];[0.597701,0.356322,0.045977];[0.409091,0.439394,0.151515];[0.709544,0.273859,0.016598];[0.5,0.163265306122,0.265306122449,0.0714285714286];1;600.0;0.150092344085;1303;124;0.31466666666666665;1.6666666666666667;65.86133333333333;40.0;73.42666666666668;9.4;22.133333333333333;22.733333333333334;1.7573333333333332;0.0;4.5520000000000005;0.0;3.298666666666667;0.2986666666666667;2.088;5.466666666666667;9.0
11286;zone15;7299.833172322251;2625.8610945736937;0.0;zone15;S01010217;33;817;598;406;[0.16129,0.516129,0.322581];[0.565517,0.4,0.034483];[0.5,0.431373,0.068627];[0.702703,0.283784,0.013514];[0.541935483871,0.0967741935484,0.296774193548,0.0645161290323];1;1060.0;0.679274950851;1009;313;0.36484848484848487;1.3636363636363635;51.168484848484844;51.09090909090909;74.67878787878789;10.424242424242424;23.242424242424242;17.363636363636363;3.0957575757575757;0.0;5.156363636363635;0.0;5.292121212121213;0.22909090909090912;1.998787878787879;6.03030303030303;13.151515151515152
11286;zone16;7142.953643082513;3018.5401822929393;0.0;zone16;S01010218;31;1018;790;587;[0.425532,0.404255,0.170213];[0.392523,0.453271,0.154206];[0.358209,0.492537,0.149254];[0.589124,0.335347,0.075529];[0.424657534247,0.109589041096,0.369863013699,0.0958904109589];1;557.0;0.101026678737;568;234;0.2903225806451613;1.1612903225806452;38.78967741935484;41.83870967741935;65.03612903225806;10.290322580645162;22.70967741935484;13.129032258064516;1.8748387096774197;0.0;3.0748387096774197;0.0;4.958709677419354;0.32516129032258073;2.5070967741935495;4.32258064516129;9.387096774193548
11286;zone17;6738.8937706128745;4298.8917997019325;0.0;zone17;S01010219;21;503;382;274;[0.695652,0.304348,0.0];[0.758621,0.215517,0.025862];[0.761905,0.166667,0.071429];[0.781609,0.195402,0.022989];[0.41935483871,0.0752688172043,0.408602150538,0.0967741935484];2;184.0;-0.327838932938;1525;223;0.40190476190476193;1.4285714285714286;66.3352380952381;55.714285714285715;79.79047619047618;9.095238095238095;22.80952380952381;22.761904761904763;4.87047619047619;0.0;7.5561904761904755;0.01142857142857143;2.75047619047619;0.23428571428571437;2.0114285714285716;6.0;14.714285714285714
11286;zone18;5915.780765415368;4211.222876105162;0.0;zone18;S01010220;7;476;433;279;[0.181159,0.608696,0.210145];[0.404255,0.531915,0.06383];[0.227273,0.704545,0.068182];[0.448276,0.482759,0.068966];[0.154545454545,0.0636363636364,0.318181818182,0.463636363636];5;267.0;-0.232306706325;1424;102;0.5657142857142857;1.7142857142857142;50.33714285714286;60.42857142857143;82.13714285714286;9.857142857142858;23.428571428571427;17.142857142857142;5.674285714285714;0.0;9.725714285714286;0.14285714285714285;3.445714285714286;0.09714285714285716;2.182857142857143;8.428571428571429;18.714285714285715
11286;zone19;6341.0811208317455;3913.8398648988496;0.0;zone19;S01010221;13;546;394;260;[0.6,0.4,0.0];[0.557377,0.409836,0.032787];[0.538462,0.323077,0.138462];[0.699387,0.257669,0.042945];[0.609375,0.140625,0.203125,0.046875];1;635.0;0.19005459739;840;78;0.23076923076923078;0.6923076923076923;45.790769230769236;30.923076923076923;69.04923076923077;11.76923076923077;24.153846153846153;15.692307692307692;4.310769230769231;0.0;4.427692307692308;0.10769230769230768;1.3476923076923077;0.4123076923076923;2.793846153846154;2.4615384615384617;9.76923076923077
11286;zone20;7001.213463613622;4053.9957950241624;0.0;zone20;S01010222;15;492;414;285;[0.142857,0.5,0.357143];[0.432432,0.459459,0.108108];[0.348624,0.522936,0.12844];[0.747899,0.235294,0.016807];[0.345238095238,0.214285714286,0.309523809524,0.130952380952];1;377.0;-0.105830277325;1762;97;0.25333333333333335;1.5333333333333334;56.01599999999999;39.06666666666667;72.07733333333333;9.933333333333334;22.466666666666665;19.4;2.7813333333333334;0.0;4.138666666666667;0.0;2.7840000000000003;0.35200000000000004;2.0186666666666664;6.466666666666667;9.2
11286;zone21;6986.8418912765155;3434.1450308482026;0.0;zone21;S01010223;4;556;462;337;[0.076923,0.538462,0.384615];[0.567797,0.330508,0.101695];[0.472222,0.444444,0.083333];[0.584699,0.36612,0.04918];[0.432432432432,0.162162162162,0.324324324324,0.0810810810811];1;439.0;-0.0353356041414;1651;15;0.15;2.0;66.35;25.5;89.94;15.0;26.25;22.5;2.3200000000000003;0.0;2.7;0.0;3.81;0.51;2.74;12.25;8.5
11286;zone22;6247.397837456437;3329.661273309237;0.0;zone22;S01010224;40;1036;727;469;[0.405405,0.540541,0.054054];[0.592593,0.274074,0.133333];[0.418803,0.504274,0.076923];[0.768421,0.202632,0.028947];[0.506097560976,0.140243902439,0.268292682927,0.0853658536585];1;1004.0;0.614259332793;975;269;0.256;0.9;48.526;35.325;70.07700000000001;11.3;23.55;16.475;5.598999999999999;0.0;2.575;0.077;1.966;0.365;2.9170000000000003;3.525;9.825
11286;zone23;7827.985844039554;4105.4701191949;0.0;zone23;S01010225;33;812;636;431;[0.25,0.634615,0.115385];[0.469072,0.43299,0.097938];[0.54023,0.413793,0.045977];[0.672065,0.234818,0.093117];[0.385185185185,0.125925925926,0.325925925926,0.162962962963];1;1006.0;0.616572011517;1595;237;0.2727272727272727;0.9696969696969697;57.44242424242423;41.45454545454545;71.66666666666667;9.818181818181818;22.696969696969695;19.696969696969695;3.893333333333333;0.0;4.544242424242425;0.00848484848484849;3.0921212121212114;0.2884848484848485;2.613333333333333;3.1818181818181817;11.06060606060606
11286;zone24;7040.363001382077;4481.052780471187;0.0;zone24;S01010226;40;816;565;394;[0.454545,0.242424,0.30303];[0.715385,0.2,0.084615];[0.540541,0.405405,0.054054];[0.766917,0.18797,0.045113];[0.503355704698,0.201342281879,0.221476510067,0.0738255033557];2;422.0;-0.0548014077425;1112;447;0.431;1.6;49.996000000000016;57.5;77.85300000000001;10.0;23.25;16.875;6.226;0.0;7.938;0.066;2.979;0.23600000000000004;1.998;6.525;16.725
11286;zone25;6847.772309074456;4638.663588163389;0.0;zone25;S01010227;39;692;454;294;[0.413793,0.413793,0.172414];[0.704545,0.238636,0.056818];[0.654545,0.345455,0.0];[0.810606,0.159091,0.030303];[0.672268907563,0.0924369747899,0.159663865546,0.0756302521008];4;0.0;-0.540229885057;1273;606;0.5938461538461538;1.4615384615384615;58.216410256410256;76.7948717948718;84.97846153846152;9.0;22.974358974358974;20.025641025641026;5.254358974358975;0.0;12.72307692307692;0.08717948717948719;4.404102564102563;0.17230769230769238;1.993846153846154;6.589743589743589;21.94871794871795
11286;zone26;8241.816993110848;4572.457656401622;0.0;zone26;S01010229;30;1016;787;508;[0.1,0.625,0.275];[0.350877,0.350877,0.298246];[0.348315,0.477528,0.174157];[0.565217,0.310559,0.124224];[0.420731707317,0.213414634146,0.292682926829,0.0731707317073];1;395.0;-0.0859445809966;1433;194;0.248;0.8666666666666667;45.994666666666674;34.53333333333333;67.044;10.733333333333333;23.2;15.333333333333334;2.8080000000000003;0.0;3.655999999999999;0.08666666666666667;3.1666666666666665;0.34933333333333333;2.5120000000000005;3.6333333333333333;9.233333333333333
11286;zone27;7458.320056766788;4680.341251240345;0.0;zone27;S01010230;24;1005;772;577;[0.314286,0.628571,0.057143];[0.703883,0.296117,0.0];[0.727273,0.218182,0.054545];[0.71831,0.24507,0.03662];[0.517857142857,0.136904761905,0.267857142857,0.077380952381];1;846.0;0.433218203459;1075;240;0.38;1.2916666666666667;46.078333333333326;51.083333333333336;72.27833333333335;10.25;23.208333333333332;15.708333333333334;4.178333333333335;0.0;6.818333333333334;0.13333333333333333;3.4933333333333336;0.2866666666666667;1.866666666666667;4.625;14.125
11286;zone28;7569.802990100143;4917.458811240416;0.0;zone28;S01010232;37;1074;792;485;[0.457143,0.485714,0.057143];[0.557292,0.338542,0.104167];[0.492063,0.333333,0.174603];[0.654229,0.251244,0.094527];[0.470297029703,0.153465346535,0.306930693069,0.0693069306931];1;771.0;0.347049794199;868;357;0.3675675675675676;0.918918918918919;45.07783783783784;51.86486486486486;72.34594594594596;10.756756756756756;23.486486486486488;15.27027027027027;3.297297297297297;0.0;5.833513513513512;0.21297297297297296;5.072432432432433;0.30594594594594593;2.6194594594594602;3.810810810810811;13.891891891891891
11286;zone29;7830.713068379679;4879.746446724283;0.0;zone29;S01010233;33;970;705;476;[0.275,0.625,0.1];[0.655629,0.245033,0.099338];[0.52809,0.426966,0.044944];[0.771505,0.212366,0.016129];[0.587209302326,0.093023255814,0.261627906977,0.0581395348837];1;284.0;-0.213781821634;1458;348;0.4024242424242424;0.9393939393939394;56.521212121212116;51.39393939393939;73.58545454545455;10.181818181818182;23.060606060606062;19.242424242424242;2.1418181818181825;0.0;5.004848484848485;0.1393939393939394;5.59030303030303;0.33090909090909104;2.482424242424242;3.727272727272727;12.424242424242424
11286;zone30;6473.383843181837;4954.519765957263;0.0;zone30;S01010261;6;2551;2373;526;[0.666667,0.270833,0.0625];[0.675841,0.281346,0.042813];[0.75,0.25,0.0];[0.824468,0.164894,0.010638];[0.41,0.06,0.41,0.12];3;176.0;-0.337679921334;1424;40;0.26666666666666666;1.8333333333333333;60.913333333333334;47.333333333333336;81.66000000000001;10.666666666666666;24.0;20.833333333333332;3.2933333333333334;0.0;2.6533333333333338;0.02;6.0;0.31333333333333335;2.1599999999999997;10.166666666666666;11.5
11286;zone31;4930.642193689802;4959.449818932565;0.0;zone31;S01010266;3;555;474;237;[0.320755,0.556604,0.122642];[0.677273,0.254545,0.068182];[0.5,0.461538,0.038462];[0.534247,0.30137,0.164384];[0.141176470588,0.0588235294118,0.4,0.4];3;536.0;0.0761386922126;1129;11;0.14666666666666667;3.3333333333333335;50.080000000000005;28.333333333333332;76.96;11.666666666666666;23.666666666666668;17.333333333333332;1.4000000000000001;0.0;2.4266666666666663;0.8266666666666667;3.7866666666666666;0.06666666666666667;1.24;12.666666666666666;8.0
11286;zone32;5712.5549897826;4979.400336637217;0.0;zone32;S01010270;4;1153;972;817;[0.389831,0.533898,0.076271];[0.70255,0.252125,0.045326];[0.714286,0.272727,0.012987];[0.771552,0.228448,0.0];[0.125,0.0909090909091,0.454545454545,0.329545454545];1;871.0;0.461200629557;1693;22;0.22;1.25;63.1;47.5;74.43;9.75;22.5;22.0;2.88;0.0;3.04;0.0;5.090000000000001;0.5599999999999999;1.4900000000000002;4.75;10.5
11286;zone33;3394.0723536088512;4934.677182292946;0.0;zone33;S01010282;13;976;841;645;[0.438776,0.520408,0.040816];[0.545732,0.405488,0.04878];[0.521277,0.382979,0.095745];[0.712707,0.232044,0.055249];[0.190954773869,0.070351758794,0.35175879397,0.386934673367];2;350.0;-0.137812028107;1287;78;0.23692307692307693;2.1538461538461537;53.75384615384615;38.46153846153846;78.15384615384615;11.0;23.846153846153847;18.46153846153846;2.7015384615384614;0.0;7.107692307692307;0.6369230769230769;1.3015384615384613;0.3046153846153846;1.3199999999999998;9.76923076923077;11.23076923076923
11286;zone34;4385.789287498423;4835.237486850067;0.0;zone34;S01010289;15;771;687;380;[0.130952,0.511905,0.357143];[0.262911,0.502347,0.234742];[0.178571,0.464286,0.357143];[0.410256,0.435897,0.153846];[0.058064516129,0.0322580645161,0.245161290323,0.664516129032];5;259.0;-0.241396294863;1476;245;0.616;2.2;51.36533333333332;75.53333333333333;73.36533333333334;7.266666666666667;21.533333333333335;17.6;3.0266666666666677;0.0;8.909333333333334;1.5413333333333334;3.5759999999999996;0.07466666666666667;1.048;6.8;16.533333333333335
11286;zone35;4401.5375624188455;4669.062022109911;0.0;zone35;S01010290;13;546;485;278;[0.198198,0.603604,0.198198];[0.485944,0.449799,0.064257];[0.555556,0.444444,0.0];[0.435897,0.512821,0.051282];[0.10752688172,0.0430107526882,0.494623655914,0.354838709677];3;353.0;-0.133686757747;1435;187;0.5507692307692308;1.5384615384615385;61.815384615384616;64.3076923076923;88.26769230769229;11.076923076923077;24.615384615384617;21.53846153846154;3.883076923076923;0.0;10.895384615384616;2.2923076923076926;2.7046153846153844;0.18461538461538465;1.926153846153846;7.538461538461538;19.384615384615383
11286;zone36;4119.983651650423;4281.100418217042;0.0;zone36;S01010291;12;1075;975;481;[0.405594,0.447552,0.146853];[0.627907,0.277132,0.094961];[0.415094,0.433962,0.150943];[0.562963,0.325926,0.111111];[0.197080291971,0.0729927007299,0.445255474453,0.284671532847];3;438.0;-0.0363924713322;1074;197;0.63;1.1666666666666667;52.68666666666667;78.25;77.22666666666667;7.916666666666667;22.083333333333332;18.0;4.92;0.0;13.283333333333331;1.51;2.06;0.36000000000000004;2.4066666666666667;2.9166666666666665;21.333333333333332
11286;zone37;4399.731076226201;4291.6703625917;0.0;zone37;S01010292;10;890;831;409;[0.348214,0.508929,0.142857];[0.477169,0.420091,0.10274];[0.339286,0.446429,0.214286];[0.55814,0.383721,0.05814];[0.128378378378,0.0540540540541,0.398648648649,0.418918918919];4;323.0;-0.168488563048;1158;116;0.444;1.6;49.900000000000006;62.2;71.89999999999999;8.5;21.8;17.3;3.8280000000000003;0.0;6.948;1.3519999999999999;1.9680000000000004;0.23600000000000004;2.096;6.2;13.6
11286;zone38;4514.690807242894;4541.15458266895;0.0;zone38;S01010293;16;839;723;373;[0.51773,0.35461,0.12766];[0.635389,0.262735,0.101877];[0.446809,0.319149,0.234043];[0.514286,0.392857,0.092857];[0.242424242424,0.0606060606061,0.393939393939,0.30303030303];3;290.0;-0.205814991507;1123;213;0.5075;0.8125;60.20749999999999;70.875;78.9775;9.25;22.875;20.8125;4.995000000000001;0.0;10.72;1.1750000000000003;2.8425000000000002;0.30000000000000004;2.2500000000000004;2.0625;19.3125
11286;zone39;4541.7482834333705;4418.565122351524;0.0;zone39;S01010294;13;690;631;275;[0.242105,0.526316,0.231579];[0.650873,0.214464,0.134663];[0.583333,0.208333,0.208333];[0.414894,0.489362,0.095745];[0.164835164835,0.043956043956,0.494505494505,0.296703296703];4;440.0;-0.0342259463805;1225;193;0.5723076923076923;2.230769230769231;57.22461538461538;67.92307692307692;80.78461538461539;8.23076923076923;22.307692307692307;19.76923076923077;6.406153846153846;0.0;9.027692307692307;1.0338461538461539;2.6799999999999997;0.06153846153846154;1.4123076923076923;8.23076923076923;18.692307692307693
11286;zone40;4766.8646917667475;4574.50133624035;0.0;zone40;S01010295;18;974;870;427;[0.384615,0.391026,0.224359];[0.604555,0.310559,0.084886];[0.428571,0.285714,0.285714];[0.390728,0.516556,0.092715];[0.212765957447,0.113475177305,0.297872340426,0.375886524823];4;529.0;0.0680145754747;938;273;0.58;2.111111111111111;45.613333333333344;71.94444444444444;76.51777777777777;8.777777777777779;22.38888888888889;15.61111111111111;5.233333333333334;0.0;9.295555555555556;1.9466666666666665;2.411111111111111;0.1088888888888889;1.5666666666666669;7.333333333333333;18.22222222222222
11286;zone41;4647.752341766679;4736.091736240359;0.0;zone41;S01010296;16;664;560;291;[0.294118,0.423529,0.282353];[0.520913,0.368821,0.110266];[0.375,0.375,0.25];[0.475524,0.391608,0.132867];[0.282828282828,0.111111111111,0.363636363636,0.242424242424];2;856.0;0.444094443477;760;163;0.395;1.6875;32.8225;51.5;68.685;10.4375;22.5625;10.9375;2.715;0.0;8.6175;1.3250000000000002;1.9349999999999996;0.29000000000000004;2.0599999999999996;6.1875;14.25
11286;zone42;5522.849421766708;4411.996091240393;0.0;zone42;S01010297;7;1066;894;676;[0.582609,0.382609,0.034783];[0.691824,0.245283,0.062893];[0.540541,0.333333,0.126126];[0.681275,0.270916,0.047809];[0.260563380282,0.140845070423,0.37323943662,0.225352112676];1;504.0;0.0391758595379;733;62;0.33714285714285713;0.8571428571428571;29.851428571428578;43.285714285714285;57.25714285714286;9.0;21.285714285714285;10.0;3.2342857142857144;0.0;2.6514285714285712;0.12571428571428572;3.2628571428571433;0.2857142857142857;2.257142857142857;3.2857142857142856;9.0
11286;zone43;4706.481893689814;4143.807995855712;0.0;zone43;S01010298;12;880;677;515;[0.308943,0.479675,0.211382];[0.581395,0.356589,0.062016];[0.539683,0.396825,0.063492];[0.744828,0.193103,0.062069];[0.227272727273,0.0984848484848,0.371212121212,0.30303030303];1;486.0;0.0190902878356;1070;91;0.29;2.0;48.53333333333333;39.5;75.43333333333332;10.916666666666666;23.083333333333332;16.916666666666668;4.943333333333334;0.0;5.423333333333333;0.6599999999999999;1.0499999999999998;0.27;2.0733333333333333;8.166666666666666;11.666666666666666
11286;zone44;4885.424673909578;4209.645754097502;0.0;zone44;S01010299;4;536;404;292;[0.3,0.54,0.16];[0.556701,0.340206,0.103093];[0.458333,0.520833,0.020833];[0.584906,0.283019,0.132075];[0.428571428571,0.0857142857143,0.285714285714,0.2];1;375.0;-0.10827530326;722;35;0.33;0.5;34.45;38.5;71.73;13.75;25.5;11.5;2.9000000000000004;0.0;1.89;1.14;4.26;0.43000000000000005;4.4;4.75;9.75
11286;zone45;4883.397012115578;4340.414778682246;0.0;zone45;S01010300;21;934;764;478;[0.460784,0.411765,0.127451];[0.664653,0.238671,0.096677];[0.632353,0.323529,0.044118];[0.606383,0.329787,0.06383];[0.3046875,0.125,0.3515625,0.21875];2;513.0;0.0498225801839;604;243;0.4419047619047619;1.4761904761904763;41.519999999999996;51.23809523809524;75.2;11.523809523809524;23.952380952380953;13.857142857142858;5.001904761904762;0.0;4.634285714285714;0.7047619047619048;4.238095238095238;0.2590476190476191;2.5904761904761906;6.666666666666667;14.0
11286;zone46;5144.66081966521;4032.769083704074;0.0;zone46;S01010301;6;522;457;283;[0.292683,0.597561,0.109756];[0.57563,0.315126,0.109244];[0.222222,0.703704,0.074074];[0.561798,0.393258,0.044944];[0.214285714286,0.0612244897959,0.459183673469,0.265306122449];4;490.0;0.0232745011966;1145;108;0.6933333333333334;1.5;43.126666666666665;82.5;81.62666666666667;10.166666666666666;23.333333333333332;14.333333333333334;11.4;0.0;2.566666666666667;1.8066666666666666;5.666666666666667;0.49333333333333335;2.1333333333333333;8.166666666666666;20.833333333333332
11286;zone47;5165.568789180556;4297.038752619699;0.0;zone47;S01010302;24;669;495;388;[0.65625,0.28125,0.0625];[0.6,0.356522,0.043478];[0.716981,0.226415,0.056604];[0.801802,0.18018,0.018018];[0.582417582418,0.0769230769231,0.263736263736,0.0769230769231];1;392.0;-0.0896499889057;1259;244;0.38666666666666666;1.2083333333333333;47.75666666666666;52.416666666666664;71.25;10.083333333333334;22.833333333333332;16.25;6.2299999999999995;0.0;1.9583333333333337;0.35833333333333334;4.075000000000001;0.3116666666666667;2.2283333333333335;5.166666666666667;12.208333333333334
11286;zone48;5241.140616766716;4139.402270499609;0.0;zone48;S01010303;33;579;387;250;[0.692308,0.153846,0.153846];[0.56701,0.298969,0.134021];[0.630435,0.282609,0.086957];[0.658879,0.285047,0.056075];[0.58407079646,0.106194690265,0.274336283186,0.0353982300885];1;415.0;-0.0627120940391;1477;333;0.3842424242424242;1.0909090909090908;46.33696969696971;50.42424242424242;69.34545454545453;9.636363636363637;22.363636363636363;16.09090909090909;7.072727272727275;0.0;2.490909090909091;0.4884848484848485;2.4654545454545453;0.36;2.1539393939393943;4.606060606060606;11.969696969696969
11286;zone49;4853.647576226233;3833.123065294377;0.0;zone49;S01010304;12;542;456;332;[0.323529,0.514706,0.161765];[0.635135,0.25,0.114865];[0.477273,0.522727,0.0];[0.829268,0.109756,0.060976];[0.372340425532,0.0425531914894,0.297872340426,0.287234042553];1;804.0;0.384523850516;1931;118;0.37333333333333335;1.1666666666666667;62.42666666666667;49.583333333333336;75.81333333333333;9.833333333333334;22.833333333333332;21.083333333333332;7.09;0.0;2.4299999999999997;0.7433333333333333;2.8900000000000006;0.38333333333333336;2.1;4.75;12.75
11286;zone50;4697.410406890209;3639.1027396354093;0.0;zone50;S01010305;7;807;694;478;[0.36036,0.468468,0.171171];[0.553191,0.33617,0.110638];[0.409639,0.301205,0.289157];[0.589888,0.337079,0.073034];[0.198529411765,0.0735294117647,0.382352941176,0.345588235294];1;223.0;-0.28282788147;705;55;0.3028571428571429;1.5714285714285714;52.18857142857143;41.714285714285715;68.72571428571429;9.142857142857142;22.714285714285715;17.857142857142858;6.485714285714286;0.0;1.834285714285714;1.491428571428571;0.6342857142857143;0.3657142857142857;1.8228571428571427;4.857142857142857;9.857142857142858
11286;zone51;4591.3082521834585;3868.367573740388;0.0;zone51;S01010306;13;752;675;449;[0.35625,0.56875,0.075];[0.570588,0.355882,0.073529];[0.283019,0.566038,0.150943];[0.650943,0.330189,0.018868];[0.165680473373,0.0473372781065,0.479289940828,0.307692307692];2;238.0;-0.265781391166;806;142;0.41846153846153844;1.0769230769230769;50.86769230769231;61.0;78.4523076923077;11.307692307692308;24.0;17.46153846153846;7.3938461538461535;0.0;4.726153846153846;3.353846153846154;1.3107692307692307;0.3015384615384616;2.575384615384615;4.538461538461538;16.076923076923077
11286;zone52;4503.72067559025;3742.2957906521283;0.0;zone52;S01010307;9;821;732;428;[0.189922,0.577519,0.232558];[0.407407,0.487654,0.104938];[0.346154,0.538462,0.115385];[0.71875,0.234375,0.046875];[0.0681818181818,0.0568181818182,0.375,0.5];5;319.0;-0.172537833795;443;159;0.6666666666666666;1.6666666666666667;46.62666666666667;82.11111111111111;86.0488888888889;10.666666666666666;24.11111111111111;15.88888888888889;11.213333333333335;0.0;4.444444444444445;5.311111111111111;1.9688888888888887;0.12000000000000001;2.0133333333333336;8.555555555555555;22.444444444444443
11286;zone53;4364.519870735056;4047.768725526131;0.0;zone53;S01010308;9;975;858;480;[0.285714,0.54007,0.174216];[0.511936,0.384615,0.103448];[0.254902,0.411765,0.333333];[0.648352,0.307692,0.043956];[0.0970873786408,0.0631067961165,0.359223300971,0.480582524272];4;257.0;-0.244477582955;1367;163;0.6888888888888889;1.6666666666666667;65.73333333333333;70.33333333333333;82.44;8.0;22.11111111111111;22.77777777777778;9.644444444444444;0.0;5.48;1.8444444444444446;1.8888888888888888;0.19111111111111112;1.591111111111111;7.222222222222222;18.555555555555557
11286;zone54;5381.88771051669;3636.3205112402793;0.0;zone54;S01010309;4;419;356;264;[0.333333,0.25,0.416667];[0.478873,0.422535,0.098592];[0.352941,0.382353,0.264706];[0.705882,0.24183,0.052288];[0.365853658537,0.170731707317,0.390243902439,0.0731707317073];1;0.0;-0.540229885057;2153;35;0.31;1.0;48.449999999999996;39.0;65.16;9.0;22.0;16.75;3.09;0.0;4.32;0.28;1.94;0.24000000000000002;2.97;3.0;9.0
11286;zone55;5657.373406240428;3625.6586165034923;0.0;zone55;S01010310;13;706;540;381;[0.333333,0.238095,0.428571];[0.565517,0.337931,0.096552];[0.54902,0.27451,0.176471];[0.715415,0.256917,0.027668];[0.484848484848,0.151515151515,0.318181818182,0.0454545454545];1;574.0;0.120406534162;845;87;0.26153846153846155;1.3076923076923077;47.74769230769231;43.0;67.35692307692307;9.615384615384615;22.307692307692307;16.53846153846154;3.12923076923077;0.0;2.156923076923077;0.5507692307692307;3.4153846153846157;0.3107692307692308;2.476923076923077;5.3076923076923075;8.846153846153847
11286;zone56;5685.425126382168;3318.6970593171873;0.0;zone56;S01010311;22;721;556;351;[0.411765,0.352941,0.235294];[0.472222,0.453704,0.074074];[0.571429,0.404762,0.02381];[0.717949,0.271062,0.010989];[0.565217391304,0.121739130435,0.269565217391,0.0434782608696];1;1534.0;1.22364271569;1642;154;0.2727272727272727;1.3181818181818181;63.865454545454554;43.45454545454545;73.7090909090909;9.545454545454545;22.454545454545453;21.863636363636363;3.5890909090909093;0.0;3.6163636363636367;0.13272727272727272;3.5036363636363643;0.32000000000000006;2.2363636363636363;4.909090909090909;10.318181818181818
11286;zone57;5466.52613028024;3072.1402274564575;0.0;zone57;S01010312;34;868;647;425;[0.117647,0.823529,0.058824];[0.754386,0.22807,0.017544];[0.407407,0.444444,0.148148];[0.804945,0.153846,0.041209];[0.586956521739,0.115942028986,0.268115942029,0.0289855072464];1;685.0;0.247477927043;1651;232;0.2576470588235294;1.4411764705882353;61.62117647058823;38.970588235294116;72.80823529411767;9.470588235294118;22.558823529411764;21.264705882352942;2.908235294117647;0.0;3.1411764705882352;0.19058823529411767;3.121176470588235;0.20117647058823537;2.4270588235294115;5.764705882352941;8.882352941176471
11286;zone58;5251.7403530303945;3502.549209042501;0.0;zone58;S01010313;16;654;529;356;[0.428571,0.285714,0.285714];[0.6,0.333333,0.066667];[0.433735,0.481928,0.084337];[0.739623,0.162264,0.098113];[0.648351648352,0.131868131868,0.175824175824,0.043956043956];1;565.0;0.109617915218;2142;151;0.355;0.9375;66.7325;49.5625;80.10249999999999;10.8125;23.625;23.1875;5.505000000000001;0.0;4.012499999999999;0.37;4.35;0.335;2.53;3.75;13.75
11286;zone59;4840.312157862589;3385.4448126102257;0.0;zone59;S01010314;21;1248;1034;550;[0.358209,0.507463,0.134328];[0.514493,0.333333,0.152174];[0.5,0.326923,0.173077];[0.636,0.324,0.04];[0.316901408451,0.133802816901,0.401408450704,0.147887323944];1;637.0;0.192402372167;1112;176;0.3180952380952381;1.4285714285714286;47.10857142857143;43.476190476190474;74.85714285714285;11.095238095238095;23.761904761904763;16.19047619047619;5.542857142857141;0.0;4.493333333333333;1.3066666666666666;1.043809523809524;0.39428571428571435;2.2476190476190476;6.904761904761905;11.904761904761905
11286;zone60;4536.293429266749;2504.1273706154316;0.0;zone60;S01010315;43;911;678;409;[0.180723,0.554217,0.26506];[0.252632,0.457895,0.289474];[0.208333,0.5,0.291667];[0.55144,0.345679,0.102881];[0.308176100629,0.169811320755,0.358490566038,0.163522012579];2;382.0;-0.100954860853;1601;486;0.43534883720930234;1.7674418604651163;55.56465116279069;51.93023255813954;74.9293023255814;9.069767441860465;22.651162790697676;19.023255813953487;6.263255813953489;0.0;3.304186046511629;0.0;3.7665116279069757;0.22790697674418614;1.9172093023255814;6.8604651162790695;12.837209302325581
11286;zone61;4589.6619547948285;2943.195659127726;0.0;zone61;S01010316;25;512;414;304;[0.392157,0.529412,0.078431];[0.62931,0.37069,0.0];[0.439024,0.560976,0.0];[0.775401,0.224599,0.0];[0.439252336449,0.102803738318,0.252336448598,0.205607476636];1;481.0;0.0128180141103;1417;158;0.24;1.68;52.6944;41.2;74.93920000000001;10.68;23.28;18.04;4.468799999999999;0.0;3.4944000000000006;0.1264;3.1584000000000003;0.3552;2.2847999999999997;7.12;10.8
11286;zone63;4421.5566371748755;3071.026327566895;0.0;zone63;S01010318;12;1588;1497;304;[0.5,0.456522,0.043478];[0.469799,0.47651,0.053691];[0.310345,0.37931,0.310345];[0.678571,0.285714,0.035714];[0.36,0.14,0.34,0.16];3;317.0;-0.175110645645;1045;188;0.6;1.0833333333333333;65.88333333333334;80.5;87.86333333333333;8.666666666666666;23.333333333333332;22.916666666666668;11.673333333333332;0.0;9.576666666666666;1.1466666666666667;1.2333333333333334;0.14000000000000004;2.2366666666666664;5.416666666666667;23.166666666666668
11286;zone64;4173.240913470097;2893.8040771744095;0.0;zone64;S01010319;9;711;624;407;[0.258741,0.608392,0.132867];[0.383399,0.486166,0.130435];[0.439394,0.212121,0.348485];[0.530769,0.384615,0.084615];[0.171974522293,0.0700636942675,0.471337579618,0.286624203822];2;473.0;0.00423719084943;1494;97;0.4088888888888889;0.6666666666666666;55.91111111111111;64.0;73.64444444444445;9.11111111111111;22.555555555555557;19.333333333333332;7.88;0.0;5.342222222222222;0.12444444444444445;3.004444444444444;0.32888888888888895;2.177777777777778;2.111111111111111;15.777777777777779
11286;zone65;3940.1918462749595;2900.8899784533987;0.0;zone65;S01010320;4;675;594;437;[0.257813,0.523438,0.21875];[0.61753,0.298805,0.083665];[0.526316,0.22807,0.245614];[0.805085,0.169492,0.025424];[0.172185430464,0.0662251655629,0.443708609272,0.317880794702];1;646.0;0.202453315259;1221;27;0.25;2.75;40.519999999999996;33.0;75.6;11.5;24.0;13.5;3.84;0.0;5.3100000000000005;0.45;1.1;0.34;1.39;11.75;10.5
11286;zone66;3905.8658739096163;2664.6669636212755;0.0;zone66;S01010321;7;837;634;432;[0.401709,0.555556,0.042735];[0.54717,0.433962,0.018868];[0.45122,0.439024,0.109756];[0.666667,0.271186,0.062147];[0.212328767123,0.0958904109589,0.390410958904,0.301369863014];1;1019.0;0.631764531736;1941;33;0.17714285714285713;2.5714285714285716;57.034285714285716;28.857142857142858;77.21714285714287;11.571428571428571;23.571428571428573;19.571428571428573;3.7542857142857144;0.0;1.6857142857142857;0.10857142857142857;1.9314285714285713;0.18285714285714286;1.9428571428571428;11.285714285714286;6.857142857142857
11286;zone67;3630.3978644730896;3132.1651121578075;0.0;zone67;S01010322;9;1028;914;549;[0.174419,0.549419,0.276163];[0.412399,0.471698,0.115903];[0.298507,0.38806,0.313433];[0.647059,0.323529,0.029412];[0.057268722467,0.0352422907489,0.449339207048,0.458149779736];5;124.0;-0.397569575369;1562;135;0.5733333333333334;2.2222222222222223;41.102222222222224;65.33333333333333;77.24444444444445;9.222222222222221;23.11111111111111;13.88888888888889;6.413333333333333;0.0;8.173333333333334;0.991111111111111;2.9511111111111115;0.07111111111111111;1.6311111111111112;8.88888888888889;18.11111111111111
11286;zone68;6208.193116766784;3072.425066795916;0.0;zone68;S01010323;4;603;466;377;[0.555556,0.444444,0.0];[0.657143,0.271429,0.071429];[0.642857,0.321429,0.035714];[0.793651,0.166667,0.039683];[0.578431372549,0.166666666667,0.235294117647,0.0196078431373];1;970.0;0.57559463238;1077;27;0.26;0.5;56.31;42.75;77.22;11.75;24.25;19.75;9.11;0.0;2.03;0.04;2.26;0.22;3.0700000000000003;3.0;12.75
11286;zone69;6517.651722029823;2240.572579661372;0.0;zone69;S01010324;6;759;566;403;[0.142857,0.571429,0.285714];[0.298077,0.490385,0.211538];[0.333333,0.530864,0.135802];[0.401674,0.414226,0.1841];[0.569620253165,0.101265822785,0.291139240506,0.0379746835443];1;407.0;-0.0721601679586;1537;45;0.29333333333333333;2.3333333333333335;55.333333333333336;36.0;77.74000000000001;11.0;23.666666666666668;18.666666666666668;4.086666666666667;0.0;1.32;0.0;3.2999999999999994;0.4133333333333334;2.3799999999999994;11.0;8.166666666666666
11286;zone70;6038.016041009105;2402.8415869980217;0.0;zone70;S01010325;18;939;666;501;[0.263158,0.368421,0.368421];[0.383838,0.525253,0.090909];[0.253623,0.615942,0.130435];[0.451362,0.463035,0.085603];[0.545454545455,0.238636363636,0.193181818182,0.0227272727273];1;225.0;-0.281126582053;1708;140;0.3;0.9444444444444444;42.47111111111111;43.94444444444444;69.32444444444444;11.777777777777779;23.444444444444443;14.444444444444445;4.4511111111111115;0.0;1.7911111111111109;0.0;5.404444444444445;0.5133333333333334;2.735555555555555;3.111111111111111;11.166666666666666
11286;zone71;5272.359331052501;2740.775131541117;0.0;zone71;S01010326;39;987;707;494;[0.526316,0.368421,0.105263];[0.522523,0.333333,0.144144];[0.492188,0.3125,0.195313];[0.723514,0.224806,0.05168];[0.54375,0.16875,0.23125,0.05625];1;1389.0;1.05701743376;1008;319;0.31794871794871793;1.358974358974359;54.35384615384617;47.38461538461539;75.7702564102564;10.23076923076923;23.0;18.666666666666668;4.199999999999998;0.0;6.651282051282051;0.11692307692307694;2.855384615384616;0.36410256410256414;2.115897435897436;5.82051282051282;13.35897435897436
11286;zone72;4970.167032608406;2501.795090448298;0.0;zone72;S01010327;34;982;660;362;[0.031746,0.507937,0.460317];[0.372881,0.432203,0.194915];[0.289063,0.328125,0.382813];[0.516892,0.347973,0.135135];[0.416184971098,0.21387283237,0.236994219653,0.132947976879];1;470.0;0.000335688704598;928;316;0.35764705882352943;1.1470588235294117;46.65764705882352;52.88235294117647;69.77058823529413;8.882352941176471;22.205882352941178;15.735294117647058;5.0576470588235285;0.0;7.894117647058825;0.01411764705882353;2.061176470588235;0.22235294117647064;2.4105882352941173;3.5294117647058822;14.588235294117647
11286;zone73;5975.307390960257;2677.5485166167286;0.0;zone73;S01010328;24;969;706;445;[0.16129,0.5,0.33871];[0.27044,0.471698,0.257862];[0.192547,0.434783,0.372671];[0.338983,0.432203,0.228814];[0.309352517986,0.258992805755,0.280575539568,0.151079136691];2;457.0;-0.0138550124678;2043;276;0.44;1.7083333333333333;52.285000000000004;55.875;73.875;9.083333333333334;22.375;17.958333333333332;6.0;0.0;3.7983333333333333;0.0;4.426666666666667;0.2716666666666667;1.6216666666666664;6.291666666666667;13.75
