cycle;name;location.x;location.y;location.z;name;dataZone;nm_children;pop;over16;nm_hh;AB_car_prob;C1_car_prob;C2_car_prob;DE_car_prob;prob_social;simd;crimeRate;norm_crime;avg_dis_sh;neigh_play;daily_play_per_child;avg_FSA;avg_walk;daily_OD;zone_mvpa;mvpa_home;mvpa_sc;mvpa_road;mvpa_play_field;mvpa_home_garden;mvpa_park;mvpa_PG;mvpa_amenity;mvpa_shops;mvpa_F_home;mvpa_fsa;mvpa_OD
11286;zone0;8448.90275962388;2625.4515469546564;0.0;zone0;S01010195;19;531;390;212;[0.0,0.481481,0.518519];[0.261538,0.646154,0.092308];[0.12,0.59,0.29];[0.447368,0.368421,0.184211];[0.418918918919,0.283783783784,0.202702702703,0.0945945945946];1;0.0;-0.540229885057;1101;82;0.15789473684210525;1.5263157894736843;44.69473684210526;31.57894736842105;62.45263157894736;9.631578947368421;21.68421052631579;15.157894736842104;0.8800000000000001;0.0;2.8947368421052637;0.01894736842105263;3.2926315789473684;0.2800000000000001;2.048421052631579;4.947368421052632;6.7368421052631575
11286;zone1;8656.736904000718;2165.9902346445633;0.0;zone1;S01010198;18;1027;748;394;[0.058824,0.529412,0.411765];[0.305785,0.561983,0.132231];[0.219858,0.496454,0.283688];[0.523179,0.331126,0.145695];[0.48623853211,0.229357798165,0.266055045872,0.0183486238532];1;1609.0;1.3102524676;1094;82;0.18;1.1666666666666667;36.48888888888888;32.55555555555556;65.91777777777777;11.555555555555555;23.333333333333332;12.055555555555555;1.3644444444444446;0.0;4.353333333333334;0.04000000000000001;3.2688888888888896;0.29777777777777786;2.6288888888888886;5.388888888888889;8.555555555555555
11286;zone2;8537.588755655543;3024.028900129281;0.0;zone2;S01010201;22;643;453;253;[0.0,0.47619,0.52381];[0.270833,0.3125,0.416667];[0.088,0.48,0.432];[0.296552,0.434483,0.268966];[0.365853658537,0.292682926829,0.292682926829,0.0487804878049];2;219.0;-0.28762447053;987;129;0.22363636363636363;1.2272727272727273;38.46727272727273;39.68181818181818;64.92909090909092;10.409090909090908;22.136363636363637;12.954545454545455;1.9327272727272726;0.0;5.327272727272727;0.04363636363636364;3.2218181818181817;0.3854545454545455;2.3836363636363633;4.363636363636363;10.090909090909092
11286;zone3;8059.42097232239;3767.666522351409;0.0;zone3;S01010203;30;671;504;260;[0.090909,0.363636,0.545455];[0.263804,0.460123,0.276074];[0.094828,0.422414,0.482759];[0.183824,0.375,0.441176];[0.272727272727,0.218181818182,0.363636363636,0.145454545455];3;215.0;-0.292668818285;1941;155;0.19866666666666666;1.6333333333333333;47.69199999999999;32.7;73.156;11.833333333333334;24.033333333333335;16.3;2.1653333333333338;0.0;3.5559999999999996;0.0;3.2799999999999994;0.33199999999999996;2.3706666666666667;7.666666666666667;8.5
11286;zone4;8368.288440296214;3565.498290652094;0.0;zone4;S01010204;30;800;589;381;[0.272727,0.727273,0.0];[0.627451,0.27451,0.098039];[0.444444,0.533333,0.022222];[0.600619,0.321981,0.077399];[0.595041322314,0.157024793388,0.239669421488,0.00826446280992];1;497.0;0.0317745673598;1194;110;0.14133333333333334;1.3666666666666667;39.54400000000001;31.9;66.36666666666665;11.533333333333333;23.1;13.366666666666667;1.7973333333333334;0.0;3.116;0.04266666666666667;3.2626666666666666;0.4053333333333333;2.3933333333333335;5.5;7.766666666666667
11286;zone5;8034.229745798958;3515.110462853287;0.0;zone5;S01010205;15;658;534;355;[0.411765,0.117647,0.470588];[0.465116,0.457364,0.077519];[0.317757,0.588785,0.093458];[0.593458,0.280374,0.126168];[0.466666666667,0.2,0.3,0.0333333333333];1;925.0;0.523434132086;1250;55;0.13866666666666666;0.9333333333333333;43.36266666666666;39.13333333333333;68.93066666666667;11.733333333333333;23.266666666666666;14.866666666666667;1.7733333333333334;0.0;5.184;0.0;3.8266666666666667;0.29333333333333333;2.6880000000000006;3.8666666666666667;10.4
11286;zone6;7457.064719570519;3739.055375726369;0.0;zone6;S01010208;18;903;745;565;[0.30137,0.589041,0.109589];[0.48062,0.457364,0.062016];[0.272727,0.613636,0.113636];[0.66055,0.270642,0.068807];[0.233333333333,0.133333333333,0.461111111111,0.172222222222];1;603.0;0.153385979085;1446;65;0.14;1.4444444444444444;45.46666666666667;32.72222222222222;71.39111111111112;11.944444444444445;23.666666666666668;15.5;3.051111111111111;0.0;2.4955555555555557;0.0;3.673333333333333;0.33777777777777795;2.3888888888888893;6.5;8.666666666666666
11286;zone7;7917.838214725937;1939.334458859395;0.0;zone7;S01010209;24;966;677;468;[0.172414,0.586207,0.241379];[0.333333,0.414966,0.251701];[0.381944,0.458333,0.159722];[0.545852,0.336245,0.117904];[0.337931034483,0.248275862069,0.303448275862,0.110344827586];1;2053.0;1.82052250092;1634;108;0.17333333333333334;1.5833333333333333;50.511666666666656;31.916666666666668;69.64999999999998;10.375;22.916666666666668;17.291666666666668;1.23;0.0;5.168333333333333;0.0;2.2266666666666666;0.31500000000000006;1.8150000000000002;6.583333333333333;8.208333333333334
11286;zone8;7878.406567747077;2721.2634132011362;0.0;zone8;S01010210;18;885;641;416;[0.173913,0.456522,0.369565];[0.21519,0.5,0.28481];[0.189781,0.386861,0.423358];[0.422111,0.442211,0.135678];[0.394736842105,0.236842105263,0.254385964912,0.114035087719];1;344.0;-0.144253829852;1234;82;0.1688888888888889;1.5;37.922222222222224;33.27777777777778;63.20444444444445;10.11111111111111;22.27777777777778;12.666666666666666;1.117777777777778;0.0;4.504444444444443;0.0;2.8133333333333335;0.3711111111111111;1.8688888888888888;5.666666666666667;8.0
11286;zone9;7785.599648345685;3201.783800714137;0.0;zone9;S01010211;22;858;634;452;[0.147059,0.705882,0.147059];[0.384615,0.452991,0.162393];[0.469565,0.4,0.130435];[0.722656,0.226563,0.050781];[0.473214285714,0.169642857143,0.285714285714,0.0714285714286];1;430.0;-0.0456985893816;1082;101;0.1781818181818182;1.5909090909090908;38.66363636363637;29.0;68.63272727272725;12.272727272727273;23.863636363636363;13.136363636363637;1.6018181818181823;0.0;4.309090909090909;0.0;2.6181818181818177;0.2763636363636364;2.2018181818181817;6.7727272727272725;8.090909090909092
11286;zone10;7580.688680869333;3097.127786881416;0.0;zone10;S01010212;49;1083;779;559;[0.233333,0.633333,0.133333];[0.594771,0.339869,0.065359];[0.465517,0.405172,0.12931];[0.712821,0.269231,0.017949];[0.566037735849,0.138364779874,0.22641509434,0.0691823899371];1;1473.0;1.15298517036;1236;221;0.17387755102040817;1.346938775510204;51.346938775510196;36.285714285714285;69.06285714285711;10.224489795918368;22.6734693877551;17.46938775510204;1.5444897959183674;0.0;4.3191836734693885;0.0;3.5575510204081624;0.4032653061224489;2.180408163265306;4.8979591836734695;8.89795918367347
11286;zone11;8065.177293237223;3111.5884965344962;0.0;zone11;S01010213;13;924;657;476;[0.105263,0.684211,0.210526];[0.382609,0.547826,0.069565];[0.218543,0.556291,0.225166];[0.467925,0.483019,0.049057];[0.451327433628,0.221238938053,0.274336283186,0.0530973451327];1;247.0;-0.255840453357;889;66;0.2;1.1538461538461537;35.23384615384616;36.15384615384615;67.85230769230769;12.23076923076923;23.692307692307693;11.846153846153847;1.0492307692307692;0.0;5.212307692307693;0.07384615384615384;4.126153846153846;0.37846153846153846;2.169230769230769;5.384615384615385;10.0
11286;zone12;7144.994858230166;1947.4125453867302;0.0;zone12;S01010214;27;967;717;396;[0.098592,0.28169,0.619718];[0.197531,0.438272,0.364198];[0.173333,0.493333,0.333333];[0.237069,0.487069,0.275862];[0.361344537815,0.210084033613,0.310924369748,0.117647058824];3;176.0;-0.337854473183;1932;142;0.20592592592592593;1.3703703703703705;52.60592592592592;35.592592592592595;70.77481481481483;10.592592592592593;23.074074074074073;17.925925925925927;2.660740740740741;0.0;3.8444444444444437;0.0;3.1422222222222222;0.3703703703703705;2.2859259259259264;5.222222222222222;9.222222222222221
11286;zone13;7013.590150664996;2618.495528189446;0.0;zone13;S01010215;24;850;608;492;[0.571429,0.285714,0.142857];[0.5,0.431373,0.068627];[0.382609,0.391304,0.226087];[0.678571,0.269841,0.051587];[0.467289719626,0.140186915888,0.345794392523,0.0467289719626];1;547.0;0.0886083430805;622;99;0.15666666666666668;1.625;37.63666666666666;33.166666666666664;66.93833333333335;10.875;23.25;12.625;1.706666666666666;0.0;2.398333333333334;0.0;4.4383333333333335;0.415;2.4516666666666667;7.041666666666667;8.125
11286;zone14;7332.222205807836;2329.961970144465;0.0;zone14;S01010216;15;621;464;361;[0.6,0.4,0.0];[0.597701,0.356322,0.045977];[0.409091,0.439394,0.151515];[0.709544,0.273859,0.016598];[0.5,0.163265306122,0.265306122449,0.0714285714286];1;600.0;0.150092344085;1303;56;0.144;1.9333333333333333;61.810666666666656;26.8;70.65066666666668;9.466666666666667;22.066666666666666;21.2;1.3439999999999999;0.0;2.96;0.0;2.1306666666666665;0.38400000000000006;2.3013333333333335;7.0;6.133333333333334
11286;zone15;7299.833172322251;2625.8610945736937;0.0;zone15;S01010217;33;817;598;406;[0.16129,0.516129,0.322581];[0.565517,0.4,0.034483];[0.5,0.431373,0.068627];[0.702703,0.283784,0.013514];[0.541935483871,0.0967741935484,0.296774193548,0.0645161290323];1;1060.0;0.679274950851;1009;159;0.18666666666666668;1.0303030303030303;42.53939393939394;35.484848484848484;68.3781818181818;11.454545454545455;23.21212121212121;14.454545454545455;1.6436363636363633;0.0;4.383030303030303;0.0;3.6012121212121215;0.504242424242424;2.664242424242424;4.666666666666667;9.151515151515152
11286;zone16;7142.953643082513;3018.5401822929393;0.0;zone16;S01010218;31;1018;790;587;[0.425532,0.404255,0.170213];[0.392523,0.453271,0.154206];[0.358209,0.492537,0.149254];[0.589124,0.335347,0.075529];[0.424657534247,0.109589041096,0.369863013699,0.0958904109589];1;557.0;0.101026678737;568;146;0.1767741935483871;1.1612903225806452;34.42580645161291;32.0;62.509677419354844;11.03225806451613;22.741935483870968;11.580645161290322;1.7006451612903226;0.0;2.2993548387096774;0.0;3.7019354838709675;0.39741935483870955;2.299354838709678;4.967741935483871;7.161290322580645
11286;zone17;6738.8937706128745;4298.8917997019325;0.0;zone17;S01010219;21;503;382;274;[0.695652,0.304348,0.0];[0.758621,0.215517,0.025862];[0.761905,0.166667,0.071429];[0.781609,0.195402,0.022989];[0.41935483871,0.0752688172043,0.408602150538,0.0967741935484];2;184.0;-0.327838932938;1325;95;0.17904761904761904;1.4285714285714286;54.883809523809546;35.61904761904762;70.50095238095237;10.285714285714286;22.80952380952381;18.428571428571427;3.6323809523809523;0.0;3.2990476190476192;0.01523809523809524;2.106666666666667;0.35047619047619044;2.226666666666666;5.571428571428571;8.619047619047619
11286;zone18;5915.780765415368;4211.222876105162;0.0;zone18;S01010220;7;476;433;279;[0.181159,0.608696,0.210145];[0.404255,0.531915,0.06383];[0.227273,0.704545,0.068182];[0.448276,0.482759,0.068966];[0.154545454545,0.0636363636364,0.318181818182,0.463636363636];5;267.0;-0.232306706325;1096;58;0.3142857142857143;1.5714285714285714;44.78285714285714;45.42857142857143;75.89142857142858;11.571428571428571;23.714285714285715;15.0;5.685714285714285;0.0;6.8342857142857145;0.13714285714285715;1.7485714285714287;0.31428571428571433;2.3028571428571425;6.857142857142857;13.857142857142858
11286;zone19;6341.0811208317455;3913.8398648988496;0.0;zone19;S01010221;13;546;394;260;[0.6,0.4,0.0];[0.557377,0.409836,0.032787];[0.538462,0.323077,0.138462];[0.699387,0.257669,0.042945];[0.609375,0.140625,0.203125,0.046875];1;635.0;0.19005459739;1109;45;0.12615384615384614;0.9230769230769231;47.356923076923074;27.615384615384617;69.65230769230769;11.692307692307692;23.615384615384617;16.384615384615383;4.113846153846154;0.0;3.692307692307693;0.08615384615384616;1.076923076923077;0.43692307692307697;3.2584615384615385;3.769230769230769;8.384615384615385
11286;zone20;7001.213463613622;4053.9957950241624;0.0;zone20;S01010222;15;492;414;285;[0.142857,0.5,0.357143];[0.432432,0.459459,0.108108];[0.348624,0.522936,0.12844];[0.747899,0.235294,0.016807];[0.345238095238,0.214285714286,0.309523809524,0.130952380952];1;377.0;-0.105830277325;1758;60;0.152;1.2;42.29066666666667;31.066666666666666;64.38933333333333;10.933333333333334;22.6;14.133333333333333;2.568;0.0;3.549333333333333;0.0;2.264;0.5066666666666667;2.4026666666666667;3.933333333333333;7.866666666666666
11286;zone21;6986.8418912765155;3434.1450308482026;0.0;zone21;S01010223;4;556;462;337;[0.076923,0.538462,0.384615];[0.567797,0.330508,0.101695];[0.472222,0.444444,0.083333];[0.584699,0.36612,0.04918];[0.432432432432,0.162162162162,0.324324324324,0.0810810810811];1;439.0;-0.0353356041414;2006;18;0.16;1.75;62.019999999999996;28.5;87.39999999999999;15.0;26.0;20.5;5.039999999999999;0.0;3.46;0.0;2.6500000000000004;0.79;2.0;10.25;10.75
11286;zone22;6247.397837456437;3329.661273309237;0.0;zone22;S01010224;40;1036;727;469;[0.405405,0.540541,0.054054];[0.592593,0.274074,0.133333];[0.418803,0.504274,0.076923];[0.768421,0.202632,0.028947];[0.506097560976,0.140243902439,0.268292682927,0.0853658536585];1;1004.0;0.614259332793;973;178;0.175;1.175;46.58299999999999;25.9;69.22799999999998;11.575;23.625;15.775;4.760000000000001;0.0;2.3110000000000004;0.0;1.019;0.43199999999999994;2.854;5.25;7.6
11286;zone23;7827.985844039554;4105.4701191949;0.0;zone23;S01010225;33;812;636;431;[0.25,0.634615,0.115385];[0.469072,0.43299,0.097938];[0.54023,0.413793,0.045977];[0.672065,0.234818,0.093117];[0.385185185185,0.125925925926,0.325925925926,0.162962962963];1;1006.0;0.616572011517;1610;145;0.16727272727272727;1.0909090909090908;54.43636363636362;33.60606060606061;69.15878787878788;10.333333333333334;22.636363636363637;18.78787878787879;2.837575757575758;0.0;3.4800000000000004;0.0;3.001212121212121;0.35151515151515145;2.2969696969696978;3.6666666666666665;8.878787878787879
11286;zone24;7040.363001382077;4481.052780471187;0.0;zone24;S01010226;40;816;565;394;[0.454545,0.242424,0.30303];[0.715385,0.2,0.084615];[0.540541,0.405405,0.054054];[0.766917,0.18797,0.045113];[0.503355704698,0.201342281879,0.221476510067,0.0738255033557];2;422.0;-0.0548014077425;1276;195;0.187;1.525;49.08300000000001;37.775;72.323;10.975;23.1;16.65;4.110999999999999;0.0;4.955;0.03000000000000001;2.1480000000000006;0.37099999999999994;2.1100000000000003;6.125;10.775
11286;zone25;6847.772309074456;4638.663588163389;0.0;zone25;S01010227;39;692;454;294;[0.413793,0.413793,0.172414];[0.704545,0.238636,0.056818];[0.654545,0.345455,0.0];[0.810606,0.159091,0.030303];[0.672268907563,0.0924369747899,0.159663865546,0.0756302521008];4;0.0;-0.540229885057;1044;273;0.26666666666666666;1.1282051282051282;45.71589743589743;49.256410256410255;73.14871794871794;10.58974358974359;23.05128205128205;15.435897435897436;6.14153846153846;0.0;6.339487179487179;0.01948717948717948;2.3938461538461535;0.3353846153846154;2.576410256410256;4.538461538461538;14.307692307692308
11286;zone26;8241.816993110848;4572.457656401622;0.0;zone26;S01010229;30;1016;787;508;[0.1,0.625,0.275];[0.350877,0.350877,0.298246];[0.348315,0.477528,0.174157];[0.565217,0.310559,0.124224];[0.420731707317,0.213414634146,0.292682926829,0.0731707317073];1;395.0;-0.0859445809966;1395;122;0.15333333333333332;1.6666666666666667;44.708;28.166666666666668;67.61999999999999;11.1;22.966666666666665;15.033333333333333;1.9880000000000007;0.0;3.393333333333332;0.06133333333333334;2.082666666666667;0.39866666666666667;1.9213333333333331;6.866666666666666;7.033333333333333
11286;zone27;7458.320056766788;4680.341251240345;0.0;zone27;S01010230;24;1005;772;577;[0.314286,0.628571,0.057143];[0.703883,0.296117,0.0];[0.727273,0.218182,0.054545];[0.71831,0.24507,0.03662];[0.517857142857,0.136904761905,0.267857142857,0.077380952381];1;846.0;0.433218203459;1023;114;0.18;1.1666666666666667;42.505;37.666666666666664;67.67999999999999;10.833333333333334;23.0;14.416666666666666;2.7999999999999994;0.0;3.666666666666668;0.0;3.6650000000000023;0.36166666666666675;2.2033333333333336;4.916666666666667;9.666666666666666
11286;zone28;7569.802990100143;4917.458811240416;0.0;zone28;S01010232;37;1074;792;485;[0.457143,0.485714,0.057143];[0.557292,0.338542,0.104167];[0.492063,0.333333,0.174603];[0.654229,0.251244,0.094527];[0.470297029703,0.153465346535,0.306930693069,0.0693069306931];1;771.0;0.347049794199;971;171;0.17945945945945946;1.3513513513513513;44.13405405405406;34.567567567567565;70.12648648648648;11.783783783783784;23.405405405405407;15.08108108108108;2.4043243243243246;0.0;3.8248648648648653;0.10162162162162161;3.4767567567567563;0.36108108108108106;2.5459459459459466;5.378378378378378;9.27027027027027
11286;zone29;7830.713068379679;4879.746446724283;0.0;zone29;S01010233;33;970;705;476;[0.275,0.625,0.1];[0.655629,0.245033,0.099338];[0.52809,0.426966,0.044944];[0.771505,0.212366,0.016129];[0.587209302326,0.093023255814,0.261627906977,0.0581395348837];1;284.0;-0.213781821634;1375;158;0.18424242424242424;1.1515151515151516;49.421818181818175;40.484848484848484;68.85090909090907;10.393939393939394;22.96969696969697;16.78787878787879;1.930909090909091;0.0;3.746666666666666;0.16606060606060608;3.962424242424243;0.3381818181818182;1.8472727272727274;4.909090909090909;9.272727272727273
11286;zone30;6473.383843181837;4954.519765957263;0.0;zone30;S01010261;6;2551;2373;526;[0.666667,0.270833,0.0625];[0.675841,0.281346,0.042813];[0.75,0.25,0.0];[0.824468,0.164894,0.010638];[0.41,0.06,0.41,0.12];3;176.0;-0.337679921334;1359;33;0.21333333333333335;2.0;60.98666666666668;36.166666666666664;79.38666666666667;11.666666666666666;24.5;20.333333333333332;2.2266666666666666;0.0;2.686666666666666;0.2333333333333333;4.319999999999999;0.29333333333333333;1.6666666666666667;9.5;9.0
11286;zone31;4930.642193689802;4959.449818932565;0.0;zone31;S01010266;3;555;474;237;[0.320755,0.556604,0.122642];[0.677273,0.254545,0.068182];[0.5,0.461538,0.038462];[0.534247,0.30137,0.164384];[0.141176470588,0.0588235294118,0.4,0.4];3;536.0;0.0761386922126;1039;13;0.17333333333333334;0.6666666666666666;40.42666666666667;46.0;70.2;11.666666666666666;24.333333333333332;13.666666666666666;3.9599999999999995;0.0;6.466666666666666;1.4933333333333334;2.36;0.24;1.9333333333333336;2.6666666666666665;14.0
11286;zone32;5712.5549897826;4979.400336637217;0.0;zone32;S01010270;4;1153;972;817;[0.389831,0.533898,0.076271];[0.70255,0.252125,0.045326];[0.714286,0.272727,0.012987];[0.771552,0.228448,0.0];[0.125,0.0909090909091,0.454545454545,0.329545454545];1;871.0;0.461200629557;1634;18;0.17;1.5;62.89999999999999;30.0;71.9;10.25;23.0;21.75;3.31;0.0;1.55;0.13;2.41;0.43;1.55;5.5;7.0
11286;zone33;3394.0723536088512;4934.677182292946;0.0;zone33;S01010282;13;976;841;645;[0.438776,0.520408,0.040816];[0.545732,0.405488,0.04878];[0.521277,0.382979,0.095745];[0.712707,0.232044,0.055249];[0.190954773869,0.070351758794,0.35175879397,0.386934673367];2;350.0;-0.137812028107;1281;74;0.22153846153846155;1.2307692307692308;54.670769230769224;40.0;75.53846153846152;11.153846153846153;23.76923076923077;18.846153846153847;1.935384615384615;0.0;7.839999999999998;0.9507692307692307;1.4553846153846153;0.34769230769230774;2.1846153846153844;5.076923076923077;11.76923076923077
11286;zone34;4385.789287498423;4835.237486850067;0.0;zone34;S01010289;15;771;687;380;[0.130952,0.511905,0.357143];[0.262911,0.502347,0.234742];[0.178571,0.464286,0.357143];[0.410256,0.435897,0.153846];[0.058064516129,0.0322580645161,0.245161290323,0.664516129032];5;259.0;-0.241396294863;1599;83;0.21333333333333335;2.1333333333333333;49.51466666666667;47.2;66.97866666666665;8.266666666666667;21.733333333333334;16.733333333333334;2.002666666666667;0.0;5.5920000000000005;1.301333333333333;1.7333333333333334;0.28800000000000003;1.0053333333333332;6.333333333333333;10.066666666666666
11286;zone35;4401.5375624188455;4669.062022109911;0.0;zone35;S01010290;13;546;485;278;[0.198198,0.603604,0.198198];[0.485944,0.449799,0.064257];[0.555556,0.444444,0.0];[0.435897,0.512821,0.051282];[0.10752688172,0.0430107526882,0.494623655914,0.354838709677];3;353.0;-0.133686757747;1354;81;0.24;1.3846153846153846;51.338461538461544;42.30769230769231;78.26153846153846;12.615384615384615;24.46153846153846;17.923076923076923;2.633846153846154;0.0;6.2553846153846155;1.363076923076923;2.267692307692308;0.35384615384615387;1.7630769230769234;7.153846153846154;12.153846153846153
11286;zone36;4119.983651650423;4281.100418217042;0.0;zone36;S01010291;12;1075;975;481;[0.405594,0.447552,0.146853];[0.627907,0.277132,0.094961];[0.415094,0.433962,0.150943];[0.562963,0.325926,0.111111];[0.197080291971,0.0729927007299,0.445255474453,0.284671532847];3;438.0;-0.0363924713322;1029;73;0.23;1.4166666666666667;47.300000000000004;48.666666666666664;70.30333333333333;9.916666666666666;22.583333333333332;15.916666666666666;4.373333333333334;0.0;6.3566666666666665;1.3033333333333332;1.7033333333333334;0.22999999999999998;1.973333333333333;3.8333333333333335;13.166666666666666
11286;zone37;4399.731076226201;4291.6703625917;0.0;zone37;S01010292;10;890;831;409;[0.348214,0.508929,0.142857];[0.477169,0.420091,0.10274];[0.339286,0.446429,0.214286];[0.55814,0.383721,0.05814];[0.128378378378,0.0540540540541,0.398648648649,0.418918918919];4;323.0;-0.168488563048;1287;60;0.228;1.6;45.104;43.2;66.716;9.3;21.9;15.3;4.148;0.0;4.276;0.9200000000000002;1.6079999999999999;0.25599999999999995;1.528;5.8;10.4
11286;zone38;4514.690807242894;4541.15458266895;0.0;zone38;S01010293;16;839;723;373;[0.51773,0.35461,0.12766];[0.635389,0.262735,0.101877];[0.446809,0.319149,0.234043];[0.514286,0.392857,0.092857];[0.242424242424,0.0606060606061,0.393939393939,0.30303030303];3;290.0;-0.205814991507;1164;82;0.195;1.4375;56.315;45.375;73.07749999999999;9.75;22.6875;19.125;3.220000000000001;0.0;6.487500000000001;0.78;1.6075000000000002;0.36750000000000005;1.73;5.6875;11.5625
11286;zone39;4541.7482834333705;4418.565122351524;0.0;zone39;S01010294;13;690;631;275;[0.242105,0.526316,0.231579];[0.650873,0.214464,0.134663];[0.583333,0.208333,0.208333];[0.414894,0.489362,0.095745];[0.164835164835,0.043956043956,0.494505494505,0.296703296703];4;440.0;-0.0342259463805;1158;77;0.2276923076923077;1.0;48.716923076923074;52.07692307692308;69.44;9.692307692307692;22.384615384615383;16.46153846153846;3.329230769230769;0.0;6.31076923076923;1.4676923076923076;1.993846153846154;0.23076923076923078;1.907692307692308;4.0;12.692307692307692
11286;zone40;4766.8646917667475;4574.50133624035;0.0;zone40;S01010295;18;974;870;427;[0.384615,0.391026,0.224359];[0.604555,0.310559,0.084886];[0.428571,0.285714,0.285714];[0.390728,0.516556,0.092715];[0.212765957447,0.113475177305,0.297872340426,0.375886524823];4;529.0;0.0680145754747;1480;113;0.24444444444444444;1.3333333333333333;51.78;48.55555555555556;72.06444444444445;9.88888888888889;22.27777777777778;17.833333333333332;2.811111111111111;0.0;7.3244444444444445;1.4355555555555553;1.3622222222222224;0.3911111111111112;2.0822222222222226;5.055555555555555;12.333333333333334
11286;zone41;4647.752341766679;4736.091736240359;0.0;zone41;S01010296;16;664;560;291;[0.294118,0.423529,0.282353];[0.520913,0.368821,0.110266];[0.375,0.375,0.25];[0.475524,0.391608,0.132867];[0.282828282828,0.111111111111,0.363636363636,0.242424242424];2;856.0;0.444094443477;1336;76;0.18;1.75;36.745000000000005;36.5625;66.41750000000002;11.125;22.75;12.3125;2.4349999999999996;0.0;4.3875;1.0050000000000001;1.8225;0.3125;1.49;7.0;9.125
11286;zone42;5522.849421766708;4411.996091240393;0.0;zone42;S01010297;7;1066;894;676;[0.582609,0.382609,0.034783];[0.691824,0.245283,0.062893];[0.540541,0.333333,0.126126];[0.681275,0.270916,0.047809];[0.260563380282,0.140845070423,0.37323943662,0.225352112676];1;504.0;0.0391758595379;662;37;0.21142857142857144;0.7142857142857143;24.41714285714286;35.142857142857146;53.028571428571425;10.285714285714286;21.571428571428573;7.857142857142857;2.108571428571429;0.0;1.0342857142857143;0.41714285714285726;2.5542857142857147;0.27999999999999997;2.4457142857142857;2.857142857142857;5.714285714285714
11286;zone43;4706.481893689814;4143.807995855712;0.0;zone43;S01010298;12;880;677;515;[0.308943,0.479675,0.211382];[0.581395,0.356589,0.062016];[0.539683,0.396825,0.063492];[0.744828,0.193103,0.062069];[0.227272727273,0.0984848484848,0.371212121212,0.30303030303];1;486.0;0.0190902878356;1153;53;0.17333333333333334;1.4166666666666667;41.49;32.333333333333336;68.32333333333334;12.0;23.0;14.166666666666666;4.326666666666667;0.0;3.4600000000000004;0.8133333333333335;0.9133333333333331;0.4433333333333334;1.8266666666666664;5.583333333333333;9.166666666666666
11286;zone44;4885.424673909578;4209.645754097502;0.0;zone44;S01010299;4;536;404;292;[0.3,0.54,0.16];[0.556701,0.340206,0.103093];[0.458333,0.520833,0.020833];[0.584906,0.283019,0.132075];[0.428571428571,0.0857142857143,0.285714285714,0.2];1;375.0;-0.10827530326;722;20;0.2;1.5;30.11;31.5;74.03999999999999;14.25;25.75;10.25;4.93;0.0;1.35;0.48;3.6799999999999997;0.25;3.39;7.5;9.75
11286;zone45;4883.397012115578;4340.414778682246;0.0;zone45;S01010300;21;934;764;478;[0.460784,0.411765,0.127451];[0.664653,0.238671,0.096677];[0.632353,0.323529,0.044118];[0.606383,0.329787,0.06383];[0.3046875,0.125,0.3515625,0.21875];2;513.0;0.0498225801839;604;115;0.21333333333333335;1.7619047619047619;39.27619047619048;36.23809523809524;71.88571428571429;11.80952380952381;23.952380952380953;13.19047619047619;3.8438095238095236;0.0;2.1885714285714286;0.44761904761904764;3.5619047619047617;0.4266666666666667;2.1428571428571423;8.428571428571429;9.571428571428571
11286;zone46;5144.66081966521;4032.769083704074;0.0;zone46;S01010301;6;522;457;283;[0.292683,0.597561,0.109756];[0.57563,0.315126,0.109244];[0.222222,0.703704,0.074074];[0.561798,0.393258,0.044944];[0.214285714286,0.0612244897959,0.459183673469,0.265306122449];4;490.0;0.0232745011966;1092;37;0.24;1.6666666666666667;45.69333333333333;46.5;72.93333333333334;11.333333333333334;23.0;15.5;5.5200000000000005;0.0;2.333333333333333;0.6133333333333334;3.606666666666667;0.4066666666666667;2.473333333333333;6.333333333333333;11.666666666666666
11286;zone47;5165.568789180556;4297.038752619699;0.0;zone47;S01010302;24;669;495;388;[0.65625,0.28125,0.0625];[0.6,0.356522,0.043478];[0.716981,0.226415,0.056604];[0.801802,0.18018,0.018018];[0.582417582418,0.0769230769231,0.263736263736,0.0769230769231];1;392.0;-0.0896499889057;1284;113;0.18;1.2083333333333333;50.155;35.458333333333336;68.65666666666667;10.791666666666666;22.875;17.041666666666668;3.5366666666666666;0.0;1.7633333333333334;0.19999999999999998;2.928333333333333;0.4100000000000001;2.033333333333333;5.375;8.0
11286;zone48;5241.140616766716;4139.402270499609;0.0;zone48;S01010303;33;579;387;250;[0.692308,0.153846,0.153846];[0.56701,0.298969,0.134021];[0.630435,0.282609,0.086957];[0.658879,0.285047,0.056075];[0.58407079646,0.106194690265,0.274336283186,0.0353982300885];1;415.0;-0.0627120940391;1436;147;0.17333333333333334;1.3636363636363635;46.2509090909091;35.03030303030303;65.7951515151515;10.242424242424242;22.303030303030305;15.606060606060606;5.065454545454545;0.0;0.9757575757575756;0.3854545454545455;2.2812121212121212;0.3830303030303031;2.2824242424242427;4.575757575757576;8.303030303030303
11286;zone49;4853.647576226233;3833.123065294377;0.0;zone49;S01010304;12;542;456;332;[0.323529,0.514706,0.161765];[0.635135,0.25,0.114865];[0.477273,0.522727,0.0];[0.829268,0.109756,0.060976];[0.372340425532,0.0425531914894,0.297872340426,0.287234042553];1;804.0;0.384523850516;1391;48;0.15;1.0;60.34666666666666;35.166666666666664;71.03666666666666;10.666666666666666;22.833333333333332;20.833333333333332;3.8433333333333337;0.0;1.5766666666666664;0.5833333333333334;2.9600000000000004;0.4566666666666668;2.5166666666666666;3.25;8.666666666666666
11286;zone50;4697.410406890209;3639.1027396354093;0.0;zone50;S01010305;7;807;694;478;[0.36036,0.468468,0.171171];[0.553191,0.33617,0.110638];[0.409639,0.301205,0.289157];[0.589888,0.337079,0.073034];[0.198529411765,0.0735294117647,0.382352941176,0.345588235294];1;223.0;-0.28282788147;621;32;0.17142857142857143;2.5714285714285716;46.354285714285716;34.142857142857146;69.61142857142858;9.571428571428571;22.428571428571427;16.0;4.577142857142857;0.0;2.251428571428572;1.2571428571428573;0.21142857142857144;0.2857142857142857;0.7142857142857143;10.857142857142858;7.857142857142857
11286;zone51;4591.3082521834585;3868.367573740388;0.0;zone51;S01010306;13;752;675;449;[0.35625,0.56875,0.075];[0.570588,0.355882,0.073529];[0.283019,0.566038,0.150943];[0.650943,0.330189,0.018868];[0.165680473373,0.0473372781065,0.479289940828,0.307692307692];2;238.0;-0.265781391166;873;67;0.19076923076923077;1.5384615384615385;47.26461538461538;45.92307692307692;75.6246153846154;12.307692307692308;23.923076923076923;16.23076923076923;5.950769230769231;0.0;3.446153846153846;2.6061538461538456;1.0953846153846154;0.19076923076923077;1.9692307692307693;6.230769230769231;12.538461538461538
11286;zone52;4503.72067559025;3742.2957906521283;0.0;zone52;S01010307;9;821;732;428;[0.189922,0.577519,0.232558];[0.407407,0.487654,0.104938];[0.346154,0.538462,0.115385];[0.71875,0.234375,0.046875];[0.0681818181818,0.0568181818182,0.375,0.5];5;319.0;-0.172537833795;380;76;0.32;2.3333333333333335;47.19111111111111;57.44444444444444;82.02666666666667;11.555555555555555;23.88888888888889;16.11111111111111;5.7733333333333325;0.0;4.622222222222224;4.888888888888889;0.7822222222222223;0.4044444444444445;1.2977777777777777;10.666666666666666;15.777777777777779
11286;zone53;4364.519870735056;4047.768725526131;0.0;zone53;S01010308;9;975;858;480;[0.285714,0.54007,0.174216];[0.511936,0.384615,0.103448];[0.254902,0.411765,0.333333];[0.648352,0.307692,0.043956];[0.0970873786408,0.0631067961165,0.359223300971,0.480582524272];4;257.0;-0.244477582955;1255;46;0.19111111111111112;2.5555555555555554;52.586666666666666;37.888888888888886;72.00444444444445;9.88888888888889;22.333333333333332;17.666666666666668;4.257777777777778;0.0;3.2044444444444444;1.391111111111111;1.04;0.24000000000000002;1.44;8.666666666666666;9.444444444444445
11286;zone54;5381.88771051669;3636.3205112402793;0.0;zone54;S01010309;4;419;356;264;[0.333333,0.25,0.416667];[0.478873,0.422535,0.098592];[0.352941,0.382353,0.264706];[0.705882,0.24183,0.052288];[0.365853658537,0.170731707317,0.390243902439,0.0731707317073];1;0.0;-0.540229885057;2153;11;0.11;1.75;56.94;20.75;66.38000000000001;10.0;22.25;19.0;1.6800000000000002;0.0;2.0;0.16;1.34;0.45000000000000007;1.85;5.75;4.5
11286;zone55;5657.373406240428;3625.6586165034923;0.0;zone55;S01010310;13;706;540;381;[0.333333,0.238095,0.428571];[0.565517,0.337931,0.096552];[0.54902,0.27451,0.176471];[0.715415,0.256917,0.027668];[0.484848484848,0.151515151515,0.318181818182,0.0454545454545];1;574.0;0.120406534162;845;51;0.15692307692307692;1.8461538461538463;46.51384615384615;26.076923076923077;66.07692307692308;10.23076923076923;22.23076923076923;15.76923076923077;2.04;0.0;2.1507692307692308;0.01846153846153846;2.184615384615385;0.2984615384615385;2.1815384615384614;6.923076923076923;5.923076923076923
11286;zone56;5685.425126382168;3318.6970593171873;0.0;zone56;S01010311;22;721;556;351;[0.411765,0.352941,0.235294];[0.472222,0.453704,0.074074];[0.571429,0.404762,0.02381];[0.717949,0.271062,0.010989];[0.565217391304,0.121739130435,0.269565217391,0.0434782608696];1;1534.0;1.22364271569;1642;102;0.1781818181818182;0.8636363636363636;58.74545454545454;35.04545454545455;69.52727272727273;9.772727272727273;22.227272727272727;20.272727272727273;2.9745454545454546;0.0;3.694545454545455;0.07272727272727272;2.2563636363636363;0.31090909090909097;2.543636363636364;3.6818181818181817;8.5
11286;zone57;5466.52613028024;3072.1402274564575;0.0;zone57;S01010312;34;868;647;425;[0.117647,0.823529,0.058824];[0.754386,0.22807,0.017544];[0.407407,0.444444,0.148148];[0.804945,0.153846,0.041209];[0.586956521739,0.115942028986,0.268115942029,0.0289855072464];1;685.0;0.247477927043;1651;141;0.1564705882352941;1.0;57.42941176470589;32.85294117647059;68.69411764705882;9.970588235294118;22.558823529411764;19.58823529411765;2.132941176470588;0.0;3.7423529411764704;0.06235294117647059;2.275294117647059;0.37058823529411766;2.571764705882354;3.6176470588235294;7.764705882352941
11286;zone58;5251.7403530303945;3502.549209042501;0.0;zone58;S01010313;16;654;529;356;[0.428571,0.285714,0.285714];[0.6,0.333333,0.066667];[0.433735,0.481928,0.084337];[0.739623,0.162264,0.098113];[0.648351648352,0.131868131868,0.175824175824,0.043956043956];1;565.0;0.109617915218;2142;81;0.195;0.875;64.325;37.4375;76.72500000000001;11.6875;23.625;21.5625;4.3825;0.0;5.25;0.1625;2.15;0.36750000000000005;2.5300000000000002;3.3125;11.5625
11286;zone59;4840.312157862589;3385.4448126102257;0.0;zone59;S01010314;21;1248;1034;550;[0.358209,0.507463,0.134328];[0.514493,0.333333,0.152174];[0.5,0.326923,0.173077];[0.636,0.324,0.04];[0.316901408451,0.133802816901,0.401408450704,0.147887323944];1;637.0;0.192402372167;1126;94;0.17142857142857143;1.7142857142857142;43.40761904761906;31.61904761904762;71.06095238095239;11.904761904761905;23.666666666666668;14.666666666666666;3.64952380952381;0.0;3.5428571428571423;1.2514285714285716;0.6476190476190476;0.2514285714285715;1.855238095238095;7.714285714285714;8.619047619047619
11286;zone60;4536.293429266749;2504.1273706154316;0.0;zone60;S01010315;43;911;678;409;[0.180723,0.554217,0.26506];[0.252632,0.457895,0.289474];[0.208333,0.5,0.291667];[0.55144,0.345679,0.102881];[0.308176100629,0.169811320755,0.358490566038,0.163522012579];2;382.0;-0.100954860853;1604;200;0.1786046511627907;1.6511627906976745;49.35162790697673;32.0;68.5479069767442;10.13953488372093;22.53488372093023;16.976744186046513;3.319999999999999;0.0;2.795348837209303;0.00186046511627907;2.296744186046512;0.375813953488372;2.082790697674419;6.162790697674419;7.953488372093023
11286;zone61;4589.6619547948285;2943.195659127726;0.0;zone61;S01010316;25;512;414;304;[0.392157,0.529412,0.078431];[0.62931,0.37069,0.0];[0.439024,0.560976,0.0];[0.775401,0.224599,0.0];[0.439252336449,0.102803738318,0.252336448598,0.205607476636];1;481.0;0.0128180141103;1417;107;0.1616;1.24;52.02719999999999;33.04;71.54240000000001;11.08;23.4;17.76;3.4703999999999993;0.0;2.9471999999999996;0.032;3.0336000000000003;0.35200000000000004;2.5423999999999993;5.24;8.96
11286;zone63;4421.5566371748755;3071.026327566895;0.0;zone63;S01010318;12;1588;1497;304;[0.5,0.456522,0.043478];[0.469799,0.47651,0.053691];[0.310345,0.37931,0.310345];[0.678571,0.285714,0.035714];[0.36,0.14,0.34,0.16];3;317.0;-0.175110645645;1045;65;0.21666666666666667;1.4166666666666667;53.29;42.666666666666664;75.61;10.583333333333334;23.5;18.333333333333332;9.000000000000002;0.0;3.7533333333333334;0.22;0.6766666666666667;0.34;2.2033333333333336;5.083333333333333;13.166666666666666
11286;zone64;4173.240913470097;2893.8040771744095;0.0;zone64;S01010319;9;711;624;407;[0.258741,0.608392,0.132867];[0.383399,0.486166,0.130435];[0.439394,0.212121,0.348485];[0.530769,0.384615,0.084615];[0.171974522293,0.0700636942675,0.471337579618,0.286624203822];2;473.0;0.00423719084943;1446;57;0.24888888888888888;1.6666666666666667;49.79555555555555;37.22222222222222;68.41333333333334;10.222222222222221;22.444444444444443;16.666666666666668;4.204444444444444;0.0;2.8933333333333335;0.16444444444444445;2.013333333333333;0.29777777777777775;1.5688888888888888;6.0;8.777777777777779
11286;zone65;3940.1918462749595;2900.8899784533987;0.0;zone65;S01010320;4;675;594;437;[0.257813,0.523438,0.21875];[0.61753,0.298805,0.083665];[0.526316,0.22807,0.245614];[0.805085,0.169492,0.025424];[0.172185430464,0.0662251655629,0.443708609272,0.317880794702];1;646.0;0.202453315259;1263;17;0.16;1.5;41.28;29.5;71.55999999999999;13.0;24.25;14.25;4.74;0.0;2.83;0.73;1.4700000000000002;0.55;1.5299999999999998;6.5;9.25
11286;zone66;3905.8658739096163;2664.6669636212755;0.0;zone66;S01010321;7;837;634;432;[0.401709,0.555556,0.042735];[0.54717,0.433962,0.018868];[0.45122,0.439024,0.109756];[0.666667,0.271186,0.062147];[0.212328767123,0.0958904109589,0.390410958904,0.301369863014];1;1019.0;0.631764531736;1941;32;0.18285714285714286;1.7142857142857142;57.959999999999994;31.142857142857142;76.3142857142857;11.571428571428571;23.714285714285715;19.571428571428573;4.331428571428572;0.0;2.971428571428571;0.10857142857142857;2.1942857142857144;0.3657142857142857;2.537142857142857;7.0;9.142857142857142
11286;zone67;3630.3978644730896;3132.1651121578075;0.0;zone67;S01010322;9;1028;914;549;[0.174419,0.549419,0.276163];[0.412399,0.471698,0.115903];[0.298507,0.38806,0.313433];[0.647059,0.323529,0.029412];[0.057268722467,0.0352422907489,0.449339207048,0.458149779736];5;124.0;-0.397569575369;1511;46;0.18666666666666668;2.5555555555555554;42.102222222222224;37.44444444444444;71.43111111111111;10.777777777777779;22.88888888888889;14.222222222222221;3.893333333333333;0.0;4.017777777777777;0.8622222222222222;1.48;0.13333333333333333;1.0044444444444443;10.11111111111111;9.777777777777779
11286;zone68;6208.193116766784;3072.425066795916;0.0;zone68;S01010323;4;603;466;377;[0.555556,0.444444,0.0];[0.657143,0.271429,0.071429];[0.642857,0.321429,0.035714];[0.793651,0.166667,0.039683];[0.578431372549,0.166666666667,0.235294117647,0.0196078431373];1;970.0;0.57559463238;1077;29;0.27;0.5;54.84;44.0;76.53999999999999;11.0;24.25;19.0;10.770000000000001;0.0;3.73;0.07;0.95;0.36000000000000004;3.3000000000000003;1.25;15.0
11286;zone69;6517.651722029823;2240.572579661372;0.0;zone69;S01010324;6;759;566;403;[0.142857,0.571429,0.285714];[0.298077,0.490385,0.211538];[0.333333,0.530864,0.135802];[0.401674,0.414226,0.1841];[0.569620253165,0.101265822785,0.291139240506,0.0379746835443];1;407.0;-0.0721601679586;1512;23;0.14;1.3333333333333333;42.906666666666666;32.166666666666664;68.05333333333333;12.0;23.166666666666668;14.5;1.6066666666666667;0.0;1.0;0.0;4.853333333333334;0.4333333333333334;3.02;5.5;7.0
11286;zone70;6038.016041009105;2402.8415869980217;0.0;zone70;S01010325;18;939;666;501;[0.263158,0.368421,0.368421];[0.383838,0.525253,0.090909];[0.253623,0.615942,0.130435];[0.451362,0.463035,0.085603];[0.545454545455,0.238636363636,0.193181818182,0.0227272727273];1;225.0;-0.281126582053;1698;90;0.19333333333333333;1.1111111111111112;42.91111111111112;32.111111111111114;68.90666666666668;12.333333333333334;23.38888888888889;14.88888888888889;2.7266666666666666;0.0;1.9577777777777774;0.0;4.013333333333333;0.4000000000000001;2.78;4.833333333333333;8.222222222222221
11286;zone71;5272.359331052501;2740.775131541117;0.0;zone71;S01010326;39;987;707;494;[0.526316,0.368421,0.105263];[0.522523,0.333333,0.144144];[0.492188,0.3125,0.195313];[0.723514,0.224806,0.05168];[0.54375,0.16875,0.23125,0.05625];1;1389.0;1.05701743376;1008;175;0.1712820512820513;1.2564102564102564;50.72102564102563;34.82051282051282;71.96512820512821;10.897435897435898;22.974358974358974;17.41025641025641;2.4666666666666663;0.0;6.2205128205128215;0.0;1.7928205128205128;0.33128205128205135;2.4266666666666663;5.743589743589744;10.0
11286;zone72;4970.167032608406;2501.795090448298;0.0;zone72;S01010327;34;982;660;362;[0.031746,0.507937,0.460317];[0.372881,0.432203,0.194915];[0.289063,0.328125,0.382813];[0.516892,0.347973,0.135135];[0.416184971098,0.21387283237,0.236994219653,0.132947976879];1;470.0;0.000335688704598;926;170;0.19058823529411764;1.3823529411764706;43.33176470588235;33.55882352941177;65.53176470588235;9.617647058823529;22.147058823529413;14.558823529411764;2.52;0.0;6.425882352941176;0.0;1.14;0.2894117647058825;2.1729411764705886;4.852941176470588;9.647058823529411
11286;zone73;5975.307390960257;2677.5485166167286;0.0;zone73;S01010328;24;969;706;445;[0.16129,0.5,0.33871];[0.27044,0.471698,0.257862];[0.192547,0.434783,0.372671];[0.338983,0.432203,0.228814];[0.309352517986,0.258992805755,0.280575539568,0.151079136691];2;457.0;-0.0138550124678;1897;113;0.18333333333333332;1.3333333333333333;45.163333333333334;38.916666666666664;65.68000000000002;10.375;22.375;15.291666666666666;2.6149999999999998;0.0;1.9716666666666667;0.0;4.344999999999999;0.2700000000000001;1.9783333333333335;4.666666666666667;8.458333333333334
