cycle;name;location.x;location.y;location.z;name;dataZone;nm_children;pop;over16;nm_hh;AB_car_prob;C1_car_prob;C2_car_prob;DE_car_prob;prob_social;simd;crimeRate;norm_crime;avg_dis_sh;neigh_play;daily_play_per_child;avg_FSA;avg_walk;daily_OD;zone_mvpa;mvpa_home;mvpa_sc;mvpa_road;mvpa_play_field;mvpa_home_garden;mvpa_park;mvpa_PG;mvpa_amenity;mvpa_shops;mvpa_F_home;mvpa_fsa;mvpa_OD
11286;zone0;8448.90275962388;2625.4515469546564;0.0;zone0;S01010195;19;531;390;212;[0.0,0.481481,0.518519];[0.261538,0.646154,0.092308];[0.12,0.59,0.29];[0.447368,0.368421,0.184211];[0.418918918919,0.283783783784,0.202702702703,0.0945945945946];1;0.0;-0.540229885057;1143;75;0.15578947368421053;1.631578947368421;49.42526315789475;33.10526315789474;64.7642105263158;9.157894736842104;21.63157894736842;16.842105263157894;0.9157894736842106;0.0;3.3684210526315788;0.02736842105263158;3.309473684210526;0.3073684210526316;2.2336842105263157;5.052631578947368;7.157894736842105
11286;zone1;8656.736904000718;2165.9902346445633;0.0;zone1;S01010198;18;1027;748;394;[0.058824,0.529412,0.411765];[0.305785,0.561983,0.132231];[0.219858,0.496454,0.283688];[0.523179,0.331126,0.145695];[0.48623853211,0.229357798165,0.266055045872,0.0183486238532];1;1609.0;1.3102524676;1259;82;0.17333333333333334;1.1666666666666667;33.637777777777785;28.0;63.39111111111111;11.88888888888889;23.166666666666668;11.11111111111111;1.3666666666666663;0.0;3.0;0.0;2.96;0.38444444444444453;2.4622222222222216;5.166666666666667;6.833333333333333
11286;zone2;8537.588755655543;3024.028900129281;0.0;zone2;S01010201;22;643;453;253;[0.0,0.47619,0.52381];[0.270833,0.3125,0.416667];[0.088,0.48,0.432];[0.296552,0.434483,0.268966];[0.365853658537,0.292682926829,0.292682926829,0.0487804878049];2;219.0;-0.28762447053;977;140;0.24363636363636362;0.8181818181818182;38.305454545454545;44.13636363636363;64.3909090909091;10.5;22.318181818181817;13.0;1.9236363636363634;0.0;5.543636363636364;0.04727272727272727;3.6090909090909093;0.3890909090909091;2.5545454545454547;2.9545454545454546;10.545454545454545
11286;zone3;8059.42097232239;3767.666522351409;0.0;zone3;S01010203;30;671;504;260;[0.090909,0.363636,0.545455];[0.263804,0.460123,0.276074];[0.094828,0.422414,0.482759];[0.183824,0.375,0.441176];[0.272727272727,0.218181818182,0.363636363636,0.145454545455];3;215.0;-0.292668818285;1941;190;0.244;1.5666666666666667;45.10533333333332;36.0;72.66933333333333;11.666666666666666;23.933333333333334;15.366666666666667;2.5853333333333333;0.0;4.381333333333333;0.0;3.5053333333333336;0.30000000000000004;2.2506666666666666;6.866666666666666;10.033333333333333
11286;zone4;8368.288440296214;3565.498290652094;0.0;zone4;S01010204;30;800;589;381;[0.272727,0.727273,0.0];[0.627451,0.27451,0.098039];[0.444444,0.533333,0.022222];[0.600619,0.321981,0.077399];[0.595041322314,0.157024793388,0.239669421488,0.00826446280992];1;497.0;0.0317745673598;1123;165;0.20533333333333334;1.0666666666666667;41.805333333333344;36.0;67.53333333333333;11.166666666666666;23.333333333333332;14.133333333333333;2.012;0.0;3.946666666666666;0.07200000000000001;3.7293333333333325;0.484;2.5146666666666673;4.533333333333333;9.333333333333334
11286;zone5;8034.229745798958;3515.110462853287;0.0;zone5;S01010205;15;658;534;355;[0.411765,0.117647,0.470588];[0.465116,0.457364,0.077519];[0.317757,0.588785,0.093458];[0.593458,0.280374,0.126168];[0.466666666667,0.2,0.3,0.0333333333333];1;925.0;0.523434132086;1186;75;0.18933333333333333;1.7333333333333334;43.70666666666668;34.333333333333336;70.13866666666667;11.333333333333334;23.133333333333333;14.666666666666666;2.730666666666666;0.0;2.8586666666666667;0.0;3.368;0.34933333333333333;2.3946666666666663;7.2;8.4
11286;zone6;7457.064719570519;3739.055375726369;0.0;zone6;S01010208;18;903;745;565;[0.30137,0.589041,0.109589];[0.48062,0.457364,0.062016];[0.272727,0.613636,0.113636];[0.66055,0.270642,0.068807];[0.233333333333,0.133333333333,0.461111111111,0.172222222222];1;603.0;0.153385979085;1446;91;0.19777777777777777;0.8888888888888888;44.59555555555555;34.44444444444444;69.72888888888889;12.166666666666666;23.72222222222222;15.166666666666666;3.748888888888889;0.0;3.057777777777778;0.0;3.5666666666666678;0.41333333333333344;2.2288888888888887;4.111111111111111;9.88888888888889
11286;zone7;7917.838214725937;1939.334458859395;0.0;zone7;S01010209;24;966;677;468;[0.172414,0.586207,0.241379];[0.333333,0.414966,0.251701];[0.381944,0.458333,0.159722];[0.545852,0.336245,0.117904];[0.337931034483,0.248275862069,0.303448275862,0.110344827586];1;2053.0;1.82052250092;1615;118;0.19333333333333333;2.0;49.97666666666667;32.958333333333336;70.42833333333331;10.416666666666666;22.625;16.916666666666668;1.3683333333333332;0.0;4.676666666666667;0.0;2.5700000000000003;0.2766666666666667;1.455;8.291666666666666;8.166666666666666
11286;zone8;7878.406567747077;2721.2634132011362;0.0;zone8;S01010210;18;885;641;416;[0.173913,0.456522,0.369565];[0.21519,0.5,0.28481];[0.189781,0.386861,0.423358];[0.422111,0.442211,0.135678];[0.394736842105,0.236842105263,0.254385964912,0.114035087719];1;344.0;-0.144253829852;860;91;0.19333333333333333;1.6111111111111112;37.724444444444444;32.22222222222222;63.51333333333332;10.055555555555555;22.27777777777778;12.88888888888889;1.5377777777777777;0.0;4.488888888888888;0.0;2.3577777777777778;0.3377777777777778;1.9533333333333336;5.722222222222222;7.833333333333333
11286;zone9;7785.599648345685;3201.783800714137;0.0;zone9;S01010211;22;858;634;452;[0.147059,0.705882,0.147059];[0.384615,0.452991,0.162393];[0.469565,0.4,0.130435];[0.722656,0.226563,0.050781];[0.473214285714,0.169642857143,0.285714285714,0.0714285714286];1;430.0;-0.0456985893816;1103;117;0.20363636363636364;1.1818181818181819;41.64181818181819;37.09090909090909;70.24181818181818;11.545454545454545;23.5;14.272727272727273;4.343636363636365;0.0;5.241818181818181;0.0;2.22;0.30727272727272736;2.4054545454545457;4.7727272727272725;11.363636363636363
11286;zone10;7580.688680869333;3097.127786881416;0.0;zone10;S01010212;49;1083;779;559;[0.233333,0.633333,0.133333];[0.594771,0.339869,0.065359];[0.465517,0.405172,0.12931];[0.712821,0.269231,0.017949];[0.566037735849,0.138364779874,0.22641509434,0.0691823899371];1;1473.0;1.15298517036;1187;262;0.20489795918367346;1.3673469387755102;52.22367346938775;35.795918367346935;70.31346938775512;10.020408163265307;22.714285714285715;17.775510204081634;2.529795918367347;0.0;4.639183673469388;0.0;2.57469387755102;0.32897959183673464;2.2897959183673473;5.591836734693878;9.224489795918368
11286;zone11;8065.177293237223;3111.5884965344962;0.0;zone11;S01010213;13;924;657;476;[0.105263,0.684211,0.210526];[0.382609,0.547826,0.069565];[0.218543,0.556291,0.225166];[0.467925,0.483019,0.049057];[0.451327433628,0.221238938053,0.274336283186,0.0530973451327];1;247.0;-0.255840453357;961;75;0.2276923076923077;0.5384615384615384;31.775384615384617;41.84615384615385;67.10153846153845;12.692307692307692;23.53846153846154;10.615384615384615;1.633846153846154;0.0;5.827692307692307;0.0;4.935384615384616;0.39692307692307693;3.3138461538461543;2.3846153846153846;12.0
11286;zone12;7144.994858230166;1947.4125453867302;0.0;zone12;S01010214;27;967;717;396;[0.098592,0.28169,0.619718];[0.197531,0.438272,0.364198];[0.173333,0.493333,0.333333];[0.237069,0.487069,0.275862];[0.361344537815,0.210084033613,0.310924369748,0.117647058824];3;176.0;-0.337854473183;2086;133;0.1925925925925926;1.7777777777777777;53.50666666666666;38.03703703703704;73.56592592592592;10.407407407407407;22.925925925925927;18.333333333333332;2.5733333333333337;0.0;4.49925925925926;0.0;3.2977777777777777;0.3022222222222223;1.72;7.592592592592593;9.88888888888889
11286;zone13;7013.590150664996;2618.495528189446;0.0;zone13;S01010215;24;850;608;492;[0.571429,0.285714,0.142857];[0.5,0.431373,0.068627];[0.382609,0.391304,0.226087];[0.678571,0.269841,0.051587];[0.467289719626,0.140186915888,0.345794392523,0.0467289719626];1;547.0;0.0886083430805;622;119;0.18666666666666668;1.5833333333333333;40.86833333333333;36.041666666666664;68.41333333333331;10.916666666666666;23.25;13.958333333333334;2.083333333333333;0.0;2.741666666666666;0.0;3.9299999999999993;0.2483333333333334;2.3300000000000005;7.25;8.333333333333334
11286;zone14;7332.222205807836;2329.961970144465;0.0;zone14;S01010216;15;621;464;361;[0.6,0.4,0.0];[0.597701,0.356322,0.045977];[0.409091,0.439394,0.151515];[0.709544,0.273859,0.016598];[0.5,0.163265306122,0.265306122449,0.0714285714286];1;600.0;0.150092344085;1303;61;0.15466666666666667;1.3333333333333333;54.38400000000001;32.13333333333333;68.56533333333333;10.066666666666666;22.133333333333333;18.733333333333334;1.6426666666666667;0.0;4.074666666666666;0.0;2.5466666666666664;0.20800000000000005;1.9733333333333332;5.4;7.866666666666666
11286;zone15;7299.833172322251;2625.8610945736937;0.0;zone15;S01010217;33;817;598;406;[0.16129,0.516129,0.322581];[0.565517,0.4,0.034483];[0.5,0.431373,0.068627];[0.702703,0.283784,0.013514];[0.541935483871,0.0967741935484,0.296774193548,0.0645161290323];1;1060.0;0.679274950851;1008;193;0.2193939393939394;1.4848484848484849;45.03636363636364;39.21212121212121;71.38666666666667;10.909090909090908;23.060606060606062;15.515151515151516;2.315151515151515;0.0;4.241212121212121;0.0;4.027878787878787;0.36606060606060603;2.193939393939394;6.9393939393939394;10.121212121212121
11286;zone16;7142.953643082513;3018.5401822929393;0.0;zone16;S01010218;31;1018;790;587;[0.425532,0.404255,0.170213];[0.392523,0.453271,0.154206];[0.358209,0.492537,0.149254];[0.589124,0.335347,0.075529];[0.424657534247,0.109589041096,0.369863013699,0.0958904109589];1;557.0;0.101026678737;568;143;0.18064516129032257;1.064516129032258;35.72774193548388;33.12903225806452;62.95741935483871;10.870967741935484;23.032258064516128;12.064516129032258;1.589677419354838;0.0;2.291612903225807;0.0;4.131612903225806;0.4890322580645161;2.2658064516129035;4.709677419354839;7.451612903225806
11286;zone17;6738.8937706128745;4298.8917997019325;0.0;zone17;S01010219;21;503;382;274;[0.695652,0.304348,0.0];[0.758621,0.215517,0.025862];[0.761905,0.166667,0.071429];[0.781609,0.195402,0.022989];[0.41935483871,0.0752688172043,0.408602150538,0.0967741935484];2;184.0;-0.327838932938;1664;115;0.20761904761904762;1.9047619047619047;61.0857142857143;38.904761904761905;75.55809523809525;10.0;22.571428571428573;20.80952380952381;4.215238095238096;0.0;5.015238095238095;0.08761904761904761;2.068571428571429;0.300952380952381;1.7219047619047618;6.857142857142857;10.904761904761905
11286;zone18;5915.780765415368;4211.222876105162;0.0;zone18;S01010220;7;476;433;279;[0.181159,0.608696,0.210145];[0.404255,0.531915,0.06383];[0.227273,0.704545,0.068182];[0.448276,0.482759,0.068966];[0.154545454545,0.0636363636364,0.318181818182,0.463636363636];5;267.0;-0.232306706325;1424;55;0.28;2.2857142857142856;45.325714285714284;40.285714285714285;76.81714285714285;11.142857142857142;24.0;15.857142857142858;3.6228571428571428;0.0;6.948571428571428;0.24000000000000002;1.7314285714285713;0.27999999999999997;2.0514285714285716;9.428571428571429;12.0
11286;zone19;6341.0811208317455;3913.8398648988496;0.0;zone19;S01010221;13;546;394;260;[0.6,0.4,0.0];[0.557377,0.409836,0.032787];[0.538462,0.323077,0.138462];[0.699387,0.257669,0.042945];[0.609375,0.140625,0.203125,0.046875];1;635.0;0.19005459739;987;51;0.1476923076923077;1.1538461538461537;50.73846153846154;27.076923076923077;71.06461538461538;12.0;23.76923076923077;17.615384615384617;3.52;0.0;2.7569230769230773;0.13538461538461538;1.6184615384615384;0.3876923076923078;2.7138461538461547;4.846153846153846;7.538461538461538
11286;zone20;7001.213463613622;4053.9957950241624;0.0;zone20;S01010222;15;492;414;285;[0.142857,0.5,0.357143];[0.432432,0.459459,0.108108];[0.348624,0.522936,0.12844];[0.747899,0.235294,0.016807];[0.345238095238,0.214285714286,0.309523809524,0.130952380952];1;377.0;-0.105830277325;1799;62;0.16;1.4666666666666666;44.53333333333333;29.8;65.40266666666666;10.933333333333334;22.333333333333332;14.866666666666667;2.7546666666666666;0.0;3.317333333333333;0.0;1.9146666666666667;0.38133333333333336;1.5279999999999998;5.6;7.6
11286;zone21;6986.8418912765155;3434.1450308482026;0.0;zone21;S01010223;4;556;462;337;[0.076923,0.538462,0.384615];[0.567797,0.330508,0.101695];[0.472222,0.444444,0.083333];[0.584699,0.36612,0.04918];[0.432432432432,0.162162162162,0.324324324324,0.0810810810811];1;439.0;-0.0353356041414;1596;15;0.15;1.0;53.269999999999996;32.75;82.53;15.75;26.25;18.25;5.180000000000001;0.0;2.81;0.0;4.13;0.67;2.13;5.5;11.5
11286;zone22;6247.397837456437;3329.661273309237;0.0;zone22;S01010224;40;1036;727;469;[0.405405,0.540541,0.054054];[0.592593,0.274074,0.133333];[0.418803,0.504274,0.076923];[0.768421,0.202632,0.028947];[0.506097560976,0.140243902439,0.268292682927,0.0853658536585];1;1004.0;0.614259332793;975;190;0.185;1.25;48.44799999999999;31.6;70.608;11.1;23.55;16.5;5.536000000000001;0.0;2.3899999999999997;0.099;1.4259999999999997;0.37499999999999983;2.678000000000001;5.425;9.025
11286;zone23;7827.985844039554;4105.4701191949;0.0;zone23;S01010225;33;812;636;431;[0.25,0.634615,0.115385];[0.469072,0.43299,0.097938];[0.54023,0.413793,0.045977];[0.672065,0.234818,0.093117];[0.385185185185,0.125925925926,0.325925925926,0.162962962963];1;1006.0;0.616572011517;1560;142;0.16363636363636364;1.2424242424242424;51.51515151515151;31.757575757575758;67.82060606060605;10.575757575757576;22.78787878787879;17.424242424242426;3.060606060606061;0.0;2.3599999999999994;0.0;3.0303030303030303;0.4412121212121212;2.3539393939393936;4.03030303030303;8.0
11286;zone24;7040.363001382077;4481.052780471187;0.0;zone24;S01010226;40;816;565;394;[0.454545,0.242424,0.30303];[0.715385,0.2,0.084615];[0.540541,0.405405,0.054054];[0.766917,0.18797,0.045113];[0.503355704698,0.201342281879,0.221476510067,0.0738255033557];2;422.0;-0.0548014077425;1043;326;0.311;1.2;49.263000000000005;50.25;74.80799999999998;10.2;23.125;16.85;7.220000000000001;0.0;5.929000000000001;0.085;2.008;0.44699999999999995;2.4050000000000002;4.85;14.675
11286;zone25;6847.772309074456;4638.663588163389;0.0;zone25;S01010227;39;692;454;294;[0.413793,0.413793,0.172414];[0.704545,0.238636,0.056818];[0.654545,0.345455,0.0];[0.810606,0.159091,0.030303];[0.672268907563,0.0924369747899,0.159663865546,0.0756302521008];4;0.0;-0.540229885057;1175;462;0.4502564102564103;1.3846153846153846;48.73025641025642;60.12820512820513;77.7948717948718;9.948717948717949;23.0;16.58974358974359;7.269743589743591;0.0;8.786666666666664;0.17743589743589744;2.013333333333333;0.32410256410256405;2.142564102564102;5.82051282051282;17.743589743589745
11286;zone26;8241.816993110848;4572.457656401622;0.0;zone26;S01010229;30;1016;787;508;[0.1,0.625,0.275];[0.350877,0.350877,0.298246];[0.348315,0.477528,0.174157];[0.565217,0.310559,0.124224];[0.420731707317,0.213414634146,0.292682926829,0.0731707317073];1;395.0;-0.0859445809966;1320;142;0.18133333333333335;0.6666666666666666;39.164;32.53333333333333;63.876;11.233333333333333;23.2;13.433333333333334;2.8466666666666662;0.0;2.836;0.01866666666666667;3.1119999999999997;0.38;2.854666666666667;2.3666666666666667;8.266666666666667
11286;zone27;7458.320056766788;4680.341251240345;0.0;zone27;S01010230;24;1005;772;577;[0.314286,0.628571,0.057143];[0.703883,0.296117,0.0];[0.727273,0.218182,0.054545];[0.71831,0.24507,0.03662];[0.517857142857,0.136904761905,0.267857142857,0.077380952381];1;846.0;0.433218203459;1051;120;0.195;1.5416666666666667;42.533333333333324;38.625;69.79999999999998;10.708333333333334;23.5;14.583333333333334;3.195;0.0;3.8083333333333322;0.09499999999999999;3.625;0.24000000000000007;2.273333333333334;6.166666666666667;10.208333333333334
11286;zone28;7569.802990100143;4917.458811240416;0.0;zone28;S01010232;37;1074;792;485;[0.457143,0.485714,0.057143];[0.557292,0.338542,0.104167];[0.492063,0.333333,0.174603];[0.654229,0.251244,0.094527];[0.470297029703,0.153465346535,0.306930693069,0.0693069306931];1;771.0;0.347049794199;1167;198;0.2064864864864865;1.135135135135135;49.45621621621623;41.945945945945944;72.92216216216217;11.108108108108109;23.56756756756757;16.864864864864863;3.9859459459459465;0.0;4.758918918918918;0.04432432432432432;3.349189189189189;0.3470270270270271;2.4291891891891892;4.891891891891892;11.72972972972973
11286;zone29;7830.713068379679;4879.746446724283;0.0;zone29;S01010233;33;970;705;476;[0.275,0.625,0.1];[0.655629,0.245033,0.099338];[0.52809,0.426966,0.044944];[0.771505,0.212366,0.016129];[0.587209302326,0.093023255814,0.261627906977,0.0581395348837];1;284.0;-0.213781821634;1182;169;0.19515151515151516;1.1818181818181819;47.44121212121213;36.27272727272727;68.34787878787878;10.545454545454545;23.0;16.242424242424242;2.1721212121212123;0.0;3.2060606060606065;0.17696969696969697;4.043636363636365;0.36242424242424237;2.5672727272727274;4.2727272727272725;9.030303030303031
11286;zone30;6473.383843181837;4954.519765957263;0.0;zone30;S01010261;6;2551;2373;526;[0.666667,0.270833,0.0625];[0.675841,0.281346,0.042813];[0.75,0.25,0.0];[0.824468,0.164894,0.010638];[0.41,0.06,0.41,0.12];3;176.0;-0.337679921334;2175;40;0.24666666666666667;1.0;80.1;46.833333333333336;84.24;10.5;23.833333333333332;27.666666666666668;3.7466666666666666;0.0;3.806666666666667;0.04;5.006666666666667;0.20666666666666667;2.766666666666667;5.0;12.166666666666666
11286;zone31;4930.642193689802;4959.449818932565;0.0;zone31;S01010266;3;555;474;237;[0.320755,0.556604,0.122642];[0.677273,0.254545,0.068182];[0.5,0.461538,0.038462];[0.534247,0.30137,0.164384];[0.141176470588,0.0588235294118,0.4,0.4];3;536.0;0.0761386922126;1277;12;0.16;1.6666666666666667;42.13333333333333;31.666666666666668;70.61333333333333;12.666666666666666;24.333333333333332;14.0;1.9733333333333334;0.0;1.4533333333333331;1.3466666666666667;3.08;0.12;2.56;7.0;7.333333333333333
11286;zone32;5712.5549897826;4979.400336637217;0.0;zone32;S01010270;4;1153;972;817;[0.389831,0.533898,0.076271];[0.70255,0.252125,0.045326];[0.714286,0.272727,0.012987];[0.771552,0.228448,0.0];[0.125,0.0909090909091,0.454545454545,0.329545454545];1;871.0;0.461200629557;1608;21;0.2;1.5;62.3;32.75;73.14;10.0;23.0;21.5;1.4400000000000002;0.0;3.27;0.36;2.79;0.26;2.6900000000000004;5.5;7.25
11286;zone33;3394.0723536088512;4934.677182292946;0.0;zone33;S01010282;13;976;841;645;[0.438776,0.520408,0.040816];[0.545732,0.405488,0.04878];[0.521277,0.382979,0.095745];[0.712707,0.232044,0.055249];[0.190954773869,0.070351758794,0.35175879397,0.386934673367];2;350.0;-0.137812028107;1391;54;0.16;1.8461538461538463;57.92307692307692;33.23076923076923;76.71076923076923;11.23076923076923;24.076923076923077;19.846153846153847;1.8738461538461537;0.0;6.427692307692307;0.9261538461538461;1.126153846153846;0.21846153846153846;1.8553846153846152;7.461538461538462;9.846153846153847
11286;zone34;4385.789287498423;4835.237486850067;0.0;zone34;S01010289;15;771;687;380;[0.130952,0.511905,0.357143];[0.262911,0.502347,0.234742];[0.178571,0.464286,0.357143];[0.410256,0.435897,0.153846];[0.058064516129,0.0322580645161,0.245161290323,0.664516129032];5;259.0;-0.241396294863;1358;146;0.37866666666666665;2.0;52.89066666666667;56.46666666666667;69.904;8.0;22.0;17.866666666666667;3.528;0.0;5.2586666666666675;1.6;2.445333333333333;0.3066666666666667;1.416;5.6;12.4
11286;zone35;4401.5375624188455;4669.062022109911;0.0;zone35;S01010290;13;546;485;278;[0.198198,0.603604,0.198198];[0.485944,0.449799,0.064257];[0.555556,0.444444,0.0];[0.435897,0.512821,0.051282];[0.10752688172,0.0430107526882,0.494623655914,0.354838709677];3;353.0;-0.133686757747;1065;129;0.37538461538461537;1.9230769230769231;52.024615384615394;53.07692307692308;83.5476923076923;11.461538461538462;24.46153846153846;17.846153846153847;3.704615384615383;0.0;10.350769230769231;1.6923076923076923;1.9384615384615385;0.18461538461538465;2.12;8.23076923076923;17.153846153846153
11286;zone36;4119.983651650423;4281.100418217042;0.0;zone36;S01010291;12;1075;975;481;[0.405594,0.447552,0.146853];[0.627907,0.277132,0.094961];[0.415094,0.433962,0.150943];[0.562963,0.325926,0.111111];[0.197080291971,0.0729927007299,0.445255474453,0.284671532847];3;438.0;-0.0363924713322;831;81;0.25666666666666665;1.9166666666666667;46.03;43.666666666666664;70.7;9.5;22.75;15.583333333333334;2.4699999999999998;0.0;8.183333333333334;0.9666666666666667;0.7166666666666667;0.37666666666666665;1.79;6.583333333333333;11.75
11286;zone37;4399.731076226201;4291.6703625917;0.0;zone37;S01010292;10;890;831;409;[0.348214,0.508929,0.142857];[0.477169,0.420091,0.10274];[0.339286,0.446429,0.214286];[0.55814,0.383721,0.05814];[0.128378378378,0.0540540540541,0.398648648649,0.418918918919];4;323.0;-0.168488563048;1101;79;0.304;1.5;48.724000000000004;50.8;70.248;8.4;21.8;16.5;5.851999999999999;0.0;6.468000000000001;0.5480000000000002;1.216;0.23199999999999998;1.876;5.6;13.5
11286;zone38;4514.690807242894;4541.15458266895;0.0;zone38;S01010293;16;839;723;373;[0.51773,0.35461,0.12766];[0.635389,0.262735,0.101877];[0.446809,0.319149,0.234043];[0.514286,0.392857,0.092857];[0.242424242424,0.0606060606061,0.393939393939,0.30303030303];3;290.0;-0.205814991507;1012;153;0.3675;1.5;48.69500000000001;54.625;73.79750000000001;10.0;22.4375;16.6875;3.03;0.0;8.63;1.1099999999999999;1.3699999999999999;0.31250000000000006;2.1199999999999997;6.3125;13.75
11286;zone39;4541.7482834333705;4418.565122351524;0.0;zone39;S01010294;13;690;631;275;[0.242105,0.526316,0.231579];[0.650873,0.214464,0.134663];[0.583333,0.208333,0.208333];[0.414894,0.489362,0.095745];[0.164835164835,0.043956043956,0.494505494505,0.296703296703];4;440.0;-0.0342259463805;1177;122;0.36;0.8461538461538461;48.32;65.76923076923077;72.89538461538461;9.076923076923077;22.53846153846154;16.76923076923077;6.403076923076924;0.0;7.529230769230768;1.5569230769230769;1.76;0.3323076923076923;2.5076923076923077;3.076923076923077;16.76923076923077
11286;zone40;4766.8646917667475;4574.50133624035;0.0;zone40;S01010295;18;974;870;427;[0.384615,0.391026,0.224359];[0.604555,0.310559,0.084886];[0.428571,0.285714,0.285714];[0.390728,0.516556,0.092715];[0.212765957447,0.113475177305,0.297872340426,0.375886524823];4;529.0;0.0680145754747;1309;130;0.26666666666666666;1.8888888888888888;50.83333333333333;54.111111111111114;73.30888888888892;9.222222222222221;22.055555555555557;17.333333333333332;3.868888888888888;0.0;6.986666666666668;1.5511111111111109;1.668888888888889;0.4266666666666667;1.5155555555555555;6.888888888888889;13.555555555555555
11286;zone41;4647.752341766679;4736.091736240359;0.0;zone41;S01010296;16;664;560;291;[0.294118,0.423529,0.282353];[0.520913,0.368821,0.110266];[0.375,0.375,0.25];[0.475524,0.391608,0.132867];[0.282828282828,0.111111111111,0.363636363636,0.242424242424];2;856.0;0.444094443477;1562;93;0.22;1.875;52.59;41.875;73.01499999999999;10.3125;22.625;17.875;2.93;0.0;5.5625;1.5300000000000002;1.3575;0.3350000000000001;1.695;6.875;10.9375
11286;zone42;5522.849421766708;4411.996091240393;0.0;zone42;S01010297;7;1066;894;676;[0.582609,0.382609,0.034783];[0.691824,0.245283,0.062893];[0.540541,0.333333,0.126126];[0.681275,0.270916,0.047809];[0.260563380282,0.140845070423,0.37323943662,0.225352112676];1;504.0;0.0391758595379;1013;33;0.17714285714285713;1.0;38.91428571428571;33.285714285714285;58.58857142857143;9.285714285714286;21.428571428571427;12.857142857142858;2.9885714285714284;0.0;1.8857142857142857;0.6228571428571429;2.177142857142857;0.2914285714285714;2.685714285714286;2.4285714285714284;7.142857142857143
11286;zone43;4706.481893689814;4143.807995855712;0.0;zone43;S01010298;12;880;677;515;[0.308943,0.479675,0.211382];[0.581395,0.356589,0.062016];[0.539683,0.396825,0.063492];[0.744828,0.193103,0.062069];[0.227272727273,0.0984848484848,0.371212121212,0.30303030303];1;486.0;0.0190902878356;1248;58;0.18666666666666668;1.0833333333333333;44.81666666666667;36.75;70.59333333333335;11.416666666666666;23.0;15.583333333333334;4.62;0.0;4.693333333333334;1.0633333333333337;0.8233333333333334;0.47333333333333344;2.0933333333333333;5.0;10.75
11286;zone44;4885.424673909578;4209.645754097502;0.0;zone44;S01010299;4;536;404;292;[0.3,0.54,0.16];[0.556701,0.340206,0.103093];[0.458333,0.520833,0.020833];[0.584906,0.283019,0.132075];[0.428571428571,0.0857142857143,0.285714285714,0.2];1;375.0;-0.10827530326;722;24;0.23;0.5;38.03;49.0;74.7;13.5;25.25;13.0;7.23;0.0;2.85;1.1600000000000001;4.699999999999999;0.55;4.4;0.75;15.5
11286;zone45;4883.397012115578;4340.414778682246;0.0;zone45;S01010300;21;934;764;478;[0.460784,0.411765,0.127451];[0.664653,0.238671,0.096677];[0.632353,0.323529,0.044118];[0.606383,0.329787,0.06383];[0.3046875,0.125,0.3515625,0.21875];2;513.0;0.0498225801839;604;147;0.2704761904761905;1.2380952380952381;38.999999999999986;39.76190476190476;70.51238095238095;12.142857142857142;23.904761904761905;13.19047619047619;4.514285714285713;0.0;2.7466666666666675;0.8361904761904759;3.8476190476190473;0.518095238095238;2.215238095238096;4.809523809523809;11.523809523809524
11286;zone46;5144.66081966521;4032.769083704074;0.0;zone46;S01010301;6;522;457;283;[0.292683,0.597561,0.109756];[0.57563,0.315126,0.109244];[0.222222,0.703704,0.074074];[0.561798,0.393258,0.044944];[0.214285714286,0.0612244897959,0.459183673469,0.265306122449];4;490.0;0.0232745011966;2133;73;0.48;2.1666666666666665;60.07333333333333;64.0;86.0;10.333333333333334;23.333333333333332;20.666666666666668;9.553333333333333;0.0;2.853333333333333;1.7600000000000005;4.2666666666666675;0.19333333333333336;1.6000000000000003;9.666666666666666;18.0
11286;zone47;5165.568789180556;4297.038752619699;0.0;zone47;S01010302;24;669;495;388;[0.65625,0.28125,0.0625];[0.6,0.356522,0.043478];[0.716981,0.226415,0.056604];[0.801802,0.18018,0.018018];[0.582417582418,0.0769230769231,0.263736263736,0.0769230769231];1;392.0;-0.0896499889057;1440;124;0.19166666666666668;1.875;58.64833333333333;33.583333333333336;73.01333333333334;10.083333333333334;22.833333333333332;20.083333333333332;3.6500000000000004;0.0;1.1966666666666668;0.4333333333333333;3.0600000000000005;0.3266666666666667;2.018333333333333;7.541666666666667;7.875
11286;zone48;5241.140616766716;4139.402270499609;0.0;zone48;S01010303;33;579;387;250;[0.692308,0.153846,0.153846];[0.56701,0.298969,0.134021];[0.630435,0.282609,0.086957];[0.658879,0.285047,0.056075];[0.58407079646,0.106194690265,0.274336283186,0.0353982300885];1;415.0;-0.0627120940391;1477;204;0.23272727272727273;1.2727272727272727;50.00848484848485;37.90909090909091;67.93575757575756;10.0;22.393939393939394;17.09090909090909;4.58909090909091;0.0;1.615757575757576;0.5963636363636362;2.2327272727272733;0.3757575757575758;2.178181818181818;5.242424242424242;8.545454545454545
11286;zone49;4853.647576226233;3833.123065294377;0.0;zone49;S01010304;12;542;456;332;[0.323529,0.514706,0.161765];[0.635135,0.25,0.114865];[0.477273,0.522727,0.0];[0.829268,0.109756,0.060976];[0.372340425532,0.0425531914894,0.297872340426,0.287234042553];1;804.0;0.384523850516;1785;69;0.21666666666666667;1.0833333333333333;70.08333333333333;41.666666666666664;77.05000000000001;10.25;22.75;23.916666666666668;5.586666666666666;0.0;2.3033333333333332;0.71;2.736666666666667;0.4266666666666667;2.1566666666666667;4.666666666666667;10.75
11286;zone50;4697.410406890209;3639.1027396354093;0.0;zone50;S01010305;7;807;694;478;[0.36036,0.468468,0.171171];[0.553191,0.33617,0.110638];[0.409639,0.301205,0.289157];[0.589888,0.337079,0.073034];[0.198529411765,0.0735294117647,0.382352941176,0.345588235294];1;223.0;-0.28282788147;621;47;0.26285714285714284;0.7142857142857143;44.965714285714284;46.142857142857146;65.22285714285714;10.142857142857142;22.142857142857142;15.285714285714286;6.605714285714285;0.0;3.045714285714286;1.2685714285714287;0.76;0.5542857142857144;2.205714285714286;1.7142857142857142;11.285714285714286
11286;zone51;4591.3082521834585;3868.367573740388;0.0;zone51;S01010306;13;752;675;449;[0.35625,0.56875,0.075];[0.570588,0.355882,0.073529];[0.283019,0.566038,0.150943];[0.650943,0.330189,0.018868];[0.165680473373,0.0473372781065,0.479289940828,0.307692307692];2;238.0;-0.265781391166;865;90;0.27076923076923076;2.3846153846153846;46.65538461538461;44.69230769230769;78.7876923076923;12.153846153846153;23.76923076923077;15.923076923076923;4.756923076923076;0.0;2.916923076923077;2.963076923076923;0.7015384615384617;0.21846153846153846;1.323076923076923;12.307692307692308;10.923076923076923
11286;zone52;4503.72067559025;3742.2957906521283;0.0;zone52;S01010307;9;821;732;428;[0.189922,0.577519,0.232558];[0.407407,0.487654,0.104938];[0.346154,0.538462,0.115385];[0.71875,0.234375,0.046875];[0.0681818181818,0.0568181818182,0.375,0.5];5;319.0;-0.172537833795;494;112;0.48;2.3333333333333335;50.47111111111112;70.11111111111111;87.17777777777778;10.444444444444445;24.0;17.22222222222222;10.31111111111111;0.0;3.888888888888889;5.248888888888889;0.9822222222222222;0.5066666666666667;1.1911111111111112;11.444444444444445;20.0
11286;zone53;4364.519870735056;4047.768725526131;0.0;zone53;S01010308;9;975;858;480;[0.285714,0.54007,0.174216];[0.511936,0.384615,0.103448];[0.254902,0.411765,0.333333];[0.648352,0.307692,0.043956];[0.0970873786408,0.0631067961165,0.359223300971,0.480582524272];4;257.0;-0.244477582955;1225;68;0.29333333333333333;1.6666666666666667;49.44888888888889;54.888888888888886;71.22222222222223;9.222222222222221;22.22222222222222;16.88888888888889;7.400000000000001;0.0;3.6755555555555564;1.768888888888889;1.377777777777778;0.16000000000000003;1.88;5.0;13.777777777777779
11286;zone54;5381.88771051669;3636.3205112402793;0.0;zone54;S01010309;4;419;356;264;[0.333333,0.25,0.416667];[0.478873,0.422535,0.098592];[0.352941,0.382353,0.264706];[0.705882,0.24183,0.052288];[0.365853658537,0.170731707317,0.390243902439,0.0731707317073];1;0.0;-0.540229885057;2153;18;0.17;2.25;43.800000000000004;24.0;65.16;10.0;22.25;15.25;1.56;0.0;2.42;0.03;2.2699999999999996;0.2;1.7499999999999998;7.5;5.75
11286;zone55;5657.373406240428;3625.6586165034923;0.0;zone55;S01010310;13;706;540;381;[0.333333,0.238095,0.428571];[0.565517,0.337931,0.096552];[0.54902,0.27451,0.176471];[0.715415,0.256917,0.027668];[0.484848484848,0.151515151515,0.318181818182,0.0454545454545];1;574.0;0.120406534162;845;57;0.1753846153846154;0.8461538461538461;42.652307692307694;32.84615384615385;62.23384615384615;10.0;22.153846153846153;14.615384615384615;2.289230769230769;0.0;2.156923076923077;0.5015384615384615;2.615384615384615;0.47076923076923083;2.772307692307692;3.230769230769231;7.076923076923077
11286;zone56;5685.425126382168;3318.6970593171873;0.0;zone56;S01010311;22;721;556;351;[0.411765,0.352941,0.235294];[0.472222,0.453704,0.074074];[0.571429,0.404762,0.02381];[0.717949,0.271062,0.010989];[0.565217391304,0.121739130435,0.269565217391,0.0434782608696];1;1534.0;1.22364271569;1642;84;0.1509090909090909;1.1363636363636365;58.34;36.54545454545455;69.60363636363637;9.818181818181818;22.5;20.09090909090909;2.5109090909090908;0.0;1.789090909090909;0.1690909090909091;3.705454545454546;0.3072727272727273;2.065454545454546;5.136363636363637;7.545454545454546
11286;zone57;5466.52613028024;3072.1402274564575;0.0;zone57;S01010312;34;868;647;425;[0.117647,0.823529,0.058824];[0.754386,0.22807,0.017544];[0.407407,0.444444,0.148148];[0.804945,0.153846,0.041209];[0.586956521739,0.115942028986,0.268115942029,0.0289855072464];1;685.0;0.247477927043;1651;135;0.15176470588235294;1.411764705882353;60.84117647058823;29.91176470588235;69.99999999999999;10.088235294117647;22.529411764705884;20.88235294117647;2.0258823529411774;0.0;2.234117647058823;0.10352941176470588;2.894117647058824;0.4129411764705882;2.490588235294117;4.705882352941177;6.705882352941177
11286;zone58;5251.7403530303945;3502.549209042501;0.0;zone58;S01010313;16;654;529;356;[0.428571,0.285714,0.285714];[0.6,0.333333,0.066667];[0.433735,0.481928,0.084337];[0.739623,0.162264,0.098113];[0.648351648352,0.131868131868,0.175824175824,0.043956043956];1;565.0;0.109617915218;2142;86;0.205;1.6875;63.4375;32.875;78.09249999999999;11.375;23.75;21.6875;3.2875;0.0;3.2324999999999995;0.0975;3.2925;0.3850000000000001;2.1999999999999993;6.9375;9.375
11286;zone59;4840.312157862589;3385.4448126102257;0.0;zone59;S01010314;21;1248;1034;550;[0.358209,0.507463,0.134328];[0.514493,0.333333,0.152174];[0.5,0.326923,0.173077];[0.636,0.324,0.04];[0.316901408451,0.133802816901,0.401408450704,0.147887323944];1;637.0;0.192402372167;1095;107;0.2019047619047619;2.0;44.55428571428572;32.23809523809524;72.46857142857142;11.714285714285714;23.904761904761905;15.238095238095237;3.1123809523809522;0.0;4.188571428571429;1.062857142857143;0.8133333333333332;0.3352380952380953;1.6552380952380952;8.80952380952381;8.80952380952381
11286;zone60;4536.293429266749;2504.1273706154316;0.0;zone60;S01010315;43;911;678;409;[0.180723,0.554217,0.26506];[0.252632,0.457895,0.289474];[0.208333,0.5,0.291667];[0.55144,0.345679,0.102881];[0.308176100629,0.169811320755,0.358490566038,0.163522012579];2;382.0;-0.100954860853;1604;289;0.25395348837209303;1.2790697674418605;48.61395348837208;39.48837209302326;68.71813953488372;10.023255813953488;22.53488372093023;16.558139534883722;5.35813953488372;0.0;2.549767441860465;0.01302325581395349;2.553488372093023;0.30883720930232555;2.536744186046512;4.511627906976744;10.023255813953488
11286;zone61;4589.6619547948285;2943.195659127726;0.0;zone61;S01010316;25;512;414;304;[0.392157,0.529412,0.078431];[0.62931,0.37069,0.0];[0.439024,0.560976,0.0];[0.775401,0.224599,0.0];[0.439252336449,0.102803738318,0.252336448598,0.205607476636];1;481.0;0.0128180141103;1417;134;0.2064;1.52;52.163199999999996;36.92;73.01440000000001;11.08;23.4;17.64;3.576;0.0;3.5535999999999994;0.13760000000000003;3.1536;0.336;2.3328;6.24;10.0
11286;zone63;4421.5566371748755;3071.026327566895;0.0;zone63;S01010318;12;1588;1497;304;[0.5,0.456522,0.043478];[0.469799,0.47651,0.053691];[0.310345,0.37931,0.310345];[0.678571,0.285714,0.035714];[0.36,0.14,0.34,0.16];3;317.0;-0.175110645645;1045;85;0.27666666666666667;1.5;59.173333333333325;53.416666666666664;79.15666666666665;10.166666666666666;23.416666666666668;19.75;7.1499999999999995;0.0;6.633333333333332;1.11;0.7166666666666667;0.18333333333333335;1.55;6.666666666666667;15.083333333333334
11286;zone64;4173.240913470097;2893.8040771744095;0.0;zone64;S01010319;9;711;624;407;[0.258741,0.608392,0.132867];[0.383399,0.486166,0.130435];[0.439394,0.212121,0.348485];[0.530769,0.384615,0.084615];[0.171974522293,0.0700636942675,0.471337579618,0.286624203822];2;473.0;0.00423719084943;1412;34;0.14222222222222222;2.6666666666666665;44.40444444444445;28.11111111111111;69.38222222222223;9.88888888888889;22.666666666666668;15.222222222222221;4.56;0.0;1.2755555555555556;0.19111111111111112;1.6577777777777776;0.2666666666666667;1.5777777777777775;10.444444444444445;7.222222222222222
11286;zone65;3940.1918462749595;2900.8899784533987;0.0;zone65;S01010320;4;675;594;437;[0.257813,0.523438,0.21875];[0.61753,0.298805,0.083665];[0.526316,0.22807,0.245614];[0.805085,0.169492,0.025424];[0.172185430464,0.0662251655629,0.443708609272,0.317880794702];1;646.0;0.202453315259;1263;13;0.12;1.75;47.529999999999994;32.25;76.2;12.5;24.5;16.0;6.94;0.0;2.36;0.99;0.9;0.35;1.15;8.75;11.0
11286;zone66;3905.8658739096163;2664.6669636212755;0.0;zone66;S01010321;7;837;634;432;[0.401709,0.555556,0.042735];[0.54717,0.433962,0.018868];[0.45122,0.439024,0.109756];[0.666667,0.271186,0.062147];[0.212328767123,0.0958904109589,0.390410958904,0.301369863014];1;1019.0;0.631764531736;1941;41;0.21714285714285714;0.42857142857142855;48.49142857142857;37.0;70.87428571428572;12.142857142857142;23.714285714285715;16.428571428571427;5.12;0.0;4.217142857142857;0.10285714285714287;2.2114285714285713;0.37714285714285717;2.954285714285714;2.142857142857143;11.285714285714286
11286;zone67;3630.3978644730896;3132.1651121578075;0.0;zone67;S01010322;9;1028;914;549;[0.174419,0.549419,0.276163];[0.412399,0.471698,0.115903];[0.298507,0.38806,0.313433];[0.647059,0.323529,0.029412];[0.057268722467,0.0352422907489,0.449339207048,0.458149779736];5;124.0;-0.397569575369;1492;96;0.41333333333333333;2.3333333333333335;50.22222222222222;60.77777777777778;80.65777777777777;9.444444444444445;23.333333333333332;16.88888888888889;5.986666666666667;0.0;9.08;1.3155555555555556;1.6488888888888893;0.35555555555555557;1.1688888888888889;9.555555555555555;17.333333333333332
11286;zone68;6208.193116766784;3072.425066795916;0.0;zone68;S01010323;4;603;466;377;[0.555556,0.444444,0.0];[0.657143,0.271429,0.071429];[0.642857,0.321429,0.035714];[0.793651,0.166667,0.039683];[0.578431372549,0.166666666667,0.235294117647,0.0196078431373];1;970.0;0.57559463238;1077;26;0.25;1.0;57.44;40.0;78.25;11.75;24.0;19.5;11.04;0.0;2.0700000000000003;0.0;1.06;0.19999999999999998;1.1300000000000001;6.0;13.75
11286;zone69;6517.651722029823;2240.572579661372;0.0;zone69;S01010324;6;759;566;403;[0.142857,0.571429,0.285714];[0.298077,0.490385,0.211538];[0.333333,0.530864,0.135802];[0.401674,0.414226,0.1841];[0.569620253165,0.101265822785,0.291139240506,0.0379746835443];1;407.0;-0.0721601679586;1952;27;0.16666666666666666;2.6666666666666665;48.38;30.333333333333332;75.22;11.666666666666666;23.333333333333332;16.833333333333332;2.973333333333333;0.0;1.1866666666666668;0.0;3.706666666666667;0.30666666666666664;1.72;11.833333333333334;7.5
11286;zone70;6038.016041009105;2402.8415869980217;0.0;zone70;S01010325;18;939;666;501;[0.263158,0.368421,0.368421];[0.383838,0.525253,0.090909];[0.253623,0.615942,0.130435];[0.451362,0.463035,0.085603];[0.545454545455,0.238636363636,0.193181818182,0.0227272727273];1;225.0;-0.281126582053;2025;82;0.16666666666666666;1.6111111111111112;50.331111111111106;32.77777777777778;72.26444444444444;11.88888888888889;23.61111111111111;17.11111111111111;2.04;0.0;1.655555555555556;0.0;4.922222222222223;0.308888888888889;1.9400000000000002;7.111111111111111;8.222222222222221
11286;zone71;5272.359331052501;2740.775131541117;0.0;zone71;S01010326;39;987;707;494;[0.526316,0.368421,0.105263];[0.522523,0.333333,0.144144];[0.492188,0.3125,0.195313];[0.723514,0.224806,0.05168];[0.54375,0.16875,0.23125,0.05625];1;1389.0;1.05701743376;1008;216;0.2123076923076923;1.2307692307692308;51.75897435897435;38.0;72.65846153846152;10.846153846153847;22.974358974358974;17.615384615384617;2.567179487179487;0.0;6.554871794871794;0.02666666666666667;2.1589743589743584;0.4482051282051282;2.126153846153847;5.6923076923076925;10.820512820512821
11286;zone72;4970.167032608406;2501.795090448298;0.0;zone72;S01010327;34;982;660;362;[0.031746,0.507937,0.460317];[0.372881,0.432203,0.194915];[0.289063,0.328125,0.382813];[0.516892,0.347973,0.135135];[0.416184971098,0.21387283237,0.236994219653,0.132947976879];1;470.0;0.000335688704598;927;197;0.21529411764705883;1.2941176470588236;44.428235294117655;38.411764705882355;66.42117647058825;9.5;22.38235294117647;14.970588235294118;2.7705882352941176;0.0;6.482352941176472;0.01294117647058824;1.6352941176470583;0.34235294117647047;2.04;4.588235294117647;10.5
11286;zone73;5975.307390960257;2677.5485166167286;0.0;zone73;S01010328;24;969;706;445;[0.16129,0.5,0.33871];[0.27044,0.471698,0.257862];[0.192547,0.434783,0.372671];[0.338983,0.432203,0.228814];[0.309352517986,0.258992805755,0.280575539568,0.151079136691];2;457.0;-0.0138550124678;2277;155;0.24166666666666667;1.2083333333333333;53.565;41.541666666666664;69.29833333333333;9.541666666666666;22.291666666666668;18.083333333333332;3.5233333333333334;0.0;2.556666666666667;0.0;4.010000000000001;0.31000000000000005;2.2133333333333334;4.958333333333333;9.666666666666666
11286;zone74;4421.847657862615;2232.0860934321454;0.0;zone74;S01010329;21;573;435;290;[0.368421,0.263158,0.368421];[0.341176,0.470588,0.188235];[0.255814,0.465116,0.27907];[0.52,0.354286,0.125714];[0.438356164384,0.191780821918,0.27397260274,0.0958904109589];2;105.0;-0.418628586414;1767;149;0.2704761904761905;0.8571428571428571;56.69333333333333;49.333333333333336;75.84761904761906;10.857142857142858;23.714285714285715;19.142857142857142;5.611428571428571;0.0;2.771428571428572;0.0;5.565714285714286;0.3047619047619048;2.4228571428571426;3.6666666666666665;13.571428571428571
