cycle;name;location.x;location.y;location.z;name;dataZone;nm_children;pop;over16;nm_hh;AB_car_prob;C1_car_prob;C2_car_prob;DE_car_prob;prob_social;simd;crimeRate;norm_crime;avg_dis_sh;neigh_play;daily_play_per_child;avg_FSA;avg_walk;daily_OD;zone_mvpa;mvpa_home;mvpa_sc;mvpa_road;mvpa_play_field;mvpa_home_garden;mvpa_park;mvpa_PG;mvpa_amenity;mvpa_shops;mvpa_F_home;mvpa_fsa;mvpa_OD
11286;zone0;8448.90275962388;2625.4515469546564;0.0;zone0;S01010195;19;531;390;212;[0.0,0.481481,0.518519];[0.261538,0.646154,0.092308];[0.12,0.59,0.29];[0.447368,0.368421,0.184211];[0.418918918919,0.283783783784,0.202702702703,0.0945945945946];1;0.0;-0.540229885057;1112;41;0.08421052631578947;1.263157894736842;36.84631578947368;26.0;73.43368421052632;12.421052631578947;31.0;12.421052631578947;1.1557894736842105;0.0;3.7347368421052636;0.03157894736842106;2.3915789473684215;0.38736842105263164;2.3852631578947365;5.7894736842105265;6.947368421052632
11286;zone1;8656.736904000718;2165.9902346445633;0.0;zone1;S01010198;18;1027;748;394;[0.058824,0.529412,0.411765];[0.305785,0.561983,0.132231];[0.219858,0.496454,0.283688];[0.523179,0.331126,0.145695];[0.48623853211,0.229357798165,0.266055045872,0.0183486238532];1;1609.0;1.3102524676;1204;28;0.06;1.0;46.03555555555555;26.72222222222222;72.52000000000001;11.055555555555555;30.166666666666668;15.833333333333334;1.3288888888888888;0.0;2.4066666666666667;0.06666666666666667;3.0288888888888894;0.30666666666666675;2.8244444444444445;3.9444444444444446;6.388888888888889
11286;zone2;8537.588755655543;3024.028900129281;0.0;zone2;S01010201;22;643;453;253;[0.0,0.47619,0.52381];[0.270833,0.3125,0.416667];[0.088,0.48,0.432];[0.296552,0.434483,0.268966];[0.365853658537,0.292682926829,0.292682926829,0.0487804878049];2;219.0;-0.28762447053;958;47;0.08;1.4090909090909092;23.036363636363635;23.545454545454547;66.89090909090909;12.318181818181818;30.0;7.7272727272727275;0.8581818181818179;0.0;2.692727272727273;0.02181818181818182;2.601818181818182;0.29454545454545455;2.6072727272727274;6.090909090909091;5.681818181818182
11286;zone3;8059.42097232239;3767.666522351409;0.0;zone3;S01010203;30;671;504;260;[0.090909,0.363636,0.545455];[0.263804,0.460123,0.276074];[0.094828,0.422414,0.482759];[0.183824,0.375,0.441176];[0.272727272727,0.218181818182,0.363636363636,0.145454545455];3;215.0;-0.292668818285;1954;69;0.088;1.4666666666666666;41.21600000000001;26.133333333333333;71.22133333333335;10.833333333333334;29.766666666666666;13.866666666666667;1.9200000000000004;0.0;2.513333333333333;0.0;2.6159999999999997;0.3053333333333334;2.194666666666667;5.433333333333334;6.5
11286;zone4;8368.288440296214;3565.498290652094;0.0;zone4;S01010204;30;800;589;381;[0.272727,0.727273,0.0];[0.627451,0.27451,0.098039];[0.444444,0.533333,0.022222];[0.600619,0.321981,0.077399];[0.595041322314,0.157024793388,0.239669421488,0.00826446280992];1;497.0;0.0317745673598;1324;42;0.05333333333333334;1.1;43.68133333333333;27.333333333333332;75.61200000000001;12.0;31.333333333333332;14.866666666666667;1.370666666666667;0.0;2.8040000000000003;0.024;3.242666666666667;0.4893333333333333;2.630666666666667;5.1;7.0
11286;zone5;8034.229745798958;3515.110462853287;0.0;zone5;S01010205;15;658;534;355;[0.411765,0.117647,0.470588];[0.465116,0.457364,0.077519];[0.317757,0.588785,0.093458];[0.593458,0.280374,0.126168];[0.466666666667,0.2,0.3,0.0333333333333];1;925.0;0.523434132086;1464;20;0.05066666666666667;1.3333333333333333;41.37599999999999;21.8;73.69066666666666;12.066666666666666;31.0;14.066666666666666;1.376;0.0;1.5493333333333335;0.0;3.002666666666667;0.39466666666666667;2.6266666666666665;5.933333333333334;5.333333333333333
11286;zone6;7457.064719570519;3739.055375726369;0.0;zone6;S01010208;18;903;745;565;[0.30137,0.589041,0.109589];[0.48062,0.457364,0.062016];[0.272727,0.613636,0.113636];[0.66055,0.270642,0.068807];[0.233333333333,0.133333333333,0.461111111111,0.172222222222];1;603.0;0.153385979085;1469;29;0.06444444444444444;1.0555555555555556;43.786666666666676;24.38888888888889;68.82444444444445;10.61111111111111;28.833333333333332;14.944444444444445;1.7044444444444449;0.0;1.9844444444444445;0.0;2.446666666666667;0.44444444444444453;2.9822222222222217;3.2222222222222223;5.666666666666667
11286;zone7;7917.838214725937;1939.334458859395;0.0;zone7;S01010209;24;966;677;468;[0.172414,0.586207,0.241379];[0.333333,0.414966,0.251701];[0.381944,0.458333,0.159722];[0.545852,0.336245,0.117904];[0.337931034483,0.248275862069,0.303448275862,0.110344827586];1;2053.0;1.82052250092;1645;40;0.065;1.625;48.76;22.75;75.48333333333333;10.916666666666666;30.666666666666668;16.416666666666668;0.8016666666666666;0.0;2.8616666666666677;0.0;2.6483333333333334;0.4116666666666668;2.3200000000000003;6.541666666666667;5.791666666666667
11286;zone8;7878.406567747077;2721.2634132011362;0.0;zone8;S01010210;18;885;641;416;[0.173913,0.456522,0.369565];[0.21519,0.5,0.28481];[0.189781,0.386861,0.423358];[0.422111,0.442211,0.135678];[0.394736842105,0.236842105263,0.254385964912,0.114035087719];1;344.0;-0.144253829852;928;22;0.04444444444444445;1.6111111111111112;31.504444444444445;18.444444444444443;69.4488888888889;11.944444444444445;29.944444444444443;10.666666666666666;1.4933333333333334;0.0;2.413333333333333;0.03333333333333334;1.1177777777777775;0.4177777777777779;2.2622222222222224;7.111111111111111;4.555555555555555
11286;zone9;7785.599648345685;3201.783800714137;0.0;zone9;S01010211;22;858;634;452;[0.147059,0.705882,0.147059];[0.384615,0.452991,0.162393];[0.469565,0.4,0.130435];[0.722656,0.226563,0.050781];[0.473214285714,0.169642857143,0.285714285714,0.0714285714286];1;430.0;-0.0456985893816;1054;26;0.04545454545454546;1.6363636363636365;41.37636363636363;23.681818181818183;73.80545454545455;11.909090909090908;30.5;14.227272727272727;1.2963636363636362;0.0;2.2509090909090905;0.0;2.4054545454545453;0.31090909090909097;2.1963636363636363;6.863636363636363;5.5
11286;zone10;7580.688680869333;3097.127786881416;0.0;zone10;S01010212;49;1083;779;559;[0.233333,0.633333,0.133333];[0.594771,0.339869,0.065359];[0.465517,0.405172,0.12931];[0.712821,0.269231,0.017949];[0.566037735849,0.138364779874,0.22641509434,0.0691823899371];1;1473.0;1.15298517036;1142;77;0.06204081632653061;1.3877551020408163;47.62938775510205;25.836734693877553;74.52653061224491;11.26530612244898;30.102040816326532;16.346938775510203;1.3608163265306124;0.0;2.34204081632653;0.0;2.8465306122448983;0.38448979591836735;2.348571428571429;5.857142857142857;6.061224489795919
11286;zone11;8065.177293237223;3111.5884965344962;0.0;zone11;S01010213;13;924;657;476;[0.105263,0.684211,0.210526];[0.382609,0.547826,0.069565];[0.218543,0.556291,0.225166];[0.467925,0.483019,0.049057];[0.451327433628,0.221238938053,0.274336283186,0.0530973451327];1;247.0;-0.255840453357;1081;26;0.07692307692307693;0.9230769230769231;37.87076923076923;25.615384615384617;64.17538461538462;9.846153846153847;27.923076923076923;12.846153846153847;0.8615384615384618;0.0;1.9846153846153847;0.0;2.6584615384615384;0.17846153846153848;2.726153846153846;3.4615384615384617;5.076923076923077
11286;zone12;7144.994858230166;1947.4125453867302;0.0;zone12;S01010214;27;967;717;396;[0.098592,0.28169,0.619718];[0.197531,0.438272,0.364198];[0.173333,0.493333,0.333333];[0.237069,0.487069,0.275862];[0.361344537815,0.210084033613,0.310924369748,0.117647058824];3;176.0;-0.337854473183;1904;55;0.07851851851851852;1.0;46.05333333333333;28.962962962962962;71.10074074074072;11.222222222222221;29.14814814814815;15.444444444444445;1.7214814814814814;0.0;2.5466666666666664;0.0;2.77037037037037;0.44148148148148136;2.1881481481481484;3.925925925925926;6.518518518518518
11286;zone13;7013.590150664996;2618.495528189446;0.0;zone13;S01010215;24;850;608;492;[0.571429,0.285714,0.142857];[0.5,0.431373,0.068627];[0.382609,0.391304,0.226087];[0.678571,0.269841,0.051587];[0.467289719626,0.140186915888,0.345794392523,0.0467289719626];1;547.0;0.0886083430805;646;52;0.08333333333333333;1.0416666666666667;37.70166666666666;26.416666666666668;68.94166666666668;11.541666666666666;30.125;12.958333333333334;0.9133333333333334;0.0;1.3299999999999998;0.0;3.931666666666666;0.38999999999999996;2.4649999999999994;3.6666666666666665;5.625
11286;zone14;7332.222205807836;2329.961970144465;0.0;zone14;S01010216;15;621;464;361;[0.6,0.4,0.0];[0.597701,0.356322,0.045977];[0.409091,0.439394,0.151515];[0.709544,0.273859,0.016598];[0.5,0.163265306122,0.265306122449,0.0714285714286];1;600.0;0.150092344085;1301;25;0.06133333333333333;1.4666666666666666;62.82933333333334;23.6;84.42933333333333;12.0;32.4;21.6;1.1893333333333334;0.0;1.8906666666666667;0.0;3.6506666666666665;0.4240000000000001;2.6319999999999997;7.133333333333334;6.333333333333333
11286;zone15;7299.833172322251;2625.8610945736937;0.0;zone15;S01010217;33;817;598;406;[0.16129,0.516129,0.322581];[0.565517,0.4,0.034483];[0.5,0.431373,0.068627];[0.702703,0.283784,0.013514];[0.541935483871,0.0967741935484,0.296774193548,0.0645161290323];1;1060.0;0.679274950851;974;44;0.05212121212121212;1.4242424242424243;40.53333333333334;27.303030303030305;75.77454545454543;11.93939393939394;31.151515151515152;13.757575757575758;1.3745454545454547;0.0;2.955151515151515;0.0;3.423030303030303;0.45212121212121215;2.5418181818181824;6.515151515151516;7.242424242424242
11286;zone16;7142.953643082513;3018.5401822929393;0.0;zone16;S01010218;31;1018;790;587;[0.425532,0.404255,0.170213];[0.392523,0.453271,0.154206];[0.358209,0.492537,0.149254];[0.589124,0.335347,0.075529];[0.424657534247,0.109589041096,0.369863013699,0.0958904109589];1;557.0;0.101026678737;611;47;0.0567741935483871;1.1290322580645162;32.76258064516129;25.129032258064516;67.59612903225805;11.709677419354838;29.870967741935484;10.709677419354838;1.247741935483871;0.0;1.4606451612903224;0.0;3.254193548387096;0.3806451612903226;2.8154838709677423;4.387096774193548;5.483870967741935
11286;zone17;6738.8937706128745;4298.8917997019325;0.0;zone17;S01010219;21;503;382;274;[0.695652,0.304348,0.0];[0.758621,0.215517,0.025862];[0.761905,0.166667,0.071429];[0.781609,0.195402,0.022989];[0.41935483871,0.0752688172043,0.408602150538,0.0967741935484];2;184.0;-0.327838932938;1179;47;0.08761904761904762;1.3333333333333333;52.775238095238095;33.19047619047619;75.89333333333335;10.380952380952381;29.095238095238095;18.0;2.9066666666666667;0.0;4.445714285714287;0.0;1.8609523809523811;0.2514285714285715;2.314285714285714;4.9523809523809526;8.714285714285714
11286;zone18;5915.780765415368;4211.222876105162;0.0;zone18;S01010220;7;476;433;279;[0.181159,0.608696,0.210145];[0.404255,0.531915,0.06383];[0.227273,0.704545,0.068182];[0.448276,0.482759,0.068966];[0.154545454545,0.0636363636364,0.318181818182,0.463636363636];5;267.0;-0.232306706325;1008;14;0.06857142857142857;1.5714285714285714;31.434285714285718;20.428571428571427;75.73142857142855;13.0;32.857142857142854;10.571428571428571;2.8514285714285714;0.0;2.6799999999999997;0.04571428571428571;1.262857142857143;0.3942857142857143;2.4285714285714284;7.857142857142857;6.285714285714286
11286;zone19;6341.0811208317455;3913.8398648988496;0.0;zone19;S01010221;13;546;394;260;[0.6,0.4,0.0];[0.557377,0.409836,0.032787];[0.538462,0.323077,0.138462];[0.699387,0.257669,0.042945];[0.609375,0.140625,0.203125,0.046875];1;635.0;0.19005459739;1314;18;0.05538461538461539;2.0;53.055384615384625;20.692307692307693;76.79692307692308;11.384615384615385;29.692307692307693;18.46153846153846;4.079999999999999;0.0;1.1661538461538463;0.0;0.9230769230769232;0.4;1.926153846153846;7.076923076923077;5.769230769230769
11286;zone20;7001.213463613622;4053.9957950241624;0.0;zone20;S01010222;15;492;414;285;[0.142857,0.5,0.357143];[0.432432,0.459459,0.108108];[0.348624,0.522936,0.12844];[0.747899,0.235294,0.016807];[0.345238095238,0.214285714286,0.309523809524,0.130952380952];1;377.0;-0.105830277325;1728;21;0.05333333333333334;1.1333333333333333;38.285333333333334;23.2;63.77066666666666;9.6;27.8;12.8;1.2533333333333332;0.0;1.6560000000000001;0.0;2.312;0.24266666666666667;2.3306666666666667;4.0;4.8
11286;zone21;6986.8418912765155;3434.1450308482026;0.0;zone21;S01010223;4;556;462;337;[0.076923,0.538462,0.384615];[0.567797,0.330508,0.101695];[0.472222,0.444444,0.083333];[0.584699,0.36612,0.04918];[0.432432432432,0.162162162162,0.324324324324,0.0810810810811];1;439.0;-0.0353356041414;1825;6;0.06;1.0;52.57;20.5;75.72999999999999;11.0;30.25;17.75;3.3200000000000003;0.0;1.5099999999999998;0.0;1.82;0.43;3.43;3.75;6.25
11286;zone22;6247.397837456437;3329.661273309237;0.0;zone22;S01010224;40;1036;727;469;[0.405405,0.540541,0.054054];[0.592593,0.274074,0.133333];[0.418803,0.504274,0.076923];[0.768421,0.202632,0.028947];[0.506097560976,0.140243902439,0.268292682927,0.0853658536585];1;1004.0;0.614259332793;991;53;0.051;1.475;48.691;18.825;75.36300000000003;12.0;30.475;16.575;2.9650000000000007;0.0;1.142;0.029;1.23;0.445;2.496;6.3;4.975
11286;zone23;7827.985844039554;4105.4701191949;0.0;zone23;S01010225;33;812;636;431;[0.25,0.634615,0.115385];[0.469072,0.43299,0.097938];[0.54023,0.413793,0.045977];[0.672065,0.234818,0.093117];[0.385185185185,0.125925925926,0.325925925926,0.162962962963];1;1006.0;0.616572011517;1603;60;0.07272727272727272;1.4545454545454546;41.27636363636365;22.818181818181817;71.2981818181818;11.575757575757576;29.484848484848484;14.06060606060606;1.687272727272727;0.0;2.472727272727273;0.02909090909090909;2.0472727272727274;0.4012121212121213;2.4618181818181815;5.212121212121212;5.818181818181818
11286;zone24;7040.363001382077;4481.052780471187;0.0;zone24;S01010226;40;816;565;394;[0.454545,0.242424,0.30303];[0.715385,0.2,0.084615];[0.540541,0.405405,0.054054];[0.766917,0.18797,0.045113];[0.503355704698,0.201342281879,0.221476510067,0.0738255033557];2;422.0;-0.0548014077425;1166;108;0.103;1.4;47.912;33.425;81.65300000000002;12.25;31.35;16.3;4.656999999999999;0.0;4.22;0.029;2.122;0.40699999999999986;2.345;6.175;10.525
11286;zone25;6847.772309074456;4638.663588163389;0.0;zone25;S01010227;39;692;454;294;[0.413793,0.413793,0.172414];[0.704545,0.238636,0.056818];[0.654545,0.345455,0.0];[0.810606,0.159091,0.030303];[0.672268907563,0.0924369747899,0.159663865546,0.0756302521008];4;0.0;-0.540229885057;1095;131;0.13025641025641024;1.1282051282051282;50.30358974358975;46.12820512820513;79.15076923076921;10.128205128205128;29.58974358974359;17.076923076923077;2.329230769230769;0.0;8.5825641025641;0.06871794871794872;2.5384615384615374;0.40307692307692305;2.260512820512821;4.435897435897436;13.051282051282051
11286;zone26;8241.816993110848;4572.457656401622;0.0;zone26;S01010229;30;1016;787;508;[0.1,0.625,0.275];[0.350877,0.350877,0.298246];[0.348315,0.477528,0.174157];[0.565217,0.310559,0.124224];[0.420731707317,0.213414634146,0.292682926829,0.0731707317073];1;395.0;-0.0859445809966;1232;45;0.06;1.1333333333333333;44.658666666666676;18.6;72.27466666666666;12.5;30.433333333333334;14.966666666666667;1.3773333333333333;0.0;2.0186666666666664;0.0;1.8093333333333332;0.4026666666666666;2.413333333333333;4.633333333333334;4.733333333333333
11286;zone27;7458.320056766788;4680.341251240345;0.0;zone27;S01010230;24;1005;772;577;[0.314286,0.628571,0.057143];[0.703883,0.296117,0.0];[0.727273,0.218182,0.054545];[0.71831,0.24507,0.03662];[0.517857142857,0.136904761905,0.267857142857,0.077380952381];1;846.0;0.433218203459;1101;41;0.06333333333333334;1.0416666666666667;48.52166666666667;30.0;74.55999999999999;11.083333333333334;29.916666666666668;16.708333333333332;2.1233333333333335;0.0;3.301666666666667;0.015;2.155;0.41333333333333333;2.8416666666666663;4.291666666666667;7.166666666666667
11286;zone28;7569.802990100143;4917.458811240416;0.0;zone28;S01010232;37;1074;792;485;[0.457143,0.485714,0.057143];[0.557292,0.338542,0.104167];[0.492063,0.333333,0.174603];[0.654229,0.251244,0.094527];[0.470297029703,0.153465346535,0.306930693069,0.0693069306931];1;771.0;0.347049794199;1076;57;0.05837837837837838;1.5675675675675675;46.03027027027028;24.43243243243243;72.53189189189187;10.756756756756756;29.594594594594593;15.54054054054054;1.1048648648648645;0.0;3.0767567567567564;0.04108108108108108;2.1686486486486487;0.5254054054054055;2.1654054054054055;5.972972972972973;5.945945945945946
11286;zone29;7830.713068379679;4879.746446724283;0.0;zone29;S01010233;33;970;705;476;[0.275,0.625,0.1];[0.655629,0.245033,0.099338];[0.52809,0.426966,0.044944];[0.771505,0.212366,0.016129];[0.587209302326,0.093023255814,0.261627906977,0.0581395348837];1;284.0;-0.213781821634;1261;60;0.06909090909090909;1.0303030303030303;51.71272727272726;27.696969696969695;72.34181818181818;11.0;29.03030303030303;17.575757575757574;1.3490909090909091;0.0;1.9151515151515148;0.04363636363636363;3.0727272727272728;0.4121212121212121;2.1951515151515153;4.121212121212121;5.909090909090909
11286;zone30;6473.383843181837;4954.519765957263;0.0;zone30;S01010261;6;2551;2373;526;[0.666667,0.270833,0.0625];[0.675841,0.281346,0.042813];[0.75,0.25,0.0];[0.824468,0.164894,0.010638];[0.41,0.06,0.41,0.12];3;176.0;-0.337679921334;1132;13;0.08;1.3333333333333333;61.28;35.333333333333336;74.43333333333334;9.166666666666666;28.833333333333332;20.5;3.22;0.0;1.1866666666666668;0.19999999999999998;3.36;0.43999999999999995;1.9000000000000001;4.166666666666667;7.666666666666667
11286;zone31;4930.642193689802;4959.449818932565;0.0;zone31;S01010266;3;555;474;237;[0.320755,0.556604,0.122642];[0.677273,0.254545,0.068182];[0.5,0.461538,0.038462];[0.534247,0.30137,0.164384];[0.141176470588,0.0588235294118,0.4,0.4];3;536.0;0.0761386922126;1095;4;0.04;1.3333333333333333;47.4;26.666666666666668;64.01333333333334;7.666666666666667;26.333333333333332;16.666666666666668;0.8533333333333334;0.0;2.52;0.09333333333333334;1.84;0.16;1.6266666666666667;4.666666666666667;4.666666666666667
11286;zone32;5712.5549897826;4979.400336637217;0.0;zone32;S01010270;4;1153;972;817;[0.389831,0.533898,0.076271];[0.70255,0.252125,0.045326];[0.714286,0.272727,0.012987];[0.771552,0.228448,0.0];[0.125,0.0909090909091,0.454545454545,0.329545454545];1;871.0;0.461200629557;1775;6;0.06;1.0;62.46;21.75;74.53999999999999;9.75;30.25;22.0;0.77;0.0;1.23;0.21;2.2399999999999998;0.6100000000000001;2.22;3.5;4.0
11286;zone33;3394.0723536088512;4934.677182292946;0.0;zone33;S01010282;13;976;841;645;[0.438776,0.520408,0.040816];[0.545732,0.405488,0.04878];[0.521277,0.382979,0.095745];[0.712707,0.232044,0.055249];[0.190954773869,0.070351758794,0.35175879397,0.386934673367];2;350.0;-0.137812028107;1344;15;0.04615384615384616;1.7692307692307692;50.85846153846155;27.923076923076923;69.2676923076923;9.153846153846153;27.076923076923077;17.153846153846153;1.276923076923077;0.0;4.612307692307692;0.18153846153846157;0.7200000000000001;0.17538461538461536;1.6769230769230767;5.384615384615385;6.384615384615385
11286;zone34;4385.789287498423;4835.237486850067;0.0;zone34;S01010289;15;771;687;380;[0.130952,0.511905,0.357143];[0.262911,0.502347,0.234742];[0.178571,0.464286,0.357143];[0.410256,0.435897,0.153846];[0.058064516129,0.0322580645161,0.245161290323,0.664516129032];5;259.0;-0.241396294863;1168;49;0.12;1.4666666666666666;35.858666666666664;41.733333333333334;69.12799999999999;9.933333333333334;28.133333333333333;12.4;2.328;0.0;4.397333333333333;1.1013333333333333;2.648;0.32533333333333336;1.7626666666666666;4.266666666666667;10.066666666666666
11286;zone35;4401.5375624188455;4669.062022109911;0.0;zone35;S01010290;13;546;485;278;[0.198198,0.603604,0.198198];[0.485944,0.449799,0.064257];[0.555556,0.444444,0.0];[0.435897,0.512821,0.051282];[0.10752688172,0.0430107526882,0.494623655914,0.354838709677];3;353.0;-0.133686757747;1218;41;0.12;1.0769230769230769;46.418461538461536;40.76923076923077;75.56923076923077;10.846153846153847;28.692307692307693;15.846153846153847;2.5353846153846153;0.0;6.181538461538461;0.72;1.923076923076923;0.396923076923077;2.3415384615384616;4.3076923076923075;10.846153846153847
11286;zone36;4119.983651650423;4281.100418217042;0.0;zone36;S01010291;12;1075;975;481;[0.405594,0.447552,0.146853];[0.627907,0.277132,0.094961];[0.415094,0.433962,0.150943];[0.562963,0.325926,0.111111];[0.197080291971,0.0729927007299,0.445255474453,0.284671532847];3;438.0;-0.0363924713322;682;27;0.09;1.9166666666666667;46.26666666666666;35.166666666666664;74.69333333333333;10.083333333333334;28.083333333333332;15.916666666666666;1.7966666666666669;0.0;6.563333333333333;0.36000000000000004;1.1600000000000001;0.2366666666666667;1.3533333333333335;7.333333333333333;9.416666666666666
11286;zone37;4399.731076226201;4291.6703625917;0.0;zone37;S01010292;10;890;831;409;[0.348214,0.508929,0.142857];[0.477169,0.420091,0.10274];[0.339286,0.446429,0.214286];[0.55814,0.383721,0.05814];[0.128378378378,0.0540540540541,0.398648648649,0.418918918919];4;323.0;-0.168488563048;886;23;0.092;1.5;39.136;42.0;82.21199999999999;12.6;31.5;13.3;4.008;0.0;7.364000000000002;0.472;2.132;0.40800000000000003;1.968;6.8;13.4
11286;zone38;4514.690807242894;4541.15458266895;0.0;zone38;S01010293;16;839;723;373;[0.51773,0.35461,0.12766];[0.635389,0.262735,0.101877];[0.446809,0.319149,0.234043];[0.514286,0.392857,0.092857];[0.242424242424,0.0606060606061,0.393939393939,0.30303030303];3;290.0;-0.205814991507;847;45;0.105;1.875;42.775;37.3125;78.985;11.5;31.1875;14.25;2.4949999999999997;0.0;4.305000000000001;0.4275;3.37;0.24000000000000002;1.9024999999999999;7.375;10.0
11286;zone39;4541.7482834333705;4418.565122351524;0.0;zone39;S01010294;13;690;631;275;[0.242105,0.526316,0.231579];[0.650873,0.214464,0.134663];[0.583333,0.208333,0.208333];[0.414894,0.489362,0.095745];[0.164835164835,0.043956043956,0.494505494505,0.296703296703];4;440.0;-0.0342259463805;1210;38;0.11384615384615385;1.0769230769230769;45.14153846153847;40.23076923076923;73.23692307692308;9.615384615384615;29.46153846153846;15.307692307692308;3.4184615384615378;0.0;3.60923076923077;0.7692307692307693;2.6523076923076925;0.353846153846154;2.2338461538461543;4.3076923076923075;9.76923076923077
11286;zone40;4766.8646917667475;4574.50133624035;0.0;zone40;S01010295;18;974;870;427;[0.384615,0.391026,0.224359];[0.604555,0.310559,0.084886];[0.428571,0.285714,0.285714];[0.390728,0.516556,0.092715];[0.212765957447,0.113475177305,0.297872340426,0.375886524823];4;529.0;0.0680145754747;1045;51;0.10444444444444445;1.2222222222222223;48.184444444444445;40.05555555555556;74.8488888888889;10.277777777777779;28.833333333333332;16.333333333333332;2.2800000000000002;0.0;6.191111111111112;0.4555555555555555;1.7355555555555557;0.25555555555555565;2.2733333333333334;4.555555555555555;10.11111111111111
11286;zone41;4647.752341766679;4736.091736240359;0.0;zone41;S01010296;16;664;560;291;[0.294118,0.423529,0.282353];[0.520913,0.368821,0.110266];[0.375,0.375,0.25];[0.475524,0.391608,0.132867];[0.282828282828,0.111111111111,0.363636363636,0.242424242424];2;856.0;0.444094443477;1318;28;0.07;1.625;48.605000000000004;26.25;72.47;10.625;29.0;16.4375;1.3375;0.0;3.0300000000000002;0.36250000000000004;1.29;0.39000000000000007;1.8399999999999999;6.25;5.5
11286;zone42;5522.849421766708;4411.996091240393;0.0;zone42;S01010297;7;1066;894;676;[0.582609,0.382609,0.034783];[0.691824,0.245283,0.062893];[0.540541,0.333333,0.126126];[0.681275,0.270916,0.047809];[0.260563380282,0.140845070423,0.37323943662,0.225352112676];1;504.0;0.0391758595379;1019;8;0.04571428571428571;1.8571428571428572;38.72571428571429;18.571428571428573;64.61714285714287;9.428571428571429;27.428571428571427;13.0;1.0628571428571427;0.0;0.5599999999999999;0.1142857142857143;2.582857142857143;0.24;1.9828571428571427;6.0;3.7142857142857144
11286;zone43;4706.481893689814;4143.807995855712;0.0;zone43;S01010298;12;880;677;515;[0.308943,0.479675,0.211382];[0.581395,0.356589,0.062016];[0.539683,0.396825,0.063492];[0.744828,0.193103,0.062069];[0.227272727273,0.0984848484848,0.371212121212,0.30303030303];1;486.0;0.0190902878356;1041;18;0.06;1.6666666666666667;42.75666666666667;26.75;64.39666666666666;9.083333333333334;26.583333333333332;14.25;2.0000000000000004;0.0;2.516666666666667;0.7200000000000001;0.5966666666666667;0.38666666666666666;1.72;4.833333333333333;5.333333333333333
11286;zone44;4885.424673909578;4209.645754097502;0.0;zone44;S01010299;4;536;404;292;[0.3,0.54,0.16];[0.556701,0.340206,0.103093];[0.458333,0.520833,0.020833];[0.584906,0.283019,0.132075];[0.428571428571,0.0857142857143,0.285714285714,0.2];1;375.0;-0.10827530326;715;9;0.09;2.5;37.86;25.0;64.28999999999999;9.25;26.5;12.75;0.8;0.0;0.41000000000000003;0.42000000000000004;2.91;0.17;1.73;7.75;4.0
11286;zone45;4883.397012115578;4340.414778682246;0.0;zone45;S01010300;21;934;764;478;[0.460784,0.411765,0.127451];[0.664653,0.238671,0.096677];[0.632353,0.323529,0.044118];[0.606383,0.329787,0.06383];[0.3046875,0.125,0.3515625,0.21875];2;513.0;0.0498225801839;735;28;0.05142857142857143;1.2857142857142858;36.76380952380952;30.333333333333332;74.15619047619046;12.095238095238095;30.523809523809526;12.619047619047619;2.59047619047619;0.0;3.8476190476190473;0.29714285714285715;2.2971428571428576;0.4000000000000001;2.531428571428572;5.380952380952381;8.428571428571429
11286;zone46;5144.66081966521;4032.769083704074;0.0;zone46;S01010301;6;522;457;283;[0.292683,0.597561,0.109756];[0.57563,0.315126,0.109244];[0.222222,0.703704,0.074074];[0.561798,0.393258,0.044944];[0.214285714286,0.0612244897959,0.459183673469,0.265306122449];4;490.0;0.0232745011966;1146;30;0.19333333333333333;1.0;37.54666666666667;46.0;84.98;12.666666666666666;34.0;12.833333333333334;9.653333333333334;0.0;1.5866666666666667;0.48000000000000004;3.973333333333333;0.6933333333333334;2.2933333333333334;5.166666666666667;15.333333333333334
11286;zone47;5165.568789180556;4297.038752619699;0.0;zone47;S01010302;24;669;495;388;[0.65625,0.28125,0.0625];[0.6,0.356522,0.043478];[0.716981,0.226415,0.056604];[0.801802,0.18018,0.018018];[0.582417582418,0.0769230769231,0.263736263736,0.0769230769231];1;392.0;-0.0896499889057;1676;50;0.08;1.0416666666666667;52.423333333333325;27.625;72.96333333333334;11.0;29.083333333333332;17.541666666666668;4.221666666666666;0.0;0.6066666666666668;0.17500000000000002;1.9433333333333336;0.45;2.52;3.7083333333333335;6.541666666666667
11286;zone48;5241.140616766716;4139.402270499609;0.0;zone48;S01010303;33;579;387;250;[0.692308,0.153846,0.153846];[0.56701,0.298969,0.134021];[0.630435,0.282609,0.086957];[0.658879,0.285047,0.056075];[0.58407079646,0.106194690265,0.274336283186,0.0353982300885];1;415.0;-0.0627120940391;1609;65;0.07636363636363637;1.4545454545454546;45.75636363636363;26.848484848484848;75.6666666666667;11.969696969696969;30.272727272727273;15.424242424242424;4.153939393939393;0.0;0.970909090909091;0.18303030303030307;2.250909090909091;0.32484848484848483;2.419393939393939;5.909090909090909;7.0606060606060606
11286;zone49;4853.647576226233;3833.123065294377;0.0;zone49;S01010304;12;542;456;332;[0.323529,0.514706,0.161765];[0.635135,0.25,0.114865];[0.477273,0.522727,0.0];[0.829268,0.109756,0.060976];[0.372340425532,0.0425531914894,0.297872340426,0.287234042553];1;804.0;0.384523850516;1773;25;0.07666666666666666;2.25;70.83666666666667;25.916666666666668;84.74666666666666;10.166666666666666;29.5;24.75;4.5566666666666675;0.0;0.6133333333333334;0.32666666666666666;1.1266666666666667;0.43333333333333335;1.6866666666666668;9.916666666666666;6.083333333333333
11286;zone50;4697.410406890209;3639.1027396354093;0.0;zone50;S01010305;7;807;694;478;[0.36036,0.468468,0.171171];[0.553191,0.33617,0.110638];[0.409639,0.301205,0.289157];[0.589888,0.337079,0.073034];[0.198529411765,0.0735294117647,0.382352941176,0.345588235294];1;223.0;-0.28282788147;678;15;0.08571428571428572;0.5714285714285714;37.93142857142857;34.142857142857146;77.82285714285716;14.714285714285714;33.285714285714285;12.285714285714286;5.428571428571429;0.0;2.2857142857142856;1.8171428571428574;0.8;0.4914285714285715;2.5942857142857143;2.2857142857142856;9.714285714285714
11286;zone51;4591.3082521834585;3868.367573740388;0.0;zone51;S01010306;13;752;675;449;[0.35625,0.56875,0.075];[0.570588,0.355882,0.073529];[0.283019,0.566038,0.150943];[0.650943,0.330189,0.018868];[0.165680473373,0.0473372781065,0.479289940828,0.307692307692];2;238.0;-0.265781391166;753;29;0.08;1.1538461538461537;43.52307692307692;34.38461538461539;68.92923076923077;10.461538461538462;28.53846153846154;14.615384615384615;3.184615384615384;0.0;2.0584615384615383;1.9692307692307696;0.20923076923076928;0.41538461538461546;1.8461538461538465;4.0;6.923076923076923
11286;zone52;4503.72067559025;3742.2957906521283;0.0;zone52;S01010307;9;821;732;428;[0.189922,0.577519,0.232558];[0.407407,0.487654,0.104938];[0.346154,0.538462,0.115385];[0.71875,0.234375,0.046875];[0.0681818181818,0.0568181818182,0.375,0.5];5;319.0;-0.172537833795;454;20;0.08888888888888889;1.5555555555555556;37.09777777777778;40.666666666666664;76.66666666666666;12.222222222222221;30.88888888888889;12.333333333333334;2.84;0.0;2.453333333333333;3.6800000000000006;0.6577777777777777;0.6266666666666666;1.7733333333333332;7.0;9.11111111111111
11286;zone53;4364.519870735056;4047.768725526131;0.0;zone53;S01010308;9;975;858;480;[0.285714,0.54007,0.174216];[0.511936,0.384615,0.103448];[0.254902,0.411765,0.333333];[0.648352,0.307692,0.043956];[0.0970873786408,0.0631067961165,0.359223300971,0.480582524272];4;257.0;-0.244477582955;1257;33;0.14222222222222222;0.7777777777777778;47.04;43.666666666666664;79.99111111111112;11.666666666666666;31.444444444444443;15.777777777777779;4.9111111111111105;0.0;4.564444444444444;1.6444444444444446;0.9822222222222222;0.5466666666666667;2.48;4.111111111111111;11.777777777777779
11286;zone54;5381.88771051669;3636.3205112402793;0.0;zone54;S01010309;4;419;356;264;[0.333333,0.25,0.416667];[0.478873,0.422535,0.098592];[0.352941,0.382353,0.264706];[0.705882,0.24183,0.052288];[0.365853658537,0.170731707317,0.390243902439,0.0731707317073];1;0.0;-0.540229885057;1636;8;0.06;0.75;52.84;28.0;71.37;9.0;28.75;18.0;4.34;0.0;1.78;0.36;1.42;0.30000000000000004;2.63;3.25;7.5
11286;zone55;5657.373406240428;3625.6586165034923;0.0;zone55;S01010310;13;706;540;381;[0.333333,0.238095,0.428571];[0.565517,0.337931,0.096552];[0.54902,0.27451,0.176471];[0.715415,0.256917,0.027668];[0.484848484848,0.151515151515,0.318181818182,0.0454545454545];1;574.0;0.120406534162;822;16;0.04615384615384616;1.3846153846153846;49.48307692307693;29.53846153846154;72.19076923076923;10.153846153846153;28.923076923076923;16.53846153846154;1.8030769230769232;0.0;0.990769230769231;0.12307692307692308;3.824615384615384;0.32;2.5046153846153847;5.0;6.230769230769231
11286;zone56;5685.425126382168;3318.6970593171873;0.0;zone56;S01010311;22;721;556;351;[0.411765,0.352941,0.235294];[0.472222,0.453704,0.074074];[0.571429,0.404762,0.02381];[0.717949,0.271062,0.010989];[0.565217391304,0.121739130435,0.269565217391,0.0434782608696];1;1534.0;1.22364271569;1843;32;0.05636363636363637;1.7727272727272727;67.48;25.681818181818183;80.07818181818179;9.727272727272727;29.136363636363637;23.227272727272727;2.1054545454545455;0.0;2.2927272727272725;0.06909090909090908;2.2836363636363632;0.21636363636363642;2.3945454545454545;6.7272727272727275;6.136363636363637
11286;zone57;5466.52613028024;3072.1402274564575;0.0;zone57;S01010312;34;868;647;425;[0.117647,0.823529,0.058824];[0.754386,0.22807,0.017544];[0.407407,0.444444,0.148148];[0.804945,0.153846,0.041209];[0.586956521739,0.115942028986,0.268115942029,0.0289855072464];1;685.0;0.247477927043;1681;57;0.06470588235294118;1.1176470588235294;58.309411764705885;26.705882352941178;79.36352941176472;11.882352941176471;30.764705882352942;20.058823529411764;1.688235294117647;0.0;2.7;0.07529411764705883;2.5764705882352943;0.4729411764705882;2.635294117647059;4.676470588235294;6.588235294117647
11286;zone58;5251.7403530303945;3502.549209042501;0.0;zone58;S01010313;16;654;529;356;[0.428571,0.285714,0.285714];[0.6,0.333333,0.066667];[0.433735,0.481928,0.084337];[0.739623,0.162264,0.098113];[0.648351648352,0.131868131868,0.175824175824,0.043956043956];1;565.0;0.109617915218;2099;14;0.035;1.25;70.3075;23.25;82.96999999999998;11.375;31.0625;23.875;2.0300000000000002;0.0;2.2700000000000005;0.055;2.3149999999999995;0.44500000000000006;2.9299999999999997;4.875;6.1875
11286;zone59;4840.312157862589;3385.4448126102257;0.0;zone59;S01010314;21;1248;1034;550;[0.358209,0.507463,0.134328];[0.514493,0.333333,0.152174];[0.5,0.326923,0.173077];[0.636,0.324,0.04];[0.316901408451,0.133802816901,0.401408450704,0.147887323944];1;637.0;0.192402372167;1428;38;0.06857142857142857;1.5238095238095237;39.230476190476196;24.38095238095238;78.17904761904762;13.142857142857142;32.04761904761905;13.095238095238095;3.177142857142858;0.0;2.881904761904762;0.622857142857143;1.1180952380952383;0.40952380952380957;2.5123809523809526;7.380952380952381;7.380952380952381
11286;zone60;4536.293429266749;2504.1273706154316;0.0;zone60;S01010315;43;911;678;409;[0.180723,0.554217,0.26506];[0.252632,0.457895,0.289474];[0.208333,0.5,0.291667];[0.55144,0.345679,0.102881];[0.308176100629,0.169811320755,0.358490566038,0.163522012579];2;382.0;-0.100954860853;1679;88;0.08;1.5116279069767442;49.89767441860467;30.25581395348837;75.61209302325581;10.883720930232558;29.53488372093023;17.046511627906977;2.506976744186047;0.0;2.506046511627907;0.0;2.6539534883720934;0.31720930232558137;2.253023255813953;6.093023255813954;7.232558139534884
11286;zone61;4589.6619547948285;2943.195659127726;0.0;zone61;S01010316;25;512;414;304;[0.392157,0.529412,0.078431];[0.62931,0.37069,0.0];[0.439024,0.560976,0.0];[0.775401,0.224599,0.0];[0.439252336449,0.102803738318,0.252336448598,0.205607476636];1;481.0;0.0128180141103;1391;65;0.0992;1.48;45.5568;28.36;74.14240000000001;10.8;29.6;15.56;2.3136;0.0;3.5024;0.10719999999999999;2.1232;0.3664;2.1104;5.88;7.6
11286;zone63;4421.5566371748755;3071.026327566895;0.0;zone63;S01010318;12;1588;1497;304;[0.5,0.456522,0.043478];[0.469799,0.47651,0.053691];[0.310345,0.37931,0.310345];[0.678571,0.285714,0.035714];[0.36,0.14,0.34,0.16];3;317.0;-0.175110645645;1204;29;0.09333333333333334;1.1666666666666667;57.113333333333344;38.833333333333336;88.62;12.083333333333334;32.666666666666664;19.333333333333332;5.816666666666667;0.0;5.23;0.6;1.59;0.32;2.91;6.333333333333333;12.75
11286;zone64;4173.240913470097;2893.8040771744095;0.0;zone64;S01010319;9;711;624;407;[0.258741,0.608392,0.132867];[0.383399,0.486166,0.130435];[0.439394,0.212121,0.348485];[0.530769,0.384615,0.084615];[0.171974522293,0.0700636942675,0.471337579618,0.286624203822];2;473.0;0.00423719084943;1451;13;0.05777777777777778;1.6666666666666667;44.208888888888886;27.0;72.92;10.666666666666666;28.88888888888889;14.88888888888889;4.515555555555555;0.0;1.4133333333333333;0.06666666666666667;1.4755555555555555;0.3288888888888889;1.7777777777777777;7.222222222222222;7.111111111111111
11286;zone65;3940.1918462749595;2900.8899784533987;0.0;zone65;S01010320;4;675;594;437;[0.257813,0.523438,0.21875];[0.61753,0.298805,0.083665];[0.526316,0.22807,0.245614];[0.805085,0.169492,0.025424];[0.172185430464,0.0662251655629,0.443708609272,0.317880794702];1;646.0;0.202453315259;1145;8;0.08;2.25;30.29;22.0;62.9;9.25;26.25;10.25;2.37;0.0;1.8900000000000001;0.22999999999999998;0.58;0.1;1.8599999999999999;7.75;4.5
11286;zone66;3905.8658739096163;2664.6669636212755;0.0;zone66;S01010321;7;837;634;432;[0.401709,0.555556,0.042735];[0.54717,0.433962,0.018868];[0.45122,0.439024,0.109756];[0.666667,0.271186,0.062147];[0.212328767123,0.0958904109589,0.390410958904,0.301369863014];1;1019.0;0.631764531736;1924;10;0.05714285714285714;2.142857142857143;49.02857142857143;21.142857142857142;81.22857142857141;12.714285714285714;31.0;17.0;3.1714285714285713;0.0;1.7314285714285713;0.05142857142857143;1.5714285714285714;0.5314285714285714;1.5371428571428571;9.857142857142858;6.285714285714286
11286;zone67;3630.3978644730896;3132.1651121578075;0.0;zone67;S01010322;9;1028;914;549;[0.174419,0.549419,0.276163];[0.412399,0.471698,0.115903];[0.298507,0.38806,0.313433];[0.647059,0.323529,0.029412];[0.057268722467,0.0352422907489,0.449339207048,0.458149779736];5;124.0;-0.397569575369;1571;29;0.1288888888888889;1.4444444444444444;44.82666666666667;50.55555555555556;81.8488888888889;11.333333333333334;31.11111111111111;15.555555555555555;6.137777777777778;0.0;4.395555555555555;1.6355555555555554;2.3200000000000003;0.3555555555555555;1.528888888888889;5.777777777777778;13.88888888888889
11286;zone68;6208.193116766784;3072.425066795916;0.0;zone68;S01010323;4;603;466;377;[0.555556,0.444444,0.0];[0.657143,0.271429,0.071429];[0.642857,0.321429,0.035714];[0.793651,0.166667,0.039683];[0.578431372549,0.166666666667,0.235294117647,0.0196078431373];1;970.0;0.57559463238;977;5;0.05;1.25;42.19;32.25;68.22;9.25;27.5;14.25;4.3;0.0;0.41;0.0;2.59;0.37;2.33;5.5;7.0
11286;zone69;6517.651722029823;2240.572579661372;0.0;zone69;S01010324;6;759;566;403;[0.142857,0.571429,0.285714];[0.298077,0.490385,0.211538];[0.333333,0.530864,0.135802];[0.401674,0.414226,0.1841];[0.569620253165,0.101265822785,0.291139240506,0.0379746835443];1;407.0;-0.0721601679586;1670;8;0.05333333333333334;0.6666666666666666;29.513333333333335;23.0;59.44;11.0;27.166666666666668;9.5;1.2866666666666666;0.0;1.6533333333333333;0.0;1.9333333333333333;0.45333333333333337;2.4600000000000004;2.0;4.333333333333333
11286;zone70;6038.016041009105;2402.8415869980217;0.0;zone70;S01010325;18;939;666;501;[0.263158,0.368421,0.368421];[0.383838,0.525253,0.090909];[0.253623,0.615942,0.130435];[0.451362,0.463035,0.085603];[0.545454545455,0.238636363636,0.193181818182,0.0227272727273];1;225.0;-0.281126582053;1591;23;0.04888888888888889;1.2777777777777777;39.06222222222223;23.833333333333332;71.68444444444442;12.277777777777779;30.72222222222222;13.11111111111111;1.1;0.0;0.7488888888888889;0.0;3.671111111111111;0.5177777777777778;2.393333333333333;5.444444444444445;5.055555555555555
11286;zone71;5272.359331052501;2740.775131541117;0.0;zone71;S01010326;39;987;707;494;[0.526316,0.368421,0.105263];[0.522523,0.333333,0.144144];[0.492188,0.3125,0.195313];[0.723514,0.224806,0.05168];[0.54375,0.16875,0.23125,0.05625];1;1389.0;1.05701743376;919;63;0.06051282051282051;1.2307692307692308;42.495384615384616;23.871794871794872;71.70871794871795;11.076923076923077;29.82051282051282;14.307692307692308;1.3835897435897435;0.0;4.660512820512819;0.0;1.070769230769231;0.3097435897435897;2.543589743589744;5.0256410256410255;6.641025641025641
11286;zone72;4970.167032608406;2501.795090448298;0.0;zone72;S01010327;34;982;660;362;[0.031746,0.507937,0.460317];[0.372881,0.432203,0.194915];[0.289063,0.328125,0.382813];[0.516892,0.347973,0.135135];[0.416184971098,0.21387283237,0.236994219653,0.132947976879];1;470.0;0.000335688704598;964;65;0.07529411764705882;1.0;39.432941176470585;30.352941176470587;69.54588235294118;10.794117647058824;28.5;13.264705882352942;2.1894117647058824;0.0;5.894117647058826;0.04235294117647059;0.8058823529411765;0.29411764705882365;2.3647058823529417;3.8823529411764706;8.411764705882353
11286;zone73;5975.307390960257;2677.5485166167286;0.0;zone73;S01010328;24;969;706;445;[0.16129,0.5,0.33871];[0.27044,0.471698,0.257862];[0.192547,0.434783,0.372671];[0.338983,0.432203,0.228814];[0.309352517986,0.258992805755,0.280575539568,0.151079136691];2;457.0;-0.0138550124678;1933;34;0.05666666666666666;1.0833333333333333;39.16833333333333;25.416666666666668;66.62166666666667;10.583333333333334;28.916666666666668;13.166666666666666;1.153333333333333;0.0;0.9933333333333333;0.0;3.49;0.40833333333333327;2.55;3.5;5.125
11286;zone74;4421.847657862615;2232.0860934321454;0.0;zone74;S01010329;21;573;435;290;[0.368421,0.263158,0.368421];[0.341176,0.470588,0.188235];[0.255814,0.465116,0.27907];[0.52,0.354286,0.125714];[0.438356164384,0.191780821918,0.27397260274,0.0958904109589];2;105.0;-0.418628586414;1727;35;0.06666666666666667;0.9523809523809523;40.53142857142857;29.38095238095238;66.52571428571429;10.0;28.285714285714285;13.619047619047619;2.3485714285714288;0.0;2.201904761904762;0.01714285714285714;2.2857142857142856;0.36571428571428577;2.1942857142857144;3.4761904761904763;6.285714285714286
