cycle;name;location.x;location.y;location.z;name;dataZone;nm_children;pop;over16;nm_hh;AB_car_prob;C1_car_prob;C2_car_prob;DE_car_prob;prob_social;simd;crimeRate;norm_crime;avg_dis_sh;neigh_play;daily_play_per_child;avg_FSA;avg_walk;daily_OD;zone_mvpa;mvpa_home;mvpa_sc;mvpa_road;mvpa_play_field;mvpa_home_garden;mvpa_park;mvpa_PG;mvpa_amenity;mvpa_shops;mvpa_F_home;mvpa_fsa;mvpa_OD
11286;zone0;8448.90275962388;2625.4515469546564;0.0;zone0;S01010195;19;531;390;212;[0.0,0.481481,0.518519];[0.261538,0.646154,0.092308];[0.12,0.59,0.29];[0.447368,0.368421,0.184211];[0.418918918919,0.283783783784,0.202702702703,0.0945945945946];1;0.0;-0.540229885057;1134;30;0.05894736842105263;1.368421052631579;36.67368421052632;25.210526315789473;71.87157894736843;11.0;30.210526315789473;12.68421052631579;0.6126315789473684;0.0;2.8968421052631577;0.05263157894736842;2.770526315789474;0.456842105263158;2.5957894736842113;6.842105263157895;5.7894736842105265
11286;zone1;8656.736904000718;2165.9902346445633;0.0;zone1;S01010198;18;1027;748;394;[0.058824,0.529412,0.411765];[0.305785,0.561983,0.132231];[0.219858,0.496454,0.283688];[0.523179,0.331126,0.145695];[0.48623853211,0.229357798165,0.266055045872,0.0183486238532];1;1609.0;1.3102524676;1207;25;0.05555555555555555;1.5;38.239999999999995;25.77777777777778;69.74;11.11111111111111;29.444444444444443;12.88888888888889;1.12;0.0;2.477777777777778;0.0;2.7222222222222228;0.3422222222222222;2.6599999999999997;5.166666666666667;5.833333333333333
11286;zone2;8537.588755655543;3024.028900129281;0.0;zone2;S01010201;22;643;453;253;[0.0,0.47619,0.52381];[0.270833,0.3125,0.416667];[0.088,0.48,0.432];[0.296552,0.434483,0.268966];[0.365853658537,0.292682926829,0.292682926829,0.0487804878049];2;219.0;-0.28762447053;864;42;0.07090909090909091;1.4090909090909092;36.87454545454545;30.363636363636363;72.30363636363636;11.590909090909092;30.181818181818183;12.727272727272727;1.1145454545454543;0.0;2.296363636363637;0.03818181818181818;3.9690909090909083;0.3145454545454546;2.370909090909091;6.2272727272727275;7.045454545454546
11286;zone3;8059.42097232239;3767.666522351409;0.0;zone3;S01010203;30;671;504;260;[0.090909,0.363636,0.545455];[0.263804,0.460123,0.276074];[0.094828,0.422414,0.482759];[0.183824,0.375,0.441176];[0.272727272727,0.218181818182,0.363636363636,0.145454545455];3;215.0;-0.292668818285;1954;76;0.09866666666666667;1.7333333333333334;40.40266666666667;25.933333333333334;69.06533333333333;10.1;29.066666666666666;13.6;1.7586666666666668;0.0;2.266666666666667;0.0;2.474666666666667;0.36000000000000004;1.8946666666666665;5.833333333333333;6.0
11286;zone4;8368.288440296214;3565.498290652094;0.0;zone4;S01010204;30;800;589;381;[0.272727,0.727273,0.0];[0.627451,0.27451,0.098039];[0.444444,0.533333,0.022222];[0.600619,0.321981,0.077399];[0.595041322314,0.157024793388,0.239669421488,0.00826446280992];1;497.0;0.0317745673598;1448;49;0.06;1.1666666666666667;41.59866666666665;26.533333333333335;71.31866666666664;11.4;29.766666666666666;14.033333333333333;0.9293333333333335;0.0;2.444;0.0;3.2133333333333334;0.4000000000000001;2.618666666666667;4.9;6.1
11286;zone5;8034.229745798958;3515.110462853287;0.0;zone5;S01010205;15;658;534;355;[0.411765,0.117647,0.470588];[0.465116,0.457364,0.077519];[0.317757,0.588785,0.093458];[0.593458,0.280374,0.126168];[0.466666666667,0.2,0.3,0.0333333333333];1;925.0;0.523434132086;1342;19;0.05066666666666667;1.2;46.58933333333333;25.733333333333334;73.70666666666668;11.466666666666667;30.266666666666666;15.8;1.2133333333333336;0.0;2.272;0.0;3.413333333333333;0.30933333333333335;2.677333333333333;4.6;6.466666666666667
11286;zone6;7457.064719570519;3739.055375726369;0.0;zone6;S01010208;18;903;745;565;[0.30137,0.589041,0.109589];[0.48062,0.457364,0.062016];[0.272727,0.613636,0.113636];[0.66055,0.270642,0.068807];[0.233333333333,0.133333333333,0.461111111111,0.172222222222];1;603.0;0.153385979085;1395;24;0.04666666666666667;1.2222222222222223;37.48222222222222;19.88888888888889;72.99555555555557;13.222222222222221;31.055555555555557;12.666666666666666;1.1377777777777778;0.0;1.7311111111111113;0.0;2.4088888888888897;0.5266666666666666;2.6622222222222223;5.777777777777778;4.722222222222222
11286;zone7;7917.838214725937;1939.334458859395;0.0;zone7;S01010209;24;966;677;468;[0.172414,0.586207,0.241379];[0.333333,0.414966,0.251701];[0.381944,0.458333,0.159722];[0.545852,0.336245,0.117904];[0.337931034483,0.248275862069,0.303448275862,0.110344827586];1;2053.0;1.82052250092;1575;29;0.045;1.2916666666666667;49.04666666666666;21.5;71.63666666666667;11.166666666666666;29.208333333333332;16.708333333333332;0.9550000000000002;0.0;2.65;0.0;1.9299999999999997;0.3600000000000001;2.2899999999999996;4.625;5.0
11286;zone8;7878.406567747077;2721.2634132011362;0.0;zone8;S01010210;18;885;641;416;[0.173913,0.456522,0.369565];[0.21519,0.5,0.28481];[0.189781,0.386861,0.423358];[0.422111,0.442211,0.135678];[0.394736842105,0.236842105263,0.254385964912,0.114035087719];1;344.0;-0.144253829852;1151;36;0.07777777777777778;1.5;38.33555555555555;21.944444444444443;68.36222222222221;11.0;29.166666666666668;13.055555555555555;0.9444444444444444;0.0;2.2444444444444445;0.0;2.0911111111111107;0.29777777777777786;2.246666666666667;5.5;4.777777777777778
11286;zone9;7785.599648345685;3201.783800714137;0.0;zone9;S01010211;22;858;634;452;[0.147059,0.705882,0.147059];[0.384615,0.452991,0.162393];[0.469565,0.4,0.130435];[0.722656,0.226563,0.050781];[0.473214285714,0.169642857143,0.285714285714,0.0714285714286];1;430.0;-0.0456985893816;1138;32;0.05636363636363637;1.5454545454545454;49.79454545454546;25.09090909090909;76.55818181818184;11.227272727272727;30.363636363636363;16.90909090909091;1.3054545454545456;0.0;2.123636363636364;0.0;3.141818181818181;0.4290909090909091;2.1290909090909094;7.090909090909091;6.045454545454546
11286;zone10;7580.688680869333;3097.127786881416;0.0;zone10;S01010212;49;1083;779;559;[0.233333,0.633333,0.133333];[0.594771,0.339869,0.065359];[0.465517,0.405172,0.12931];[0.712821,0.269231,0.017949];[0.566037735849,0.138364779874,0.22641509434,0.0691823899371];1;1473.0;1.15298517036;1207;72;0.0546938775510204;1.489795918367347;47.03836734693877;27.448979591836736;74.16408163265308;10.938775510204081;30.040816326530614;16.020408163265305;1.3077551020408162;0.0;2.324081632653061;0.0;3.445714285714284;0.39673469387755095;2.15265306122449;5.918367346938775;6.63265306122449
11286;zone11;8065.177293237223;3111.5884965344962;0.0;zone11;S01010213;13;924;657;476;[0.105263,0.684211,0.210526];[0.382609,0.547826,0.069565];[0.218543,0.556291,0.225166];[0.467925,0.483019,0.049057];[0.451327433628,0.221238938053,0.274336283186,0.0530973451327];1;247.0;-0.255840453357;1033;12;0.03692307692307693;1.6153846153846154;35.18769230769231;23.76923076923077;70.71076923076922;12.076923076923077;30.153846153846153;12.076923076923077;1.7415384615384615;0.0;1.0553846153846154;0.0;3.0430769230769226;0.44307692307692315;2.4953846153846158;5.923076923076923;5.461538461538462
11286;zone12;7144.994858230166;1947.4125453867302;0.0;zone12;S01010214;27;967;717;396;[0.098592,0.28169,0.619718];[0.197531,0.438272,0.364198];[0.173333,0.493333,0.333333];[0.237069,0.487069,0.275862];[0.361344537815,0.210084033613,0.310924369748,0.117647058824];3;176.0;-0.337854473183;1760;48;0.06962962962962962;1.8148148148148149;53.8948148148148;27.185185185185187;77.01925925925926;10.62962962962963;29.85185185185185;18.40740740740741;1.795555555555556;0.0;1.9985185185185186;0.0;3.059259259259259;0.2740740740740742;1.8222222222222224;7.407407407407407;6.444444444444445
11286;zone13;7013.590150664996;2618.495528189446;0.0;zone13;S01010215;24;850;608;492;[0.571429,0.285714,0.142857];[0.5,0.431373,0.068627];[0.382609,0.391304,0.226087];[0.678571,0.269841,0.051587];[0.467289719626,0.140186915888,0.345794392523,0.0467289719626];1;547.0;0.0886083430805;521;40;0.06;1.9166666666666667;34.03666666666666;24.416666666666668;65.89833333333333;10.083333333333334;28.5;11.541666666666666;0.45500000000000007;0.0;1.0699999999999998;0.0;3.17;0.38500000000000006;1.9449999999999996;7.0;4.208333333333333
11286;zone14;7332.222205807836;2329.961970144465;0.0;zone14;S01010216;15;621;464;361;[0.6,0.4,0.0];[0.597701,0.356322,0.045977];[0.409091,0.439394,0.151515];[0.709544,0.273859,0.016598];[0.5,0.163265306122,0.265306122449,0.0714285714286];1;600.0;0.150092344085;1307;17;0.04533333333333334;2.2666666666666666;53.45866666666667;21.4;80.11466666666666;11.666666666666666;30.733333333333334;18.066666666666666;0.5733333333333334;0.0;2.509333333333333;0.0;2.6213333333333337;0.34933333333333333;1.8613333333333333;10.066666666666666;5.2
11286;zone15;7299.833172322251;2625.8610945736937;0.0;zone15;S01010217;33;817;598;406;[0.16129,0.516129,0.322581];[0.565517,0.4,0.034483];[0.5,0.431373,0.068627];[0.702703,0.283784,0.013514];[0.541935483871,0.0967741935484,0.296774193548,0.0645161290323];1;1060.0;0.679274950851;1018;58;0.06424242424242424;1.7575757575757576;42.70787878787878;25.12121212121212;70.38060606060606;10.545454545454545;29.03030303030303;14.333333333333334;0.9987878787878788;0.0;2.027878787878788;0.0;3.0630303030303034;0.3296969696969696;1.9684848484848487;6.363636363636363;5.575757575757576
11286;zone16;7142.953643082513;3018.5401822929393;0.0;zone16;S01010218;31;1018;790;587;[0.425532,0.404255,0.170213];[0.392523,0.453271,0.154206];[0.358209,0.492537,0.149254];[0.589124,0.335347,0.075529];[0.424657534247,0.109589041096,0.369863013699,0.0958904109589];1;557.0;0.101026678737;550;48;0.05419354838709677;1.064516129032258;29.60129032258064;27.838709677419356;68.02322580645162;11.96774193548387;30.129032258064516;10.129032258064516;1.0799999999999998;0.0;2.0658064516129033;0.0;3.905806451612903;0.4864516129032258;2.6193548387096777;3.967741935483871;6.580645161290323
11286;zone17;6738.8937706128745;4298.8917997019325;0.0;zone17;S01010219;21;503;382;274;[0.695652,0.304348,0.0];[0.758621,0.215517,0.025862];[0.761905,0.166667,0.071429];[0.781609,0.195402,0.022989];[0.41935483871,0.0752688172043,0.408602150538,0.0967741935484];2;184.0;-0.327838932938;1354;46;0.0838095238095238;1.380952380952381;66.02476190476192;33.333333333333336;79.30857142857141;9.761904761904763;29.333333333333332;22.571428571428573;2.1523809523809523;0.0;3.584761904761904;0.03428571428571429;2.16952380952381;0.3142857142857144;1.822857142857143;5.904761904761905;7.523809523809524
11286;zone18;5915.780765415368;4211.222876105162;0.0;zone18;S01010220;7;476;433;279;[0.181159,0.608696,0.210145];[0.404255,0.531915,0.06383];[0.227273,0.704545,0.068182];[0.448276,0.482759,0.068966];[0.154545454545,0.0636363636364,0.318181818182,0.463636363636];5;267.0;-0.232306706325;1277;17;0.09714285714285714;2.0;33.38857142857143;30.714285714285715;81.78857142857142;13.428571428571429;32.714285714285715;11.0;5.748571428571428;0.0;2.948571428571428;0.22857142857142856;1.7542857142857144;0.4342857142857143;1.9085714285714286;10.0;10.285714285714286
11286;zone19;6341.0811208317455;3913.8398648988496;0.0;zone19;S01010221;13;546;394;260;[0.6,0.4,0.0];[0.557377,0.409836,0.032787];[0.538462,0.323077,0.138462];[0.699387,0.257669,0.042945];[0.609375,0.140625,0.203125,0.046875];1;635.0;0.19005459739;1293;18;0.05538461538461539;1.1538461538461537;52.083076923076916;20.153846153846153;75.98153846153846;12.0;30.0;17.923076923076923;2.550769230769231;0.0;3.083076923076923;0.00615384615384615;0.8492307692307691;0.4123076923076924;2.5138461538461536;5.153846153846154;5.923076923076923
11286;zone20;7001.213463613622;4053.9957950241624;0.0;zone20;S01010222;15;492;414;285;[0.142857,0.5,0.357143];[0.432432,0.459459,0.108108];[0.348624,0.522936,0.12844];[0.747899,0.235294,0.016807];[0.345238095238,0.214285714286,0.309523809524,0.130952380952];1;377.0;-0.105830277325;1902;33;0.088;1.6666666666666667;49.68266666666667;24.866666666666667;72.54400000000001;10.333333333333334;29.333333333333332;16.8;1.304;0.0;1.9253333333333336;0.0;2.624;0.32800000000000007;2.029333333333333;5.933333333333334;5.4
11286;zone21;6986.8418912765155;3434.1450308482026;0.0;zone21;S01010223;4;556;462;337;[0.076923,0.538462,0.384615];[0.567797,0.330508,0.101695];[0.472222,0.444444,0.083333];[0.584699,0.36612,0.04918];[0.432432432432,0.162162162162,0.324324324324,0.0810810810811];1;439.0;-0.0353356041414;1663;2;0.01;1.25;70.55;20.0;70.98;8.25;26.25;24.75;0.8200000000000001;0.0;2.02;0.0;1.21;0.29000000000000004;1.33;4.5;3.5
11286;zone22;6247.397837456437;3329.661273309237;0.0;zone22;S01010224;40;1036;727;469;[0.405405,0.540541,0.054054];[0.592593,0.274074,0.133333];[0.418803,0.504274,0.076923];[0.768421,0.202632,0.028947];[0.506097560976,0.140243902439,0.268292682927,0.0853658536585];1;1004.0;0.614259332793;1020;68;0.065;1.025;46.12700000000001;23.3;71.84799999999998;11.4;29.375;15.675;3.5699999999999994;0.0;1.9969999999999999;0.03299999999999999;1.1739999999999997;0.44699999999999995;2.4179999999999997;4.15;6.375
11286;zone23;7827.985844039554;4105.4701191949;0.0;zone23;S01010225;33;812;636;431;[0.25,0.634615,0.115385];[0.469072,0.43299,0.097938];[0.54023,0.413793,0.045977];[0.672065,0.234818,0.093117];[0.385185185185,0.125925925926,0.325925925926,0.162962962963];1;1006.0;0.616572011517;1528;52;0.05939393939393939;1.0;52.917575757575754;22.272727272727273;75.54424242424243;11.757575757575758;30.333333333333332;18.12121212121212;1.9866666666666668;0.0;2.2060606060606065;0.01575757575757576;2.0836363636363635;0.5187878787878787;2.598787878787879;4.181818181818182;5.787878787878788
11286;zone24;7040.363001382077;4481.052780471187;0.0;zone24;S01010226;40;816;565;394;[0.454545,0.242424,0.30303];[0.715385,0.2,0.084615];[0.540541,0.405405,0.054054];[0.766917,0.18797,0.045113];[0.503355704698,0.201342281879,0.221476510067,0.0738255033557];2;422.0;-0.0548014077425;821;105;0.101;1.125;41.062999999999995;35.425;73.89200000000001;11.025;29.65;13.825;4.391;0.0;3.835;0.037;1.7300000000000004;0.3249999999999999;2.4990000000000014;4.775;9.45
11286;zone25;6847.772309074456;4638.663588163389;0.0;zone25;S01010227;39;692;454;294;[0.413793,0.413793,0.172414];[0.704545,0.238636,0.056818];[0.654545,0.345455,0.0];[0.810606,0.159091,0.030303];[0.672268907563,0.0924369747899,0.159663865546,0.0756302521008];4;0.0;-0.540229885057;1060;142;0.14051282051282052;0.7435897435897436;42.04307692307691;42.43589743589744;78.06461538461537;11.717948717948717;31.0;14.538461538461538;2.8399999999999994;0.0;7.988717948717947;0.01128205128205128;2.292307692307692;0.4307692307692309;2.7200000000000006;3.0;12.615384615384615
11286;zone26;8241.816993110848;4572.457656401622;0.0;zone26;S01010229;30;1016;787;508;[0.1,0.625,0.275];[0.350877,0.350877,0.298246];[0.348315,0.477528,0.174157];[0.565217,0.310559,0.124224];[0.420731707317,0.213414634146,0.292682926829,0.0731707317073];1;395.0;-0.0859445809966;1190;51;0.06533333333333333;1.2666666666666666;45.734666666666655;22.266666666666666;73.14266666666667;11.333333333333334;29.833333333333332;15.7;1.5639999999999998;0.0;2.9813333333333327;0.02533333333333333;2.124;0.39999999999999997;2.250666666666667;5.266666666666667;6.2
11286;zone27;7458.320056766788;4680.341251240345;0.0;zone27;S01010230;24;1005;772;577;[0.314286,0.628571,0.057143];[0.703883,0.296117,0.0];[0.727273,0.218182,0.054545];[0.71831,0.24507,0.03662];[0.517857142857,0.136904761905,0.267857142857,0.077380952381];1;846.0;0.433218203459;886;49;0.08166666666666667;1.5833333333333333;45.75333333333334;31.708333333333332;79.16833333333334;11.333333333333334;31.041666666666668;15.5;1.665;0.0;5.058333333333334;0.02666666666666667;3.0316666666666663;0.3966666666666667;2.576666666666666;6.833333333333333;9.375
11286;zone28;7569.802990100143;4917.458811240416;0.0;zone28;S01010232;37;1074;792;485;[0.457143,0.485714,0.057143];[0.557292,0.338542,0.104167];[0.492063,0.333333,0.174603];[0.654229,0.251244,0.094527];[0.470297029703,0.153465346535,0.306930693069,0.0693069306931];1;771.0;0.347049794199;985;70;0.07135135135135136;1.2972972972972974;35.90378378378379;28.486486486486488;70.77513513513514;11.432432432432432;29.7027027027027;12.08108108108108;1.451891891891892;0.0;3.164324324324325;0.07999999999999999;2.7708108108108105;0.39135135135135124;2.5902702702702705;5.27027027027027;7.027027027027027
11286;zone29;7830.713068379679;4879.746446724283;0.0;zone29;S01010233;33;970;705;476;[0.275,0.625,0.1];[0.655629,0.245033,0.099338];[0.52809,0.426966,0.044944];[0.771505,0.212366,0.016129];[0.587209302326,0.093023255814,0.261627906977,0.0581395348837];1;284.0;-0.213781821634;1256;62;0.07272727272727272;1.3333333333333333;49.593939393939394;28.0;73.50181818181815;10.696969696969697;29.484848484848484;16.87878787878788;1.3090909090909086;0.0;2.315151515151515;0.08242424242424243;2.9030303030303024;0.3345454545454546;2.1660606060606056;5.636363636363637;6.121212121212121
11286;zone30;6473.383843181837;4954.519765957263;0.0;zone30;S01010261;6;2551;2373;526;[0.666667,0.270833,0.0625];[0.675841,0.281346,0.042813];[0.75,0.25,0.0];[0.824468,0.164894,0.010638];[0.41,0.06,0.41,0.12];3;176.0;-0.337679921334;2184;8;0.05333333333333334;2.3333333333333335;64.80666666666666;32.166666666666664;82.2;10.166666666666666;30.333333333333332;22.166666666666668;3.126666666666667;0.0;2.8800000000000003;0.0;2.3866666666666667;0.1666666666666667;1.3333333333333333;7.5;8.0
11286;zone31;4930.642193689802;4959.449818932565;0.0;zone31;S01010266;3;555;474;237;[0.320755,0.556604,0.122642];[0.677273,0.254545,0.068182];[0.5,0.461538,0.038462];[0.534247,0.30137,0.164384];[0.141176470588,0.0588235294118,0.4,0.4];3;536.0;0.0761386922126;1020;1;0.01333333333333333;2.3333333333333335;48.81333333333333;29.333333333333332;63.306666666666665;8.0;25.333333333333332;16.0;0.45333333333333337;0.0;2.72;0.0;1.36;0.22666666666666668;0.8533333333333334;6.666666666666667;4.0
11286;zone32;5712.5549897826;4979.400336637217;0.0;zone32;S01010270;4;1153;972;817;[0.389831,0.533898,0.076271];[0.70255,0.252125,0.045326];[0.714286,0.272727,0.012987];[0.771552,0.228448,0.0];[0.125,0.0909090909091,0.454545454545,0.329545454545];1;871.0;0.461200629557;1822;3;0.03;2.0;60.91;24.5;74.52;10.5;27.25;20.75;3.2600000000000002;0.0;1.2400000000000002;0.0;1.3599999999999999;0.44000000000000006;1.12;6.75;5.25
11286;zone33;3394.0723536088512;4934.677182292946;0.0;zone33;S01010282;13;976;841;645;[0.438776,0.520408,0.040816];[0.545732,0.405488,0.04878];[0.521277,0.382979,0.095745];[0.712707,0.232044,0.055249];[0.190954773869,0.070351758794,0.35175879397,0.386934673367];2;350.0;-0.137812028107;1330;23;0.06769230769230769;2.0;56.92;28.307692307692307;83.78769230769231;12.076923076923077;31.23076923076923;19.692307692307693;1.806153846153846;0.0;5.541538461538462;0.30153846153846153;1.2707692307692307;0.4769230769230769;1.3907692307692305;8.153846153846153;8.384615384615385
11286;zone34;4385.789287498423;4835.237486850067;0.0;zone34;S01010289;15;771;687;380;[0.130952,0.511905,0.357143];[0.262911,0.502347,0.234742];[0.178571,0.464286,0.357143];[0.410256,0.435897,0.153846];[0.058064516129,0.0322580645161,0.245161290323,0.664516129032];5;259.0;-0.241396294863;1435;48;0.12533333333333332;1.7333333333333334;36.210666666666675;39.13333333333333;72.58933333333334;10.8;29.266666666666666;12.4;2.5413333333333337;0.0;5.2186666666666675;0.6986666666666667;2.4;0.3360000000000001;1.2426666666666668;6.066666666666666;10.4
11286;zone35;4401.5375624188455;4669.062022109911;0.0;zone35;S01010290;13;546;485;278;[0.198198,0.603604,0.198198];[0.485944,0.449799,0.064257];[0.555556,0.444444,0.0];[0.435897,0.512821,0.051282];[0.10752688172,0.0430107526882,0.494623655914,0.354838709677];3;353.0;-0.133686757747;1078;33;0.09846153846153846;2.230769230769231;43.624615384615375;30.153846153846153;76.20307692307692;11.0;29.46153846153846;14.923076923076923;1.9015384615384612;0.0;4.018461538461539;0.4061538461538461;1.7692307692307692;0.3384615384615385;1.6307692307692307;9.0;7.615384615384615
11286;zone36;4119.983651650423;4281.100418217042;0.0;zone36;S01010291;12;1075;975;481;[0.405594,0.447552,0.146853];[0.627907,0.277132,0.094961];[0.415094,0.433962,0.150943];[0.562963,0.325926,0.111111];[0.197080291971,0.0729927007299,0.445255474453,0.284671532847];3;438.0;-0.0363924713322;980;22;0.07333333333333333;1.5;36.75000000000001;31.0;74.59666666666666;11.666666666666666;30.333333333333332;12.25;1.0333333333333334;0.0;7.043333333333332;0.42;1.1;0.42999999999999994;1.9399999999999997;6.583333333333333;9.0
11286;zone37;4399.731076226201;4291.6703625917;0.0;zone37;S01010292;10;890;831;409;[0.348214,0.508929,0.142857];[0.477169,0.420091,0.10274];[0.339286,0.446429,0.214286];[0.55814,0.383721,0.05814];[0.128378378378,0.0540540540541,0.398648648649,0.418918918919];4;323.0;-0.168488563048;1149;33;0.124;2.0;52.136;36.9;81.612;10.5;29.8;17.5;4.072000000000001;0.0;5.9719999999999995;0.284;1.032;0.26000000000000006;1.64;8.7;10.8
11286;zone38;4514.690807242894;4541.15458266895;0.0;zone38;S01010293;16;839;723;373;[0.51773,0.35461,0.12766];[0.635389,0.262735,0.101877];[0.446809,0.319149,0.234043];[0.514286,0.392857,0.092857];[0.242424242424,0.0606060606061,0.393939393939,0.30303030303];3;290.0;-0.205814991507;929;29;0.0675;2.125;51.245;32.375;78.88499999999999;10.3125;29.75;17.3125;2.2625;0.0;4.79;0.34;1.9225000000000003;0.3050000000000001;1.2974999999999999;8.8125;8.875
11286;zone39;4541.7482834333705;4418.565122351524;0.0;zone39;S01010294;13;690;631;275;[0.242105,0.526316,0.231579];[0.650873,0.214464,0.134663];[0.583333,0.208333,0.208333];[0.414894,0.489362,0.095745];[0.164835164835,0.043956043956,0.494505494505,0.296703296703];4;440.0;-0.0342259463805;978;32;0.09538461538461539;2.3846153846153846;48.75384615384615;30.846153846153847;78.44615384615383;10.384615384615385;29.692307692307693;16.23076923076923;2.769230769230769;0.0;4.033846153846154;0.3384615384615385;1.9169230769230767;0.4215384615384616;1.2892307692307694;9.615384615384615;8.615384615384615
11286;zone40;4766.8646917667475;4574.50133624035;0.0;zone40;S01010295;18;974;870;427;[0.384615,0.391026,0.224359];[0.604555,0.310559,0.084886];[0.428571,0.285714,0.285714];[0.390728,0.516556,0.092715];[0.212765957447,0.113475177305,0.297872340426,0.375886524823];4;529.0;0.0680145754747;1475;62;0.13333333333333333;1.0555555555555556;41.07333333333333;44.888888888888886;73.14888888888888;10.277777777777779;29.11111111111111;13.666666666666666;2.9266666666666663;0.0;6.615555555555556;0.8000000000000002;2.1577777777777776;0.2533333333333334;1.5711111111111111;3.8333333333333335;12.11111111111111
11286;zone41;4647.752341766679;4736.091736240359;0.0;zone41;S01010296;16;664;560;291;[0.294118,0.423529,0.282353];[0.520913,0.368821,0.110266];[0.375,0.375,0.25];[0.475524,0.391608,0.132867];[0.282828282828,0.111111111111,0.363636363636,0.242424242424];2;856.0;0.444094443477;1260;40;0.095;1.1875;52.98500000000001;34.9375;78.9725;11.6875;30.625;18.125;2.9124999999999996;0.0;3.8575;0.7075000000000001;2.5925;0.51;2.1100000000000003;4.0;9.5625
11286;zone42;5522.849421766708;4411.996091240393;0.0;zone42;S01010297;7;1066;894;676;[0.582609,0.382609,0.034783];[0.691824,0.245283,0.062893];[0.540541,0.333333,0.126126];[0.681275,0.270916,0.047809];[0.260563380282,0.140845070423,0.37323943662,0.225352112676];1;504.0;0.0391758595379;546;13;0.07428571428571429;1.7142857142857142;34.65714285714286;24.857142857142858;65.70285714285716;10.857142857142858;28.142857142857142;11.714285714285714;1.7942857142857143;0.0;1.1428571428571428;0.20571428571428574;1.937142857142857;0.26285714285714284;1.7885714285714285;6.142857142857143;4.714285714285714
11286;zone43;4706.481893689814;4143.807995855712;0.0;zone43;S01010298;12;880;677;515;[0.308943,0.479675,0.211382];[0.581395,0.356589,0.062016];[0.539683,0.396825,0.063492];[0.744828,0.193103,0.062069];[0.227272727273,0.0984848484848,0.371212121212,0.30303030303];1;486.0;0.0190902878356;1215;19;0.06;1.6666666666666667;58.919999999999995;24.166666666666668;81.38666666666667;12.166666666666666;30.333333333333332;19.833333333333332;2.143333333333333;0.0;4.296666666666667;0.6533333333333333;1.03;0.5766666666666667;2.486666666666667;5.916666666666667;7.75
11286;zone44;4885.424673909578;4209.645754097502;0.0;zone44;S01010299;4;536;404;292;[0.3,0.54,0.16];[0.556701,0.340206,0.103093];[0.458333,0.520833,0.020833];[0.584906,0.283019,0.132075];[0.428571428571,0.0857142857143,0.285714285714,0.2];1;375.0;-0.10827530326;746;5;0.05;1.0;41.52;29.25;77.01;12.5;31.5;14.5;1.93;0.0;1.07;0.0;4.6;0.28;3.0900000000000003;6.0;7.25
11286;zone45;4883.397012115578;4340.414778682246;0.0;zone45;S01010300;21;934;764;478;[0.460784,0.411765,0.127451];[0.664653,0.238671,0.096677];[0.632353,0.323529,0.044118];[0.606383,0.329787,0.06383];[0.3046875,0.125,0.3515625,0.21875];2;513.0;0.0498225801839;658;46;0.08190476190476191;1.8095238095238095;37.93333333333334;26.285714285714285;68.87238095238096;10.761904761904763;28.428571428571427;12.619047619047619;1.9161904761904762;0.0;1.9847619047619045;0.2628571428571429;2.137142857142857;0.40952380952380957;2.0;6.476190476190476;5.761904761904762
11286;zone46;5144.66081966521;4032.769083704074;0.0;zone46;S01010301;6;522;457;283;[0.292683,0.597561,0.109756];[0.57563,0.315126,0.109244];[0.222222,0.703704,0.074074];[0.561798,0.393258,0.044944];[0.214285714286,0.0612244897959,0.459183673469,0.265306122449];4;490.0;0.0232745011966;681;30;0.19333333333333333;1.1666666666666667;32.48;40.0;64.24;9.5;27.5;11.333333333333334;4.826666666666667;0.0;0.5133333333333333;0.0;3.4599999999999995;0.28;1.7733333333333334;3.1666666666666665;8.166666666666666
11286;zone47;5165.568789180556;4297.038752619699;0.0;zone47;S01010302;24;669;495;388;[0.65625,0.28125,0.0625];[0.6,0.356522,0.043478];[0.716981,0.226415,0.056604];[0.801802,0.18018,0.018018];[0.582417582418,0.0769230769231,0.263736263736,0.0769230769231];1;392.0;-0.0896499889057;610;71;0.11666666666666667;1.25;32.303333333333335;32.708333333333336;73.52833333333334;12.583333333333334;31.291666666666668;10.833333333333334;3.0549999999999997;0.0;1.4249999999999998;0.29666666666666675;3.705;0.38999999999999996;2.4983333333333335;5.75;8.0
11286;zone48;5241.140616766716;4139.402270499609;0.0;zone48;S01010303;33;579;387;250;[0.692308,0.153846,0.153846];[0.56701,0.298969,0.134021];[0.630435,0.282609,0.086957];[0.658879,0.285047,0.056075];[0.58407079646,0.106194690265,0.274336283186,0.0353982300885];1;415.0;-0.0627120940391;966;72;0.08606060606060606;1.3636363636363635;40.18666666666667;29.78787878787879;74.31757575757574;11.787878787878787;30.484848484848484;13.363636363636363;4.642424242424243;0.0;1.1684848484848485;0.22787878787878793;2.3163636363636364;0.423030303030303;2.1030303030303026;6.0;7.96969696969697
11286;zone49;4853.647576226233;3833.123065294377;0.0;zone49;S01010304;12;542;456;332;[0.323529,0.514706,0.161765];[0.635135,0.25,0.114865];[0.477273,0.522727,0.0];[0.829268,0.109756,0.060976];[0.372340425532,0.0425531914894,0.297872340426,0.287234042553];1;804.0;0.384523850516;1206;27;0.08666666666666667;0.9166666666666666;48.22999999999999;31.833333333333332;69.97666666666667;9.833333333333334;28.166666666666668;16.916666666666668;3.3666666666666667;0.0;2.4199999999999995;0.8366666666666668;1.0699999999999998;0.30000000000000004;2.1966666666666668;3.3333333333333335;7.083333333333333
11286;zone50;4697.410406890209;3639.1027396354093;0.0;zone50;S01010305;7;807;694;478;[0.36036,0.468468,0.171171];[0.553191,0.33617,0.110638];[0.409639,0.301205,0.289157];[0.589888,0.337079,0.073034];[0.198529411765,0.0735294117647,0.382352941176,0.345588235294];1;223.0;-0.28282788147;555;19;0.10285714285714286;1.2857142857142858;39.50285714285714;35.142857142857146;72.24;11.428571428571429;29.714285714285715;13.571428571428571;2.8800000000000003;0.0;2.5942857142857143;2.9657142857142857;0.18285714285714286;0.21142857142857144;2.371428571428571;4.714285714285714;8.142857142857142
11286;zone51;4591.3082521834585;3868.367573740388;0.0;zone51;S01010306;13;752;675;449;[0.35625,0.56875,0.075];[0.570588,0.355882,0.073529];[0.283019,0.566038,0.150943];[0.650943,0.330189,0.018868];[0.165680473373,0.0473372781065,0.479289940828,0.307692307692];2;238.0;-0.265781391166;759;22;0.06153846153846154;1.2307692307692308;36.79076923076923;30.076923076923077;70.3323076923077;11.23076923076923;30.153846153846153;12.076923076923077;1.4769230769230768;0.0;2.344615384615385;1.7292307692307693;1.1692307692307693;0.6092307692307692;2.8061538461538453;4.923076923076923;6.230769230769231
11286;zone52;4503.72067559025;3742.2957906521283;0.0;zone52;S01010307;9;821;732;428;[0.189922,0.577519,0.232558];[0.407407,0.487654,0.104938];[0.346154,0.538462,0.115385];[0.71875,0.234375,0.046875];[0.0681818181818,0.0568181818182,0.375,0.5];5;319.0;-0.172537833795;430;20;0.08888888888888889;2.0;33.662222222222226;38.888888888888886;78.68444444444442;12.333333333333334;32.22222222222222;11.222222222222221;3.2933333333333334;0.0;1.3422222222222222;4.0488888888888885;0.6933333333333334;0.4311111111111111;2.0711111111111107;8.777777777777779;8.777777777777779
11286;zone53;4364.519870735056;4047.768725526131;0.0;zone53;S01010308;9;975;858;480;[0.285714,0.54007,0.174216];[0.511936,0.384615,0.103448];[0.254902,0.411765,0.333333];[0.648352,0.307692,0.043956];[0.0970873786408,0.0631067961165,0.359223300971,0.480582524272];4;257.0;-0.244477582955;1433;20;0.08888888888888889;2.0;53.964444444444446;28.77777777777778;81.41333333333333;11.777777777777779;30.77777777777778;18.333333333333332;3.248888888888889;0.0;2.595555555555555;1.528888888888889;1.04;0.4222222222222222;2.217777777777778;7.777777777777778;8.11111111111111
11286;zone54;5381.88771051669;3636.3205112402793;0.0;zone54;S01010309;4;419;356;264;[0.333333,0.25,0.416667];[0.478873,0.422535,0.098592];[0.352941,0.382353,0.264706];[0.705882,0.24183,0.052288];[0.365853658537,0.170731707317,0.390243902439,0.0731707317073];1;0.0;-0.540229885057;1950;9;0.08;1.0;65.44999999999999;23.25;78.83;10.5;29.75;22.5;2.75;0.0;1.15;0.0;2.3299999999999996;0.32;3.58;4.0;5.75
11286;zone55;5657.373406240428;3625.6586165034923;0.0;zone55;S01010310;13;706;540;381;[0.333333,0.238095,0.428571];[0.565517,0.337931,0.096552];[0.54902,0.27451,0.176471];[0.715415,0.256917,0.027668];[0.484848484848,0.151515151515,0.318181818182,0.0454545454545];1;574.0;0.120406534162;762;21;0.06461538461538462;0.5384615384615384;33.27384615384615;31.076923076923077;66.1446153846154;11.846153846153847;29.384615384615383;10.76923076923077;1.763076923076923;0.0;2.2215384615384615;0.17846153846153845;3.421538461538461;0.4276923076923077;2.2892307692307696;2.1538461538461537;7.153846153846154
11286;zone56;5685.425126382168;3318.6970593171873;0.0;zone56;S01010311;22;721;556;351;[0.411765,0.352941,0.235294];[0.472222,0.453704,0.074074];[0.571429,0.404762,0.02381];[0.717949,0.271062,0.010989];[0.565217391304,0.121739130435,0.269565217391,0.0434782608696];1;1534.0;1.22364271569;1678;36;0.06181818181818182;1.7272727272727273;50.96727272727273;22.545454545454547;77.8690909090909;12.181818181818182;30.59090909090909;17.454545454545453;2.12;0.0;1.563636363636364;0.01090909090909091;2.830909090909091;0.4054545454545455;1.94;6.818181818181818;6.090909090909091
11286;zone57;5466.52613028024;3072.1402274564575;0.0;zone57;S01010312;34;868;647;425;[0.117647,0.823529,0.058824];[0.754386,0.22807,0.017544];[0.407407,0.444444,0.148148];[0.804945,0.153846,0.041209];[0.586956521739,0.115942028986,0.268115942029,0.0289855072464];1;685.0;0.247477927043;1642;55;0.05882352941176471;1.2058823529411764;66.03411764705884;28.764705882352942;75.51176470588238;9.470588235294118;28.205882352941178;22.58823529411765;2.0105882352941182;0.0;1.908235294117647;0.05647058823529411;2.536470588235294;0.3152941176470588;2.1129411764705885;4.5588235294117645;6.0
11286;zone58;5251.7403530303945;3502.549209042501;0.0;zone58;S01010313;16;654;529;356;[0.428571,0.285714,0.285714];[0.6,0.333333,0.066667];[0.433735,0.481928,0.084337];[0.739623,0.162264,0.098113];[0.648351648352,0.131868131868,0.175824175824,0.043956043956];1;565.0;0.109617915218;2149;23;0.0575;1.3125;69.39500000000001;25.8125;79.93000000000002;11.0;29.0625;23.9375;1.9725000000000001;0.0;1.4125000000000003;0.07750000000000001;2.5075;0.3625;2.3125;5.625;5.5625
11286;zone59;4840.312157862589;3385.4448126102257;0.0;zone59;S01010314;21;1248;1034;550;[0.358209,0.507463,0.134328];[0.514493,0.333333,0.152174];[0.5,0.326923,0.173077];[0.636,0.324,0.04];[0.316901408451,0.133802816901,0.401408450704,0.147887323944];1;637.0;0.192402372167;1051;34;0.06476190476190476;1.3333333333333333;36.86285714285715;27.571428571428573;73.22095238095237;12.0;30.666666666666668;12.476190476190476;3.8857142857142852;0.0;2.1904761904761902;0.9295238095238096;1.118095238095238;0.4400000000000001;2.426666666666667;5.333333333333333;7.619047619047619
11286;zone60;4536.293429266749;2504.1273706154316;0.0;zone60;S01010315;43;911;678;409;[0.180723,0.554217,0.26506];[0.252632,0.457895,0.289474];[0.208333,0.5,0.291667];[0.55144,0.345679,0.102881];[0.308176100629,0.169811320755,0.358490566038,0.163522012579];2;382.0;-0.100954860853;1630;95;0.08558139534883721;1.1162790697674418;50.57116279069767;32.30232558139535;73.26325581395348;10.162790697674419;29.302325581395348;16.906976744186046;2.5897674418604657;0.0;3.1813953488372095;0.02325581395348837;2.7581395348837217;0.34976744186046504;2.404651162790698;3.6744186046511627;8.093023255813954
11286;zone61;4589.6619547948285;2943.195659127726;0.0;zone61;S01010316;25;512;414;304;[0.392157,0.529412,0.078431];[0.62931,0.37069,0.0];[0.439024,0.560976,0.0];[0.775401,0.224599,0.0];[0.439252336449,0.102803738318,0.252336448598,0.205607476636];1;481.0;0.0128180141103;1375;63;0.1008;1.32;48.416;26.96;72.88;10.72;28.88;16.44;2.648;0.0;3.003199999999999;0.13440000000000002;1.5456;0.3728;2.3728;4.92;6.88
11286;zone63;4421.5566371748755;3071.026327566895;0.0;zone63;S01010318;12;1588;1497;304;[0.5,0.456522,0.043478];[0.469799,0.47651,0.053691];[0.310345,0.37931,0.310345];[0.678571,0.285714,0.035714];[0.36,0.14,0.34,0.16];3;317.0;-0.175110645645;1092;30;0.09333333333333334;1.3333333333333333;46.51666666666667;38.25;76.79333333333334;10.583333333333334;29.916666666666668;15.75;7.233333333333333;0.0;1.93;0.8833333333333333;0.9966666666666667;0.26333333333333336;2.4966666666666666;5.083333333333333;10.583333333333334
11286;zone64;4173.240913470097;2893.8040771744095;0.0;zone64;S01010319;9;711;624;407;[0.258741,0.608392,0.132867];[0.383399,0.486166,0.130435];[0.439394,0.212121,0.348485];[0.530769,0.384615,0.084615];[0.171974522293,0.0700636942675,0.471337579618,0.286624203822];2;473.0;0.00423719084943;1547;23;0.09777777777777778;1.6666666666666667;45.199999999999996;24.555555555555557;72.95111111111112;10.555555555555555;29.22222222222222;15.444444444444445;2.1688888888888886;0.0;2.1777777777777776;0.16444444444444445;2.1155555555555554;0.4666666666666667;1.9288888888888889;6.444444444444445;6.333333333333333
11286;zone65;3940.1918462749595;2900.8899784533987;0.0;zone65;S01010320;4;675;594;437;[0.257813,0.523438,0.21875];[0.61753,0.298805,0.083665];[0.526316,0.22807,0.245614];[0.805085,0.169492,0.025424];[0.172185430464,0.0662251655629,0.443708609272,0.317880794702];1;646.0;0.202453315259;1253;3;0.03;1.25;38.260000000000005;25.5;73.78;12.25;31.25;13.0;5.49;0.0;1.5999999999999999;0.38;0.65;0.14;2.3400000000000003;4.75;7.75
11286;zone66;3905.8658739096163;2664.6669636212755;0.0;zone66;S01010321;7;837;634;432;[0.401709,0.555556,0.042735];[0.54717,0.433962,0.018868];[0.45122,0.439024,0.109756];[0.666667,0.271186,0.062147];[0.212328767123,0.0958904109589,0.390410958904,0.301369863014];1;1019.0;0.631764531736;1715;8;0.04;1.5714285714285714;46.63428571428572;24.285714285714285;72.4857142857143;10.571428571428571;29.142857142857142;15.857142857142858;3.04;0.0;1.645714285714286;0.3085714285714286;1.7085714285714284;0.3942857142857144;2.337142857142857;5.428571428571429;6.285714285714286
11286;zone67;3630.3978644730896;3132.1651121578075;0.0;zone67;S01010322;9;1028;914;549;[0.174419,0.549419,0.276163];[0.412399,0.471698,0.115903];[0.298507,0.38806,0.313433];[0.647059,0.323529,0.029412];[0.057268722467,0.0352422907489,0.449339207048,0.458149779736];5;124.0;-0.397569575369;1374;19;0.08444444444444445;1.8888888888888888;47.71111111111111;35.0;71.32000000000001;9.222222222222221;27.333333333333332;16.555555555555557;2.168888888888889;0.0;2.9244444444444446;0.9155555555555556;1.9688888888888887;0.32888888888888884;1.6888888888888887;6.555555555555555;7.333333333333333
11286;zone68;6208.193116766784;3072.425066795916;0.0;zone68;S01010323;4;603;466;377;[0.555556,0.444444,0.0];[0.657143,0.271429,0.071429];[0.642857,0.321429,0.035714];[0.793651,0.166667,0.039683];[0.578431372549,0.166666666667,0.235294117647,0.0196078431373];1;970.0;0.57559463238;952;10;0.09;1.0;48.06;26.75;61.650000000000006;7.5;26.0;15.75;3.8000000000000003;0.0;1.1199999999999999;0.0;0.6799999999999999;0.14;1.8;3.25;5.25
11286;zone69;6517.651722029823;2240.572579661372;0.0;zone69;S01010324;6;759;566;403;[0.142857,0.571429,0.285714];[0.298077,0.490385,0.211538];[0.333333,0.530864,0.135802];[0.401674,0.414226,0.1841];[0.569620253165,0.101265822785,0.291139240506,0.0379746835443];1;407.0;-0.0721601679586;1727;10;0.06666666666666667;0.5;45.75333333333333;29.166666666666668;68.15333333333334;10.833333333333334;29.166666666666668;15.166666666666666;0.7733333333333334;0.0;0.9866666666666667;0.0;4.486666666666667;0.2933333333333334;2.3400000000000003;2.3333333333333335;5.833333333333333
11286;zone70;6038.016041009105;2402.8415869980217;0.0;zone70;S01010325;18;939;666;501;[0.263158,0.368421,0.368421];[0.383838,0.525253,0.090909];[0.253623,0.615942,0.130435];[0.451362,0.463035,0.085603];[0.545454545455,0.238636363636,0.193181818182,0.0227272727273];1;225.0;-0.281126582053;1490;29;0.06222222222222222;1.4444444444444444;30.044444444444448;23.333333333333332;68.96;12.333333333333334;30.444444444444443;10.055555555555555;1.8555555555555552;0.0;0.9066666666666667;0.0;3.1222222222222222;0.4911111111111111;2.1911111111111112;5.777777777777778;5.5
11286;zone71;5272.359331052501;2740.775131541117;0.0;zone71;S01010326;39;987;707;494;[0.526316,0.368421,0.105263];[0.522523,0.333333,0.144144];[0.492188,0.3125,0.195313];[0.723514,0.224806,0.05168];[0.54375,0.16875,0.23125,0.05625];1;1389.0;1.05701743376;972;71;0.06974358974358974;1.1282051282051282;42.34051282051282;29.128205128205128;71.76717948717948;11.051282051282051;28.94871794871795;14.307692307692308;1.5015384615384617;0.0;5.353846153846153;0.00717948717948718;1.5497435897435898;0.3753846153846153;2.2543589743589743;4.6923076923076925;7.846153846153846
11286;zone72;4970.167032608406;2501.795090448298;0.0;zone72;S01010327;34;982;660;362;[0.031746,0.507937,0.460317];[0.372881,0.432203,0.194915];[0.289063,0.328125,0.382813];[0.516892,0.347973,0.135135];[0.416184971098,0.21387283237,0.236994219653,0.132947976879];1;470.0;0.000335688704598;961;65;0.07647058823529412;1.1470588235294117;44.25999999999999;28.5;71.18823529411766;10.705882352941176;28.61764705882353;15.147058823529411;2.3576470588235297;0.0;5.485882352941175;0.0;0.895294117647059;0.3694117647058824;2.3376470588235287;3.764705882352941;8.294117647058824
11286;zone73;5975.307390960257;2677.5485166167286;0.0;zone73;S01010328;24;969;706;445;[0.16129,0.5,0.33871];[0.27044,0.471698,0.257862];[0.192547,0.434783,0.372671];[0.338983,0.432203,0.228814];[0.309352517986,0.258992805755,0.280575539568,0.151079136691];2;457.0;-0.0138550124678;1838;52;0.08333333333333333;1.4166666666666667;36.44166666666666;25.916666666666668;65.37166666666667;10.208333333333334;28.166666666666668;12.125;1.6933333333333334;0.0;0.8133333333333334;0.0;2.891666666666666;0.3950000000000001;1.8399999999999999;5.541666666666667;4.916666666666667
