cycle;name;location.x;location.y;location.z;name;dataZone;nm_children;pop;over16;nm_hh;AB_car_prob;C1_car_prob;C2_car_prob;DE_car_prob;prob_social;simd;crimeRate;norm_crime;avg_dis_sh;neigh_play;daily_play_per_child;avg_FSA;avg_walk;daily_OD;zone_mvpa;mvpa_home;mvpa_sc;mvpa_road;mvpa_play_field;mvpa_home_garden;mvpa_park;mvpa_PG;mvpa_amenity;mvpa_shops;mvpa_F_home;mvpa_fsa;mvpa_OD
11286;zone0;8448.90275962388;2625.4515469546564;0.0;zone0;S01010195;19;531;390;212;[0.0,0.481481,0.518519];[0.261538,0.646154,0.092308];[0.12,0.59,0.29];[0.447368,0.368421,0.184211];[0.418918918919,0.283783783784,0.202702702703,0.0945945945946];1;0.0;-0.540229885057;982;30;0.06315789473684211;1.894736842105263;39.25052631578947;20.473684210526315;76.62315789473685;12.842105263157896;31.42105263157895;13.578947368421053;0.47789473684210526;0.0;3.0147368421052634;0.0;2.248421052631579;0.33684210526315794;2.1957894736842105;8.947368421052632;5.2631578947368425
11286;zone1;8656.736904000718;2165.9902346445633;0.0;zone1;S01010198;18;1027;748;394;[0.058824,0.529412,0.411765];[0.305785,0.561983,0.132231];[0.219858,0.496454,0.283688];[0.523179,0.331126,0.145695];[0.48623853211,0.229357798165,0.266055045872,0.0183486238532];1;1609.0;1.3102524676;1316;31;0.06666666666666667;1.8333333333333333;43.184444444444445;21.166666666666668;73.29777777777777;11.555555555555555;30.555555555555557;14.055555555555555;1.588888888888889;0.0;1.8733333333333337;0.06222222222222223;2.0288888888888894;0.5266666666666667;1.7422222222222221;7.388888888888889;5.111111111111111
11286;zone2;8537.588755655543;3024.028900129281;0.0;zone2;S01010201;22;643;453;253;[0.0,0.47619,0.52381];[0.270833,0.3125,0.416667];[0.088,0.48,0.432];[0.296552,0.434483,0.268966];[0.365853658537,0.292682926829,0.292682926829,0.0487804878049];2;219.0;-0.28762447053;1061;41;0.07272727272727272;1.7272727272727273;36.27090909090909;25.90909090909091;73.15454545454546;11.318181818181818;30.772727272727273;12.045454545454545;1.3345454545454547;0.0;2.914545454545454;0.0;2.7872727272727285;0.37454545454545457;2.1690909090909094;7.818181818181818;6.545454545454546
11286;zone3;8059.42097232239;3767.666522351409;0.0;zone3;S01010203;30;671;504;260;[0.090909,0.363636,0.545455];[0.263804,0.460123,0.276074];[0.094828,0.422414,0.482759];[0.183824,0.375,0.441176];[0.272727272727,0.218181818182,0.363636363636,0.145454545455];3;215.0;-0.292668818285;1910;57;0.07466666666666667;1.2666666666666666;46.251999999999995;31.533333333333335;74.556;11.1;29.766666666666666;15.933333333333334;2.0400000000000005;0.0;2.7866666666666666;0.0;3.3466666666666662;0.24000000000000007;2.2359999999999998;5.366666666666666;7.6
11286;zone4;8368.288440296214;3565.498290652094;0.0;zone4;S01010204;30;800;589;381;[0.272727,0.727273,0.0];[0.627451,0.27451,0.098039];[0.444444,0.533333,0.022222];[0.600619,0.321981,0.077399];[0.595041322314,0.157024793388,0.239669421488,0.00826446280992];1;497.0;0.0317745673598;1131;47;0.06;1.4;41.79733333333333;27.6;75.01733333333333;11.933333333333334;30.966666666666665;13.9;1.2733333333333334;0.0;2.2053333333333334;0.00533333333333333;3.7066666666666674;0.40666666666666657;2.7079999999999997;6.066666666666666;6.7
11286;zone5;8034.229745798958;3515.110462853287;0.0;zone5;S01010205;15;658;534;355;[0.411765,0.117647,0.470588];[0.465116,0.457364,0.077519];[0.317757,0.588785,0.093458];[0.593458,0.280374,0.126168];[0.466666666667,0.2,0.3,0.0333333333333];1;925.0;0.523434132086;1260;23;0.05866666666666667;1.0666666666666667;40.26933333333333;23.666666666666668;74.80533333333332;12.933333333333334;31.8;13.733333333333333;1.9333333333333331;0.0;2.0453333333333332;0.0;2.936;0.4106666666666667;2.7706666666666666;4.533333333333333;6.4
11286;zone6;7457.064719570519;3739.055375726369;0.0;zone6;S01010208;18;903;745;565;[0.30137,0.589041,0.109589];[0.48062,0.457364,0.062016];[0.272727,0.613636,0.113636];[0.66055,0.270642,0.068807];[0.233333333333,0.133333333333,0.461111111111,0.172222222222];1;603.0;0.153385979085;1401;29;0.06222222222222222;2.0;37.464444444444446;21.11111111111111;72.64888888888889;11.166666666666666;30.61111111111111;12.38888888888889;1.348888888888889;0.0;1.8511111111111107;0.0;2.508888888888889;0.3577777777777778;1.9711111111111113;8.61111111111111;5.277777777777778
11286;zone7;7917.838214725937;1939.334458859395;0.0;zone7;S01010209;24;966;677;468;[0.172414,0.586207,0.241379];[0.333333,0.414966,0.251701];[0.381944,0.458333,0.159722];[0.545852,0.336245,0.117904];[0.337931034483,0.248275862069,0.303448275862,0.110344827586];1;2053.0;1.82052250092;1602;37;0.055;1.4583333333333333;42.669999999999995;23.125;72.615;11.416666666666666;30.25;14.375;1.2516666666666667;0.0;2.3933333333333335;0.0;2.793333333333333;0.375;2.391666666666666;5.625;5.958333333333333
11286;zone8;7878.406567747077;2721.2634132011362;0.0;zone8;S01010210;18;885;641;416;[0.173913,0.456522,0.369565];[0.21519,0.5,0.28481];[0.189781,0.386861,0.423358];[0.422111,0.442211,0.135678];[0.394736842105,0.236842105263,0.254385964912,0.114035087719];1;344.0;-0.144253829852;1226;35;0.07555555555555556;1.0555555555555556;34.391111111111115;24.166666666666668;66.3488888888889;10.88888888888889;29.333333333333332;11.222222222222221;1.1133333333333333;0.0;2.7888888888888896;0.0;2.1244444444444444;0.41111111111111115;2.4022222222222225;4.222222222222222;5.444444444444445
11286;zone9;7785.599648345685;3201.783800714137;0.0;zone9;S01010211;22;858;634;452;[0.147059,0.705882,0.147059];[0.384615,0.452991,0.162393];[0.469565,0.4,0.130435];[0.722656,0.226563,0.050781];[0.473214285714,0.169642857143,0.285714285714,0.0714285714286];1;430.0;-0.0456985893816;1195;41;0.07090909090909091;1.7272727272727273;52.17999999999999;29.818181818181817;80.20181818181817;11.227272727272727;30.545454545454547;17.818181818181817;3.5036363636363634;0.0;2.5145454545454546;0.0;2.547272727272727;0.4327272727272727;1.9527272727272729;7.863636363636363;8.181818181818182
11286;zone10;7580.688680869333;3097.127786881416;0.0;zone10;S01010212;49;1083;779;559;[0.233333,0.633333,0.133333];[0.594771,0.339869,0.065359];[0.465517,0.405172,0.12931];[0.712821,0.269231,0.017949];[0.566037735849,0.138364779874,0.22641509434,0.0691823899371];1;1473.0;1.15298517036;1205;94;0.07346938775510205;1.0204081632653061;47.03265306122449;29.040816326530614;72.68326530612245;10.938775510204081;29.612244897959183;16.163265306122447;1.7257142857142855;0.0;2.7795918367346943;0.0;2.9526530612244906;0.3534693877551019;2.696326530612245;4.0;6.918367346938775
11286;zone11;8065.177293237223;3111.5884965344962;0.0;zone11;S01010213;13;924;657;476;[0.105263,0.684211,0.210526];[0.382609,0.547826,0.069565];[0.218543,0.556291,0.225166];[0.467925,0.483019,0.049057];[0.451327433628,0.221238938053,0.274336283186,0.0530973451327];1;247.0;-0.255840453357;1094;18;0.05230769230769231;1.5384615384615385;34.70461538461538;21.846153846153847;70.09230769230768;11.692307692307692;29.846153846153847;11.846153846153847;0.9907692307692308;0.0;2.0307692307692307;0.04;2.969230769230769;0.2646153846153846;2.073846153846154;6.6923076923076925;5.538461538461538
11286;zone12;7144.994858230166;1947.4125453867302;0.0;zone12;S01010214;27;967;717;396;[0.098592,0.28169,0.619718];[0.197531,0.438272,0.364198];[0.173333,0.493333,0.333333];[0.237069,0.487069,0.275862];[0.361344537815,0.210084033613,0.310924369748,0.117647058824];3;176.0;-0.337854473183;1903;51;0.07555555555555556;1.0740740740740742;45.340740740740735;32.407407407407405;73.22222222222221;11.074074074074074;29.962962962962962;15.37037037037037;2.6770370370370364;0.0;2.4948148148148146;0.0;3.3599999999999994;0.245925925925926;2.642962962962963;3.888888888888889;8.074074074074074
11286;zone13;7013.590150664996;2618.495528189446;0.0;zone13;S01010215;24;850;608;492;[0.571429,0.285714,0.142857];[0.5,0.431373,0.068627];[0.382609,0.391304,0.226087];[0.678571,0.269841,0.051587];[0.467289719626,0.140186915888,0.345794392523,0.0467289719626];1;547.0;0.0886083430805;606;42;0.06666666666666667;1.5;36.655;25.708333333333332;70.43166666666667;11.083333333333334;30.0;12.375;1.0999999999999999;0.0;1.6016666666666668;0.0;3.355;0.4200000000000001;2.393333333333333;6.291666666666667;5.708333333333333
11286;zone14;7332.222205807836;2329.961970144465;0.0;zone14;S01010216;15;621;464;361;[0.6,0.4,0.0];[0.597701,0.356322,0.045977];[0.409091,0.439394,0.151515];[0.709544,0.273859,0.016598];[0.5,0.163265306122,0.265306122449,0.0714285714286];1;600.0;0.150092344085;1268;20;0.05066666666666667;1.2666666666666666;49.13866666666666;26.333333333333332;69.22666666666666;10.066666666666666;28.266666666666666;17.4;1.3386666666666664;0.0;1.9066666666666667;0.0;2.648;0.47200000000000003;2.24;3.533333333333333;5.4
11286;zone15;7299.833172322251;2625.8610945736937;0.0;zone15;S01010217;33;817;598;406;[0.16129,0.516129,0.322581];[0.565517,0.4,0.034483];[0.5,0.431373,0.068627];[0.702703,0.283784,0.013514];[0.541935483871,0.0967741935484,0.296774193548,0.0645161290323];1;1060.0;0.679274950851;993;70;0.08242424242424243;1.3636363636363635;40.115151515151524;28.424242424242426;73.17212121212124;11.727272727272727;30.151515151515152;13.818181818181818;1.5963636363636364;0.0;2.4109090909090916;0.0;3.3599999999999994;0.43151515151515146;2.6836363636363636;5.121212121212121;6.878787878787879
11286;zone16;7142.953643082513;3018.5401822929393;0.0;zone16;S01010218;31;1018;790;587;[0.425532,0.404255,0.170213];[0.392523,0.453271,0.154206];[0.358209,0.492537,0.149254];[0.589124,0.335347,0.075529];[0.424657534247,0.109589041096,0.369863013699,0.0958904109589];1;557.0;0.101026678737;556;49;0.05806451612903226;1.6451612903225807;35.25032258064516;24.29032258064516;68.64129032258063;11.129032258064516;29.419354838709676;11.774193548387096;1.0696774193548386;0.0;1.8051612903225807;0.0;2.9096774193548387;0.4283870967741935;2.0296774193548384;6.419354838709677;5.258064516129032
11286;zone17;6738.8937706128745;4298.8917997019325;0.0;zone17;S01010219;21;503;382;274;[0.695652,0.304348,0.0];[0.758621,0.215517,0.025862];[0.761905,0.166667,0.071429];[0.781609,0.195402,0.022989];[0.41935483871,0.0752688172043,0.408602150538,0.0967741935484];2;184.0;-0.327838932938;1420;44;0.0761904761904762;1.1904761904761905;55.16190476190478;33.285714285714285;78.07238095238095;11.238095238095237;29.857142857142858;18.476190476190474;2.660952380952381;0.0;4.662857142857142;0.04571428571428571;2.0228571428571427;0.47619047619047616;2.339047619047619;4.523809523809524;8.952380952380953
11286;zone18;5915.780765415368;4211.222876105162;0.0;zone18;S01010220;7;476;433;279;[0.181159,0.608696,0.210145];[0.404255,0.531915,0.06383];[0.227273,0.704545,0.068182];[0.448276,0.482759,0.068966];[0.154545454545,0.0636363636364,0.318181818182,0.463636363636];5;267.0;-0.232306706325;1008;20;0.10857142857142857;1.8571428571428572;36.228571428571435;23.857142857142858;78.42285714285713;12.857142857142858;32.857142857142854;12.428571428571429;3.12;0.0;2.817142857142857;0.24000000000000002;1.7542857142857144;0.36;1.6400000000000001;8.714285714285714;7.428571428571429
11286;zone19;6341.0811208317455;3913.8398648988496;0.0;zone19;S01010221;13;546;394;260;[0.6,0.4,0.0];[0.557377,0.409836,0.032787];[0.538462,0.323077,0.138462];[0.699387,0.257669,0.042945];[0.609375,0.140625,0.203125,0.046875];1;635.0;0.19005459739;1115;10;0.03076923076923077;1.6923076923076923;45.99076923076924;15.692307692307692;73.16615384615385;11.615384615384615;30.076923076923077;15.692307692307692;1.8153846153846156;0.0;2.0153846153846158;0.07076923076923078;0.8246153846153847;0.2830769230769231;2.68;6.384615384615385;4.230769230769231
11286;zone20;7001.213463613622;4053.9957950241624;0.0;zone20;S01010222;15;492;414;285;[0.142857,0.5,0.357143];[0.432432,0.459459,0.108108];[0.348624,0.522936,0.12844];[0.747899,0.235294,0.016807];[0.345238095238,0.214285714286,0.309523809524,0.130952380952];1;377.0;-0.105830277325;1842;23;0.06133333333333333;1.2666666666666666;41.962666666666664;23.4;72.31733333333334;11.266666666666667;30.4;14.266666666666667;2.1279999999999997;0.0;2.3253333333333335;0.0;1.9920000000000002;0.3520000000000001;2.8026666666666666;5.133333333333334;5.866666666666666
11286;zone21;6986.8418912765155;3434.1450308482026;0.0;zone21;S01010223;4;556;462;337;[0.076923,0.538462,0.384615];[0.567797,0.330508,0.101695];[0.472222,0.444444,0.083333];[0.584699,0.36612,0.04918];[0.432432432432,0.162162162162,0.324324324324,0.0810810810811];1;439.0;-0.0353356041414;1702;4;0.04;1.0;38.06;23.0;64.31;10.25;27.5;13.25;2.08;0.0;2.33;0.0;1.75;0.57;2.52;2.25;5.75
11286;zone22;6247.397837456437;3329.661273309237;0.0;zone22;S01010224;40;1036;727;469;[0.405405,0.540541,0.054054];[0.592593,0.274074,0.133333];[0.418803,0.504274,0.076923];[0.768421,0.202632,0.028947];[0.506097560976,0.140243902439,0.268292682927,0.0853658536585];1;1004.0;0.614259332793;1060;62;0.059;1.425;46.733000000000004;20.275;78.336;12.7;31.9;15.95;3.5650000000000004;0.0;1.5140000000000002;0.068;1.2039999999999997;0.39699999999999996;2.5780000000000003;6.8;5.825
11286;zone23;7827.985844039554;4105.4701191949;0.0;zone23;S01010225;33;812;636;431;[0.25,0.634615,0.115385];[0.469072,0.43299,0.097938];[0.54023,0.413793,0.045977];[0.672065,0.234818,0.093117];[0.385185185185,0.125925925926,0.325925925926,0.162962962963];1;1006.0;0.616572011517;1677;49;0.05818181818181818;1.4848484848484849;53.555151515151515;24.545454545454547;75.23757575757574;10.363636363636363;29.696969696969695;18.181818181818183;1.904242424242424;0.0;2.0484848484848484;0.0;2.3927272727272726;0.3296969696969696;2.5624242424242434;6.0;5.9393939393939394
11286;zone24;7040.363001382077;4481.052780471187;0.0;zone24;S01010226;40;816;565;394;[0.454545,0.242424,0.30303];[0.715385,0.2,0.084615];[0.540541,0.405405,0.054054];[0.766917,0.18797,0.045113];[0.503355704698,0.201342281879,0.221476510067,0.0738255033557];2;422.0;-0.0548014077425;1157;98;0.092;1.175;46.75400000000001;31.4;71.22500000000001;10.1;28.45;15.9;3.714;0.0;3.2600000000000002;0.024;1.4180000000000001;0.409;2.178;4.125;7.975
11286;zone25;6847.772309074456;4638.663588163389;0.0;zone25;S01010227;39;692;454;294;[0.413793,0.413793,0.172414];[0.704545,0.238636,0.056818];[0.654545,0.345455,0.0];[0.810606,0.159091,0.030303];[0.672268907563,0.0924369747899,0.159663865546,0.0756302521008];4;0.0;-0.540229885057;1167;135;0.13230769230769232;1.1282051282051282;46.82564102564101;41.84615384615385;74.80820512820513;10.205128205128204;28.512820512820515;15.923076923076923;2.8789743589743586;0.0;7.106666666666667;0.0317948717948718;1.8410256410256405;0.41538461538461546;2.1856410256410257;3.948717948717949;11.384615384615385
11286;zone26;8241.816993110848;4572.457656401622;0.0;zone26;S01010229;30;1016;787;508;[0.1,0.625,0.275];[0.350877,0.350877,0.298246];[0.348315,0.477528,0.174157];[0.565217,0.310559,0.124224];[0.420731707317,0.213414634146,0.292682926829,0.0731707317073];1;395.0;-0.0859445809966;1297;52;0.06666666666666667;0.8;32.44666666666667;21.066666666666666;63.87199999999998;10.966666666666667;28.9;11.033333333333333;1.4266666666666665;0.0;2.377333333333333;0.02533333333333333;1.5293333333333332;0.4386666666666668;2.592;2.9;4.766666666666667
11286;zone27;7458.320056766788;4680.341251240345;0.0;zone27;S01010230;24;1005;772;577;[0.314286,0.628571,0.057143];[0.703883,0.296117,0.0];[0.727273,0.218182,0.054545];[0.71831,0.24507,0.03662];[0.517857142857,0.136904761905,0.267857142857,0.077380952381];1;846.0;0.433218203459;1020;40;0.065;1.1666666666666667;46.23333333333334;30.75;76.21333333333334;11.916666666666666;30.041666666666668;15.791666666666666;2.3016666666666667;0.0;5.03;0.05;1.6266666666666667;0.3866666666666667;2.34;4.958333333333333;8.458333333333334
11286;zone28;7569.802990100143;4917.458811240416;0.0;zone28;S01010232;37;1074;792;485;[0.457143,0.485714,0.057143];[0.557292,0.338542,0.104167];[0.492063,0.333333,0.174603];[0.654229,0.251244,0.094527];[0.470297029703,0.153465346535,0.306930693069,0.0693069306931];1;771.0;0.347049794199;1016;63;0.0681081081081081;1.2702702702702702;43.44648648648648;26.0;71.11351351351347;11.378378378378379;29.16216216216216;14.621621621621621;1.3513513513513513;0.0;2.482162162162162;0.01837837837837838;2.551351351351351;0.39351351351351344;2.141621621621622;5.243243243243243;5.918918918918919
11286;zone29;7830.713068379679;4879.746446724283;0.0;zone29;S01010233;33;970;705;476;[0.275,0.625,0.1];[0.655629,0.245033,0.099338];[0.52809,0.426966,0.044944];[0.771505,0.212366,0.016129];[0.587209302326,0.093023255814,0.261627906977,0.0581395348837];1;284.0;-0.213781821634;1030;46;0.05212121212121212;1.5151515151515151;47.99636363636363;21.939393939393938;72.60606060606061;11.333333333333334;29.575757575757574;16.181818181818183;1.1163636363636367;0.0;1.792727272727273;0.02303030303030303;2.5781818181818186;0.2824242424242424;2.5975757575757576;5.424242424242424;4.9393939393939394
11286;zone30;6473.383843181837;4954.519765957263;0.0;zone30;S01010261;6;2551;2373;526;[0.666667,0.270833,0.0625];[0.675841,0.281346,0.042813];[0.75,0.25,0.0];[0.824468,0.164894,0.010638];[0.41,0.06,0.41,0.12];3;176.0;-0.337679921334;2319;19;0.12;1.8333333333333333;64.56666666666666;30.0;77.92;10.333333333333334;28.333333333333332;21.666666666666668;3.7466666666666666;0.0;2.6799999999999997;0.0;1.4866666666666666;0.45333333333333337;1.6666666666666667;6.0;7.333333333333333
11286;zone31;4930.642193689802;4959.449818932565;0.0;zone31;S01010266;3;555;474;237;[0.320755,0.556604,0.122642];[0.677273,0.254545,0.068182];[0.5,0.461538,0.038462];[0.534247,0.30137,0.164384];[0.141176470588,0.0588235294118,0.4,0.4];3;536.0;0.0761386922126;1085;3;0.04;1.3333333333333333;37.86666666666667;29.666666666666668;78.26666666666667;13.666666666666666;32.333333333333336;13.0;1.8133333333333332;0.0;4.306666666666667;0.0;3.106666666666667;0.26666666666666666;2.7733333333333334;5.0;8.666666666666666
11286;zone32;5712.5549897826;4979.400336637217;0.0;zone32;S01010270;4;1153;972;817;[0.389831,0.533898,0.076271];[0.70255,0.252125,0.045326];[0.714286,0.272727,0.012987];[0.771552,0.228448,0.0];[0.125,0.0909090909091,0.454545454545,0.329545454545];1;871.0;0.461200629557;1645;6;0.06;1.25;70.94;29.25;87.52;11.75;32.5;23.0;2.06;0.0;1.58;0.13;2.07;0.36000000000000004;3.43;9.0;5.25
11286;zone33;3394.0723536088512;4934.677182292946;0.0;zone33;S01010282;13;976;841;645;[0.438776,0.520408,0.040816];[0.545732,0.405488,0.04878];[0.521277,0.382979,0.095745];[0.712707,0.232044,0.055249];[0.190954773869,0.070351758794,0.35175879397,0.386934673367];2;350.0;-0.137812028107;1333;16;0.04923076923076923;1.4615384615384615;48.824615384615385;28.615384615384617;82.81230769230768;12.846153846153847;31.692307692307693;16.846153846153847;2.2369230769230763;0.0;5.652307692307692;0.5815384615384616;0.963076923076923;0.43384615384615394;2.1107692307692307;7.615384615384615;8.846153846153847
11286;zone34;4385.789287498423;4835.237486850067;0.0;zone34;S01010289;15;771;687;380;[0.130952,0.511905,0.357143];[0.262911,0.502347,0.234742];[0.178571,0.464286,0.357143];[0.410256,0.435897,0.153846];[0.058064516129,0.0322580645161,0.245161290323,0.664516129032];5;259.0;-0.241396294863;1406;42;0.10933333333333334;2.1333333333333333;40.38133333333334;32.6;76.55466666666666;10.866666666666667;30.266666666666666;13.466666666666667;1.5946666666666665;0.0;5.173333333333333;0.8933333333333334;1.28;0.3920000000000001;1.6266666666666663;9.2;8.466666666666667
11286;zone35;4401.5375624188455;4669.062022109911;0.0;zone35;S01010290;13;546;485;278;[0.198198,0.603604,0.198198];[0.485944,0.449799,0.064257];[0.555556,0.444444,0.0];[0.435897,0.512821,0.051282];[0.10752688172,0.0430107526882,0.494623655914,0.354838709677];3;353.0;-0.133686757747;1211;42;0.12615384615384614;1.9230769230769231;37.58153846153846;31.23076923076923;76.39076923076924;11.538461538461538;30.53846153846154;12.76923076923077;1.9384615384615387;0.0;6.270769230769231;0.3815384615384616;1.0338461538461539;0.44615384615384623;2.0984615384615384;7.615384615384615;9.153846153846153
11286;zone36;4119.983651650423;4281.100418217042;0.0;zone36;S01010291;12;1075;975;481;[0.405594,0.447552,0.146853];[0.627907,0.277132,0.094961];[0.415094,0.433962,0.150943];[0.562963,0.325926,0.111111];[0.197080291971,0.0729927007299,0.445255474453,0.284671532847];3;438.0;-0.0363924713322;715;23;0.07666666666666666;1.8333333333333333;39.11000000000001;30.416666666666668;74.25666666666667;10.833333333333334;29.666666666666668;13.083333333333334;1.2366666666666666;0.0;7.093333333333334;0.24000000000000002;0.89;0.5300000000000001;1.6966666666666665;7.0;9.0
11286;zone37;4399.731076226201;4291.6703625917;0.0;zone37;S01010292;10;890;831;409;[0.348214,0.508929,0.142857];[0.477169,0.420091,0.10274];[0.339286,0.446429,0.214286];[0.55814,0.383721,0.05814];[0.128378378378,0.0540540540541,0.398648648649,0.418918918919];4;323.0;-0.168488563048;1039;14;0.056;2.1;36.4;28.4;73.152;10.7;30.0;11.9;1.144;0.0;5.5120000000000005;0.29600000000000004;0.9520000000000002;0.296;2.06;8.7;7.2
11286;zone38;4514.690807242894;4541.15458266895;0.0;zone38;S01010293;16;839;723;373;[0.51773,0.35461,0.12766];[0.635389,0.262735,0.101877];[0.446809,0.319149,0.234043];[0.514286,0.392857,0.092857];[0.242424242424,0.0606060606061,0.393939393939,0.30303030303];3;290.0;-0.205814991507;998;52;0.125;2.375;43.94499999999999;33.0625;80.54249999999999;11.4375;30.6875;15.125;1.3450000000000002;0.0;5.8625;0.8875;1.4400000000000002;0.2025;1.6024999999999996;10.3125;9.0625
11286;zone39;4541.7482834333705;4418.565122351524;0.0;zone39;S01010294;13;690;631;275;[0.242105,0.526316,0.231579];[0.650873,0.214464,0.134663];[0.583333,0.208333,0.208333];[0.414894,0.489362,0.095745];[0.164835164835,0.043956043956,0.494505494505,0.296703296703];4;440.0;-0.0342259463805;1130;40;0.12;1.6923076923076923;49.62461538461538;33.53846153846154;75.1476923076923;10.0;28.923076923076923;17.0;2.1538461538461537;0.0;6.006153846153845;0.6215384615384616;0.683076923076923;0.42769230769230765;1.68;5.846153846153846;9.0
11286;zone40;4766.8646917667475;4574.50133624035;0.0;zone40;S01010295;18;974;870;427;[0.384615,0.391026,0.224359];[0.604555,0.310559,0.084886];[0.428571,0.285714,0.285714];[0.390728,0.516556,0.092715];[0.212765957447,0.113475177305,0.297872340426,0.375886524823];4;529.0;0.0680145754747;1075;41;0.09111111111111111;1.7777777777777777;50.92222222222222;41.94444444444444;85.26444444444444;11.38888888888889;31.833333333333332;17.166666666666668;2.9777777777777783;0.0;8.315555555555555;0.8511111111111112;1.2622222222222221;0.3133333333333334;1.7000000000000002;7.555555555555555;12.944444444444445
11286;zone41;4647.752341766679;4736.091736240359;0.0;zone41;S01010296;16;664;560;291;[0.294118,0.423529,0.282353];[0.520913,0.368821,0.110266];[0.375,0.375,0.25];[0.475524,0.391608,0.132867];[0.282828282828,0.111111111111,0.363636363636,0.242424242424];2;856.0;0.444094443477;1161;31;0.065;1.0;32.842499999999994;33.5;70.0125;11.3125;29.75;10.9375;2.3999999999999995;0.0;5.2925;0.6450000000000001;1.3325;0.4625;2.4;3.8125;9.1875
11286;zone42;5522.849421766708;4411.996091240393;0.0;zone42;S01010297;7;1066;894;676;[0.582609,0.382609,0.034783];[0.691824,0.245283,0.062893];[0.540541,0.333333,0.126126];[0.681275,0.270916,0.047809];[0.260563380282,0.140845070423,0.37323943662,0.225352112676];1;504.0;0.0391758595379;438;11;0.06285714285714286;2.4285714285714284;40.737142857142864;25.857142857142858;72.76;10.714285714285714;29.571428571428573;14.142857142857142;0.4628571428571428;0.0;0.8971428571428571;0.5257142857142857;3.8114285714285714;0.2857142857142857;1.3828571428571426;9.285714285714286;5.285714285714286
11286;zone43;4706.481893689814;4143.807995855712;0.0;zone43;S01010298;12;880;677;515;[0.308943,0.479675,0.211382];[0.581395,0.356589,0.062016];[0.539683,0.396825,0.063492];[0.744828,0.193103,0.062069];[0.227272727273,0.0984848484848,0.371212121212,0.30303030303];1;486.0;0.0190902878356;1057;19;0.06333333333333334;1.6666666666666667;42.04333333333334;27.666666666666668;72.73333333333333;11.166666666666666;29.25;14.083333333333334;1.8633333333333335;0.0;3.6899999999999995;0.35999999999999993;1.4533333333333331;0.34;2.2233333333333336;6.416666666666667;7.0
11286;zone44;4885.424673909578;4209.645754097502;0.0;zone44;S01010299;4;536;404;292;[0.3,0.54,0.16];[0.556701,0.340206,0.103093];[0.458333,0.520833,0.020833];[0.584906,0.283019,0.132075];[0.428571428571,0.0857142857143,0.285714285714,0.2];1;375.0;-0.10827530326;562;7;0.07;1.25;28.200000000000003;22.0;65.97999999999999;10.75;30.0;9.5;1.9200000000000002;0.0;1.35;0.0;2.15;0.2;1.58;7.25;5.25
11286;zone45;4883.397012115578;4340.414778682246;0.0;zone45;S01010300;21;934;764;478;[0.460784,0.411765,0.127451];[0.664653,0.238671,0.096677];[0.632353,0.323529,0.044118];[0.606383,0.329787,0.06383];[0.3046875,0.125,0.3515625,0.21875];2;513.0;0.0498225801839;617;43;0.07809523809523809;0.8571428571428571;28.643809523809523;29.333333333333332;67.72761904761906;12.19047619047619;30.047619047619047;9.761904761904763;3.3466666666666662;0.0;2.394285714285714;0.1161904761904762;2.3047619047619046;0.35047619047619055;2.384761904761905;3.2857142857142856;7.761904761904762
11286;zone46;5144.66081966521;4032.769083704074;0.0;zone46;S01010301;6;522;457;283;[0.292683,0.597561,0.109756];[0.57563,0.315126,0.109244];[0.222222,0.703704,0.074074];[0.561798,0.393258,0.044944];[0.214285714286,0.0612244897959,0.459183673469,0.265306122449];4;490.0;0.0232745011966;903;11;0.06666666666666667;1.0;38.62666666666667;31.666666666666668;79.36666666666666;12.5;32.5;13.166666666666666;4.766666666666667;0.0;1.9000000000000001;0.36000000000000004;3.6799999999999997;0.4666666666666666;2.766666666666667;5.166666666666667;10.333333333333334
11286;zone47;5165.568789180556;4297.038752619699;0.0;zone47;S01010302;24;669;495;388;[0.65625,0.28125,0.0625];[0.6,0.356522,0.043478];[0.716981,0.226415,0.056604];[0.801802,0.18018,0.018018];[0.582417582418,0.0769230769231,0.263736263736,0.0769230769231];1;392.0;-0.0896499889057;619;42;0.06833333333333333;1.625;33.37;30.5;72.77166666666666;11.916666666666666;30.666666666666668;11.0;2.5816666666666666;0.0;1.2733333333333332;0.245;3.6549999999999994;0.29166666666666674;2.27;7.083333333333333;7.208333333333333
11286;zone48;5241.140616766716;4139.402270499609;0.0;zone48;S01010303;33;579;387;250;[0.692308,0.153846,0.153846];[0.56701,0.298969,0.134021];[0.630435,0.282609,0.086957];[0.658879,0.285047,0.056075];[0.58407079646,0.106194690265,0.274336283186,0.0353982300885];1;415.0;-0.0627120940391;967;82;0.0993939393939394;0.9393939393939394;38.63757575757576;30.515151515151516;70.47515151515151;11.06060606060606;29.696969696969695;13.212121212121213;4.625454545454544;0.0;1.0424242424242425;0.2715151515151515;2.124848484848485;0.3515151515151515;2.8084848484848486;3.5757575757575757;7.636363636363637
11286;zone49;4853.647576226233;3833.123065294377;0.0;zone49;S01010304;12;542;456;332;[0.323529,0.514706,0.161765];[0.635135,0.25,0.114865];[0.477273,0.522727,0.0];[0.829268,0.109756,0.060976];[0.372340425532,0.0425531914894,0.297872340426,0.287234042553];1;804.0;0.384523850516;1126;25;0.07666666666666666;0.5;48.4;39.5;79.63333333333333;12.416666666666666;31.416666666666668;16.75;6.613333333333334;0.0;1.9200000000000002;0.9466666666666668;2.18;0.47000000000000003;2.876666666666667;2.5833333333333335;11.083333333333334
11286;zone50;4697.410406890209;3639.1027396354093;0.0;zone50;S01010305;7;807;694;478;[0.36036,0.468468,0.171171];[0.553191,0.33617,0.110638];[0.409639,0.301205,0.289157];[0.589888,0.337079,0.073034];[0.198529411765,0.0735294117647,0.382352941176,0.345588235294];1;223.0;-0.28282788147;531;8;0.04571428571428571;2.142857142857143;43.32;23.0;73.24571428571429;11.142857142857142;29.428571428571427;14.428571428571429;4.011428571428572;0.0;0.6114285714285714;1.1771428571428573;0.21714285714285714;0.29714285714285715;1.84;8.285714285714286;5.428571428571429
11286;zone51;4591.3082521834585;3868.367573740388;0.0;zone51;S01010306;13;752;675;449;[0.35625,0.56875,0.075];[0.570588,0.355882,0.073529];[0.283019,0.566038,0.150943];[0.650943,0.330189,0.018868];[0.165680473373,0.0473372781065,0.479289940828,0.307692307692];2;238.0;-0.265781391166;783;34;0.09846153846153846;1.7692307692307692;40.01846153846155;31.0;73.18153846153847;10.76923076923077;30.23076923076923;13.538461538461538;3.172307692307692;0.0;1.72;1.6338461538461537;1.0800000000000003;0.3261538461538462;1.7138461538461536;7.230769230769231;7.153846153846154
11286;zone52;4503.72067559025;3742.2957906521283;0.0;zone52;S01010307;9;821;732;428;[0.189922,0.577519,0.232558];[0.407407,0.487654,0.104938];[0.346154,0.538462,0.115385];[0.71875,0.234375,0.046875];[0.0681818181818,0.0568181818182,0.375,0.5];5;319.0;-0.172537833795;497;23;0.09777777777777778;1.8888888888888888;34.56444444444445;42.0;73.05777777777777;11.444444444444445;29.444444444444443;11.777777777777779;2.7777777777777777;0.0;3.382222222222223;3.0044444444444447;0.5155555555555555;0.35111111111111115;1.4222222222222223;7.222222222222222;9.222222222222221
11286;zone53;4364.519870735056;4047.768725526131;0.0;zone53;S01010308;9;975;858;480;[0.285714,0.54007,0.174216];[0.511936,0.384615,0.103448];[0.254902,0.411765,0.333333];[0.648352,0.307692,0.043956];[0.0970873786408,0.0631067961165,0.359223300971,0.480582524272];4;257.0;-0.244477582955;1177;26;0.11555555555555555;1.7777777777777777;47.01777777777779;32.888888888888886;75.72;10.777777777777779;29.0;16.333333333333332;3.226666666666667;0.0;4.213333333333334;1.36;0.6755555555555556;0.38666666666666666;1.9333333333333336;6.0;9.0
11286;zone54;5381.88771051669;3636.3205112402793;0.0;zone54;S01010309;4;419;356;264;[0.333333,0.25,0.416667];[0.478873,0.422535,0.098592];[0.352941,0.382353,0.264706];[0.705882,0.24183,0.052288];[0.365853658537,0.170731707317,0.390243902439,0.0731707317073];1;0.0;-0.540229885057;1757;6;0.06;0.75;43.26;18.0;64.72;10.5;28.25;14.5;1.06;0.0;0.9299999999999999;0.19;1.83;0.39;3.4499999999999997;1.75;3.5
11286;zone55;5657.373406240428;3625.6586165034923;0.0;zone55;S01010310;13;706;540;381;[0.333333,0.238095,0.428571];[0.565517,0.337931,0.096552];[0.54902,0.27451,0.176471];[0.715415,0.256917,0.027668];[0.484848484848,0.151515151515,0.318181818182,0.0454545454545];1;574.0;0.120406534162;813;33;0.09846153846153846;0.8461538461538461;41.88615384615385;32.46153846153846;68.52307692307691;9.846153846153847;28.923076923076923;14.307692307692308;2.196923076923077;0.0;2.3661538461538463;0.1630769230769231;3.0707692307692303;0.3169230769230769;2.3446153846153845;3.3846153846153846;7.230769230769231
11286;zone56;5685.425126382168;3318.6970593171873;0.0;zone56;S01010311;22;721;556;351;[0.411765,0.352941,0.235294];[0.472222,0.453704,0.074074];[0.571429,0.404762,0.02381];[0.717949,0.271062,0.010989];[0.565217391304,0.121739130435,0.269565217391,0.0434782608696];1;1534.0;1.22364271569;1766;38;0.06727272727272728;1.3636363636363635;62.781818181818174;28.045454545454547;77.65999999999998;10.0;28.954545454545453;21.681818181818183;1.5963636363636362;0.0;2.2800000000000002;0.04727272727272727;3.112727272727273;0.4254545454545454;2.547272727272728;5.2272727272727275;6.590909090909091
11286;zone57;5466.52613028024;3072.1402274564575;0.0;zone57;S01010312;34;868;647;425;[0.117647,0.823529,0.058824];[0.754386,0.22807,0.017544];[0.407407,0.444444,0.148148];[0.804945,0.153846,0.041209];[0.586956521739,0.115942028986,0.268115942029,0.0289855072464];1;685.0;0.247477927043;1670;55;0.06352941176470588;1.3235294117647058;63.18941176470587;25.676470588235293;81.52000000000001;11.588235294117647;30.705882352941178;21.529411764705884;1.9058823529411764;0.0;2.310588235294118;0.04117647058823529;2.636470588235294;0.3423529411764706;2.643529411764706;6.0588235294117645;6.382352941176471
11286;zone58;5251.7403530303945;3502.549209042501;0.0;zone58;S01010313;16;654;529;356;[0.428571,0.285714,0.285714];[0.6,0.333333,0.066667];[0.433735,0.481928,0.084337];[0.739623,0.162264,0.098113];[0.648351648352,0.131868131868,0.175824175824,0.043956043956];1;565.0;0.109617915218;2130;22;0.055;1.25;67.28999999999999;25.5625;85.3775;12.625;31.5;23.1875;1.8200000000000003;0.0;2.7150000000000003;0.0525;2.3925;0.4174999999999999;2.7624999999999997;6.5625;6.5
11286;zone59;4840.312157862589;3385.4448126102257;0.0;zone59;S01010314;21;1248;1034;550;[0.358209,0.507463,0.134328];[0.514493,0.333333,0.152174];[0.5,0.326923,0.173077];[0.636,0.324,0.04];[0.316901408451,0.133802816901,0.401408450704,0.147887323944];1;637.0;0.192402372167;1352;30;0.05333333333333334;2.0476190476190474;51.899047619047614;23.761904761904763;76.22476190476189;10.380952380952381;29.61904761904762;17.904761904761905;2.7257142857142855;0.0;2.5238095238095233;0.3314285714285714;0.9638095238095239;0.38285714285714284;2.0819047619047617;7.619047619047619;6.0476190476190474
11286;zone60;4536.293429266749;2504.1273706154316;0.0;zone60;S01010315;43;911;678;409;[0.180723,0.554217,0.26506];[0.252632,0.457895,0.289474];[0.208333,0.5,0.291667];[0.55144,0.345679,0.102881];[0.308176100629,0.169811320755,0.358490566038,0.163522012579];2;382.0;-0.100954860853;1645;82;0.07348837209302325;1.558139534883721;36.6306976744186;23.162790697674417;71.84930232558139;11.790697674418604;30.372093023255815;12.279069767441861;2.794418604651162;0.0;1.6632558139534883;0.01209302325581395;2.0251162790697674;0.3823255813953489;2.34139534883721;6.372093023255814;6.0
11286;zone61;4589.6619547948285;2943.195659127726;0.0;zone61;S01010316;25;512;414;304;[0.392157,0.529412,0.078431];[0.62931,0.37069,0.0];[0.439024,0.560976,0.0];[0.775401,0.224599,0.0];[0.439252336449,0.102803738318,0.252336448598,0.205607476636];1;481.0;0.0128180141103;1512;57;0.0832;1.48;50.632;28.44;71.93760000000002;9.84;28.52;17.52;2.4447999999999994;0.0;2.2208000000000006;0.0336;2.5072000000000005;0.3648;2.0768;4.56;6.68
11286;zone63;4421.5566371748755;3071.026327566895;0.0;zone63;S01010318;12;1588;1497;304;[0.5,0.456522,0.043478];[0.469799,0.47651,0.053691];[0.310345,0.37931,0.310345];[0.678571,0.285714,0.035714];[0.36,0.14,0.34,0.16];3;317.0;-0.175110645645;1151;23;0.07666666666666666;1.0833333333333333;56.32;34.083333333333336;76.53333333333335;10.0;28.333333333333332;19.25;4.5233333333333325;0.0;4.293333333333334;0.30666666666666664;0.8366666666666666;0.38000000000000006;2.4633333333333334;4.333333333333333;9.5
11286;zone64;4173.240913470097;2893.8040771744095;0.0;zone64;S01010319;9;711;624;407;[0.258741,0.608392,0.132867];[0.383399,0.486166,0.130435];[0.439394,0.212121,0.348485];[0.530769,0.384615,0.084615];[0.171974522293,0.0700636942675,0.471337579618,0.286624203822];2;473.0;0.00423719084943;1581;21;0.09333333333333334;1.7777777777777777;26.40888888888889;26.0;63.146666666666675;10.444444444444445;27.88888888888889;8.666666666666666;2.964444444444444;0.0;1.5955555555555554;0.12000000000000001;1.5866666666666667;0.2622222222222222;1.6488888888888888;6.222222222222222;5.777777777777778
11286;zone65;3940.1918462749595;2900.8899784533987;0.0;zone65;S01010320;4;675;594;437;[0.257813,0.523438,0.21875];[0.61753,0.298805,0.083665];[0.526316,0.22807,0.245614];[0.805085,0.169492,0.025424];[0.172185430464,0.0662251655629,0.443708609272,0.317880794702];1;646.0;0.202453315259;1166;2;0.02;2.0;31.890000000000004;18.0;65.64;11.0;29.25;10.0;0.61;0.0;1.63;0.27;1.23;0.19;1.92;7.75;3.25
11286;zone66;3905.8658739096163;2664.6669636212755;0.0;zone66;S01010321;7;837;634;432;[0.401709,0.555556,0.042735];[0.54717,0.433962,0.018868];[0.45122,0.439024,0.109756];[0.666667,0.271186,0.062147];[0.212328767123,0.0958904109589,0.390410958904,0.301369863014];1;1019.0;0.631764531736;1788;13;0.07428571428571429;1.2857142857142858;48.56;27.428571428571427;66.42285714285714;9.0;26.857142857142858;17.0;1.7828571428571427;0.0;3.942857142857143;0.4057142857142857;0.9028571428571429;0.2857142857142857;1.72;3.2857142857142856;6.571428571428571
11286;zone67;3630.3978644730896;3132.1651121578075;0.0;zone67;S01010322;9;1028;914;549;[0.174419,0.549419,0.276163];[0.412399,0.471698,0.115903];[0.298507,0.38806,0.313433];[0.647059,0.323529,0.029412];[0.057268722467,0.0352422907489,0.449339207048,0.458149779736];5;124.0;-0.397569575369;1461;23;0.10222222222222223;2.7777777777777777;46.760000000000005;35.22222222222222;76.75999999999999;10.222222222222221;28.88888888888889;15.666666666666666;2.591111111111111;0.0;3.3111111111111113;0.8000000000000002;1.6711111111111108;0.25777777777777783;1.08;10.444444444444445;7.777777777777778
11286;zone68;6208.193116766784;3072.425066795916;0.0;zone68;S01010323;4;603;466;377;[0.555556,0.444444,0.0];[0.657143,0.271429,0.071429];[0.642857,0.321429,0.035714];[0.793651,0.166667,0.039683];[0.578431372549,0.166666666667,0.235294117647,0.0196078431373];1;970.0;0.57559463238;1052;7;0.07;0.0;51.66;27.25;75.17;13.0;31.25;18.0;3.5800000000000005;0.0;3.79;0.0;1.26;0.33;2.58;0.0;8.5
11286;zone69;6517.651722029823;2240.572579661372;0.0;zone69;S01010324;6;759;566;403;[0.142857,0.571429,0.285714];[0.298077,0.490385,0.211538];[0.333333,0.530864,0.135802];[0.401674,0.414226,0.1841];[0.569620253165,0.101265822785,0.291139240506,0.0379746835443];1;407.0;-0.0721601679586;1703;15;0.09333333333333334;1.6666666666666667;54.586666666666666;30.333333333333332;75.48;10.0;28.666666666666668;18.666666666666668;2.7133333333333334;0.0;1.3333333333333333;0.0;2.846666666666667;0.4133333333333334;2.4;6.5;6.5
11286;zone70;6038.016041009105;2402.8415869980217;0.0;zone70;S01010325;18;939;666;501;[0.263158,0.368421,0.368421];[0.383838,0.525253,0.090909];[0.253623,0.615942,0.130435];[0.451362,0.463035,0.085603];[0.545454545455,0.238636363636,0.193181818182,0.0227272727273];1;225.0;-0.281126582053;1672;20;0.04222222222222222;1.2777777777777777;39.48444444444445;24.0;77.02888888888887;13.166666666666666;32.388888888888886;13.222222222222221;2.293333333333333;0.0;1.1355555555555557;0.0;3.3755555555555556;0.4222222222222223;2.9955555555555553;6.111111111111111;6.277777777777778
11286;zone71;5272.359331052501;2740.775131541117;0.0;zone71;S01010326;39;987;707;494;[0.526316,0.368421,0.105263];[0.522523,0.333333,0.144144];[0.492188,0.3125,0.195313];[0.723514,0.224806,0.05168];[0.54375,0.16875,0.23125,0.05625];1;1389.0;1.05701743376;932;66;0.06666666666666667;1.205128205128205;44.559999999999995;28.794871794871796;76.5825641025641;11.743589743589743;30.41025641025641;15.179487179487179;2.125128205128205;0.0;5.16102564102564;0.01025641025641026;1.4041025641025642;0.4153846153846153;2.753846153846154;5.641025641025641;8.23076923076923
11286;zone72;4970.167032608406;2501.795090448298;0.0;zone72;S01010327;34;982;660;362;[0.031746,0.507937,0.460317];[0.372881,0.432203,0.194915];[0.289063,0.328125,0.382813];[0.516892,0.347973,0.135135];[0.416184971098,0.21387283237,0.236994219653,0.132947976879];1;470.0;0.000335688704598;1016;54;0.06235294117647059;1.1470588235294117;40.71764705882352;22.676470588235293;69.70235294117646;11.029411764705882;29.352941176470587;13.764705882352942;1.8094117647058827;0.0;3.821176470588236;0.00470588235294118;0.9729411764705882;0.39058823529411774;2.6458823529411752;4.205882352941177;6.147058823529412
11286;zone73;5975.307390960257;2677.5485166167286;0.0;zone73;S01010328;24;969;706;445;[0.16129,0.5,0.33871];[0.27044,0.471698,0.257862];[0.192547,0.434783,0.372671];[0.338983,0.432203,0.228814];[0.309352517986,0.258992805755,0.280575539568,0.151079136691];2;457.0;-0.0138550124678;1804;41;0.06333333333333334;1.5833333333333333;36.206666666666656;24.0;67.12166666666667;10.583333333333334;29.041666666666668;12.125;1.9233333333333336;0.0;1.28;0.0;2.3850000000000002;0.36500000000000005;2.0083333333333333;5.625;5.041666666666667
11286;zone74;4421.847657862615;2232.0860934321454;0.0;zone74;S01010329;21;573;435;290;[0.368421,0.263158,0.368421];[0.341176,0.470588,0.188235];[0.255814,0.465116,0.27907];[0.52,0.354286,0.125714];[0.438356164384,0.191780821918,0.27397260274,0.0958904109589];2;105.0;-0.418628586414;1713;30;0.05714285714285714;1.4285714285714286;56.84;29.19047619047619;80.33142857142856;11.619047619047619;30.333333333333332;19.523809523809526;3.7066666666666674;0.0;2.064761904761905;0.0;2.468571428571429;0.500952380952381;2.6761904761904765;5.857142857142857;7.666666666666667
