cycle;name;location.x;location.y;location.z;name;dataZone;nm_children;pop;over16;nm_hh;AB_car_prob;C1_car_prob;C2_car_prob;DE_car_prob;prob_social;simd;crimeRate;norm_crime;avg_dis_sh;neigh_play;daily_play_per_child;avg_FSA;avg_walk;daily_OD;zone_mvpa;mvpa_home;mvpa_sc;mvpa_road;mvpa_play_field;mvpa_home_garden;mvpa_park;mvpa_PG;mvpa_amenity;mvpa_shops;mvpa_F_home;mvpa_fsa;mvpa_OD
11286;zone0;8448.90275962388;2625.4515469546564;0.0;zone0;S01010195;19;531;390;212;[0.0,0.481481,0.518519];[0.261538,0.646154,0.092308];[0.12,0.59,0.29];[0.447368,0.368421,0.184211];[0.418918918919,0.283783783784,0.202702702703,0.0945945945946];1;0.0;-0.540229885057;936;30;0.06105263157894737;1.3157894736842106;35.10105263157896;25.842105263157894;68.50526315789475;10.842105263157896;29.57894736842105;11.736842105263158;1.031578947368421;0.0;3.1389473684210536;0.02105263157894737;2.6189473684210527;0.42105263157894746;2.591578947368421;4.631578947368421;6.421052631578948
11286;zone1;8656.736904000718;2165.9902346445633;0.0;zone1;S01010198;18;1027;748;394;[0.058824,0.529412,0.411765];[0.305785,0.561983,0.132231];[0.219858,0.496454,0.283688];[0.523179,0.331126,0.145695];[0.48623853211,0.229357798165,0.266055045872,0.0183486238532];1;1609.0;1.3102524676;1435;32;0.06888888888888889;0.7222222222222222;44.151111111111106;33.22222222222222;73.70666666666666;11.833333333333334;30.666666666666668;14.88888888888889;1.3955555555555554;0.0;2.822222222222222;0.05555555555555555;4.475555555555555;0.39333333333333337;2.6422222222222222;3.0;8.222222222222221
11286;zone2;8537.588755655543;3024.028900129281;0.0;zone2;S01010201;22;643;453;253;[0.0,0.47619,0.52381];[0.270833,0.3125,0.416667];[0.088,0.48,0.432];[0.296552,0.434483,0.268966];[0.365853658537,0.292682926829,0.292682926829,0.0487804878049];2;219.0;-0.28762447053;907;44;0.07636363636363637;1.3181818181818181;37.58909090909091;26.181818181818183;70.32181818181817;11.636363636363637;29.318181818181817;12.590909090909092;0.94;0.0;2.7490909090909095;0.04545454545454546;2.8290909090909087;0.3890909090909091;2.272727272727273;5.636363636363637;5.954545454545454
11286;zone3;8059.42097232239;3767.666522351409;0.0;zone3;S01010203;30;671;504;260;[0.090909,0.363636,0.545455];[0.263804,0.460123,0.276074];[0.094828,0.422414,0.482759];[0.183824,0.375,0.441176];[0.272727272727,0.218181818182,0.363636363636,0.145454545455];3;215.0;-0.292668818285;1991;80;0.10266666666666667;1.7333333333333334;50.69466666666668;29.6;73.62933333333334;10.3;28.966666666666665;17.233333333333334;1.8960000000000004;0.0;2.0426666666666664;0.0;2.946666666666668;0.34400000000000003;2.030666666666667;6.333333333333333;6.4
11286;zone4;8368.288440296214;3565.498290652094;0.0;zone4;S01010204;30;800;589;381;[0.272727,0.727273,0.0];[0.627451,0.27451,0.098039];[0.444444,0.533333,0.022222];[0.600619,0.321981,0.077399];[0.595041322314,0.157024793388,0.239669421488,0.00826446280992];1;497.0;0.0317745673598;1305;55;0.07333333333333333;1.3333333333333333;38.10133333333332;25.533333333333335;72.29333333333332;11.7;30.733333333333334;12.633333333333333;1.481333333333333;0.0;2.393333333333333;0.04133333333333333;3.214666666666666;0.49066666666666664;2.6159999999999997;5.233333333333333;6.566666666666666
11286;zone5;8034.229745798958;3515.110462853287;0.0;zone5;S01010205;15;658;534;355;[0.411765,0.117647,0.470588];[0.465116,0.457364,0.077519];[0.317757,0.588785,0.093458];[0.593458,0.280374,0.126168];[0.466666666667,0.2,0.3,0.0333333333333];1;925.0;0.523434132086;1356;19;0.05066666666666667;1.6666666666666667;40.936;21.333333333333332;74.792;12.4;31.2;14.0;1.2160000000000002;0.0;2.096;0.0;2.44;0.31733333333333336;1.9840000000000002;7.266666666666667;5.266666666666667
11286;zone6;7457.064719570519;3739.055375726369;0.0;zone6;S01010208;18;903;745;565;[0.30137,0.589041,0.109589];[0.48062,0.457364,0.062016];[0.272727,0.613636,0.113636];[0.66055,0.270642,0.068807];[0.233333333333,0.133333333333,0.461111111111,0.172222222222];1;603.0;0.153385979085;1410;21;0.04222222222222222;2.388888888888889;49.2488888888889;20.833333333333332;71.4088888888889;9.777777777777779;28.055555555555557;16.72222222222222;0.6822222222222223;0.0;0.9222222222222223;0.0;3.0000000000000004;0.3155555555555556;1.513333333333333;8.555555555555555;4.111111111111111
11286;zone7;7917.838214725937;1939.334458859395;0.0;zone7;S01010209;24;966;677;468;[0.172414,0.586207,0.241379];[0.333333,0.414966,0.251701];[0.381944,0.458333,0.159722];[0.545852,0.336245,0.117904];[0.337931034483,0.248275862069,0.303448275862,0.110344827586];1;2053.0;1.82052250092;1642;30;0.04833333333333333;1.4166666666666667;49.495000000000005;20.583333333333332;69.90499999999999;10.666666666666666;28.791666666666668;16.958333333333332;0.6566666666666666;0.0;2.136666666666667;0.0;2.063333333333333;0.3916666666666666;2.0833333333333335;4.5;4.5
11286;zone8;7878.406567747077;2721.2634132011362;0.0;zone8;S01010210;18;885;641;416;[0.173913,0.456522,0.369565];[0.21519,0.5,0.28481];[0.189781,0.386861,0.423358];[0.422111,0.442211,0.135678];[0.394736842105,0.236842105263,0.254385964912,0.114035087719];1;344.0;-0.144253829852;1139;26;0.05777777777777778;1.8333333333333333;35.56222222222223;22.38888888888889;70.88;11.166666666666666;30.22222222222222;12.0;1.1577777777777778;0.0;1.773333333333333;0.0;2.855555555555556;0.37333333333333335;2.342222222222222;7.222222222222222;5.277777777777778
11286;zone9;7785.599648345685;3201.783800714137;0.0;zone9;S01010211;22;858;634;452;[0.147059,0.705882,0.147059];[0.384615,0.452991,0.162393];[0.469565,0.4,0.130435];[0.722656,0.226563,0.050781];[0.473214285714,0.169642857143,0.285714285714,0.0714285714286];1;430.0;-0.0456985893816;901;37;0.05818181818181818;1.5;38.14363636363636;23.772727272727273;75.63454545454546;12.636363636363637;31.40909090909091;12.909090909090908;1.0109090909090908;0.0;3.4909090909090907;0.0;2.572727272727273;0.3527272727272728;2.4690909090909092;6.863636363636363;6.636363636363637
11286;zone10;7580.688680869333;3097.127786881416;0.0;zone10;S01010212;49;1083;779;559;[0.233333,0.633333,0.133333];[0.594771,0.339869,0.065359];[0.465517,0.405172,0.12931];[0.712821,0.269231,0.017949];[0.566037735849,0.138364779874,0.22641509434,0.0691823899371];1;1473.0;1.15298517036;1250;75;0.05795918367346939;1.3265306122448979;46.217142857142846;26.285714285714285;71.97795918367348;10.918367346938776;29.408163265306122;15.693877551020408;0.9779591836734696;0.0;2.7510204081632645;0.0;2.7428571428571438;0.4195918367346938;2.2767346938775512;5.142857142857143;5.979591836734694
11286;zone11;8065.177293237223;3111.5884965344962;0.0;zone11;S01010213;13;924;657;476;[0.105263,0.684211,0.210526];[0.382609,0.547826,0.069565];[0.218543,0.556291,0.225166];[0.467925,0.483019,0.049057];[0.451327433628,0.221238938053,0.274336283186,0.0530973451327];1;247.0;-0.255840453357;1030;16;0.04307692307692308;0.7692307692307693;31.941538461538464;26.307692307692307;67.99076923076923;12.076923076923077;30.076923076923077;10.846153846153847;0.9015384615384617;0.0;2.923076923076923;0.07692307692307693;2.7015384615384614;0.4000000000000001;2.661538461538462;3.8461538461538463;6.230769230769231
11286;zone12;7144.994858230166;1947.4125453867302;0.0;zone12;S01010214;27;967;717;396;[0.098592,0.28169,0.619718];[0.197531,0.438272,0.364198];[0.173333,0.493333,0.333333];[0.237069,0.487069,0.275862];[0.361344537815,0.210084033613,0.310924369748,0.117647058824];3;176.0;-0.337854473183;1747;63;0.09037037037037036;1.5185185185185186;38.28740740740741;28.962962962962962;74.80740740740738;11.925925925925926;30.85185185185185;12.777777777777779;2.878518518518519;0.0;2.666666666666666;0.0;3.0800000000000005;0.41185185185185175;2.1333333333333337;6.444444444444445;8.148148148148149
11286;zone13;7013.590150664996;2618.495528189446;0.0;zone13;S01010215;24;850;608;492;[0.571429,0.285714,0.142857];[0.5,0.431373,0.068627];[0.382609,0.391304,0.226087];[0.678571,0.269841,0.051587];[0.467289719626,0.140186915888,0.345794392523,0.0467289719626];1;547.0;0.0886083430805;533;42;0.06833333333333333;1.7916666666666667;35.85333333333333;26.458333333333332;73.47666666666667;12.0;30.75;12.041666666666666;1.151666666666667;0.0;1.5283333333333335;0.0;3.85;0.49;2.2116666666666664;7.666666666666667;6.125
11286;zone14;7332.222205807836;2329.961970144465;0.0;zone14;S01010216;15;621;464;361;[0.6,0.4,0.0];[0.597701,0.356322,0.045977];[0.409091,0.439394,0.151515];[0.709544,0.273859,0.016598];[0.5,0.163265306122,0.265306122449,0.0714285714286];1;600.0;0.150092344085;1288;22;0.056;1.5333333333333334;54.928;23.066666666666666;73.70133333333334;11.0;28.866666666666667;18.8;1.0000000000000002;0.0;2.698666666666667;0.0;2.176;0.5760000000000002;1.9040000000000001;5.333333333333333;5.466666666666667
11286;zone15;7299.833172322251;2625.8610945736937;0.0;zone15;S01010217;33;817;598;406;[0.16129,0.516129,0.322581];[0.565517,0.4,0.034483];[0.5,0.431373,0.068627];[0.702703,0.283784,0.013514];[0.541935483871,0.0967741935484,0.296774193548,0.0645161290323];1;1060.0;0.679274950851;987;59;0.06787878787878789;1.393939393939394;37.786666666666676;27.757575757575758;68.47757575757575;10.757575757575758;28.90909090909091;12.848484848484848;0.709090909090909;0.0;2.2;0.0;3.7951515151515145;0.36363636363636365;2.196363636363637;5.03030303030303;6.303030303030303
11286;zone16;7142.953643082513;3018.5401822929393;0.0;zone16;S01010218;31;1018;790;587;[0.425532,0.404255,0.170213];[0.392523,0.453271,0.154206];[0.358209,0.492537,0.149254];[0.589124,0.335347,0.075529];[0.424657534247,0.109589041096,0.369863013699,0.0958904109589];1;557.0;0.101026678737;570;46;0.05548387096774193;1.5806451612903225;35.34064516129032;25.0;67.74709677419358;11.129032258064516;28.93548387096774;11.935483870967742;0.8838709677419354;0.0;1.2825806451612902;0.0;3.3612903225806448;0.41161290322580646;1.9277419354838707;6.096774193548387;4.967741935483871
11286;zone17;6738.8937706128745;4298.8917997019325;0.0;zone17;S01010219;21;503;382;274;[0.695652,0.304348,0.0];[0.758621,0.215517,0.025862];[0.761905,0.166667,0.071429];[0.781609,0.195402,0.022989];[0.41935483871,0.0752688172043,0.408602150538,0.0967741935484];2;184.0;-0.327838932938;1424;27;0.04571428571428571;1.2857142857142858;64.25904761904764;35.0;81.63047619047619;10.523809523809524;30.0;22.142857142857142;4.08952380952381;0.0;3.314285714285714;0.03238095238095238;2.3142857142857145;0.34857142857142864;2.304761904761905;4.904761904761905;9.238095238095237
11286;zone18;5915.780765415368;4211.222876105162;0.0;zone18;S01010220;7;476;433;279;[0.181159,0.608696,0.210145];[0.404255,0.531915,0.06383];[0.227273,0.704545,0.068182];[0.448276,0.482759,0.068966];[0.154545454545,0.0636363636364,0.318181818182,0.463636363636];5;267.0;-0.232306706325;1424;16;0.08571428571428572;1.8571428571428572;51.57714285714285;32.0;83.93142857142857;11.142857142857142;31.714285714285715;17.142857142857142;3.9257142857142857;0.0;5.937142857142858;0.03428571428571429;1.04;0.40571428571428575;2.337142857142857;8.285714285714286;10.428571428571429
11286;zone19;6341.0811208317455;3913.8398648988496;0.0;zone19;S01010221;13;546;394;260;[0.6,0.4,0.0];[0.557377,0.409836,0.032787];[0.538462,0.323077,0.138462];[0.699387,0.257669,0.042945];[0.609375,0.140625,0.203125,0.046875];1;635.0;0.19005459739;1064;20;0.06153846153846154;0.6923076923076923;40.76;23.53846153846154;66.52923076923076;10.923076923076923;28.307692307692307;13.846153846153847;2.015384615384615;0.0;2.209230769230769;0.13846153846153847;1.4615384615384615;0.2984615384615385;2.8215384615384616;3.076923076923077;5.230769230769231
11286;zone20;7001.213463613622;4053.9957950241624;0.0;zone20;S01010222;15;492;414;285;[0.142857,0.5,0.357143];[0.432432,0.459459,0.108108];[0.348624,0.522936,0.12844];[0.747899,0.235294,0.016807];[0.345238095238,0.214285714286,0.309523809524,0.130952380952];1;377.0;-0.105830277325;1770;19;0.048;1.9333333333333333;54.83733333333334;22.4;76.24800000000002;10.733333333333333;28.866666666666667;18.866666666666667;1.88;0.0;1.7386666666666664;0.0;1.9253333333333336;0.28800000000000003;1.7626666666666666;8.333333333333334;5.2
11286;zone21;6986.8418912765155;3434.1450308482026;0.0;zone21;S01010223;4;556;462;337;[0.076923,0.538462,0.384615];[0.567797,0.330508,0.101695];[0.472222,0.444444,0.083333];[0.584699,0.36612,0.04918];[0.432432432432,0.162162162162,0.324324324324,0.0810810810811];1;439.0;-0.0353356041414;1568;7;0.07;2.0;79.41;31.5;90.88;11.0;30.25;28.0;5.12;0.0;1.8900000000000001;0.0;2.9099999999999997;0.62;2.16;7.5;9.5
11286;zone22;6247.397837456437;3329.661273309237;0.0;zone22;S01010224;40;1036;727;469;[0.405405,0.540541,0.054054];[0.592593,0.274074,0.133333];[0.418803,0.504274,0.076923];[0.768421,0.202632,0.028947];[0.506097560976,0.140243902439,0.268292682927,0.0853658536585];1;1004.0;0.614259332793;1015;62;0.059;1.275;47.795;23.45;73.514;11.15;29.6;16.325;3.819999999999999;0.0;1.592;0.06799999999999999;1.29;0.3559999999999999;2.357;5.275;6.35
11286;zone23;7827.985844039554;4105.4701191949;0.0;zone23;S01010225;33;812;636;431;[0.25,0.634615,0.115385];[0.469072,0.43299,0.097938];[0.54023,0.413793,0.045977];[0.672065,0.234818,0.093117];[0.385185185185,0.125925925926,0.325925925926,0.162962962963];1;1006.0;0.616572011517;1645;45;0.05212121212121212;1.606060606060606;48.00242424242425;23.12121212121212;73.92363636363636;11.090909090909092;29.636363636363637;16.151515151515152;1.7103030303030302;0.0;1.8872727272727272;0.0;2.572121212121212;0.446060606060606;1.9406060606060613;6.696969696969697;5.666666666666667
11286;zone24;7040.363001382077;4481.052780471187;0.0;zone24;S01010226;40;816;565;394;[0.454545,0.242424,0.30303];[0.715385,0.2,0.084615];[0.540541,0.405405,0.054054];[0.766917,0.18797,0.045113];[0.503355704698,0.201342281879,0.221476510067,0.0738255033557];2;422.0;-0.0548014077425;1238;77;0.07;1.35;49.549;29.825;77.47699999999999;11.2;30.05;16.85;3.7920000000000007;0.0;4.091;0.031;1.3610000000000002;0.38699999999999996;2.3080000000000003;5.825;8.85
11286;zone25;6847.772309074456;4638.663588163389;0.0;zone25;S01010227;39;692;454;294;[0.413793,0.413793,0.172414];[0.704545,0.238636,0.056818];[0.654545,0.345455,0.0];[0.810606,0.159091,0.030303];[0.672268907563,0.0924369747899,0.159663865546,0.0756302521008];4;0.0;-0.540229885057;1022;141;0.13743589743589743;1.1025641025641026;46.07384615384615;41.46153846153846;77.23589743589743;10.666666666666666;29.794871794871796;15.794871794871796;2.4194871794871795;0.0;7.884102564102563;0.02461538461538462;1.9261538461538463;0.4030769230769232;1.9056410256410254;4.769230769230769;11.846153846153847
11286;zone26;8241.816993110848;4572.457656401622;0.0;zone26;S01010229;30;1016;787;508;[0.1,0.625,0.275];[0.350877,0.350877,0.298246];[0.348315,0.477528,0.174157];[0.565217,0.310559,0.124224];[0.420731707317,0.213414634146,0.292682926829,0.0731707317073];1;395.0;-0.0859445809966;1396;38;0.04933333333333333;1.3;44.592;20.9;70.55600000000001;10.933333333333334;29.466666666666665;15.066666666666666;1.5546666666666669;0.0;2.3653333333333326;0.024;1.586666666666667;0.5146666666666666;2.3479999999999994;5.033333333333333;5.1
11286;zone27;7458.320056766788;4680.341251240345;0.0;zone27;S01010230;24;1005;772;577;[0.314286,0.628571,0.057143];[0.703883,0.296117,0.0];[0.727273,0.218182,0.054545];[0.71831,0.24507,0.03662];[0.517857142857,0.136904761905,0.267857142857,0.077380952381];1;846.0;0.433218203459;1082;40;0.06166666666666667;1.0;43.60166666666667;28.875;72.38833333333335;11.5;29.458333333333332;14.625;1.7916666666666663;0.0;4.07;0.01166666666666667;1.905;0.4216666666666667;2.2783333333333338;4.541666666666667;7.25
11286;zone28;7569.802990100143;4917.458811240416;0.0;zone28;S01010232;37;1074;792;485;[0.457143,0.485714,0.057143];[0.557292,0.338542,0.104167];[0.492063,0.333333,0.174603];[0.654229,0.251244,0.094527];[0.470297029703,0.153465346535,0.306930693069,0.0693069306931];1;771.0;0.347049794199;958;65;0.06702702702702702;1.8108108108108107;44.63135135135137;28.486486486486488;72.24540540540542;10.378378378378379;29.054054054054053;15.18918918918919;1.1729729729729734;0.0;2.8443243243243237;0.04324324324324325;2.7308108108108105;0.348108108108108;1.8627027027027032;6.837837837837838;6.324324324324325
11286;zone29;7830.713068379679;4879.746446724283;0.0;zone29;S01010233;33;970;705;476;[0.275,0.625,0.1];[0.655629,0.245033,0.099338];[0.52809,0.426966,0.044944];[0.771505,0.212366,0.016129];[0.587209302326,0.093023255814,0.261627906977,0.0581395348837];1;284.0;-0.213781821634;1058;66;0.07757575757575758;0.8484848484848485;49.032727272727264;32.06060606060606;74.66787878787878;11.303030303030303;29.939393939393938;16.696969696969695;2.4824242424242424;0.0;2.553939393939394;0.05696969696969698;3.0921212121212123;0.4472727272727272;2.6484848484848484;3.878787878787879;7.666666666666667
11286;zone30;6473.383843181837;4954.519765957263;0.0;zone30;S01010261;6;2551;2373;526;[0.666667,0.270833,0.0625];[0.675841,0.281346,0.042813];[0.75,0.25,0.0];[0.824468,0.164894,0.010638];[0.41,0.06,0.41,0.12];3;176.0;-0.337679921334;2057;9;0.06;2.8333333333333335;88.36666666666667;31.5;101.72000000000001;12.166666666666666;32.833333333333336;30.5;2.68;0.0;0.6066666666666667;0.0;5.5;0.26;1.28;14.0;8.333333333333334
11286;zone31;4930.642193689802;4959.449818932565;0.0;zone31;S01010266;3;555;474;237;[0.320755,0.556604,0.122642];[0.677273,0.254545,0.068182];[0.5,0.461538,0.038462];[0.534247,0.30137,0.164384];[0.141176470588,0.0588235294118,0.4,0.4];3;536.0;0.0761386922126;1079;7;0.09333333333333334;3.0;49.346666666666664;16.666666666666668;83.77333333333333;13.333333333333334;33.0;17.0;1.7733333333333334;0.0;0.10666666666666667;1.1733333333333333;1.5866666666666667;0.5733333333333334;1.4666666666666668;12.0;4.0
11286;zone32;5712.5549897826;4979.400336637217;0.0;zone32;S01010270;4;1153;972;817;[0.389831,0.533898,0.076271];[0.70255,0.252125,0.045326];[0.714286,0.272727,0.012987];[0.771552,0.228448,0.0];[0.125,0.0909090909091,0.454545454545,0.329545454545];1;871.0;0.461200629557;1694;10;0.07;1.0;41.5;24.75;82.04;15.75;34.5;13.5;2.78;0.0;0.54;0.05;3.6399999999999997;0.22;3.02;6.75;6.5
11286;zone33;3394.0723536088512;4934.677182292946;0.0;zone33;S01010282;13;976;841;645;[0.438776,0.520408,0.040816];[0.545732,0.405488,0.04878];[0.521277,0.382979,0.095745];[0.712707,0.232044,0.055249];[0.190954773869,0.070351758794,0.35175879397,0.386934673367];2;350.0;-0.137812028107;1317;24;0.06769230769230769;2.1538461538461537;60.51384615384615;27.846153846153847;80.38461538461539;10.307692307692308;29.0;20.615384615384617;1.4184615384615387;0.0;5.6061538461538465;0.7661538461538462;0.27384615384615385;0.2769230769230769;1.4953846153846155;9.0;7.538461538461538
11286;zone34;4385.789287498423;4835.237486850067;0.0;zone34;S01010289;15;771;687;380;[0.130952,0.511905,0.357143];[0.262911,0.502347,0.234742];[0.178571,0.464286,0.357143];[0.410256,0.435897,0.153846];[0.058064516129,0.0322580645161,0.245161290323,0.664516129032];5;259.0;-0.241396294863;1392;37;0.09333333333333334;1.9333333333333333;40.92;34.93333333333333;77.42133333333335;11.466666666666667;30.866666666666667;14.066666666666666;1.6826666666666665;0.0;4.072;2.218666666666666;1.1386666666666665;0.5226666666666666;1.6213333333333328;8.133333333333333;8.733333333333333
11286;zone35;4401.5375624188455;4669.062022109911;0.0;zone35;S01010290;13;546;485;278;[0.198198,0.603604,0.198198];[0.485944,0.449799,0.064257];[0.555556,0.444444,0.0];[0.435897,0.512821,0.051282];[0.10752688172,0.0430107526882,0.494623655914,0.354838709677];3;353.0;-0.133686757747;1081;29;0.08615384615384615;1.8461538461538463;45.68923076923076;33.61538461538461;72.89846153846155;10.0;28.76923076923077;15.307692307692308;1.1753846153846153;0.0;4.393846153846154;1.2892307692307694;1.4892307692307694;0.3723076923076923;1.3969230769230767;7.0;7.769230769230769
11286;zone36;4119.983651650423;4281.100418217042;0.0;zone36;S01010291;12;1075;975;481;[0.405594,0.447552,0.146853];[0.627907,0.277132,0.094961];[0.415094,0.433962,0.150943];[0.562963,0.325926,0.111111];[0.197080291971,0.0729927007299,0.445255474453,0.284671532847];3;438.0;-0.0363924713322;958;32;0.10666666666666667;0.3333333333333333;38.43333333333333;45.5;65.71;9.416666666666666;27.416666666666668;13.083333333333334;1.18;0.0;6.226666666666666;1.7733333333333334;0.8266666666666667;0.39999999999999997;2.0833333333333335;1.5;9.5
11286;zone37;4399.731076226201;4291.6703625917;0.0;zone37;S01010292;10;890;831;409;[0.348214,0.508929,0.142857];[0.477169,0.420091,0.10274];[0.339286,0.446429,0.214286];[0.55814,0.383721,0.05814];[0.128378378378,0.0540540540541,0.398648648649,0.418918918919];4;323.0;-0.168488563048;1214;28;0.104;1.5;45.07599999999999;39.4;77.11599999999999;10.9;29.4;15.2;2.96;0.0;6.444;1.0559999999999998;0.884;0.21600000000000003;1.2719999999999998;7.1;11.0
11286;zone38;4514.690807242894;4541.15458266895;0.0;zone38;S01010293;16;839;723;373;[0.51773,0.35461,0.12766];[0.635389,0.262735,0.101877];[0.446809,0.319149,0.234043];[0.514286,0.392857,0.092857];[0.242424242424,0.0606060606061,0.393939393939,0.30303030303];3;290.0;-0.205814991507;1262;51;0.1225;0.625;50.7925;44.25;85.3775;13.375;32.9375;17.5;4.5625;0.0;7.1274999999999995;1.5999999999999999;1.3975;0.615;2.2074999999999996;2.4375;14.1875
11286;zone39;4541.7482834333705;4418.565122351524;0.0;zone39;S01010294;13;690;631;275;[0.242105,0.526316,0.231579];[0.650873,0.214464,0.134663];[0.583333,0.208333,0.208333];[0.414894,0.489362,0.095745];[0.164835164835,0.043956043956,0.494505494505,0.296703296703];4;440.0;-0.0342259463805;1326;29;0.08923076923076922;2.923076923076923;57.14153846153847;38.0;78.28615384615385;8.538461538461538;27.846153846153847;19.692307692307693;2.209230769230769;0.0;4.7784615384615385;1.3015384615384618;0.7907692307692307;0.1907692307692308;0.806153846153846;10.153846153846153;8.538461538461538
11286;zone40;4766.8646917667475;4574.50133624035;0.0;zone40;S01010295;18;974;870;427;[0.384615,0.391026,0.224359];[0.604555,0.310559,0.084886];[0.428571,0.285714,0.285714];[0.390728,0.516556,0.092715];[0.212765957447,0.113475177305,0.297872340426,0.375886524823];4;529.0;0.0680145754747;1011;46;0.1;1.1111111111111112;40.068888888888885;43.0;78.66888888888889;12.055555555555555;30.61111111111111;13.555555555555555;2.8888888888888893;0.0;8.020000000000001;1.402222222222222;1.1955555555555555;0.4488888888888889;2.3488888888888884;4.444444444444445;12.944444444444445
11286;zone41;4647.752341766679;4736.091736240359;0.0;zone41;S01010296;16;664;560;291;[0.294118,0.423529,0.282353];[0.520913,0.368821,0.110266];[0.375,0.375,0.25];[0.475524,0.391608,0.132867];[0.282828282828,0.111111111111,0.363636363636,0.242424242424];2;856.0;0.444094443477;1173;26;0.0625;2.0;45.084999999999994;31.4375;76.92;11.375;29.25;15.1875;2.0425000000000004;0.0;4.985;1.0175;0.8075;0.36250000000000004;1.3824999999999998;8.5625;8.375
11286;zone42;5522.849421766708;4411.996091240393;0.0;zone42;S01010297;7;1066;894;676;[0.582609,0.382609,0.034783];[0.691824,0.245283,0.062893];[0.540541,0.333333,0.126126];[0.681275,0.270916,0.047809];[0.260563380282,0.140845070423,0.37323943662,0.225352112676];1;504.0;0.0391758595379;1296;11;0.05142857142857143;2.2857142857142856;65.11428571428571;25.571428571428573;83.85142857142857;10.714285714285714;30.571428571428573;22.285714285714285;1.8228571428571427;0.0;1.1314285714285715;0.01714285714285714;3.8114285714285714;0.34285714285714286;1.7085714285714286;9.571428571428571;6.285714285714286
11286;zone43;4706.481893689814;4143.807995855712;0.0;zone43;S01010298;12;880;677;515;[0.308943,0.479675,0.211382];[0.581395,0.356589,0.062016];[0.539683,0.396825,0.063492];[0.744828,0.193103,0.062069];[0.227272727273,0.0984848484848,0.371212121212,0.30303030303];1;486.0;0.0190902878356;953;22;0.07333333333333333;1.4166666666666667;37.98333333333334;28.416666666666668;71.3;10.916666666666666;29.083333333333332;13.083333333333334;2.923333333333334;0.0;4.833333333333334;0.5000000000000001;0.5566666666666666;0.21;2.27;5.0;8.166666666666666
11286;zone44;4885.424673909578;4209.645754097502;0.0;zone44;S01010299;4;536;404;292;[0.3,0.54,0.16];[0.556701,0.340206,0.103093];[0.458333,0.520833,0.020833];[0.584906,0.283019,0.132075];[0.428571428571,0.0857142857143,0.285714285714,0.2];1;375.0;-0.10827530326;700;9;0.09;2.0;33.51;28.75;70.83000000000001;11.25;30.75;11.0;3.4899999999999998;0.0;0.47000000000000003;0.47;3.16;0.63;1.7;6.5;7.0
11286;zone45;4883.397012115578;4340.414778682246;0.0;zone45;S01010300;21;934;764;478;[0.460784,0.411765,0.127451];[0.664653,0.238671,0.096677];[0.632353,0.323529,0.044118];[0.606383,0.329787,0.06383];[0.3046875,0.125,0.3515625,0.21875];2;513.0;0.0498225801839;556;41;0.07238095238095238;1.0952380952380953;31.862857142857145;26.666666666666668;69.42285714285714;12.0;30.61904761904762;10.952380952380953;2.826666666666667;0.0;1.735238095238095;0.39428571428571435;2.095238095238096;0.5295238095238096;2.493333333333334;4.190476190476191;6.571428571428571
11286;zone46;5144.66081966521;4032.769083704074;0.0;zone46;S01010301;6;522;457;283;[0.292683,0.597561,0.109756];[0.57563,0.315126,0.109244];[0.222222,0.703704,0.074074];[0.561798,0.393258,0.044944];[0.214285714286,0.0612244897959,0.459183673469,0.265306122449];4;490.0;0.0232745011966;1492;20;0.12666666666666668;1.0;36.986666666666665;36.166666666666664;64.53333333333335;8.833333333333334;26.833333333333332;12.666666666666666;3.8799999999999994;0.0;1.6333333333333335;0.3133333333333333;2.4466666666666663;0.3666666666666667;2.32;3.5;7.666666666666667
11286;zone47;5165.568789180556;4297.038752619699;0.0;zone47;S01010302;24;669;495;388;[0.65625,0.28125,0.0625];[0.6,0.356522,0.043478];[0.716981,0.226415,0.056604];[0.801802,0.18018,0.018018];[0.582417582418,0.0769230769231,0.263736263736,0.0769230769231];1;392.0;-0.0896499889057;1488;49;0.07833333333333334;1.2916666666666667;47.021666666666654;28.208333333333332;73.665;11.458333333333334;29.958333333333332;16.083333333333332;2.7550000000000003;0.0;1.2716666666666667;0.075;2.8816666666666673;0.28;2.2933333333333334;4.958333333333333;6.541666666666667
11286;zone48;5241.140616766716;4139.402270499609;0.0;zone48;S01010303;33;579;387;250;[0.692308,0.153846,0.153846];[0.56701,0.298969,0.134021];[0.630435,0.282609,0.086957];[0.658879,0.285047,0.056075];[0.58407079646,0.106194690265,0.274336283186,0.0353982300885];1;415.0;-0.0627120940391;1559;79;0.09454545454545454;1.121212121212121;43.39272727272727;25.606060606060606;74.8181818181818;12.121212121212121;30.87878787878788;14.878787878787879;4.172121212121212;0.0;0.8206060606060607;0.1987878787878788;2.1248484848484854;0.4133333333333333;2.7733333333333334;4.696969696969697;6.757575757575758
11286;zone49;4853.647576226233;3833.123065294377;0.0;zone49;S01010304;12;542;456;332;[0.323529,0.514706,0.161765];[0.635135,0.25,0.114865];[0.477273,0.522727,0.0];[0.829268,0.109756,0.060976];[0.372340425532,0.0425531914894,0.297872340426,0.287234042553];1;804.0;0.384523850516;1940;32;0.10333333333333333;1.0;57.77;30.75;69.16333333333331;8.5;26.583333333333332;19.75;4.12;0.0;1.1766666666666667;0.3033333333333334;1.2833333333333334;0.35000000000000003;2.2533333333333334;3.0833333333333335;6.5
11286;zone50;4697.410406890209;3639.1027396354093;0.0;zone50;S01010305;7;807;694;478;[0.36036,0.468468,0.171171];[0.553191,0.33617,0.110638];[0.409639,0.301205,0.289157];[0.589888,0.337079,0.073034];[0.198529411765,0.0735294117647,0.382352941176,0.345588235294];1;223.0;-0.28282788147;614;9;0.05142857142857143;1.7142857142857142;38.10285714285715;23.714285714285715;76.18857142857144;12.428571428571429;30.428571428571427;12.857142857142858;5.737142857142857;0.0;1.8571428571428572;0.2914285714285714;0.4971428571428572;0.33714285714285713;2.565714285714286;7.285714285714286;7.857142857142857
11286;zone51;4591.3082521834585;3868.367573740388;0.0;zone51;S01010306;13;752;675;449;[0.35625,0.56875,0.075];[0.570588,0.355882,0.073529];[0.283019,0.566038,0.150943];[0.650943,0.330189,0.018868];[0.165680473373,0.0473372781065,0.479289940828,0.307692307692];2;238.0;-0.265781391166;745;27;0.08;1.5384615384615385;41.36615384615384;32.46153846153846;78.52615384615385;12.076923076923077;31.23076923076923;14.153846153846153;5.135384615384615;0.0;1.5599999999999998;1.0000000000000002;1.412307692307692;0.4184615384615385;2.1415384615384614;7.615384615384615;8.692307692307692
11286;zone52;4503.72067559025;3742.2957906521283;0.0;zone52;S01010307;9;821;732;428;[0.189922,0.577519,0.232558];[0.407407,0.487654,0.104938];[0.346154,0.538462,0.115385];[0.71875,0.234375,0.046875];[0.0681818181818,0.0568181818182,0.375,0.5];5;319.0;-0.172537833795;537;19;0.08;2.0;39.67111111111112;36.77777777777778;81.48888888888888;12.11111111111111;31.666666666666668;13.666666666666666;10.035555555555556;0.0;1.7333333333333334;0.4577777777777778;0.28444444444444444;0.41777777777777786;1.7066666666666666;7.777777777777778;12.0
11286;zone53;4364.519870735056;4047.768725526131;0.0;zone53;S01010308;9;975;858;480;[0.285714,0.54007,0.174216];[0.511936,0.384615,0.103448];[0.254902,0.411765,0.333333];[0.648352,0.307692,0.043956];[0.0970873786408,0.0631067961165,0.359223300971,0.480582524272];4;257.0;-0.244477582955;1401;22;0.09777777777777778;1.6666666666666667;39.09777777777777;32.22222222222222;75.58666666666666;11.666666666666666;31.0;13.444444444444445;2.4399999999999995;0.0;3.9422222222222225;1.297777777777778;1.2844444444444445;0.37333333333333335;1.8711111111111112;6.555555555555555;8.555555555555555
11286;zone54;5381.88771051669;3636.3205112402793;0.0;zone54;S01010309;4;419;356;264;[0.333333,0.25,0.416667];[0.478873,0.422535,0.098592];[0.352941,0.382353,0.264706];[0.705882,0.24183,0.052288];[0.365853658537,0.170731707317,0.390243902439,0.0731707317073];1;0.0;-0.540229885057;1908;7;0.06;0.25;73.77;33.0;82.19;11.0;31.25;25.75;2.3099999999999996;0.0;1.98;0.49;4.71;0.24;2.6799999999999997;0.25;9.0
11286;zone55;5657.373406240428;3625.6586165034923;0.0;zone55;S01010310;13;706;540;381;[0.333333,0.238095,0.428571];[0.565517,0.337931,0.096552];[0.54902,0.27451,0.176471];[0.715415,0.256917,0.027668];[0.484848484848,0.151515151515,0.318181818182,0.0454545454545];1;574.0;0.120406534162;765;21;0.06153846153846154;0.7692307692307693;42.55692307692307;31.153846153846153;70.69538461538461;11.076923076923077;29.307692307692307;14.384615384615385;2.2369230769230772;0.0;2.0953846153846154;0.32;3.141538461538462;0.48923076923076925;2.913846153846154;2.923076923076923;7.3076923076923075
11286;zone56;5685.425126382168;3318.6970593171873;0.0;zone56;S01010311;22;721;556;351;[0.411765,0.352941,0.235294];[0.472222,0.453704,0.074074];[0.571429,0.404762,0.02381];[0.717949,0.271062,0.010989];[0.565217391304,0.121739130435,0.269565217391,0.0434782608696];1;1534.0;1.22364271569;1619;34;0.06181818181818182;1.0;60.643636363636354;27.363636363636363;78.77818181818182;11.818181818181818;30.454545454545453;20.636363636363637;2.1709090909090913;0.0;1.8509090909090913;0.10909090909090909;3.26;0.44909090909090915;2.5600000000000005;3.772727272727273;6.954545454545454
11286;zone57;5466.52613028024;3072.1402274564575;0.0;zone57;S01010312;34;868;647;425;[0.117647,0.823529,0.058824];[0.754386,0.22807,0.017544];[0.407407,0.444444,0.148148];[0.804945,0.153846,0.041209];[0.586956521739,0.115942028986,0.268115942029,0.0289855072464];1;685.0;0.247477927043;1739;57;0.06705882352941177;1.1764705882352942;55.774117647058816;25.676470588235293;69.86235294117648;9.5;27.88235294117647;18.852941176470587;1.3847058823529412;0.0;1.6141176470588234;0.04235294117647059;2.5352941176470587;0.36705882352941177;2.2341176470588238;3.676470588235294;5.117647058823529
11286;zone58;5251.7403530303945;3502.549209042501;0.0;zone58;S01010313;16;654;529;356;[0.428571,0.285714,0.285714];[0.6,0.333333,0.066667];[0.433735,0.481928,0.084337];[0.739623,0.162264,0.098113];[0.648351648352,0.131868131868,0.175824175824,0.043956043956];1;565.0;0.109617915218;2142;30;0.07;1.75;66.29499999999999;22.0;82.90250000000002;11.5;30.6875;22.8125;1.695;0.0;1.9000000000000001;0.135;2.7950000000000004;0.3500000000000001;2.3025;6.75;6.0625
11286;zone59;4840.312157862589;3385.4448126102257;0.0;zone59;S01010314;21;1248;1034;550;[0.358209,0.507463,0.134328];[0.514493,0.333333,0.152174];[0.5,0.326923,0.173077];[0.636,0.324,0.04];[0.316901408451,0.133802816901,0.401408450704,0.147887323944];1;637.0;0.192402372167;1284;46;0.08571428571428572;0.8571428571428571;41.89523809523809;25.61904761904762;75.90857142857143;12.714285714285714;31.61904761904762;14.333333333333334;4.1104761904761915;0.0;2.779047619047619;0.16;1.0761904761904764;0.36000000000000004;3.102857142857143;4.0;7.571428571428571
11286;zone60;4536.293429266749;2504.1273706154316;0.0;zone60;S01010315;43;911;678;409;[0.180723,0.554217,0.26506];[0.252632,0.457895,0.289474];[0.208333,0.5,0.291667];[0.55144,0.345679,0.102881];[0.308176100629,0.169811320755,0.358490566038,0.163522012579];2;382.0;-0.100954860853;1652;86;0.07441860465116279;1.186046511627907;54.09953488372094;30.0;75.99441860465116;10.767441860465116;29.930232558139537;18.348837209302324;2.6065116279069764;0.0;2.4576744186046513;0.01395348837209302;2.798139534883721;0.4576744186046511;2.190697674418605;4.651162790697675;7.465116279069767
11286;zone61;4589.6619547948285;2943.195659127726;0.0;zone61;S01010316;25;512;414;304;[0.392157,0.529412,0.078431];[0.62931,0.37069,0.0];[0.439024,0.560976,0.0];[0.775401,0.224599,0.0];[0.439252336449,0.102803738318,0.252336448598,0.205607476636];1;481.0;0.0128180141103;1359;39;0.0624;1.72;48.58879999999999;26.88;74.8064;11.48;29.16;16.64;1.5648000000000002;0.0;2.2192000000000003;0.0304;2.5199999999999996;0.4208;2.2927999999999997;6.72;5.96
11286;zone63;4421.5566371748755;3071.026327566895;0.0;zone63;S01010318;12;1588;1497;304;[0.5,0.456522,0.043478];[0.469799,0.47651,0.053691];[0.310345,0.37931,0.310345];[0.678571,0.285714,0.035714];[0.36,0.14,0.34,0.16];3;317.0;-0.175110645645;1150;36;0.12;1.8333333333333333;49.616666666666674;37.083333333333336;80.42999999999999;10.75;29.666666666666668;17.166666666666668;4.866666666666667;0.0;3.98;0.5666666666666668;1.4433333333333334;0.5666666666666668;1.9866666666666666;7.666666666666667;10.333333333333334
11286;zone64;4173.240913470097;2893.8040771744095;0.0;zone64;S01010319;9;711;624;407;[0.258741,0.608392,0.132867];[0.383399,0.486166,0.130435];[0.439394,0.212121,0.348485];[0.530769,0.384615,0.084615];[0.171974522293,0.0700636942675,0.471337579618,0.286624203822];2;473.0;0.00423719084943;1666;14;0.05777777777777778;2.2222222222222223;46.684444444444445;20.666666666666668;75.76;11.0;29.444444444444443;15.777777777777779;1.5688888888888888;0.0;1.0355555555555556;0.0;1.808888888888889;0.39111111111111113;1.391111111111111;11.555555555555555;3.888888888888889
11286;zone65;3940.1918462749595;2900.8899784533987;0.0;zone65;S01010320;4;675;594;437;[0.257813,0.523438,0.21875];[0.61753,0.298805,0.083665];[0.526316,0.22807,0.245614];[0.805085,0.169492,0.025424];[0.172185430464,0.0662251655629,0.443708609272,0.317880794702];1;646.0;0.202453315259;1275;3;0.03;1.25;49.57;30.5;67.94;9.0;26.5;16.25;4.890000000000001;0.0;2.06;0.0;0.87;0.19;1.6500000000000001;4.25;7.25
11286;zone66;3905.8658739096163;2664.6669636212755;0.0;zone66;S01010321;7;837;634;432;[0.401709,0.555556,0.042735];[0.54717,0.433962,0.018868];[0.45122,0.439024,0.109756];[0.666667,0.271186,0.062147];[0.212328767123,0.0958904109589,0.390410958904,0.301369863014];1;1019.0;0.631764531736;1631;10;0.05142857142857143;1.5714285714285714;58.32000000000001;22.285714285714285;83.78285714285714;12.428571428571429;32.285714285714285;19.571428571428573;4.880000000000001;0.0;2.4;0.08;1.1199999999999999;0.18857142857142858;2.1085714285714285;7.0;8.142857142857142
11286;zone67;3630.3978644730896;3132.1651121578075;0.0;zone67;S01010322;9;1028;914;549;[0.174419,0.549419,0.276163];[0.412399,0.471698,0.115903];[0.298507,0.38806,0.313433];[0.647059,0.323529,0.029412];[0.057268722467,0.0352422907489,0.449339207048,0.458149779736];5;124.0;-0.397569575369;1654;28;0.12;1.7777777777777777;44.684444444444445;33.77777777777778;72.90666666666668;9.666666666666666;28.88888888888889;15.0;4.79111111111111;0.0;3.7022222222222223;0.45333333333333337;0.6666666666666666;0.28444444444444444;1.488888888888889;6.111111111111111;9.222222222222221
11286;zone68;6208.193116766784;3072.425066795916;0.0;zone68;S01010323;4;603;466;377;[0.555556,0.444444,0.0];[0.657143,0.271429,0.071429];[0.642857,0.321429,0.035714];[0.793651,0.166667,0.039683];[0.578431372549,0.166666666667,0.235294117647,0.0196078431373];1;970.0;0.57559463238;916;4;0.04;2.0;45.54;24.0;72.47999999999999;10.25;27.75;15.5;4.03;0.0;1.56;0.0;1.0699999999999998;0.21000000000000002;2.21;7.75;6.0
11286;zone69;6517.651722029823;2240.572579661372;0.0;zone69;S01010324;6;759;566;403;[0.142857,0.571429,0.285714];[0.298077,0.490385,0.211538];[0.333333,0.530864,0.135802];[0.401674,0.414226,0.1841];[0.569620253165,0.101265822785,0.291139240506,0.0379746835443];1;407.0;-0.0721601679586;1911;9;0.04666666666666667;1.0;31.026666666666667;24.333333333333332;74.30666666666667;14.333333333333334;32.0;10.5;1.7933333333333332;0.0;2.7866666666666666;0.0;2.4666666666666663;0.37999999999999995;3.4;4.666666666666667;6.333333333333333
11286;zone70;6038.016041009105;2402.8415869980217;0.0;zone70;S01010325;18;939;666;501;[0.263158,0.368421,0.368421];[0.383838,0.525253,0.090909];[0.253623,0.615942,0.130435];[0.451362,0.463035,0.085603];[0.545454545455,0.238636363636,0.193181818182,0.0227272727273];1;225.0;-0.281126582053;1671;25;0.05333333333333334;1.0555555555555556;35.29555555555556;24.5;61.45999999999999;9.722222222222221;27.38888888888889;11.88888888888889;1.4022222222222223;0.0;1.2866666666666668;0.0;2.255555555555555;0.5511111111111111;2.0;3.3333333333333335;4.444444444444445
11286;zone71;5272.359331052501;2740.775131541117;0.0;zone71;S01010326;39;987;707;494;[0.526316,0.368421,0.105263];[0.522523,0.333333,0.144144];[0.492188,0.3125,0.195313];[0.723514,0.224806,0.05168];[0.54375,0.16875,0.23125,0.05625];1;1389.0;1.05701743376;1012;57;0.05538461538461539;1.358974358974359;45.6574358974359;27.333333333333332;75.2502564102564;11.282051282051283;30.05128205128205;15.487179487179487;1.1548717948717948;0.0;5.489230769230768;0.00205128205128205;1.6143589743589746;0.43692307692307697;2.4717948717948723;5.538461538461538;7.794871794871795
11286;zone72;4970.167032608406;2501.795090448298;0.0;zone72;S01010327;34;982;660;362;[0.031746,0.507937,0.460317];[0.372881,0.432203,0.194915];[0.289063,0.328125,0.382813];[0.516892,0.347973,0.135135];[0.416184971098,0.21387283237,0.236994219653,0.132947976879];1;470.0;0.000335688704598;978;48;0.05411764705882353;1.8529411764705883;43.61176470588236;22.470588235294116;74.34235294117649;11.264705882352942;30.08823529411765;14.617647058823529;1.3764705882352943;0.0;5.27764705882353;0.0;0.5905882352941175;0.37294117647058816;2.2423529411764704;6.794117647058823;6.764705882352941
11286;zone73;5975.307390960257;2677.5485166167286;0.0;zone73;S01010328;24;969;706;445;[0.16129,0.5,0.33871];[0.27044,0.471698,0.257862];[0.192547,0.434783,0.372671];[0.338983,0.432203,0.228814];[0.309352517986,0.258992805755,0.280575539568,0.151079136691];2;457.0;-0.0138550124678;2096;55;0.09166666666666666;0.9166666666666666;30.09166666666667;26.375;65.90500000000002;11.625;29.625;10.083333333333334;2.7966666666666664;0.0;1.175;0.0;2.6100000000000003;0.4233333333333333;2.39;3.3333333333333335;6.125
11286;zone74;4421.847657862615;2232.0860934321454;0.0;zone74;S01010329;21;573;435;290;[0.368421,0.263158,0.368421];[0.341176,0.470588,0.188235];[0.255814,0.465116,0.27907];[0.52,0.354286,0.125714];[0.438356164384,0.191780821918,0.27397260274,0.0958904109589];2;105.0;-0.418628586414;1726;45;0.0838095238095238;1.5714285714285714;61.285714285714285;26.142857142857142;79.8952380952381;11.19047619047619;29.80952380952381;21.047619047619047;2.4057142857142857;0.0;2.657142857142857;0.0;2.2323809523809524;0.40380952380952384;2.3085714285714287;5.9523809523809526;6.809523809523809
