cycle;name;location.x;location.y;location.z;name;dataZone;nm_children;pop;over16;nm_hh;AB_car_prob;C1_car_prob;C2_car_prob;DE_car_prob;prob_social;simd;crimeRate;norm_crime;avg_dis_sh;neigh_play;daily_play_per_child;avg_FSA;avg_walk;daily_OD;zone_mvpa;mvpa_home;mvpa_sc;mvpa_road;mvpa_play_field;mvpa_home_garden;mvpa_park;mvpa_PG;mvpa_amenity;mvpa_shops;mvpa_F_home;mvpa_fsa;mvpa_OD
11286;zone0;8448.90275962388;2625.4515469546564;0.0;zone0;S01010195;19;531;390;212;[0.0,0.481481,0.518519];[0.261538,0.646154,0.092308];[0.12,0.59,0.29];[0.447368,0.368421,0.184211];[0.418918918919,0.283783783784,0.202702702703,0.0945945945946];1;0.0;-0.540229885057;1117;27;0.05473684210526316;1.4210526315789473;40.6778947368421;25.31578947368421;75.57052631578946;12.31578947368421;31.105263157894736;13.894736842105264;1.5494736842105263;0.0;2.482105263157895;0.09263157894736843;2.8800000000000003;0.47368421052631576;2.3726315789473684;6.684210526315789;6.473684210526316
11286;zone1;8656.736904000718;2165.9902346445633;0.0;zone1;S01010198;18;1027;748;394;[0.058824,0.529412,0.411765];[0.305785,0.561983,0.132231];[0.219858,0.496454,0.283688];[0.523179,0.331126,0.145695];[0.48623853211,0.229357798165,0.266055045872,0.0183486238532];1;1609.0;1.3102524676;1389;23;0.04888888888888889;1.6666666666666667;40.60222222222222;24.333333333333332;71.74444444444444;11.11111111111111;29.72222222222222;13.666666666666666;1.2244444444444447;0.0;2.08;0.01777777777777778;2.651111111111111;0.36666666666666675;2.0133333333333336;7.222222222222222;5.5
11286;zone2;8537.588755655543;3024.028900129281;0.0;zone2;S01010201;22;643;453;253;[0.0,0.47619,0.52381];[0.270833,0.3125,0.416667];[0.088,0.48,0.432];[0.296552,0.434483,0.268966];[0.365853658537,0.292682926829,0.292682926829,0.0487804878049];2;219.0;-0.28762447053;788;42;0.06909090909090909;1.6363636363636365;31.163636363636364;29.545454545454547;68.46363636363635;10.909090909090908;29.09090909090909;10.636363636363637;1.4836363636363636;0.0;3.183636363636364;0.05272727272727273;2.8036363636363637;0.4090909090909091;1.749090909090909;6.2727272727272725;7.090909090909091
11286;zone3;8059.42097232239;3767.666522351409;0.0;zone3;S01010203;30;671;504;260;[0.090909,0.363636,0.545455];[0.263804,0.460123,0.276074];[0.094828,0.422414,0.482759];[0.183824,0.375,0.441176];[0.272727272727,0.218181818182,0.363636363636,0.145454545455];3;215.0;-0.292668818285;1951;51;0.06666666666666667;1.5333333333333334;35.28;23.866666666666667;68.36399999999999;11.266666666666667;29.466666666666665;11.766666666666667;1.1413333333333333;0.0;2.0013333333333336;0.0;2.693333333333333;0.44133333333333336;2.006666666666667;5.8;5.4
11286;zone4;8368.288440296214;3565.498290652094;0.0;zone4;S01010204;30;800;589;381;[0.272727,0.727273,0.0];[0.627451,0.27451,0.098039];[0.444444,0.533333,0.022222];[0.600619,0.321981,0.077399];[0.595041322314,0.157024793388,0.239669421488,0.00826446280992];1;497.0;0.0317745673598;1200;44;0.056;1.1;40.84799999999999;25.9;69.42133333333335;11.166666666666666;29.6;13.9;1.1813333333333333;0.0;2.285333333333333;0.02266666666666667;2.9506666666666663;0.42933333333333334;2.213333333333333;4.033333333333333;5.966666666666667
11286;zone5;8034.229745798958;3515.110462853287;0.0;zone5;S01010205;15;658;534;355;[0.411765,0.117647,0.470588];[0.465116,0.457364,0.077519];[0.317757,0.588785,0.093458];[0.593458,0.280374,0.126168];[0.466666666667,0.2,0.3,0.0333333333333];1;925.0;0.523434132086;1086;19;0.048;1.2;39.898666666666664;30.4;71.14666666666668;11.266666666666667;29.933333333333334;13.533333333333333;1.1573333333333333;0.0;2.5066666666666664;0.0;3.701333333333333;0.4346666666666667;2.3173333333333335;4.4;6.866666666666666
11286;zone6;7457.064719570519;3739.055375726369;0.0;zone6;S01010208;18;903;745;565;[0.30137,0.589041,0.109589];[0.48062,0.457364,0.062016];[0.272727,0.613636,0.113636];[0.66055,0.270642,0.068807];[0.233333333333,0.133333333333,0.461111111111,0.172222222222];1;603.0;0.153385979085;1432;25;0.05555555555555555;1.2777777777777777;45.602222222222224;25.38888888888889;71.92888888888889;11.11111111111111;29.5;15.333333333333334;1.7066666666666666;0.0;1.4200000000000002;0.0;3.217777777777778;0.42444444444444446;2.7066666666666666;4.777777777777778;5.944444444444445
11286;zone7;7917.838214725937;1939.334458859395;0.0;zone7;S01010209;24;966;677;468;[0.172414,0.586207,0.241379];[0.333333,0.414966,0.251701];[0.381944,0.458333,0.159722];[0.545852,0.336245,0.117904];[0.337931034483,0.248275862069,0.303448275862,0.110344827586];1;2053.0;1.82052250092;1642;44;0.07166666666666667;1.2083333333333333;52.913333333333334;24.375;73.64166666666665;10.5;29.416666666666668;18.0;1.025;0.0;3.288333333333334;0.0;2.1666666666666665;0.40333333333333327;2.475;4.75;5.958333333333333
11286;zone8;7878.406567747077;2721.2634132011362;0.0;zone8;S01010210;18;885;641;416;[0.173913,0.456522,0.369565];[0.21519,0.5,0.28481];[0.189781,0.386861,0.423358];[0.422111,0.442211,0.135678];[0.394736842105,0.236842105263,0.254385964912,0.114035087719];1;344.0;-0.144253829852;1292;28;0.06;1.1666666666666667;40.99111111111111;25.944444444444443;73.11333333333334;12.38888888888889;30.38888888888889;13.833333333333334;1.2444444444444445;0.0;2.491111111111111;0.03111111111111111;2.8533333333333335;0.4533333333333334;2.171111111111111;5.666666666666667;6.277777777777778
11286;zone9;7785.599648345685;3201.783800714137;0.0;zone9;S01010211;22;858;634;452;[0.147059,0.705882,0.147059];[0.384615,0.452991,0.162393];[0.469565,0.4,0.130435];[0.722656,0.226563,0.050781];[0.473214285714,0.169642857143,0.285714285714,0.0714285714286];1;430.0;-0.0456985893816;967;24;0.04181818181818182;1.5454545454545454;38.48727272727273;17.954545454545453;66.88545454545454;11.0;28.818181818181817;12.772727272727273;1.4218181818181816;0.0;1.8145454545454547;0.0;1.3163636363636362;0.2763636363636364;2.210909090909091;5.363636363636363;4.090909090909091
11286;zone10;7580.688680869333;3097.127786881416;0.0;zone10;S01010212;49;1083;779;559;[0.233333,0.633333,0.133333];[0.594771,0.339869,0.065359];[0.465517,0.405172,0.12931];[0.712821,0.269231,0.017949];[0.566037735849,0.138364779874,0.22641509434,0.0691823899371];1;1473.0;1.15298517036;1304;94;0.07183673469387755;1.4285714285714286;47.36653061224489;24.510204081632654;71.46367346938773;10.571428571428571;29.081632653061224;16.163265306122447;1.2228571428571429;0.0;2.2367346938775516;0.0;2.4840816326530617;0.3428571428571428;2.2351020408163262;5.408163265306122;5.387755102040816
11286;zone11;8065.177293237223;3111.5884965344962;0.0;zone11;S01010213;13;924;657;476;[0.105263,0.684211,0.210526];[0.382609,0.547826,0.069565];[0.218543,0.556291,0.225166];[0.467925,0.483019,0.049057];[0.451327433628,0.221238938053,0.274336283186,0.0530973451327];1;247.0;-0.255840453357;1237;29;0.08307692307692308;1.1538461538461537;37.338461538461544;28.53846153846154;68.72;11.0;29.076923076923077;12.538461538461538;0.7476923076923077;0.0;3.006153846153846;0.00615384615384615;3.116923076923077;0.4184615384615385;2.2061538461538466;4.6923076923076925;6.384615384615385
11286;zone12;7144.994858230166;1947.4125453867302;0.0;zone12;S01010214;27;967;717;396;[0.098592,0.28169,0.619718];[0.197531,0.438272,0.364198];[0.173333,0.493333,0.333333];[0.237069,0.487069,0.275862];[0.361344537815,0.210084033613,0.310924369748,0.117647058824];3;176.0;-0.337854473183;1866;68;0.09925925925925926;0.8518518518518519;43.09777777777778;30.14814814814815;75.82962962962964;12.444444444444445;31.555555555555557;14.814814814814815;3.038518518518519;0.0;3.376296296296297;0.0;2.7199999999999998;0.4237037037037037;2.617777777777778;3.2222222222222223;8.703703703703704
11286;zone13;7013.590150664996;2618.495528189446;0.0;zone13;S01010215;24;850;608;492;[0.571429,0.285714,0.142857];[0.5,0.431373,0.068627];[0.382609,0.391304,0.226087];[0.678571,0.269841,0.051587];[0.467289719626,0.140186915888,0.345794392523,0.0467289719626];1;547.0;0.0886083430805;719;42;0.06833333333333333;0.9583333333333334;34.36666666666667;27.333333333333332;68.00833333333334;11.625;29.916666666666668;11.458333333333334;1.2016666666666664;0.0;2.0166666666666666;0.0;3.4816666666666656;0.47833333333333333;2.3716666666666666;3.5;6.291666666666667
11286;zone14;7332.222205807836;2329.961970144465;0.0;zone14;S01010216;15;621;464;361;[0.6,0.4,0.0];[0.597701,0.356322,0.045977];[0.409091,0.439394,0.151515];[0.709544,0.273859,0.016598];[0.5,0.163265306122,0.265306122449,0.0714285714286];1;600.0;0.150092344085;1307;21;0.056;1.5333333333333334;47.97866666666667;23.8;73.42933333333333;11.066666666666666;29.533333333333335;16.266666666666666;1.0959999999999999;0.0;3.1439999999999997;0.0;1.7173333333333334;0.3920000000000002;2.309333333333333;6.0;5.533333333333333
11286;zone15;7299.833172322251;2625.8610945736937;0.0;zone15;S01010217;33;817;598;406;[0.16129,0.516129,0.322581];[0.565517,0.4,0.034483];[0.5,0.431373,0.068627];[0.702703,0.283784,0.013514];[0.541935483871,0.0967741935484,0.296774193548,0.0645161290323];1;1060.0;0.679274950851;1002;49;0.05939393939393939;1.5757575757575757;38.79515151515151;23.272727272727273;72.59878787878789;12.121212121212121;30.666666666666668;13.090909090909092;0.8375757575757574;0.0;2.316363636363636;0.0;3.145454545454546;0.3696969696969697;2.286060606060606;6.03030303030303;5.818181818181818
11286;zone16;7142.953643082513;3018.5401822929393;0.0;zone16;S01010218;31;1018;790;587;[0.425532,0.404255,0.170213];[0.392523,0.453271,0.154206];[0.358209,0.492537,0.149254];[0.589124,0.335347,0.075529];[0.424657534247,0.109589041096,0.369863013699,0.0958904109589];1;557.0;0.101026678737;543;53;0.06322580645161291;1.4838709677419355;32.21290322580645;26.096774193548388;70.60516129032258;11.806451612903226;30.419354838709676;11.0;1.4141935483870969;0.0;1.5587096774193545;0.0;3.64258064516129;0.2838709677419355;2.1651612903225805;6.516129032258065;6.032258064516129
11286;zone17;6738.8937706128745;4298.8917997019325;0.0;zone17;S01010219;21;503;382;274;[0.695652,0.304348,0.0];[0.758621,0.215517,0.025862];[0.761905,0.166667,0.071429];[0.781609,0.195402,0.022989];[0.41935483871,0.0752688172043,0.408602150538,0.0967741935484];2;184.0;-0.327838932938;1584;39;0.07238095238095238;1.5238095238095237;54.96190476190476;26.571428571428573;74.6990476190476;10.238095238095237;28.714285714285715;18.666666666666668;2.017142857142857;0.0;3.7009523809523817;0.05904761904761905;1.3733333333333335;0.36571428571428577;2.4533333333333336;5.333333333333333;6.619047619047619
11286;zone18;5915.780765415368;4211.222876105162;0.0;zone18;S01010220;7;476;433;279;[0.181159,0.608696,0.210145];[0.404255,0.531915,0.06383];[0.227273,0.704545,0.068182];[0.448276,0.482759,0.068966];[0.154545454545,0.0636363636364,0.318181818182,0.463636363636];5;267.0;-0.232306706325;1605;13;0.06857142857142857;2.5714285714285716;60.17142857142857;29.0;85.33142857142857;10.857142857142858;29.857142857142858;20.285714285714285;2.4971428571428573;0.0;4.862857142857143;0.17714285714285713;1.2514285714285713;0.4628571428571429;1.4571428571428573;11.714285714285714;8.285714285714286
11286;zone19;6341.0811208317455;3913.8398648988496;0.0;zone19;S01010221;13;546;394;260;[0.6,0.4,0.0];[0.557377,0.409836,0.032787];[0.538462,0.323077,0.138462];[0.699387,0.257669,0.042945];[0.609375,0.140625,0.203125,0.046875];1;635.0;0.19005459739;1178;15;0.04307692307692308;1.4615384615384615;53.57230769230769;22.307692307692307;73.86461538461539;10.0;28.923076923076923;18.307692307692307;3.04;0.0;2.830769230769231;0.02461538461538462;0.6523076923076924;0.39076923076923076;2.541538461538462;5.153846153846154;6.076923076923077
11286;zone20;7001.213463613622;4053.9957950241624;0.0;zone20;S01010222;15;492;414;285;[0.142857,0.5,0.357143];[0.432432,0.459459,0.108108];[0.348624,0.522936,0.12844];[0.747899,0.235294,0.016807];[0.345238095238,0.214285714286,0.309523809524,0.130952380952];1;377.0;-0.105830277325;1774;18;0.04533333333333334;2.6666666666666665;45.01333333333333;17.733333333333334;67.78133333333332;9.533333333333333;27.266666666666666;15.0;1.4346666666666665;0.0;1.0826666666666667;0.0;1.3920000000000001;0.2826666666666667;1.4693333333333334;8.6;3.4
11286;zone21;6986.8418912765155;3434.1450308482026;0.0;zone21;S01010223;4;556;462;337;[0.076923,0.538462,0.384615];[0.567797,0.330508,0.101695];[0.472222,0.444444,0.083333];[0.584699,0.36612,0.04918];[0.432432432432,0.162162162162,0.324324324324,0.0810810810811];1;439.0;-0.0353356041414;1157;3;0.03;1.0;57.78;31.25;79.84;11.5;31.0;19.5;1.77;0.0;1.5100000000000002;0.0;4.5200000000000005;0.32000000000000006;3.19;5.25;7.0
11286;zone22;6247.397837456437;3329.661273309237;0.0;zone22;S01010224;40;1036;727;469;[0.405405,0.540541,0.054054];[0.592593,0.274074,0.133333];[0.418803,0.504274,0.076923];[0.768421,0.202632,0.028947];[0.506097560976,0.140243902439,0.268292682927,0.0853658536585];1;1004.0;0.614259332793;923;64;0.062;1.3;41.59399999999999;22.3;71.449;11.5;29.675;14.1;2.7079999999999993;0.0;1.7810000000000001;0.14;1.7089999999999996;0.3889999999999999;2.2609999999999997;5.275;5.875
11286;zone23;7827.985844039554;4105.4701191949;0.0;zone23;S01010225;33;812;636;431;[0.25,0.634615,0.115385];[0.469072,0.43299,0.097938];[0.54023,0.413793,0.045977];[0.672065,0.234818,0.093117];[0.385185185185,0.125925925926,0.325925925926,0.162962962963];1;1006.0;0.616572011517;1632;57;0.06666666666666667;1.0303030303030303;46.31272727272727;24.393939393939394;74.38181818181816;12.090909090909092;30.484848484848484;15.454545454545455;2.3503030303030297;0.0;2.2133333333333334;0.0;2.1781818181818187;0.4606060606060605;2.6472727272727283;4.545454545454546;6.242424242424242
11286;zone24;7040.363001382077;4481.052780471187;0.0;zone24;S01010226;40;816;565;394;[0.454545,0.242424,0.30303];[0.715385,0.2,0.084615];[0.540541,0.405405,0.054054];[0.766917,0.18797,0.045113];[0.503355704698,0.201342281879,0.221476510067,0.0738255033557];2;422.0;-0.0548014077425;1097;117;0.109;1.175;46.586999999999996;37.575;79.814;11.275;30.95;15.975;4.728;0.0;5.3740000000000006;0.14600000000000002;1.576;0.4320000000000001;2.29;5.325;11.375
11286;zone25;6847.772309074456;4638.663588163389;0.0;zone25;S01010227;39;692;454;294;[0.413793,0.413793,0.172414];[0.704545,0.238636,0.056818];[0.654545,0.345455,0.0];[0.810606,0.159091,0.030303];[0.672268907563,0.0924369747899,0.159663865546,0.0756302521008];4;0.0;-0.540229885057;1044;169;0.16512820512820514;0.9487179487179487;45.3179487179487;47.23076923076923;76.55589743589742;10.205128205128204;29.05128205128205;15.333333333333334;2.9610256410256413;0.0;9.39076923076923;0.10974358974358975;1.4943589743589745;0.3897435897435897;2.3702564102564105;3.5384615384615383;13.487179487179487
11286;zone26;8241.816993110848;4572.457656401622;0.0;zone26;S01010229;30;1016;787;508;[0.1,0.625,0.275];[0.350877,0.350877,0.298246];[0.348315,0.477528,0.174157];[0.565217,0.310559,0.124224];[0.420731707317,0.213414634146,0.292682926829,0.0731707317073];1;395.0;-0.0859445809966;1223;45;0.05866666666666667;1.1666666666666667;36.288000000000004;19.933333333333334;68.73733333333334;11.766666666666667;29.7;12.333333333333334;1.3306666666666664;0.0;2.7439999999999998;0.04266666666666667;1.453333333333333;0.37733333333333335;2.626666666666667;4.6;5.266666666666667
11286;zone27;7458.320056766788;4680.341251240345;0.0;zone27;S01010230;24;1005;772;577;[0.314286,0.628571,0.057143];[0.703883,0.296117,0.0];[0.727273,0.218182,0.054545];[0.71831,0.24507,0.03662];[0.517857142857,0.136904761905,0.267857142857,0.077380952381];1;846.0;0.433218203459;1015;36;0.06;1.0416666666666667;43.44833333333333;27.833333333333332;70.65833333333335;11.166666666666666;29.166666666666668;14.5;1.5733333333333335;0.0;3.9516666666666667;0.12166666666666666;1.9350000000000003;0.4733333333333334;2.388333333333333;3.7916666666666665;7.208333333333333
11286;zone28;7569.802990100143;4917.458811240416;0.0;zone28;S01010232;37;1074;792;485;[0.457143,0.485714,0.057143];[0.557292,0.338542,0.104167];[0.492063,0.333333,0.174603];[0.654229,0.251244,0.094527];[0.470297029703,0.153465346535,0.306930693069,0.0693069306931];1;771.0;0.347049794199;840;69;0.07351351351351351;1.3513513513513513;45.16864864864867;31.864864864864863;71.55999999999999;10.513513513513514;28.89189189189189;15.243243243243244;1.412972972972973;0.0;3.682162162162162;0.10162162162162164;2.8118918918918916;0.42270270270270277;2.0389189189189185;4.783783783783784;7.486486486486487
11286;zone29;7830.713068379679;4879.746446724283;0.0;zone29;S01010233;33;970;705;476;[0.275,0.625,0.1];[0.655629,0.245033,0.099338];[0.52809,0.426966,0.044944];[0.771505,0.212366,0.016129];[0.587209302326,0.093023255814,0.261627906977,0.0581395348837];1;284.0;-0.213781821634;1400;65;0.07757575757575758;1.393939393939394;46.97575757575756;28.21212121212121;72.57696969696971;10.303030303030303;29.303030303030305;16.03030303030303;1.1721212121212121;0.0;2.924848484848485;0.15393939393939393;2.816969696969697;0.3212121212121213;2.247272727272727;5.454545454545454;6.666666666666667
11286;zone30;6473.383843181837;4954.519765957263;0.0;zone30;S01010261;6;2551;2373;526;[0.666667,0.270833,0.0625];[0.675841,0.281346,0.042813];[0.75,0.25,0.0];[0.824468,0.164894,0.010638];[0.41,0.06,0.41,0.12];3;176.0;-0.337679921334;1887;10;0.06666666666666667;0.3333333333333333;72.76;37.166666666666664;83.63333333333334;11.0;30.666666666666668;25.333333333333332;4.366666666666666;0.0;1.6933333333333334;0.10666666666666667;4.159999999999999;0.4666666666666666;2.52;1.5;10.166666666666666
11286;zone31;4930.642193689802;4959.449818932565;0.0;zone31;S01010266;3;555;474;237;[0.320755,0.556604,0.122642];[0.677273,0.254545,0.068182];[0.5,0.461538,0.038462];[0.534247,0.30137,0.164384];[0.141176470588,0.0588235294118,0.4,0.4];3;536.0;0.0761386922126;1058;8;0.10666666666666667;0.6666666666666666;41.08;39.0;70.2;10.666666666666666;29.666666666666668;13.666666666666666;1.5066666666666668;0.0;1.5066666666666668;0.3866666666666667;5.933333333333334;0.44;2.2266666666666666;2.6666666666666665;9.0
11286;zone32;5712.5549897826;4979.400336637217;0.0;zone32;S01010270;4;1153;972;817;[0.389831,0.533898,0.076271];[0.70255,0.252125,0.045326];[0.714286,0.272727,0.012987];[0.771552,0.228448,0.0];[0.125,0.0909090909091,0.454545454545,0.329545454545];1;871.0;0.461200629557;1640;7;0.07;1.25;60.809999999999995;29.0;77.23;10.5;29.5;20.5;4.82;0.0;0.53;0.06999999999999999;2.2399999999999998;0.17;2.55;4.5;7.25
11286;zone33;3394.0723536088512;4934.677182292946;0.0;zone33;S01010282;13;976;841;645;[0.438776,0.520408,0.040816];[0.545732,0.405488,0.04878];[0.521277,0.382979,0.095745];[0.712707,0.232044,0.055249];[0.190954773869,0.070351758794,0.35175879397,0.386934673367];2;350.0;-0.137812028107;1337;24;0.07384615384615385;2.076923076923077;52.22461538461538;24.23076923076923;79.88923076923076;11.538461538461538;30.615384615384617;17.76923076923077;1.209230769230769;0.0;4.64;0.8984615384615384;0.7323076923076923;0.40615384615384625;2.0553846153846154;8.23076923076923;7.076923076923077
11286;zone34;4385.789287498423;4835.237486850067;0.0;zone34;S01010289;15;771;687;380;[0.130952,0.511905,0.357143];[0.262911,0.502347,0.234742];[0.178571,0.464286,0.357143];[0.410256,0.435897,0.153846];[0.058064516129,0.0322580645161,0.245161290323,0.664516129032];5;259.0;-0.241396294863;1507;47;0.12266666666666666;2.3333333333333335;53.186666666666675;40.4;86.536;11.866666666666667;31.666666666666668;17.866666666666667;2.202666666666666;0.0;3.8346666666666667;2.3466666666666667;2.4213333333333336;0.376;1.4053333333333335;10.666666666666666;10.533333333333333
11286;zone35;4401.5375624188455;4669.062022109911;0.0;zone35;S01010290;13;546;485;278;[0.198198,0.603604,0.198198];[0.485944,0.449799,0.064257];[0.555556,0.444444,0.0];[0.435897,0.512821,0.051282];[0.10752688172,0.0430107526882,0.494623655914,0.354838709677];3;353.0;-0.133686757747;1066;44;0.13538461538461538;2.076923076923077;53.25230769230769;36.38461538461539;79.77846153846154;10.923076923076923;30.0;18.307692307692307;1.7446153846153847;0.0;3.6030769230769235;1.3415384615384613;2.0676923076923077;0.4276923076923077;1.5107692307692306;7.846153846153846;8.384615384615385
11286;zone36;4119.983651650423;4281.100418217042;0.0;zone36;S01010291;12;1075;975;481;[0.405594,0.447552,0.146853];[0.627907,0.277132,0.094961];[0.415094,0.433962,0.150943];[0.562963,0.325926,0.111111];[0.197080291971,0.0729927007299,0.445255474453,0.284671532847];3;438.0;-0.0363924713322;1064;22;0.07333333333333333;1.75;48.41;30.0;76.86666666666666;10.916666666666666;29.666666666666668;16.333333333333332;0.8366666666666668;0.0;3.1733333333333333;2.0766666666666667;1.0199999999999998;0.44;2.0933333333333333;8.5;6.583333333333333
11286;zone37;4399.731076226201;4291.6703625917;0.0;zone37;S01010292;10;890;831;409;[0.348214,0.508929,0.142857];[0.477169,0.420091,0.10274];[0.339286,0.446429,0.214286];[0.55814,0.383721,0.05814];[0.128378378378,0.0540540540541,0.398648648649,0.418918918919];4;323.0;-0.168488563048;1153;21;0.08;1.9;46.984;36.9;72.268;9.3;27.9;15.3;2.608;0.0;3.6799999999999997;0.9600000000000002;1.34;0.42400000000000004;1.476;7.2;8.1
11286;zone38;4514.690807242894;4541.15458266895;0.0;zone38;S01010293;16;839;723;373;[0.51773,0.35461,0.12766];[0.635389,0.262735,0.101877];[0.446809,0.319149,0.234043];[0.514286,0.392857,0.092857];[0.242424242424,0.0606060606061,0.393939393939,0.30303030303];3;290.0;-0.205814991507;1154;53;0.125;1.75;52.762499999999996;38.75;81.23500000000001;11.3125;31.0;18.0;2.7550000000000003;0.0;3.9575000000000005;1.3350000000000002;2.41;0.33749999999999997;1.6925000000000001;6.6875;9.8125
11286;zone39;4541.7482834333705;4418.565122351524;0.0;zone39;S01010294;13;690;631;275;[0.242105,0.526316,0.231579];[0.650873,0.214464,0.134663];[0.583333,0.208333,0.208333];[0.414894,0.489362,0.095745];[0.164835164835,0.043956043956,0.494505494505,0.296703296703];4;440.0;-0.0342259463805;1175;38;0.11384615384615385;1.6923076923076923;47.59076923076923;37.07692307692308;72.92923076923077;10.0;28.923076923076923;15.76923076923077;2.3815384615384616;0.0;2.987692307692308;1.2984615384615386;2.1046153846153848;0.12615384615384617;1.483076923076923;5.769230769230769;8.23076923076923
11286;zone40;4766.8646917667475;4574.50133624035;0.0;zone40;S01010295;18;974;870;427;[0.384615,0.391026,0.224359];[0.604555,0.310559,0.084886];[0.428571,0.285714,0.285714];[0.390728,0.516556,0.092715];[0.212765957447,0.113475177305,0.297872340426,0.375886524823];4;529.0;0.0680145754747;1201;44;0.09555555555555556;1.2222222222222223;42.73777777777778;42.888888888888886;77.49555555555555;11.61111111111111;30.666666666666668;14.5;2.5133333333333336;0.0;3.9711111111111097;1.4511111111111112;2.953333333333333;0.3466666666666667;2.131111111111111;5.444444444444445;10.38888888888889
11286;zone41;4647.752341766679;4736.091736240359;0.0;zone41;S01010296;16;664;560;291;[0.294118,0.423529,0.282353];[0.520913,0.368821,0.110266];[0.375,0.375,0.25];[0.475524,0.391608,0.132867];[0.282828282828,0.111111111111,0.363636363636,0.242424242424];2;856.0;0.444094443477;1242;42;0.095;1.125;44.512499999999996;37.6875;66.41000000000001;9.0625;27.8125;15.0;1.41;0.0;2.2424999999999997;1.375;2.2925;0.32250000000000006;1.6099999999999999;3.8125;6.75
11286;zone42;5522.849421766708;4411.996091240393;0.0;zone42;S01010297;7;1066;894;676;[0.582609,0.382609,0.034783];[0.691824,0.245283,0.062893];[0.540541,0.333333,0.126126];[0.681275,0.270916,0.047809];[0.260563380282,0.140845070423,0.37323943662,0.225352112676];1;504.0;0.0391758595379;852;7;0.04;1.4285714285714286;30.70285714285714;17.857142857142858;57.96;9.428571428571429;26.428571428571427;10.142857142857142;1.5714285714285714;0.0;0.27999999999999997;0.22285714285714286;1.4800000000000002;0.17714285714285713;2.0742857142857143;4.285714285714286;3.2857142857142856
11286;zone43;4706.481893689814;4143.807995855712;0.0;zone43;S01010298;12;880;677;515;[0.308943,0.479675,0.211382];[0.581395,0.356589,0.062016];[0.539683,0.396825,0.063492];[0.744828,0.193103,0.062069];[0.227272727273,0.0984848484848,0.371212121212,0.30303030303];1;486.0;0.0190902878356;1185;21;0.06666666666666667;2.0833333333333335;41.35333333333333;23.833333333333332;72.60666666666667;11.25;29.083333333333332;14.0;1.75;0.0;3.226666666666667;0.7066666666666667;0.7000000000000001;0.2633333333333333;1.4966666666666668;8.166666666666666;5.916666666666667
11286;zone44;4885.424673909578;4209.645754097502;0.0;zone44;S01010299;4;536;404;292;[0.3,0.54,0.16];[0.556701,0.340206,0.103093];[0.458333,0.520833,0.020833];[0.584906,0.283019,0.132075];[0.428571428571,0.0857142857143,0.285714285714,0.2];1;375.0;-0.10827530326;721;3;0.03;3.75;37.31;13.75;84.47;14.0;33.0;12.75;0.62;0.0;0.26;0.0;2.46;0.14;0.79;19.0;3.0
11286;zone45;4883.397012115578;4340.414778682246;0.0;zone45;S01010300;21;934;764;478;[0.460784,0.411765,0.127451];[0.664653,0.238671,0.096677];[0.632353,0.323529,0.044118];[0.606383,0.329787,0.06383];[0.3046875,0.125,0.3515625,0.21875];2;513.0;0.0498225801839;642;57;0.10285714285714286;2.0;35.17142857142858;26.904761904761905;74.16380952380953;11.952380952380953;30.714285714285715;11.904761904761905;2.2571428571428576;0.0;1.3733333333333335;0.4533333333333334;2.573333333333334;0.4114285714285715;1.8361904761904764;8.952380952380953;6.190476190476191
11286;zone46;5144.66081966521;4032.769083704074;0.0;zone46;S01010301;6;522;457;283;[0.292683,0.597561,0.109756];[0.57563,0.315126,0.109244];[0.222222,0.703704,0.074074];[0.561798,0.393258,0.044944];[0.214285714286,0.0612244897959,0.459183673469,0.265306122449];4;490.0;0.0232745011966;1413;18;0.11333333333333333;1.5;26.433333333333334;32.333333333333336;67.61333333333334;11.333333333333334;29.166666666666668;9.333333333333334;4.546666666666667;0.0;1.0333333333333334;0.06;2.74;0.41333333333333333;1.4866666666666666;6.0;8.0
11286;zone47;5165.568789180556;4297.038752619699;0.0;zone47;S01010302;24;669;495;388;[0.65625,0.28125,0.0625];[0.6,0.356522,0.043478];[0.716981,0.226415,0.056604];[0.801802,0.18018,0.018018];[0.582417582418,0.0769230769231,0.263736263736,0.0769230769231];1;392.0;-0.0896499889057;1246;55;0.08666666666666667;1.2916666666666667;40.54833333333334;29.208333333333332;70.19333333333333;11.25;29.25;13.75;3.185;0.0;0.8916666666666666;0.32;2.790000000000001;0.38000000000000006;2.141666666666667;4.458333333333333;6.666666666666667
11286;zone48;5241.140616766716;4139.402270499609;0.0;zone48;S01010303;33;579;387;250;[0.692308,0.153846,0.153846];[0.56701,0.298969,0.134021];[0.630435,0.282609,0.086957];[0.658879,0.285047,0.056075];[0.58407079646,0.106194690265,0.274336283186,0.0353982300885];1;415.0;-0.0627120940391;1577;70;0.08121212121212121;0.8787878787878788;47.59393939393939;26.21212121212121;71.06181818181818;10.848484848484848;29.181818181818183;16.454545454545453;3.103030303030302;0.0;0.976969696969697;0.28969696969696973;2.2557575757575767;0.40969696969696967;2.62909090909091;3.242424242424242;6.181818181818182
11286;zone49;4853.647576226233;3833.123065294377;0.0;zone49;S01010304;12;542;456;332;[0.323529,0.514706,0.161765];[0.635135,0.25,0.114865];[0.477273,0.522727,0.0];[0.829268,0.109756,0.060976];[0.372340425532,0.0425531914894,0.297872340426,0.287234042553];1;804.0;0.384523850516;1634;22;0.07;1.5833333333333333;52.32999999999999;27.916666666666668;75.95;11.083333333333334;30.083333333333332;17.666666666666668;3.863333333333333;0.0;0.7566666666666667;0.77;1.68;0.4033333333333334;1.8933333333333335;6.166666666666667;6.583333333333333
11286;zone50;4697.410406890209;3639.1027396354093;0.0;zone50;S01010305;7;807;694;478;[0.36036,0.468468,0.171171];[0.553191,0.33617,0.110638];[0.409639,0.301205,0.289157];[0.589888,0.337079,0.073034];[0.198529411765,0.0735294117647,0.382352941176,0.345588235294];1;223.0;-0.28282788147;690;18;0.09714285714285714;1.5714285714285714;44.70285714285715;31.0;65.57714285714287;9.0;26.714285714285715;14.428571428571429;2.4971428571428573;0.0;1.8457142857142856;1.6057142857142856;0.3885714285714286;0.37142857142857144;1.445714285714286;5.428571428571429;6.0
11286;zone51;4591.3082521834585;3868.367573740388;0.0;zone51;S01010306;13;752;675;449;[0.35625,0.56875,0.075];[0.570588,0.355882,0.073529];[0.283019,0.566038,0.150943];[0.650943,0.330189,0.018868];[0.165680473373,0.0473372781065,0.479289940828,0.307692307692];2;238.0;-0.265781391166;786;32;0.09230769230769231;1.9230769230769231;47.77846153846154;33.07692307692308;75.4553846153846;10.692307692307692;29.0;16.384615384615383;2.9600000000000004;0.0;2.3907692307692305;1.8769230769230771;0.9292307692307694;0.2276923076923077;2.1076923076923078;7.076923076923077;7.615384615384615
11286;zone52;4503.72067559025;3742.2957906521283;0.0;zone52;S01010307;9;821;732;428;[0.189922,0.577519,0.232558];[0.407407,0.487654,0.104938];[0.346154,0.538462,0.115385];[0.71875,0.234375,0.046875];[0.0681818181818,0.0568181818182,0.375,0.5];5;319.0;-0.172537833795;418;30;0.13333333333333333;2.111111111111111;36.52444444444444;41.55555555555556;67.66222222222224;9.555555555555555;27.555555555555557;11.88888888888889;2.902222222222222;0.0;1.6311111111111112;3.1644444444444444;0.5911111111111111;0.40444444444444444;1.1066666666666667;6.888888888888889;7.888888888888889
11286;zone53;4364.519870735056;4047.768725526131;0.0;zone53;S01010308;9;975;858;480;[0.285714,0.54007,0.174216];[0.511936,0.384615,0.103448];[0.254902,0.411765,0.333333];[0.648352,0.307692,0.043956];[0.0970873786408,0.0631067961165,0.359223300971,0.480582524272];4;257.0;-0.244477582955;1156;19;0.08444444444444445;2.111111111111111;47.742222222222225;32.666666666666664;69.88000000000001;8.777777777777779;27.22222222222222;16.22222222222222;3.7511111111111117;0.0;1.9866666666666661;0.8933333333333332;1.0133333333333334;0.3377777777777778;1.5733333333333333;6.333333333333333;7.0
11286;zone54;5381.88771051669;3636.3205112402793;0.0;zone54;S01010309;4;419;356;264;[0.333333,0.25,0.416667];[0.478873,0.422535,0.098592];[0.352941,0.382353,0.264706];[0.705882,0.24183,0.052288];[0.365853658537,0.170731707317,0.390243902439,0.0731707317073];1;0.0;-0.540229885057;2237;5;0.05;2.75;60.370000000000005;22.25;85.34;10.75;31.25;20.5;1.5;0.0;1.89;0.0;2.77;0.13999999999999999;2.19;12.5;5.75
11286;zone55;5657.373406240428;3625.6586165034923;0.0;zone55;S01010310;13;706;540;381;[0.333333,0.238095,0.428571];[0.565517,0.337931,0.096552];[0.54902,0.27451,0.176471];[0.715415,0.256917,0.027668];[0.484848484848,0.151515151515,0.318181818182,0.0454545454545];1;574.0;0.120406534162;790;22;0.06769230769230769;1.0769230769230769;35.29846153846154;29.846153846153847;67.12307692307692;10.923076923076923;28.692307692307693;11.76923076923077;2.1138461538461537;0.0;1.9353846153846155;0.4523076923076923;2.787692307692308;0.4276923076923078;2.3138461538461534;4.0;6.923076923076923
11286;zone56;5685.425126382168;3318.6970593171873;0.0;zone56;S01010311;22;721;556;351;[0.411765,0.352941,0.235294];[0.472222,0.453704,0.074074];[0.571429,0.404762,0.02381];[0.717949,0.271062,0.010989];[0.565217391304,0.121739130435,0.269565217391,0.0434782608696];1;1534.0;1.22364271569;1852;33;0.06;1.2727272727272727;63.101818181818196;26.318181818181817;72.96181818181817;9.363636363636363;27.863636363636363;21.454545454545453;1.6654545454545455;0.0;2.458181818181818;0.04181818181818182;2.098181818181818;0.31454545454545463;1.9927272727272725;3.8636363636363638;5.681818181818182
11286;zone57;5466.52613028024;3072.1402274564575;0.0;zone57;S01010312;34;868;647;425;[0.117647,0.823529,0.058824];[0.754386,0.22807,0.017544];[0.407407,0.444444,0.148148];[0.804945,0.153846,0.041209];[0.586956521739,0.115942028986,0.268115942029,0.0289855072464];1;685.0;0.247477927043;1644;57;0.06352941176470588;1.088235294117647;62.79882352941178;28.029411764705884;77.7294117647059;10.882352941176471;29.676470588235293;21.441176470588236;1.7611764705882351;0.0;3.0188235294117653;0.10941176470588236;2.7682352941176473;0.3999999999999999;2.574117647058823;3.411764705882353;7.294117647058823
11286;zone58;5251.7403530303945;3502.549209042501;0.0;zone58;S01010313;16;654;529;356;[0.428571,0.285714,0.285714];[0.6,0.333333,0.066667];[0.433735,0.481928,0.084337];[0.739623,0.162264,0.098113];[0.648351648352,0.131868131868,0.175824175824,0.043956043956];1;565.0;0.109617915218;2127;35;0.0825;1.25;67.67500000000001;28.625;79.4775;10.1875;29.5625;22.9375;2.87;0.0;3.7200000000000006;0.11000000000000001;1.8425;0.38500000000000006;2.235;3.625;8.125
11286;zone59;4840.312157862589;3385.4448126102257;0.0;zone59;S01010314;21;1248;1034;550;[0.358209,0.507463,0.134328];[0.514493,0.333333,0.152174];[0.5,0.326923,0.173077];[0.636,0.324,0.04];[0.316901408451,0.133802816901,0.401408450704,0.147887323944];1;637.0;0.192402372167;1285;50;0.08761904761904762;1.7142857142857142;60.17333333333334;29.476190476190474;75.41333333333334;9.380952380952381;27.952380952380953;20.285714285714285;2.7714285714285714;0.0;2.801904761904762;0.7828571428571429;1.0799999999999998;0.37714285714285717;1.9580952380952379;6.0;6.857142857142857
11286;zone60;4536.293429266749;2504.1273706154316;0.0;zone60;S01010315;43;911;678;409;[0.180723,0.554217,0.26506];[0.252632,0.457895,0.289474];[0.208333,0.5,0.291667];[0.55144,0.345679,0.102881];[0.308176100629,0.169811320755,0.358490566038,0.163522012579];2;382.0;-0.100954860853;1558;93;0.08186046511627906;1.4186046511627908;40.926511627906976;25.651162790697676;73.36930232558139;11.488372093023257;30.3953488372093;13.790697674418604;2.2130232558139538;0.0;2.7376744186046507;0.03069767441860465;2.1674418604651158;0.4083720930232559;2.448372093023256;5.976744186046512;6.651162790697675
11286;zone61;4589.6619547948285;2943.195659127726;0.0;zone61;S01010316;25;512;414;304;[0.392157,0.529412,0.078431];[0.62931,0.37069,0.0];[0.439024,0.560976,0.0];[0.775401,0.224599,0.0];[0.439252336449,0.102803738318,0.252336448598,0.205607476636];1;481.0;0.0128180141103;1254;43;0.0688;1.8;46.15839999999999;23.96;73.0864;10.72;29.36;15.84;1.4736000000000002;0.0;2.3712;0.20800000000000002;1.8976;0.3568;1.8032;7.4;5.48
11286;zone63;4421.5566371748755;3071.026327566895;0.0;zone63;S01010318;12;1588;1497;304;[0.5,0.456522,0.043478];[0.469799,0.47651,0.053691];[0.310345,0.37931,0.310345];[0.678571,0.285714,0.035714];[0.36,0.14,0.34,0.16];3;317.0;-0.175110645645;1204;39;0.12333333333333334;1.3333333333333333;54.25;38.5;84.74333333333334;12.25;31.083333333333332;18.166666666666668;5.926666666666667;0.0;4.329999999999999;0.7433333333333333;0.9066666666666667;0.5566666666666668;2.19;6.75;11.416666666666666
11286;zone64;4173.240913470097;2893.8040771744095;0.0;zone64;S01010319;9;711;624;407;[0.258741,0.608392,0.132867];[0.383399,0.486166,0.130435];[0.439394,0.212121,0.348485];[0.530769,0.384615,0.084615];[0.171974522293,0.0700636942675,0.471337579618,0.286624203822];2;473.0;0.00423719084943;1366;23;0.09333333333333334;2.3333333333333335;41.128888888888895;25.555555555555557;78.45333333333332;11.777777777777779;31.333333333333332;13.88888888888889;4.586666666666667;0.0;1.3066666666666666;0.26222222222222225;1.4088888888888889;0.36444444444444446;1.848888888888889;9.777777777777779;7.222222222222222
11286;zone65;3940.1918462749595;2900.8899784533987;0.0;zone65;S01010320;4;675;594;437;[0.257813,0.523438,0.21875];[0.61753,0.298805,0.083665];[0.526316,0.22807,0.245614];[0.805085,0.169492,0.025424];[0.172185430464,0.0662251655629,0.443708609272,0.317880794702];1;646.0;0.202453315259;1159;6;0.05;2.0;36.879999999999995;20.0;77.46;13.0;32.0;12.25;4.34;0.0;2.16;0.19;0.5800000000000001;0.27;1.7;9.5;7.0
11286;zone66;3905.8658739096163;2664.6669636212755;0.0;zone66;S01010321;7;837;634;432;[0.401709,0.555556,0.042735];[0.54717,0.433962,0.018868];[0.45122,0.439024,0.109756];[0.666667,0.271186,0.062147];[0.212328767123,0.0958904109589,0.390410958904,0.301369863014];1;1019.0;0.631764531736;1659;11;0.05714285714285714;2.2857142857142856;50.47428571428571;18.571428571428573;67.97142857142858;9.142857142857142;26.714285714285715;17.571428571428573;2.177142857142857;0.0;1.6171428571428572;0.01142857142857143;0.8457142857142858;0.13142857142857142;1.5314285714285714;6.857142857142857;4.142857142857143
11286;zone67;3630.3978644730896;3132.1651121578075;0.0;zone67;S01010322;9;1028;914;549;[0.174419,0.549419,0.276163];[0.412399,0.471698,0.115903];[0.298507,0.38806,0.313433];[0.647059,0.323529,0.029412];[0.057268722467,0.0352422907489,0.449339207048,0.458149779736];5;124.0;-0.397569575369;1377;27;0.12;1.8888888888888888;46.275555555555556;38.333333333333336;76.14222222222222;10.333333333333334;29.444444444444443;15.88888888888889;3.7200000000000006;0.0;5.195555555555556;0.4444444444444444;1.6177777777777775;0.4088888888888889;1.5955555555555554;5.777777777777778;10.444444444444445
11286;zone68;6208.193116766784;3072.425066795916;0.0;zone68;S01010323;4;603;466;377;[0.555556,0.444444,0.0];[0.657143,0.271429,0.071429];[0.642857,0.321429,0.035714];[0.793651,0.166667,0.039683];[0.578431372549,0.166666666667,0.235294117647,0.0196078431373];1;970.0;0.57559463238;1178;5;0.04;1.5;55.56;23.25;76.62;10.5;29.5;19.25;5.23;0.0;0.78;0.0;1.37;0.6100000000000001;2.7300000000000004;5.0;6.75
11286;zone69;6517.651722029823;2240.572579661372;0.0;zone69;S01010324;6;759;566;403;[0.142857,0.571429,0.285714];[0.298077,0.490385,0.211538];[0.333333,0.530864,0.135802];[0.401674,0.414226,0.1841];[0.569620253165,0.101265822785,0.291139240506,0.0379746835443];1;407.0;-0.0721601679586;1649;6;0.04;1.8333333333333333;29.38666666666667;17.666666666666668;65.05333333333333;11.833333333333334;28.833333333333332;9.5;1.3266666666666669;0.0;0.39999999999999997;0.0;2.18;0.4266666666666667;2.606666666666667;6.166666666666667;3.3333333333333335
11286;zone70;6038.016041009105;2402.8415869980217;0.0;zone70;S01010325;18;939;666;501;[0.263158,0.368421,0.368421];[0.383838,0.525253,0.090909];[0.253623,0.615942,0.130435];[0.451362,0.463035,0.085603];[0.545454545455,0.238636363636,0.193181818182,0.0227272727273];1;225.0;-0.281126582053;1545;25;0.05555555555555555;1.1666666666666667;36.91777777777777;19.61111111111111;68.80888888888889;11.944444444444445;30.61111111111111;12.444444444444445;1.0133333333333334;0.0;0.9888888888888889;0.0;2.5622222222222226;0.508888888888889;2.591111111111111;4.5;4.166666666666667
11286;zone71;5272.359331052501;2740.775131541117;0.0;zone71;S01010326;39;987;707;494;[0.526316,0.368421,0.105263];[0.522523,0.333333,0.144144];[0.492188,0.3125,0.195313];[0.723514,0.224806,0.05168];[0.54375,0.16875,0.23125,0.05625];1;1389.0;1.05701743376;964;50;0.04923076923076923;1.4615384615384615;42.45230769230769;23.846153846153847;76.4625641025641;12.256410256410257;31.17948717948718;14.384615384615385;1.2020512820512823;0.0;5.032820512820513;0.00307692307692308;1.4779487179487176;0.36410256410256403;2.7958974358974356;5.897435897435898;7.230769230769231
11286;zone72;4970.167032608406;2501.795090448298;0.0;zone72;S01010327;34;982;660;362;[0.031746,0.507937,0.460317];[0.372881,0.432203,0.194915];[0.289063,0.328125,0.382813];[0.516892,0.347973,0.135135];[0.416184971098,0.21387283237,0.236994219653,0.132947976879];1;470.0;0.000335688704598;1011;62;0.06823529411764706;1.3235294117647058;39.18941176470588;26.88235294117647;73.07058823529414;11.5;30.11764705882353;13.117647058823529;1.4105882352941175;0.0;6.144705882352943;0.0;1.0858823529411765;0.44823529411764695;2.382352941176471;5.176470588235294;8.088235294117647
11286;zone73;5975.307390960257;2677.5485166167286;0.0;zone73;S01010328;24;969;706;445;[0.16129,0.5,0.33871];[0.27044,0.471698,0.257862];[0.192547,0.434783,0.372671];[0.338983,0.432203,0.228814];[0.309352517986,0.258992805755,0.280575539568,0.151079136691];2;457.0;-0.0138550124678;2008;45;0.07166666666666667;1.6666666666666667;38.423333333333346;26.083333333333332;73.45500000000001;11.625;30.5;13.125;1.616666666666667;0.0;2.0666666666666664;0.03333333333333333;3.178333333333334;0.48499999999999993;2.1783333333333332;6.958333333333333;6.375
