cycle;name;location.x;location.y;location.z;name;dataZone;nm_children;pop;over16;nm_hh;AB_car_prob;C1_car_prob;C2_car_prob;DE_car_prob;prob_social;simd;crimeRate;norm_crime;avg_dis_sh;neigh_play;daily_play_per_child;avg_FSA;avg_walk;daily_OD;zone_mvpa;mvpa_home;mvpa_sc;mvpa_road;mvpa_play_field;mvpa_home_garden;mvpa_park;mvpa_PG;mvpa_amenity;mvpa_shops;mvpa_F_home;mvpa_fsa;mvpa_OD
11286;zone0;8448.90275962388;2625.4515469546564;0.0;zone0;S01010195;19;531;390;212;[0.0,0.481481,0.518519];[0.261538,0.646154,0.092308];[0.12,0.59,0.29];[0.447368,0.368421,0.184211];[0.418918918919,0.283783783784,0.202702702703,0.0945945945946];1;0.0;-0.540229885057;1092;35;0.07368421052631578;1.4736842105263157;35.490526315789474;24.842105263157894;75.55157894736844;12.947368421052632;32.0;12.052631578947368;0.9115789473684209;0.0;2.669473684210527;0.10947368421052632;3.4231578947368426;0.431578947368421;2.391578947368421;6.7894736842105265;6.578947368421052
11286;zone1;8656.736904000718;2165.9902346445633;0.0;zone1;S01010198;18;1027;748;394;[0.058824,0.529412,0.411765];[0.305785,0.561983,0.132231];[0.219858,0.496454,0.283688];[0.523179,0.331126,0.145695];[0.48623853211,0.229357798165,0.266055045872,0.0183486238532];1;1609.0;1.3102524676;1472;27;0.05111111111111111;1.8333333333333333;35.52666666666667;23.0;69.14222222222223;10.333333333333334;29.555555555555557;11.944444444444445;1.1066666666666667;0.0;2.448888888888889;0.08;2.582222222222222;0.18888888888888886;2.0688888888888886;7.222222222222222;5.833333333333333
11286;zone2;8537.588755655543;3024.028900129281;0.0;zone2;S01010201;22;643;453;253;[0.0,0.47619,0.52381];[0.270833,0.3125,0.416667];[0.088,0.48,0.432];[0.296552,0.434483,0.268966];[0.365853658537,0.292682926829,0.292682926829,0.0487804878049];2;219.0;-0.28762447053;940;36;0.06181818181818182;0.7272727272727273;26.44181818181818;28.09090909090909;70.2018181818182;13.227272727272727;31.772727272727273;8.681818181818182;1.5781818181818184;0.0;3.7563636363636363;0.03090909090909091;2.5490909090909093;0.570909090909091;3.267272727272727;3.227272727272727;7.454545454545454
11286;zone3;8059.42097232239;3767.666522351409;0.0;zone3;S01010203;30;671;504;260;[0.090909,0.363636,0.545455];[0.263804,0.460123,0.276074];[0.094828,0.422414,0.482759];[0.183824,0.375,0.441176];[0.272727272727,0.218181818182,0.363636363636,0.145454545455];3;215.0;-0.292668818285;1996;58;0.07466666666666667;1.2666666666666666;46.133333333333326;28.633333333333333;73.61466666666666;11.033333333333333;30.033333333333335;15.766666666666667;1.354666666666667;0.0;2.481333333333333;0.0;3.2146666666666674;0.42799999999999994;2.5600000000000005;5.266666666666667;6.6
11286;zone4;8368.288440296214;3565.498290652094;0.0;zone4;S01010204;30;800;589;381;[0.272727,0.727273,0.0];[0.627451,0.27451,0.098039];[0.444444,0.533333,0.022222];[0.600619,0.321981,0.077399];[0.595041322314,0.157024793388,0.239669421488,0.00826446280992];1;497.0;0.0317745673598;1088;54;0.06666666666666667;1.1;35.850666666666676;29.0;68.252;11.166666666666666;29.366666666666667;11.966666666666667;1.3866666666666665;0.0;2.542666666666667;0.02533333333333333;3.0733333333333337;0.35466666666666674;2.494666666666667;4.266666666666667;6.466666666666667
11286;zone5;8034.229745798958;3515.110462853287;0.0;zone5;S01010205;15;658;534;355;[0.411765,0.117647,0.470588];[0.465116,0.457364,0.077519];[0.317757,0.588785,0.093458];[0.593458,0.280374,0.126168];[0.466666666667,0.2,0.3,0.0333333333333];1;925.0;0.523434132086;1269;18;0.04;0.8666666666666667;36.19466666666666;30.933333333333334;71.75466666666668;11.866666666666667;30.666666666666668;12.066666666666666;2.7066666666666666;0.0;3.031999999999999;0.0;3.1039999999999996;0.45600000000000007;2.816;3.2666666666666666;8.2
11286;zone6;7457.064719570519;3739.055375726369;0.0;zone6;S01010208;18;903;745;565;[0.30137,0.589041,0.109589];[0.48062,0.457364,0.062016];[0.272727,0.613636,0.113636];[0.66055,0.270642,0.068807];[0.233333333333,0.133333333333,0.461111111111,0.172222222222];1;603.0;0.153385979085;1452;16;0.03555555555555556;1.5555555555555556;36.888888888888886;20.0;69.69555555555554;11.38888888888889;29.88888888888889;12.444444444444445;1.6422222222222222;0.0;1.7088888888888887;0.0;1.9777777777777779;0.32000000000000006;2.522222222222222;5.888888888888889;4.888888888888889
11286;zone7;7917.838214725937;1939.334458859395;0.0;zone7;S01010209;24;966;677;468;[0.172414,0.586207,0.241379];[0.333333,0.414966,0.251701];[0.381944,0.458333,0.159722];[0.545852,0.336245,0.117904];[0.337931034483,0.248275862069,0.303448275862,0.110344827586];1;2053.0;1.82052250092;1642;25;0.04;1.2916666666666667;61.11499999999999;24.041666666666668;77.66666666666667;10.875;30.041666666666668;20.916666666666668;1.053333333333333;0.0;3.6050000000000004;0.0;2.331666666666666;0.37833333333333324;2.5000000000000004;4.375;6.541666666666667
11286;zone8;7878.406567747077;2721.2634132011362;0.0;zone8;S01010210;18;885;641;416;[0.173913,0.456522,0.369565];[0.21519,0.5,0.28481];[0.189781,0.386861,0.423358];[0.422111,0.442211,0.135678];[0.394736842105,0.236842105263,0.254385964912,0.114035087719];1;344.0;-0.144253829852;1252;22;0.04444444444444445;1.5555555555555556;36.982222222222234;22.666666666666668;68.89999999999999;11.055555555555555;29.444444444444443;12.444444444444445;0.7222222222222223;0.0;2.397777777777778;0.0;2.302222222222222;0.4111111111111112;2.42;6.0;4.944444444444445
11286;zone9;7785.599648345685;3201.783800714137;0.0;zone9;S01010211;22;858;634;452;[0.147059,0.705882,0.147059];[0.384615,0.452991,0.162393];[0.469565,0.4,0.130435];[0.722656,0.226563,0.050781];[0.473214285714,0.169642857143,0.285714285714,0.0714285714286];1;430.0;-0.0456985893816;1024;38;0.06727272727272728;0.8181818181818182;34.58909090909091;25.545454545454547;71.34181818181818;12.772727272727273;31.181818181818183;11.681818181818182;1.689090909090909;0.0;2.274545454545455;0.03090909090909091;3.0163636363636357;0.5490909090909092;2.761818181818182;3.772727272727273;6.545454545454546
11286;zone10;7580.688680869333;3097.127786881416;0.0;zone10;S01010212;49;1083;779;559;[0.233333,0.633333,0.133333];[0.594771,0.339869,0.065359];[0.465517,0.405172,0.12931];[0.712821,0.269231,0.017949];[0.566037735849,0.138364779874,0.22641509434,0.0691823899371];1;1473.0;1.15298517036;1221;92;0.07020408163265306;1.2857142857142858;54.269387755102045;30.836734693877553;79.3608163265306;11.408163265306122;30.979591836734695;18.428571428571427;2.05469387755102;0.0;2.5061224489795917;0.0;3.6489795918367363;0.4089795918367346;2.544489795918367;5.63265306122449;7.73469387755102
11286;zone11;8065.177293237223;3111.5884965344962;0.0;zone11;S01010213;13;924;657;476;[0.105263,0.684211,0.210526];[0.382609,0.547826,0.069565];[0.218543,0.556291,0.225166];[0.467925,0.483019,0.049057];[0.451327433628,0.221238938053,0.274336283186,0.0530973451327];1;247.0;-0.255840453357;978;18;0.05230769230769231;0.9230769230769231;36.089230769230774;23.53846153846154;67.68615384615384;11.538461538461538;30.0;12.0;0.9846153846153847;0.0;2.2584615384615385;0.0;2.3661538461538467;0.5107692307692308;3.0553846153846154;3.5384615384615383;5.153846153846154
11286;zone12;7144.994858230166;1947.4125453867302;0.0;zone12;S01010214;27;967;717;396;[0.098592,0.28169,0.619718];[0.197531,0.438272,0.364198];[0.173333,0.493333,0.333333];[0.237069,0.487069,0.275862];[0.361344537815,0.210084033613,0.310924369748,0.117647058824];3;176.0;-0.337854473183;1889;54;0.07555555555555556;1.3703703703703705;55.945185185185196;31.666666666666668;75.10666666666667;10.074074074074074;29.074074074074073;18.85185185185185;2.154074074074074;0.0;2.8503703703703707;0.0;3.013333333333332;0.36444444444444446;2.188148148148148;5.0;7.407407407407407
11286;zone13;7013.590150664996;2618.495528189446;0.0;zone13;S01010215;24;850;608;492;[0.571429,0.285714,0.142857];[0.5,0.431373,0.068627];[0.382609,0.391304,0.226087];[0.678571,0.269841,0.051587];[0.467289719626,0.140186915888,0.345794392523,0.0467289719626];1;547.0;0.0886083430805;677;45;0.07166666666666667;1.7083333333333333;38.96;28.25;72.52999999999999;11.416666666666666;30.208333333333332;13.125;1.1883333333333332;0.0;1.745;0.0;4.301666666666667;0.305;2.4583333333333335;6.041666666666667;6.75
11286;zone14;7332.222205807836;2329.961970144465;0.0;zone14;S01010216;15;621;464;361;[0.6,0.4,0.0];[0.597701,0.356322,0.045977];[0.409091,0.439394,0.151515];[0.709544,0.273859,0.016598];[0.5,0.163265306122,0.265306122449,0.0714285714286];1;600.0;0.150092344085;1275;22;0.05866666666666667;1.1333333333333333;43.98666666666667;28.6;69.82666666666667;10.6;28.933333333333334;14.6;0.9546666666666667;0.0;3.4399999999999995;0.0;2.6746666666666665;0.32800000000000007;2.1333333333333333;4.6;6.466666666666667
11286;zone15;7299.833172322251;2625.8610945736937;0.0;zone15;S01010217;33;817;598;406;[0.16129,0.516129,0.322581];[0.565517,0.4,0.034483];[0.5,0.431373,0.068627];[0.702703,0.283784,0.013514];[0.541935483871,0.0967741935484,0.296774193548,0.0645161290323];1;1060.0;0.679274950851;984;57;0.06545454545454546;1.5454545454545454;40.78787878787879;25.060606060606062;74.3260606060606;12.030303030303031;30.696969696969695;13.848484848484848;0.9527272727272728;0.0;2.85939393939394;0.0;3.1599999999999997;0.441212121212121;2.5733333333333337;6.0;6.484848484848484
11286;zone16;7142.953643082513;3018.5401822929393;0.0;zone16;S01010218;31;1018;790;587;[0.425532,0.404255,0.170213];[0.392523,0.453271,0.154206];[0.358209,0.492537,0.149254];[0.589124,0.335347,0.075529];[0.424657534247,0.109589041096,0.369863013699,0.0958904109589];1;557.0;0.101026678737;503;51;0.06322580645161291;1.3225806451612903;27.633548387096774;26.0;67.09032258064516;11.806451612903226;29.580645161290324;9.290322580645162;1.135483870967742;0.0;1.9419354838709681;0.0;3.2425806451612904;0.4348387096774194;2.3251612903225807;5.612903225806452;5.838709677419355
11286;zone17;6738.8937706128745;4298.8917997019325;0.0;zone17;S01010219;21;503;382;274;[0.695652,0.304348,0.0];[0.758621,0.215517,0.025862];[0.761905,0.166667,0.071429];[0.781609,0.195402,0.022989];[0.41935483871,0.0752688172043,0.408602150538,0.0967741935484];2;184.0;-0.327838932938;1622;30;0.05333333333333334;2.0;69.2152380952381;28.761904761904763;79.47619047619048;8.904761904761905;28.476190476190474;23.61904761904762;2.4590476190476194;0.0;3.2190476190476196;0.02095238095238095;2.0038095238095237;0.28190476190476194;1.8190476190476192;6.809523809523809;7.238095238095238
11286;zone18;5915.780765415368;4211.222876105162;0.0;zone18;S01010220;7;476;433;279;[0.181159,0.608696,0.210145];[0.404255,0.531915,0.06383];[0.227273,0.704545,0.068182];[0.448276,0.482759,0.068966];[0.154545454545,0.0636363636364,0.318181818182,0.463636363636];5;267.0;-0.232306706325;1172;23;0.12571428571428572;2.2857142857142856;37.87428571428571;23.428571428571427;71.40571428571428;11.285714285714286;29.571428571428573;12.714285714285714;2.657142857142857;0.0;2.6;0.08571428571428572;1.24;0.29714285714285715;1.4628571428571426;7.714285714285714;6.142857142857143
11286;zone19;6341.0811208317455;3913.8398648988496;0.0;zone19;S01010221;13;546;394;260;[0.6,0.4,0.0];[0.557377,0.409836,0.032787];[0.538462,0.323077,0.138462];[0.699387,0.257669,0.042945];[0.609375,0.140625,0.203125,0.046875];1;635.0;0.19005459739;1698;13;0.04;0.8461538461538461;55.0276923076923;26.615384615384617;71.39384615384617;9.846153846153847;28.46153846153846;18.846153846153847;3.2061538461538466;0.0;3.3507692307692305;0.05538461538461538;1.04;0.42461538461538456;2.384615384615384;2.3076923076923075;7.153846153846154
11286;zone20;7001.213463613622;4053.9957950241624;0.0;zone20;S01010222;15;492;414;285;[0.142857,0.5,0.357143];[0.432432,0.459459,0.108108];[0.348624,0.522936,0.12844];[0.747899,0.235294,0.016807];[0.345238095238,0.214285714286,0.309523809524,0.130952380952];1;377.0;-0.105830277325;1800;18;0.04533333333333334;2.2;44.05600000000001;19.266666666666666;74.62133333333331;11.8;29.466666666666665;15.0;1.4693333333333334;0.0;1.7253333333333338;0.0;1.9013333333333333;0.3520000000000001;1.832;9.0;4.533333333333333
11286;zone21;6986.8418912765155;3434.1450308482026;0.0;zone21;S01010223;4;556;462;337;[0.076923,0.538462,0.384615];[0.567797,0.330508,0.101695];[0.472222,0.444444,0.083333];[0.584699,0.36612,0.04918];[0.432432432432,0.162162162162,0.324324324324,0.0810810810811];1;439.0;-0.0353356041414;1672;10;0.09;0.5;47.63;18.25;58.88;7.75;25.0;16.5;1.26;0.0;0.85;0.0;1.31;0.33;2.7;1.0;3.0
11286;zone22;6247.397837456437;3329.661273309237;0.0;zone22;S01010224;40;1036;727;469;[0.405405,0.540541,0.054054];[0.592593,0.274074,0.133333];[0.418803,0.504274,0.076923];[0.768421,0.202632,0.028947];[0.506097560976,0.140243902439,0.268292682927,0.0853658536585];1;1004.0;0.614259332793;911;68;0.065;1.35;45.05299999999998;20.55;70.94300000000001;11.35;29.325;15.35;3.2569999999999992;0.0;1.3970000000000002;0.067;0.8660000000000002;0.445;2.351;4.85;5.15
11286;zone23;7827.985844039554;4105.4701191949;0.0;zone23;S01010225;33;812;636;431;[0.25,0.634615,0.115385];[0.469072,0.43299,0.097938];[0.54023,0.413793,0.045977];[0.672065,0.234818,0.093117];[0.385185185185,0.125925925926,0.325925925926,0.162962962963];1;1006.0;0.616572011517;1595;45;0.05090909090909091;2.272727272727273;53.25454545454545;20.21212121212121;80.89454545454547;11.757575757575758;31.09090909090909;18.09090909090909;1.3830303030303028;0.0;1.901818181818182;0.0;2.3442424242424242;0.43272727272727274;1.8206060606060603;10.303030303030303;5.121212121212121
11286;zone24;7040.363001382077;4481.052780471187;0.0;zone24;S01010226;40;816;565;394;[0.454545,0.242424,0.30303];[0.715385,0.2,0.084615];[0.540541,0.405405,0.054054];[0.766917,0.18797,0.045113];[0.503355704698,0.201342281879,0.221476510067,0.0738255033557];2;422.0;-0.0548014077425;1379;95;0.087;1.5;47.42100000000001;30.05;75.282;10.8;29.8;15.975;2.87;0.0;3.4909999999999997;0.012;1.8279999999999998;0.429;2.166;6.075;7.725
11286;zone25;6847.772309074456;4638.663588163389;0.0;zone25;S01010227;39;692;454;294;[0.413793,0.413793,0.172414];[0.704545,0.238636,0.056818];[0.654545,0.345455,0.0];[0.810606,0.159091,0.030303];[0.672268907563,0.0924369747899,0.159663865546,0.0756302521008];4;0.0;-0.540229885057;1207;109;0.10051282051282051;1.7435897435897436;49.550769230769234;35.205128205128204;77.77538461538462;10.487179487179487;29.28205128205128;16.82051282051282;1.7825641025641028;0.0;6.001025641025641;0.07794871794871795;2.2553846153846155;0.3528205128205128;2.044102564102564;6.743589743589744;9.666666666666666
11286;zone26;8241.816993110848;4572.457656401622;0.0;zone26;S01010229;30;1016;787;508;[0.1,0.625,0.275];[0.350877,0.350877,0.298246];[0.348315,0.477528,0.174157];[0.565217,0.310559,0.124224];[0.420731707317,0.213414634146,0.292682926829,0.0731707317073];1;395.0;-0.0859445809966;1306;50;0.064;1.1;42.653333333333336;17.2;70.07733333333334;11.366666666666667;30.0;14.433333333333334;1.2573333333333336;0.0;2.3533333333333335;0.02533333333333333;1.2439999999999998;0.4466666666666667;2.6773333333333342;4.5;4.4
11286;zone27;7458.320056766788;4680.341251240345;0.0;zone27;S01010230;24;1005;772;577;[0.314286,0.628571,0.057143];[0.703883,0.296117,0.0];[0.727273,0.218182,0.054545];[0.71831,0.24507,0.03662];[0.517857142857,0.136904761905,0.267857142857,0.077380952381];1;846.0;0.433218203459;936;46;0.06833333333333333;1.0833333333333333;40.35333333333333;28.791666666666668;69.46833333333332;10.625;29.125;13.5;1.538333333333333;0.0;3.776666666666666;0.04333333333333333;2.1816666666666666;0.375;1.9699999999999998;4.666666666666667;7.041666666666667
11286;zone28;7569.802990100143;4917.458811240416;0.0;zone28;S01010232;37;1074;792;485;[0.457143,0.485714,0.057143];[0.557292,0.338542,0.104167];[0.492063,0.333333,0.174603];[0.654229,0.251244,0.094527];[0.470297029703,0.153465346535,0.306930693069,0.0693069306931];1;771.0;0.347049794199;1011;73;0.07675675675675675;1.2162162162162162;41.1091891891892;29.37837837837838;68.57945945945944;10.378378378378379;28.594594594594593;13.972972972972974;1.3751351351351353;0.0;2.765405405405406;0.05297297297297297;2.628108108108108;0.4172972972972972;2.195675675675675;4.594594594594595;6.378378378378378
11286;zone29;7830.713068379679;4879.746446724283;0.0;zone29;S01010233;33;970;705;476;[0.275,0.625,0.1];[0.655629,0.245033,0.099338];[0.52809,0.426966,0.044944];[0.771505,0.212366,0.016129];[0.587209302326,0.093023255814,0.261627906977,0.0581395348837];1;284.0;-0.213781821634;1082;40;0.04848484848484848;1.0303030303030303;50.29939393939394;27.78787878787879;71.01212121212122;10.545454545454545;28.666666666666668;17.03030303030303;1.04;0.0;2.9103030303030306;0.02909090909090909;2.6981818181818182;0.39151515151515154;2.3745454545454545;3.606060606060606;6.2727272727272725
11286;zone30;6473.383843181837;4954.519765957263;0.0;zone30;S01010261;6;2551;2373;526;[0.666667,0.270833,0.0625];[0.675841,0.281346,0.042813];[0.75,0.25,0.0];[0.824468,0.164894,0.010638];[0.41,0.06,0.41,0.12];3;176.0;-0.337679921334;2040;8;0.05333333333333334;1.0;88.73333333333333;31.166666666666668;81.41333333333333;9.0;28.333333333333332;29.333333333333332;3.1666666666666665;0.0;0.9266666666666666;0.16666666666666666;2.3266666666666667;0.26666666666666666;2.66;3.3333333333333335;6.166666666666667
11286;zone31;4930.642193689802;4959.449818932565;0.0;zone31;S01010266;3;555;474;237;[0.320755,0.556604,0.122642];[0.677273,0.254545,0.068182];[0.5,0.461538,0.038462];[0.534247,0.30137,0.164384];[0.141176470588,0.0588235294118,0.4,0.4];3;536.0;0.0761386922126;1007;8;0.10666666666666667;0.6666666666666666;40.89333333333334;42.666666666666664;72.85333333333334;11.666666666666666;29.666666666666668;13.666666666666666;1.6133333333333333;0.0;4.613333333333334;0.6;4.293333333333333;0.32;1.8399999999999999;2.6666666666666665;10.333333333333334
11286;zone32;5712.5549897826;4979.400336637217;0.0;zone32;S01010270;4;1153;972;817;[0.389831,0.533898,0.076271];[0.70255,0.252125,0.045326];[0.714286,0.272727,0.012987];[0.771552,0.228448,0.0];[0.125,0.0909090909091,0.454545454545,0.329545454545];1;871.0;0.461200629557;1782;3;0.03;2.5;39.31999999999999;15.0;63.59;9.0;26.5;13.25;0.78;0.0;0.69;0.61;1.12;0.18;1.4;8.0;3.0
11286;zone33;3394.0723536088512;4934.677182292946;0.0;zone33;S01010282;13;976;841;645;[0.438776,0.520408,0.040816];[0.545732,0.405488,0.04878];[0.521277,0.382979,0.095745];[0.712707,0.232044,0.055249];[0.190954773869,0.070351758794,0.35175879397,0.386934673367];2;350.0;-0.137812028107;1339;21;0.06153846153846154;1.3076923076923077;44.310769230769225;30.53846153846154;70.43384615384615;10.153846153846153;28.0;15.384615384615385;0.8707692307692307;0.0;6.3076923076923075;0.3692307692307692;0.7415384615384616;0.5076923076923079;1.673846153846154;5.153846153846154;7.846153846153846
11286;zone34;4385.789287498423;4835.237486850067;0.0;zone34;S01010289;15;771;687;380;[0.130952,0.511905,0.357143];[0.262911,0.502347,0.234742];[0.178571,0.464286,0.357143];[0.410256,0.435897,0.153846];[0.058064516129,0.0322580645161,0.245161290323,0.664516129032];5;259.0;-0.241396294863;1392;64;0.17066666666666666;1.5333333333333334;49.32266666666666;45.333333333333336;74.704;9.133333333333333;28.6;16.933333333333334;1.8426666666666667;0.0;4.730666666666666;0.9199999999999999;2.933333333333333;0.24266666666666667;1.7306666666666668;5.733333333333333;10.0
11286;zone35;4401.5375624188455;4669.062022109911;0.0;zone35;S01010290;13;546;485;278;[0.198198,0.603604,0.198198];[0.485944,0.449799,0.064257];[0.555556,0.444444,0.0];[0.435897,0.512821,0.051282];[0.10752688172,0.0430107526882,0.494623655914,0.354838709677];3;353.0;-0.133686757747;907;32;0.09538461538461539;2.076923076923077;42.90461538461538;31.0;81.60615384615383;12.23076923076923;31.46153846153846;14.615384615384615;1.4369230769230772;0.0;5.950769230769231;0.28923076923076924;1.9476923076923074;0.32615384615384624;1.7784615384615383;9.846153846153847;9.076923076923077
11286;zone36;4119.983651650423;4281.100418217042;0.0;zone36;S01010291;12;1075;975;481;[0.405594,0.447552,0.146853];[0.627907,0.277132,0.094961];[0.415094,0.433962,0.150943];[0.562963,0.325926,0.111111];[0.197080291971,0.0729927007299,0.445255474453,0.284671532847];3;438.0;-0.0363924713322;1085;17;0.05333333333333334;1.3333333333333333;44.376666666666665;34.75;74.2;11.25;28.5;15.166666666666666;1.2300000000000002;0.0;7.926666666666666;0.49000000000000005;0.7666666666666667;0.3566666666666667;2.316666666666667;4.5;9.833333333333334
11286;zone37;4399.731076226201;4291.6703625917;0.0;zone37;S01010292;10;890;831;409;[0.348214,0.508929,0.142857];[0.477169,0.420091,0.10274];[0.339286,0.446429,0.214286];[0.55814,0.383721,0.05814];[0.128378378378,0.0540540540541,0.398648648649,0.418918918919];4;323.0;-0.168488563048;1107;30;0.12;1.7;49.416000000000004;35.9;83.056;11.8;31.7;16.8;3.1439999999999997;0.0;5.615999999999999;0.20400000000000001;2.072;0.22799999999999998;2.164;7.2;10.7
11286;zone38;4514.690807242894;4541.15458266895;0.0;zone38;S01010293;16;839;723;373;[0.51773,0.35461,0.12766];[0.635389,0.262735,0.101877];[0.446809,0.319149,0.234043];[0.514286,0.392857,0.092857];[0.242424242424,0.0606060606061,0.393939393939,0.30303030303];3;290.0;-0.205814991507;893;33;0.0825;1.8125;45.74;35.125;81.1875;12.125;31.5625;15.5625;1.9200000000000002;0.0;5.26;0.225;2.8974999999999995;0.32750000000000007;1.9625;7.75;9.75
11286;zone39;4541.7482834333705;4418.565122351524;0.0;zone39;S01010294;13;690;631;275;[0.242105,0.526316,0.231579];[0.650873,0.214464,0.134663];[0.583333,0.208333,0.208333];[0.414894,0.489362,0.095745];[0.164835164835,0.043956043956,0.494505494505,0.296703296703];4;440.0;-0.0342259463805;998;20;0.05538461538461539;2.6923076923076925;48.42769230769231;31.923076923076923;77.12615384615385;10.538461538461538;28.692307692307693;16.615384615384617;1.4984615384615387;0.0;2.5076923076923077;0.4153846153846154;2.923076923076923;0.25230769230769234;1.1846153846153844;10.307692307692308;6.769230769230769
11286;zone40;4766.8646917667475;4574.50133624035;0.0;zone40;S01010295;18;974;870;427;[0.384615,0.391026,0.224359];[0.604555,0.310559,0.084886];[0.428571,0.285714,0.285714];[0.390728,0.516556,0.092715];[0.212765957447,0.113475177305,0.297872340426,0.375886524823];4;529.0;0.0680145754747;1127;43;0.09111111111111111;1.5555555555555556;40.29333333333334;38.55555555555556;69.2088888888889;9.555555555555555;27.5;13.88888888888889;2.091111111111111;0.0;5.271111111111111;0.5177777777777778;1.6333333333333335;0.31111111111111117;1.597777777777778;5.333333333333333;9.0
11286;zone41;4647.752341766679;4736.091736240359;0.0;zone41;S01010296;16;664;560;291;[0.294118,0.423529,0.282353];[0.520913,0.368821,0.110266];[0.375,0.375,0.25];[0.475524,0.391608,0.132867];[0.282828282828,0.111111111111,0.363636363636,0.242424242424];2;856.0;0.444094443477;987;53;0.1275;1.25;39.4225;37.875;73.21749999999999;11.0625;29.875;13.25;1.9349999999999998;0.0;4.9975;0.615;2.4225;0.38;1.7825;5.125;9.5
11286;zone42;5522.849421766708;4411.996091240393;0.0;zone42;S01010297;7;1066;894;676;[0.582609,0.382609,0.034783];[0.691824,0.245283,0.062893];[0.540541,0.333333,0.126126];[0.681275,0.270916,0.047809];[0.260563380282,0.140845070423,0.37323943662,0.225352112676];1;504.0;0.0391758595379;1241;11;0.06285714285714286;1.5714285714285714;55.508571428571436;22.857142857142858;79.39428571428572;12.428571428571429;30.571428571428573;18.857142857142858;2.6457142857142864;0.0;0.7314285714285714;0.2;2.3485714285714288;0.21714285714285714;2.1542857142857144;7.428571428571429;5.428571428571429
11286;zone43;4706.481893689814;4143.807995855712;0.0;zone43;S01010298;12;880;677;515;[0.308943,0.479675,0.211382];[0.581395,0.356589,0.062016];[0.539683,0.396825,0.063492];[0.744828,0.193103,0.062069];[0.227272727273,0.0984848484848,0.371212121212,0.30303030303];1;486.0;0.0190902878356;1210;24;0.07666666666666666;2.0;54.49000000000001;28.666666666666668;83.58666666666666;11.916666666666666;31.833333333333332;18.666666666666668;3.263333333333334;0.0;2.83;0.4166666666666667;1.9400000000000002;0.5466666666666667;1.8033333333333335;8.75;8.083333333333334
11286;zone44;4885.424673909578;4209.645754097502;0.0;zone44;S01010299;4;536;404;292;[0.3,0.54,0.16];[0.556701,0.340206,0.103093];[0.458333,0.520833,0.020833];[0.584906,0.283019,0.132075];[0.428571428571,0.0857142857143,0.285714285714,0.2];1;375.0;-0.10827530326;682;6;0.06;4.5;47.16;17.25;75.14;9.75;28.0;15.75;1.0;0.0;0.15;0.0;2.02;0.13;0.38;16.0;2.75
11286;zone45;4883.397012115578;4340.414778682246;0.0;zone45;S01010300;21;934;764;478;[0.460784,0.411765,0.127451];[0.664653,0.238671,0.096677];[0.632353,0.323529,0.044118];[0.606383,0.329787,0.06383];[0.3046875,0.125,0.3515625,0.21875];2;513.0;0.0498225801839;659;46;0.08190476190476191;1.8095238095238095;35.63047619047619;31.952380952380953;70.40761904761905;10.761904761904763;28.952380952380953;12.333333333333334;2.236190476190476;0.0;2.125714285714286;0.4495238095238095;2.845714285714285;0.42476190476190495;1.954285714285714;6.666666666666667;7.142857142857143
11286;zone46;5144.66081966521;4032.769083704074;0.0;zone46;S01010301;6;522;457;283;[0.292683,0.597561,0.109756];[0.57563,0.315126,0.109244];[0.222222,0.703704,0.074074];[0.561798,0.393258,0.044944];[0.214285714286,0.0612244897959,0.459183673469,0.265306122449];4;490.0;0.0232745011966;1166;25;0.16;1.3333333333333333;50.10666666666666;44.166666666666664;88.91333333333334;13.666666666666666;33.5;16.5;8.1;0.0;0.46;0.7866666666666666;4.38;0.5466666666666666;1.6466666666666667;7.333333333333333;13.333333333333334
11286;zone47;5165.568789180556;4297.038752619699;0.0;zone47;S01010302;24;669;495;388;[0.65625,0.28125,0.0625];[0.6,0.356522,0.043478];[0.716981,0.226415,0.056604];[0.801802,0.18018,0.018018];[0.582417582418,0.0769230769231,0.263736263736,0.0769230769231];1;392.0;-0.0896499889057;1349;44;0.07166666666666667;1.125;57.10166666666667;31.875;74.61833333333333;10.083333333333334;28.833333333333332;19.625;2.846666666666666;0.0;1.5616666666666668;0.215;3.380000000000001;0.39000000000000007;2.5;3.5416666666666665;7.541666666666667
11286;zone48;5241.140616766716;4139.402270499609;0.0;zone48;S01010303;33;579;387;250;[0.692308,0.153846,0.153846];[0.56701,0.298969,0.134021];[0.630435,0.282609,0.086957];[0.658879,0.285047,0.056075];[0.58407079646,0.106194690265,0.274336283186,0.0353982300885];1;415.0;-0.0627120940391;1586;62;0.06909090909090909;1.4242424242424243;45.04969696969698;25.696969696969695;75.51515151515153;11.818181818181818;30.606060606060606;15.151515151515152;4.076363636363637;0.0;0.8218181818181819;0.136969696969697;2.313939393939394;0.44969696969696965;2.369696969696969;6.181818181818182;6.787878787878788
11286;zone49;4853.647576226233;3833.123065294377;0.0;zone49;S01010304;12;542;456;332;[0.323529,0.514706,0.161765];[0.635135,0.25,0.114865];[0.477273,0.522727,0.0];[0.829268,0.109756,0.060976];[0.372340425532,0.0425531914894,0.297872340426,0.287234042553];1;804.0;0.384523850516;1801;22;0.07333333333333333;1.5;65.46666666666667;26.416666666666668;75.87;9.416666666666666;28.25;22.083333333333332;2.9066666666666667;0.0;1.1166666666666665;0.25333333333333335;1.9599999999999997;0.24666666666666673;1.4433333333333334;6.166666666666667;5.75
11286;zone50;4697.410406890209;3639.1027396354093;0.0;zone50;S01010305;7;807;694;478;[0.36036,0.468468,0.171171];[0.553191,0.33617,0.110638];[0.409639,0.301205,0.289157];[0.589888,0.337079,0.073034];[0.198529411765,0.0735294117647,0.382352941176,0.345588235294];1;223.0;-0.28282788147;622;8;0.04571428571428571;0.5714285714285714;38.23428571428572;33.714285714285715;66.79428571428572;10.857142857142858;29.0;12.857142857142858;3.1028571428571428;0.0;2.12;1.337142857142857;0.37142857142857144;0.3485714285714286;2.468571428571429;2.5714285714285716;6.428571428571429
11286;zone51;4591.3082521834585;3868.367573740388;0.0;zone51;S01010306;13;752;675;449;[0.35625,0.56875,0.075];[0.570588,0.355882,0.073529];[0.283019,0.566038,0.150943];[0.650943,0.330189,0.018868];[0.165680473373,0.0473372781065,0.479289940828,0.307692307692];2;238.0;-0.265781391166;672;33;0.09846153846153846;1.1538461538461537;38.550769230769234;36.38461538461539;67.12;10.23076923076923;28.23076923076923;12.615384615384615;2.7107692307692313;0.0;1.8523076923076922;2.246153846153846;1.0799999999999998;0.42461538461538473;1.56;4.538461538461538;7.461538461538462
11286;zone52;4503.72067559025;3742.2957906521283;0.0;zone52;S01010307;9;821;732;428;[0.189922,0.577519,0.232558];[0.407407,0.487654,0.104938];[0.346154,0.538462,0.115385];[0.71875,0.234375,0.046875];[0.0681818181818,0.0568181818182,0.375,0.5];5;319.0;-0.172537833795;483;29;0.12444444444444444;1.6666666666666667;31.00444444444444;38.111111111111114;72.94666666666666;11.88888888888889;30.11111111111111;10.222222222222221;2.8533333333333335;0.0;1.813333333333333;3.657777777777778;0.5244444444444445;0.45333333333333337;1.4222222222222223;8.555555555555555;8.444444444444445
11286;zone53;4364.519870735056;4047.768725526131;0.0;zone53;S01010308;9;975;858;480;[0.285714,0.54007,0.174216];[0.511936,0.384615,0.103448];[0.254902,0.411765,0.333333];[0.648352,0.307692,0.043956];[0.0970873786408,0.0631067961165,0.359223300971,0.480582524272];4;257.0;-0.244477582955;1154;18;0.08;1.7777777777777777;57.626666666666665;38.333333333333336;83.09777777777776;10.88888888888889;30.77777777777778;19.77777777777778;2.84;0.0;5.5022222222222235;1.528888888888889;0.9333333333333333;0.3422222222222222;1.448888888888889;7.222222222222222;10.444444444444445
11286;zone54;5381.88771051669;3636.3205112402793;0.0;zone54;S01010309;4;419;356;264;[0.333333,0.25,0.416667];[0.478873,0.422535,0.098592];[0.352941,0.382353,0.264706];[0.705882,0.24183,0.052288];[0.365853658537,0.170731707317,0.390243902439,0.0731707317073];1;0.0;-0.540229885057;1855;4;0.03;1.25;89.42999999999999;31.0;86.96;9.5;29.0;31.0;3.85;0.0;1.53;0.06;2.42;0.33999999999999997;3.08;4.25;7.5
11286;zone55;5657.373406240428;3625.6586165034923;0.0;zone55;S01010310;13;706;540;381;[0.333333,0.238095,0.428571];[0.565517,0.337931,0.096552];[0.54902,0.27451,0.176471];[0.715415,0.256917,0.027668];[0.484848484848,0.151515151515,0.318181818182,0.0454545454545];1;574.0;0.120406534162;829;21;0.05846153846153846;1.5384615384615385;46.16;23.076923076923077;69.65538461538463;10.307692307692308;28.923076923076923;15.23076923076923;1.6984615384615387;0.0;0.8984615384615384;0.0;2.6123076923076924;0.4307692307692308;1.8276923076923075;6.0;4.846153846153846
11286;zone56;5685.425126382168;3318.6970593171873;0.0;zone56;S01010311;22;721;556;351;[0.411765,0.352941,0.235294];[0.472222,0.453704,0.074074];[0.571429,0.404762,0.02381];[0.717949,0.271062,0.010989];[0.565217391304,0.121739130435,0.269565217391,0.0434782608696];1;1534.0;1.22364271569;1570;29;0.05090909090909091;1.3636363636363635;49.68181818181818;19.181818181818183;71.36363636363636;11.181818181818182;29.40909090909091;17.0;1.334545454545455;0.0;1.7363636363636366;0.06363636363636363;1.8290909090909089;0.36363636363636365;2.178181818181818;4.590909090909091;4.545454545454546
11286;zone57;5466.52613028024;3072.1402274564575;0.0;zone57;S01010312;34;868;647;425;[0.117647,0.823529,0.058824];[0.754386,0.22807,0.017544];[0.407407,0.444444,0.148148];[0.804945,0.153846,0.041209];[0.586956521739,0.115942028986,0.268115942029,0.0289855072464];1;685.0;0.247477927043;1630;61;0.07058823529411765;1.0;56.42235294117647;28.794117647058822;78.56941176470588;11.882352941176471;30.91176470588235;19.41176470588235;1.1458823529411764;0.0;2.6035294117647068;0.06705882352941177;3.7023529411764704;0.4870588235294118;2.4635294117647057;4.088235294117647;7.029411764705882
11286;zone58;5251.7403530303945;3502.549209042501;0.0;zone58;S01010313;16;654;529;356;[0.428571,0.285714,0.285714];[0.6,0.333333,0.066667];[0.433735,0.481928,0.084337];[0.739623,0.162264,0.098113];[0.648351648352,0.131868131868,0.175824175824,0.043956043956];1;565.0;0.109617915218;2126;28;0.07;1.25;79.36250000000001;29.5;84.9475;10.6875;29.875;27.0;2.4375000000000004;0.0;1.8675000000000002;0.08;3.31;0.37250000000000005;2.2075;5.375;7.1875
11286;zone59;4840.312157862589;3385.4448126102257;0.0;zone59;S01010314;21;1248;1034;550;[0.358209,0.507463,0.134328];[0.514493,0.333333,0.152174];[0.5,0.326923,0.173077];[0.636,0.324,0.04];[0.316901408451,0.133802816901,0.401408450704,0.147887323944];1;637.0;0.192402372167;826;39;0.07238095238095238;1.2380952380952381;38.35619047619048;31.285714285714285;75.07809523809524;12.047619047619047;31.047619047619047;12.857142857142858;3.140952380952381;0.0;3.093333333333333;1.535238095238095;0.7866666666666666;0.2514285714285715;2.415238095238095;5.9523809523809526;8.047619047619047
11286;zone60;4536.293429266749;2504.1273706154316;0.0;zone60;S01010315;43;911;678;409;[0.180723,0.554217,0.26506];[0.252632,0.457895,0.289474];[0.208333,0.5,0.291667];[0.55144,0.345679,0.102881];[0.308176100629,0.169811320755,0.358490566038,0.163522012579];2;382.0;-0.100954860853;1656;85;0.07720930232558139;1.8837209302325582;45.49302325581396;25.790697674418606;72.3953488372093;10.44186046511628;29.0;15.44186046511628;2.023255813953488;0.0;1.6037209302325584;0.0;2.4474418604651165;0.3748837209302326;1.8567441860465117;7.4186046511627906;5.558139534883721
11286;zone61;4589.6619547948285;2943.195659127726;0.0;zone61;S01010316;25;512;414;304;[0.392157,0.529412,0.078431];[0.62931,0.37069,0.0];[0.439024,0.560976,0.0];[0.775401,0.224599,0.0];[0.439252336449,0.102803738318,0.252336448598,0.205607476636];1;481.0;0.0128180141103;1372;48;0.0752;1.44;43.0048;25.6;68.9952;10.32;28.64;14.72;2.0191999999999997;0.0;2.1727999999999996;0.07360000000000001;1.9584000000000001;0.336;1.8816;5.0;5.88
11286;zone63;4421.5566371748755;3071.026327566895;0.0;zone63;S01010318;12;1588;1497;304;[0.5,0.456522,0.043478];[0.469799,0.47651,0.053691];[0.310345,0.37931,0.310345];[0.678571,0.285714,0.035714];[0.36,0.14,0.34,0.16];3;317.0;-0.175110645645;1183;31;0.1;1.25;40.56666666666667;33.666666666666664;68.88333333333334;9.416666666666666;28.25;13.916666666666666;3.3866666666666663;0.0;3.503333333333334;0.48999999999999994;0.5433333333333333;0.2966666666666667;1.87;5.5;7.416666666666667
11286;zone64;4173.240913470097;2893.8040771744095;0.0;zone64;S01010319;9;711;624;407;[0.258741,0.608392,0.132867];[0.383399,0.486166,0.130435];[0.439394,0.212121,0.348485];[0.530769,0.384615,0.084615];[0.171974522293,0.0700636942675,0.471337579618,0.286624203822];2;473.0;0.00423719084943;1483;16;0.06666666666666667;0.8888888888888888;55.239999999999995;31.555555555555557;65.2622222222222;8.555555555555555;25.88888888888889;18.555555555555557;2.413333333333333;0.0;1.9244444444444444;0.12444444444444443;1.8311111111111111;0.36000000000000004;1.6399999999999997;2.0;5.777777777777778
11286;zone65;3940.1918462749595;2900.8899784533987;0.0;zone65;S01010320;4;675;594;437;[0.257813,0.523438,0.21875];[0.61753,0.298805,0.083665];[0.526316,0.22807,0.245614];[0.805085,0.169492,0.025424];[0.172185430464,0.0662251655629,0.443708609272,0.317880794702];1;646.0;0.202453315259;1236;6;0.06;1.25;35.39;26.25;72.02;11.25;31.25;12.0;3.13;0.0;2.56;0.41;1.54;0.25;2.0;5.75;7.0
11286;zone66;3905.8658739096163;2664.6669636212755;0.0;zone66;S01010321;7;837;634;432;[0.401709,0.555556,0.042735];[0.54717,0.433962,0.018868];[0.45122,0.439024,0.109756];[0.666667,0.271186,0.062147];[0.212328767123,0.0958904109589,0.390410958904,0.301369863014];1;1019.0;0.631764531736;1803;9;0.05142857142857143;1.4285714285714286;49.18857142857143;23.285714285714285;82.24571428571429;13.285714285714286;33.42857142857143;16.571428571428573;4.885714285714285;0.0;2.1142857142857143;0.02857142857142857;2.1371428571428575;0.5314285714285714;2.7142857142857144;4.714285714285714;8.714285714285714
11286;zone67;3630.3978644730896;3132.1651121578075;0.0;zone67;S01010322;9;1028;914;549;[0.174419,0.549419,0.276163];[0.412399,0.471698,0.115903];[0.298507,0.38806,0.313433];[0.647059,0.323529,0.029412];[0.057268722467,0.0352422907489,0.449339207048,0.458149779736];5;124.0;-0.397569575369;1490;24;0.10222222222222223;2.0;23.56;31.444444444444443;68.51111111111112;10.88888888888889;29.22222222222222;7.666666666666667;2.4755555555555553;0.0;3.8000000000000003;0.7288888888888889;1.1022222222222224;0.18666666666666665;1.5777777777777782;9.11111111111111;7.666666666666667
11286;zone68;6208.193116766784;3072.425066795916;0.0;zone68;S01010323;4;603;466;377;[0.555556,0.444444,0.0];[0.657143,0.271429,0.071429];[0.642857,0.321429,0.035714];[0.793651,0.166667,0.039683];[0.578431372549,0.166666666667,0.235294117647,0.0196078431373];1;970.0;0.57559463238;1000;4;0.04;0.75;41.65;23.0;72.80000000000001;12.75;30.75;14.0;4.91;0.0;0.54;0.0;1.1600000000000001;0.75;3.3899999999999997;2.75;6.0
11286;zone69;6517.651722029823;2240.572579661372;0.0;zone69;S01010324;6;759;566;403;[0.142857,0.571429,0.285714];[0.298077,0.490385,0.211538];[0.333333,0.530864,0.135802];[0.401674,0.414226,0.1841];[0.569620253165,0.101265822785,0.291139240506,0.0379746835443];1;407.0;-0.0721601679586;2036;20;0.12666666666666668;0.8333333333333334;14.293333333333335;25.666666666666668;54.620000000000005;9.833333333333334;27.333333333333332;4.5;2.526666666666667;0.0;1.32;0.0;2.06;0.17333333333333334;2.48;2.6666666666666665;5.333333333333333
11286;zone70;6038.016041009105;2402.8415869980217;0.0;zone70;S01010325;18;939;666;501;[0.263158,0.368421,0.368421];[0.383838,0.525253,0.090909];[0.253623,0.615942,0.130435];[0.451362,0.463035,0.085603];[0.545454545455,0.238636363636,0.193181818182,0.0227272727273];1;225.0;-0.281126582053;1172;36;0.07333333333333333;0.7222222222222222;39.38222222222222;27.833333333333332;66.57111111111112;11.11111111111111;29.0;12.833333333333334;0.9488888888888888;0.0;0.7466666666666666;0.0;3.928888888888889;0.4066666666666668;2.835555555555556;2.8333333333333335;5.111111111111111
11286;zone71;5272.359331052501;2740.775131541117;0.0;zone71;S01010326;39;987;707;494;[0.526316,0.368421,0.105263];[0.522523,0.333333,0.144144];[0.492188,0.3125,0.195313];[0.723514,0.224806,0.05168];[0.54375,0.16875,0.23125,0.05625];1;1389.0;1.05701743376;940;76;0.0758974358974359;0.8717948717948718;42.26256410256411;25.487179487179485;68.51282051282051;10.538461538461538;28.641025641025642;14.256410256410257;1.2492307692307694;0.0;4.1117948717948725;0.03897435897435898;1.5856410256410256;0.45641025641025645;2.537435897435897;3.41025641025641;6.512820512820513
11286;zone72;4970.167032608406;2501.795090448298;0.0;zone72;S01010327;34;982;660;362;[0.031746,0.507937,0.460317];[0.372881,0.432203,0.194915];[0.289063,0.328125,0.382813];[0.516892,0.347973,0.135135];[0.416184971098,0.21387283237,0.236994219653,0.132947976879];1;470.0;0.000335688704598;980;52;0.05764705882352941;1.8823529411764706;45.34823529411764;26.235294117647058;77.28941176470589;11.411764705882353;30.176470588235293;15.117647058823529;1.5176470588235296;0.0;5.456470588235295;0.0;1.336470588235294;0.49764705882352933;2.2070588235294117;7.705882352941177;7.823529411764706
11286;zone73;5975.307390960257;2677.5485166167286;0.0;zone73;S01010328;24;969;706;445;[0.16129,0.5,0.33871];[0.27044,0.471698,0.257862];[0.192547,0.434783,0.372671];[0.338983,0.432203,0.228814];[0.309352517986,0.258992805755,0.280575539568,0.151079136691];2;457.0;-0.0138550124678;1997;38;0.06166666666666667;1.7083333333333333;33.13666666666667;26.833333333333332;68.26333333333334;11.166666666666666;29.25;11.208333333333334;2.023333333333333;0.0;0.9466666666666668;0.0;3.188333333333333;0.32833333333333337;1.876666666666667;6.625;5.625
11286;zone74;4421.847657862615;2232.0860934321454;0.0;zone74;S01010329;21;573;435;290;[0.368421,0.263158,0.368421];[0.341176,0.470588,0.188235];[0.255814,0.465116,0.27907];[0.52,0.354286,0.125714];[0.438356164384,0.191780821918,0.27397260274,0.0958904109589];2;105.0;-0.418628586414;1807;40;0.07047619047619047;1.3333333333333333;47.83619047619048;24.714285714285715;73.18095238095239;11.142857142857142;29.904761904761905;16.19047619047619;1.5409523809523813;0.0;1.7999999999999998;0.04;2.8800000000000003;0.2990476190476191;2.2419047619047623;5.571428571428571;5.857142857142857
