cycle;name;location.x;location.y;location.z;name;dataZone;nm_children;pop;over16;nm_hh;AB_car_prob;C1_car_prob;C2_car_prob;DE_car_prob;prob_social;simd;crimeRate;norm_crime;avg_dis_sh;neigh_play;daily_play_per_child;avg_FSA;avg_walk;daily_OD;zone_mvpa;mvpa_home;mvpa_sc;mvpa_road;mvpa_play_field;mvpa_home_garden;mvpa_park;mvpa_PG;mvpa_amenity;mvpa_shops;mvpa_F_home;mvpa_fsa;mvpa_OD
11286;zone0;8448.90275962388;2625.4515469546564;0.0;zone0;S01010195;19;531;390;212;[0.0,0.481481,0.518519];[0.261538,0.646154,0.092308];[0.12,0.59,0.29];[0.447368,0.368421,0.184211];[0.418918918919,0.283783783784,0.202702702703,0.0945945945946];1;0.0;-0.540229885057;1480;58;0.11578947368421053;1.0;41.91368421052632;27.68421052631579;59.74105263157895;9.68421052631579;21.68421052631579;14.263157894736842;0.6799999999999999;0.0;3.1810526315789476;0.0;2.5621052631578944;0.4084210526315791;2.2568421052631575;3.526315789473684;5.947368421052632
11286;zone1;8656.736904000718;2165.9902346445633;0.0;zone1;S01010198;18;1027;748;394;[0.058824,0.529412,0.411765];[0.305785,0.561983,0.132231];[0.219858,0.496454,0.283688];[0.523179,0.331126,0.145695];[0.48623853211,0.229357798165,0.266055045872,0.0183486238532];1;1609.0;1.3102524676;1872;48;0.10222222222222223;1.1111111111111112;44.38444444444444;24.555555555555557;64.96444444444445;11.277777777777779;23.444444444444443;15.11111111111111;1.0777777777777777;0.0;2.788888888888889;0.01333333333333333;2.057777777777778;0.38222222222222224;2.733333333333333;4.555555555555555;5.444444444444445
11286;zone2;8537.588755655543;3024.028900129281;0.0;zone2;S01010201;22;643;453;253;[0.0,0.47619,0.52381];[0.270833,0.3125,0.416667];[0.088,0.48,0.432];[0.296552,0.434483,0.268966];[0.365853658537,0.292682926829,0.292682926829,0.0487804878049];2;219.0;-0.28762447053;1536;68;0.11818181818181818;1.5454545454545454;48.07999999999999;32.45454545454545;66.98000000000002;10.090909090909092;22.454545454545453;16.227272727272727;2.518181818181819;0.0;3.834545454545454;0.01272727272727273;2.3927272727272726;0.23818181818181824;1.961818181818182;5.454545454545454;8.363636363636363
11286;zone3;8059.42097232239;3767.666522351409;0.0;zone3;S01010203;30;671;504;260;[0.090909,0.363636,0.545455];[0.263804,0.460123,0.276074];[0.094828,0.422414,0.482759];[0.183824,0.375,0.441176];[0.272727272727,0.218181818182,0.363636363636,0.145454545455];3;215.0;-0.292668818285;1941;107;0.13466666666666666;1.2333333333333334;44.448;32.666666666666664;70.90400000000001;11.966666666666667;24.1;14.966666666666667;3.1999999999999997;0.0;3.4679999999999995;0.0;3.197333333333333;0.4200000000000001;2.298666666666666;5.566666666666666;9.4
11286;zone4;8368.288440296214;3565.498290652094;0.0;zone4;S01010204;30;800;589;381;[0.272727,0.727273,0.0];[0.627451,0.27451,0.098039];[0.444444,0.533333,0.022222];[0.600619,0.321981,0.077399];[0.595041322314,0.157024793388,0.239669421488,0.00826446280992];1;497.0;0.0317745673598;1204;81;0.10533333333333333;1.1;39.63466666666667;30.5;65.25200000000001;11.866666666666667;22.966666666666665;13.333333333333334;1.5493333333333335;0.0;2.839999999999999;0.0;3.5546666666666678;0.40533333333333343;2.5840000000000005;4.5;7.433333333333334
11286;zone5;8034.229745798958;3515.110462853287;0.0;zone5;S01010205;15;658;534;355;[0.411765,0.117647,0.470588];[0.465116,0.457364,0.077519];[0.317757,0.588785,0.093458];[0.593458,0.280374,0.126168];[0.466666666667,0.2,0.3,0.0333333333333];1;925.0;0.523434132086;1418;35;0.09066666666666667;1.2666666666666666;44.72533333333333;32.0;68.83466666666666;11.6;23.4;15.333333333333334;1.8800000000000001;0.0;3.0106666666666664;0.0;3.6586666666666674;0.37333333333333335;2.6026666666666665;5.4;7.933333333333334
11286;zone6;7457.064719570519;3739.055375726369;0.0;zone6;S01010208;18;903;745;565;[0.30137,0.589041,0.109589];[0.48062,0.457364,0.062016];[0.272727,0.613636,0.113636];[0.66055,0.270642,0.068807];[0.233333333333,0.133333333333,0.461111111111,0.172222222222];1;603.0;0.153385979085;1446;51;0.11333333333333333;1.0555555555555556;48.2511111111111;31.22222222222222;70.67333333333332;12.166666666666666;23.833333333333332;16.444444444444443;2.362222222222222;0.0;2.56;0.0;3.5711111111111102;0.4999999999999999;2.5;5.222222222222222;8.0
11286;zone7;7917.838214725937;1939.334458859395;0.0;zone7;S01010209;24;966;677;468;[0.172414,0.586207,0.241379];[0.333333,0.414966,0.251701];[0.381944,0.458333,0.159722];[0.545852,0.336245,0.117904];[0.337931034483,0.248275862069,0.303448275862,0.110344827586];1;2053.0;1.82052250092;1655;75;0.12166666666666667;1.4166666666666667;48.34;32.083333333333336;67.93333333333332;10.333333333333334;22.583333333333332;16.541666666666668;1.5083333333333335;0.0;4.146666666666666;0.0;2.854999999999999;0.3183333333333334;2.2650000000000006;5.625;8.041666666666666
11286;zone8;7878.406567747077;2721.2634132011362;0.0;zone8;S01010210;18;885;641;416;[0.173913,0.456522,0.369565];[0.21519,0.5,0.28481];[0.189781,0.386861,0.423358];[0.422111,0.442211,0.135678];[0.394736842105,0.236842105263,0.254385964912,0.114035087719];1;344.0;-0.144253829852;1158;66;0.14;1.1666666666666667;35.126666666666665;27.333333333333332;60.12444444444444;10.61111111111111;22.22222222222222;11.666666666666666;0.9466666666666668;0.0;3.062222222222223;0.0;2.5955555555555554;0.3022222222222222;2.457777777777778;4.444444444444445;6.055555555555555
11286;zone9;7785.599648345685;3201.783800714137;0.0;zone9;S01010211;22;858;634;452;[0.147059,0.705882,0.147059];[0.384615,0.452991,0.162393];[0.469565,0.4,0.130435];[0.722656,0.226563,0.050781];[0.473214285714,0.169642857143,0.285714285714,0.0714285714286];1;430.0;-0.0456985893816;1109;63;0.11454545454545455;1.3636363636363635;37.303636363636365;28.227272727272727;65.84545454545456;11.727272727272727;23.545454545454547;12.409090909090908;1.410909090909091;0.0;3.438181818181819;0.0;3.1290909090909085;0.5036363636363638;2.489090909090909;5.590909090909091;7.5
11286;zone10;7580.688680869333;3097.127786881416;0.0;zone10;S01010212;49;1083;779;559;[0.233333,0.633333,0.133333];[0.594771,0.339869,0.065359];[0.465517,0.405172,0.12931];[0.712821,0.269231,0.017949];[0.566037735849,0.138364779874,0.22641509434,0.0691823899371];1;1473.0;1.15298517036;1243;133;0.10693877551020409;1.3877551020408163;53.23591836734692;30.122448979591837;68.1404081632653;10.326530612244898;22.714285714285715;17.897959183673468;1.213877551020408;0.0;2.986938775510204;0.0;3.0808163265306128;0.3248979591836735;2.191020408163265;5.63265306122449;6.816326530612245
11286;zone11;8065.177293237223;3111.5884965344962;0.0;zone11;S01010213;13;924;657;476;[0.105263,0.684211,0.210526];[0.382609,0.547826,0.069565];[0.218543,0.556291,0.225166];[0.467925,0.483019,0.049057];[0.451327433628,0.221238938053,0.274336283186,0.0530973451327];1;247.0;-0.255840453357;944;40;0.11076923076923077;1.0;29.596923076923076;25.076923076923077;64.26153846153846;12.76923076923077;23.615384615384617;9.923076923076923;1.0553846153846154;0.0;3.036923076923077;0.0;2.8061538461538458;0.48000000000000004;2.4430769230769234;6.384615384615385;6.461538461538462
11286;zone12;7144.994858230166;1947.4125453867302;0.0;zone12;S01010214;27;967;717;396;[0.098592,0.28169,0.619718];[0.197531,0.438272,0.364198];[0.173333,0.493333,0.333333];[0.237069,0.487069,0.275862];[0.361344537815,0.210084033613,0.310924369748,0.117647058824];3;176.0;-0.337854473183;1914;110;0.16148148148148148;1.1481481481481481;43.92444444444445;31.333333333333332;66.15555555555555;10.925925925925926;23.11111111111111;15.037037037037036;2.4785185185185186;0.0;2.952592592592593;0.0;3.100740740740741;0.3496296296296297;2.3140740740740746;4.037037037037037;8.074074074074074
11286;zone13;7013.590150664996;2618.495528189446;0.0;zone13;S01010215;24;850;608;492;[0.571429,0.285714,0.142857];[0.5,0.431373,0.068627];[0.382609,0.391304,0.226087];[0.678571,0.269841,0.051587];[0.467289719626,0.140186915888,0.345794392523,0.0467289719626];1;547.0;0.0886083430805;622;80;0.13;1.1666666666666667;36.21333333333333;28.833333333333332;64.06666666666668;11.958333333333334;23.208333333333332;12.041666666666666;1.7000000000000002;0.0;2.5583333333333336;0.0;3.306666666666666;0.2416666666666667;2.736666666666667;4.583333333333333;7.083333333333333
11286;zone14;7332.222205807836;2329.961970144465;0.0;zone14;S01010216;15;621;464;361;[0.6,0.4,0.0];[0.597701,0.356322,0.045977];[0.409091,0.439394,0.151515];[0.709544,0.273859,0.016598];[0.5,0.163265306122,0.265306122449,0.0714285714286];1;600.0;0.150092344085;1303;37;0.09333333333333334;1.0;50.928;32.53333333333333;65.272;10.266666666666667;22.266666666666666;17.466666666666665;1.0773333333333333;0.0;3.176;0.0;3.3999999999999995;0.456;2.4960000000000004;3.066666666666667;7.2
11286;zone15;7299.833172322251;2625.8610945736937;0.0;zone15;S01010217;33;817;598;406;[0.16129,0.516129,0.322581];[0.565517,0.4,0.034483];[0.5,0.431373,0.068627];[0.702703,0.283784,0.013514];[0.541935483871,0.0967741935484,0.296774193548,0.0645161290323];1;1060.0;0.679274950851;1008;126;0.1478787878787879;1.2424242424242424;41.193939393939395;33.09090909090909;66.85333333333332;11.303030303030303;23.333333333333332;14.0;1.613333333333333;0.0;3.1309090909090904;0.0;3.6727272727272724;0.4739393939393939;2.3527272727272726;5.363636363636363;7.909090909090909
11286;zone16;7142.953643082513;3018.5401822929393;0.0;zone16;S01010218;31;1018;790;587;[0.425532,0.404255,0.170213];[0.392523,0.453271,0.154206];[0.358209,0.492537,0.149254];[0.589124,0.335347,0.075529];[0.424657534247,0.109589041096,0.369863013699,0.0958904109589];1;557.0;0.101026678737;568;89;0.11096774193548387;1.3225806451612903;30.289032258064516;28.258064516129032;60.86967741935482;11.35483870967742;22.967741935483872;10.225806451612904;1.576774193548387;0.0;1.7587096774193545;0.0;3.7161290322580642;0.344516129032258;2.4825806451612906;4.903225806451613;6.516129032258065
11286;zone17;6738.8937706128745;4298.8917997019325;0.0;zone17;S01010219;21;503;382;274;[0.695652,0.304348,0.0];[0.758621,0.215517,0.025862];[0.761905,0.166667,0.071429];[0.781609,0.195402,0.022989];[0.41935483871,0.0752688172043,0.408602150538,0.0967741935484];2;184.0;-0.327838932938;1594;60;0.11047619047619048;1.5238095238095237;55.28000000000001;30.904761904761905;70.87428571428569;10.571428571428571;22.904761904761905;18.952380952380953;3.325714285714285;0.0;4.146666666666667;0.0;1.1199999999999999;0.34095238095238095;1.8438095238095238;6.285714285714286;8.047619047619047
11286;zone18;5915.780765415368;4211.222876105162;0.0;zone18;S01010220;7;476;433;279;[0.181159,0.608696,0.210145];[0.404255,0.531915,0.06383];[0.227273,0.704545,0.068182];[0.448276,0.482759,0.068966];[0.154545454545,0.0636363636364,0.318181818182,0.463636363636];5;267.0;-0.232306706325;1219;33;0.18285714285714286;1.5714285714285714;30.73142857142857;29.142857142857142;65.87428571428572;12.428571428571429;24.428571428571427;10.571428571428571;4.36;0.0;2.0742857142857143;0.48571428571428577;1.7314285714285715;0.5714285714285714;1.4514285714285715;6.428571428571429;8.285714285714286
11286;zone19;6341.0811208317455;3913.8398648988496;0.0;zone19;S01010221;13;546;394;260;[0.6,0.4,0.0];[0.557377,0.409836,0.032787];[0.538462,0.323077,0.138462];[0.699387,0.257669,0.042945];[0.609375,0.140625,0.203125,0.046875];1;635.0;0.19005459739;1116;46;0.13538461538461538;0.7692307692307693;42.95692307692308;27.53846153846154;68.08000000000001;12.153846153846153;23.692307692307693;14.538461538461538;3.51076923076923;0.0;3.366153846153846;0.0;1.7138461538461536;0.5353846153846153;3.2369230769230772;3.6153846153846154;8.153846153846153
11286;zone20;7001.213463613622;4053.9957950241624;0.0;zone20;S01010222;15;492;414;285;[0.142857,0.5,0.357143];[0.432432,0.459459,0.108108];[0.348624,0.522936,0.12844];[0.747899,0.235294,0.016807];[0.345238095238,0.214285714286,0.309523809524,0.130952380952];1;377.0;-0.105830277325;1661;39;0.104;1.4;43.864;25.6;65.24266666666668;11.4;22.666666666666668;14.733333333333333;2.6319999999999997;0.0;2.754666666666666;0.0;1.3733333333333335;0.35200000000000004;1.9226666666666667;5.666666666666667;6.333333333333333
11286;zone21;6986.8418912765155;3434.1450308482026;0.0;zone21;S01010223;4;556;462;337;[0.076923,0.538462,0.384615];[0.567797,0.330508,0.101695];[0.472222,0.444444,0.083333];[0.584699,0.36612,0.04918];[0.432432432432,0.162162162162,0.324324324324,0.0810810810811];1;439.0;-0.0353356041414;1732;13;0.11;1.0;56.13000000000001;23.75;81.03999999999999;16.25;26.25;19.25;3.91;0.0;2.8899999999999997;0.07;2.15;0.94;2.7199999999999998;5.0;8.75
11286;zone22;6247.397837456437;3329.661273309237;0.0;zone22;S01010224;40;1036;727;469;[0.405405,0.540541,0.054054];[0.592593,0.274074,0.133333];[0.418803,0.504274,0.076923];[0.768421,0.202632,0.028947];[0.506097560976,0.140243902439,0.268292682927,0.0853658536585];1;1004.0;0.614259332793;973;134;0.128;1.2;45.005;25.15;67.395;11.8;23.55;15.275;4.566000000000002;0.0;1.523;0.051;1.5370000000000001;0.46699999999999997;2.4609999999999994;4.375;7.175
11286;zone23;7827.985844039554;4105.4701191949;0.0;zone23;S01010225;33;812;636;431;[0.25,0.634615,0.115385];[0.469072,0.43299,0.097938];[0.54023,0.413793,0.045977];[0.672065,0.234818,0.093117];[0.385185185185,0.125925925926,0.325925925926,0.162962962963];1;1006.0;0.616572011517;1584;84;0.0993939393939394;1.3333333333333333;48.32484848484848;28.242424242424242;66.68848484848486;10.666666666666666;22.848484848484848;16.424242424242426;2.288484848484849;0.0;2.2521212121212124;0.0;2.769696969696969;0.39515151515151514;2.163636363636364;5.2727272727272725;6.909090909090909
11286;zone24;7040.363001382077;4481.052780471187;0.0;zone24;S01010226;40;816;565;394;[0.454545,0.242424,0.30303];[0.715385,0.2,0.084615];[0.540541,0.405405,0.054054];[0.766917,0.18797,0.045113];[0.503355704698,0.201342281879,0.221476510067,0.0738255033557];2;422.0;-0.0548014077425;1099;163;0.158;0.975;46.703;40.825;70.74500000000002;10.9;23.3;15.875;5.739;0.0;4.2509999999999994;0.10500000000000001;2.0749999999999997;0.32199999999999995;2.295;4.25;11.7
11286;zone25;6847.772309074456;4638.663588163389;0.0;zone25;S01010227;39;692;454;294;[0.413793,0.413793,0.172414];[0.704545,0.238636,0.056818];[0.654545,0.345455,0.0];[0.810606,0.159091,0.030303];[0.672268907563,0.0924369747899,0.159663865546,0.0756302521008];4;0.0;-0.540229885057;1210;184;0.18153846153846154;0.8461538461538461;47.71897435897435;48.282051282051285;72.20615384615387;10.948717948717949;22.94871794871795;16.384615384615383;5.355897435897437;0.0;6.749743589743591;0.06974358974358975;2.4564102564102566;0.4471794871794872;2.3620512820512816;2.9743589743589745;14.153846153846153
11286;zone26;8241.816993110848;4572.457656401622;0.0;zone26;S01010229;30;1016;787;508;[0.1,0.625,0.275];[0.350877,0.350877,0.298246];[0.348315,0.477528,0.174157];[0.565217,0.310559,0.124224];[0.420731707317,0.213414634146,0.292682926829,0.0731707317073];1;395.0;-0.0859445809966;1351;88;0.10933333333333334;1.3;43.56133333333334;23.166666666666668;64.87333333333335;10.9;23.033333333333335;14.7;2.109333333333333;0.0;2.0973333333333333;0.0;1.985333333333333;0.5239999999999999;2.3800000000000003;5.266666666666667;5.666666666666667
11286;zone27;7458.320056766788;4680.341251240345;0.0;zone27;S01010230;24;1005;772;577;[0.314286,0.628571,0.057143];[0.703883,0.296117,0.0];[0.727273,0.218182,0.054545];[0.71831,0.24507,0.03662];[0.517857142857,0.136904761905,0.267857142857,0.077380952381];1;846.0;0.433218203459;1099;76;0.12166666666666667;0.8333333333333334;38.355;34.833333333333336;64.79833333333333;11.416666666666666;23.041666666666668;12.958333333333334;3.5983333333333327;0.0;3.4616666666666673;0.02;2.78;0.41500000000000004;2.5949999999999998;2.7916666666666665;9.291666666666666
11286;zone28;7569.802990100143;4917.458811240416;0.0;zone28;S01010232;37;1074;792;485;[0.457143,0.485714,0.057143];[0.557292,0.338542,0.104167];[0.492063,0.333333,0.174603];[0.654229,0.251244,0.094527];[0.470297029703,0.153465346535,0.306930693069,0.0693069306931];1;771.0;0.347049794199;1116;110;0.11027027027027027;0.8108108108108109;44.80864864864864;34.45945945945946;68.37729729729729;11.54054054054054;23.54054054054054;15.08108108108108;2.8291891891891896;0.0;4.128648648648649;0.07135135135135136;3.0216216216216214;0.3567567567567567;2.5913513513513506;3.5675675675675675;9.594594594594595
11286;zone29;7830.713068379679;4879.746446724283;0.0;zone29;S01010233;33;970;705;476;[0.275,0.625,0.1];[0.655629,0.245033,0.099338];[0.52809,0.426966,0.044944];[0.771505,0.212366,0.016129];[0.587209302326,0.093023255814,0.261627906977,0.0581395348837];1;284.0;-0.213781821634;989;104;0.12484848484848485;1.0606060606060606;41.52;35.09090909090909;65.6909090909091;11.242424242424242;23.12121212121212;14.090909090909092;2.107878787878788;0.0;2.333333333333334;0.09090909090909093;3.767272727272727;0.4278787878787879;2.1915151515151514;4.636363636363637;7.787878787878788
11286;zone30;6473.383843181837;4954.519765957263;0.0;zone30;S01010261;6;2551;2373;526;[0.666667,0.270833,0.0625];[0.675841,0.281346,0.042813];[0.75,0.25,0.0];[0.824468,0.164894,0.010638];[0.41,0.06,0.41,0.12];3;176.0;-0.337679921334;1768;29;0.18666666666666668;0.3333333333333333;63.666666666666664;54.5;78.42;10.5;24.166666666666668;22.0;2.973333333333334;0.0;5.22;0.10666666666666667;6.266666666666667;0.40666666666666673;2.966666666666667;2.5;14.0
11286;zone31;4930.642193689802;4959.449818932565;0.0;zone31;S01010266;3;555;474;237;[0.320755,0.556604,0.122642];[0.677273,0.254545,0.068182];[0.5,0.461538,0.038462];[0.534247,0.30137,0.164384];[0.141176470588,0.0588235294118,0.4,0.4];3;536.0;0.0761386922126;1226;7;0.09333333333333334;2.3333333333333335;34.49333333333333;31.333333333333332;72.92;12.333333333333334;24.333333333333332;11.333333333333334;1.4400000000000002;0.0;6.0;0.96;1.5333333333333332;0.3466666666666667;1.12;11.666666666666666;9.333333333333334
11286;zone32;5712.5549897826;4979.400336637217;0.0;zone32;S01010270;4;1153;972;817;[0.389831,0.533898,0.076271];[0.70255,0.252125,0.045326];[0.714286,0.272727,0.012987];[0.771552,0.228448,0.0];[0.125,0.0909090909091,0.454545454545,0.329545454545];1;871.0;0.461200629557;1657;5;0.04;1.5;65.84;36.5;74.56;10.5;23.0;22.5;6.130000000000001;0.0;0.69;0.0;2.73;0.11;2.04;5.25;9.0
11286;zone33;3394.0723536088512;4934.677182292946;0.0;zone33;S01010282;13;976;841;645;[0.438776,0.520408,0.040816];[0.545732,0.405488,0.04878];[0.521277,0.382979,0.095745];[0.712707,0.232044,0.055249];[0.190954773869,0.070351758794,0.35175879397,0.386934673367];2;350.0;-0.137812028107;1372;41;0.12307692307692308;2.0;50.809230769230766;31.0;74.51692307692309;11.307692307692308;23.615384615384617;17.23076923076923;1.8523076923076924;0.0;7.0030769230769225;0.31384615384615383;1.0307692307692307;0.4;1.9784615384615383;8.076923076923077;9.846153846153847
11286;zone34;4385.789287498423;4835.237486850067;0.0;zone34;S01010289;15;771;687;380;[0.130952,0.511905,0.357143];[0.262911,0.502347,0.234742];[0.178571,0.464286,0.357143];[0.410256,0.435897,0.153846];[0.058064516129,0.0322580645161,0.245161290323,0.664516129032];5;259.0;-0.241396294863;1373;65;0.17333333333333334;2.0;47.68533333333333;38.666666666666664;65.41066666666667;8.933333333333334;21.8;15.866666666666667;2.2239999999999998;0.0;4.218666666666667;0.8320000000000001;1.544;0.21333333333333332;1.4319999999999997;6.466666666666667;8.333333333333334
11286;zone35;4401.5375624188455;4669.062022109911;0.0;zone35;S01010290;13;546;485;278;[0.198198,0.603604,0.198198];[0.485944,0.449799,0.064257];[0.555556,0.444444,0.0];[0.435897,0.512821,0.051282];[0.10752688172,0.0430107526882,0.494623655914,0.354838709677];3;353.0;-0.133686757747;967;44;0.12923076923076923;1.8461538461538463;43.70153846153846;33.92307692307692;75.48307692307692;12.615384615384615;24.384615384615383;14.461538461538462;1.5353846153846151;0.0;7.11076923076923;0.6953846153846155;1.5323076923076924;0.39692307692307693;2.058461538461538;9.0;10.538461538461538
11286;zone36;4119.983651650423;4281.100418217042;0.0;zone36;S01010291;12;1075;975;481;[0.405594,0.447552,0.146853];[0.627907,0.277132,0.094961];[0.415094,0.433962,0.150943];[0.562963,0.325926,0.111111];[0.197080291971,0.0729927007299,0.445255474453,0.284671532847];3;438.0;-0.0363924713322;1021;42;0.13666666666666666;1.5833333333333333;46.31666666666667;41.666666666666664;69.09666666666668;9.666666666666666;22.5;16.083333333333332;2.24;0.0;7.7299999999999995;0.62;1.43;0.3433333333333333;1.7700000000000002;5.25;11.416666666666666
11286;zone37;4399.731076226201;4291.6703625917;0.0;zone37;S01010292;10;890;831;409;[0.348214,0.508929,0.142857];[0.477169,0.420091,0.10274];[0.339286,0.446429,0.214286];[0.55814,0.383721,0.05814];[0.128378378378,0.0540540540541,0.398648648649,0.418918918919];4;323.0;-0.168488563048;1460;31;0.112;2.1;50.372;31.4;67.524;9.5;21.9;17.0;2.2400000000000007;0.0;5.768;0.13599999999999998;0.9239999999999998;0.43600000000000005;1.932;5.9;8.6
11286;zone38;4514.690807242894;4541.15458266895;0.0;zone38;S01010293;16;839;723;373;[0.51773,0.35461,0.12766];[0.635389,0.262735,0.101877];[0.446809,0.319149,0.234043];[0.514286,0.392857,0.092857];[0.242424242424,0.0606060606061,0.393939393939,0.30303030303];3;290.0;-0.205814991507;1342;62;0.1425;1.1875;55.257499999999986;42.625;71.985;10.4375;22.5625;18.6875;2.6774999999999998;0.0;6.57;0.6175;1.515;0.3600000000000001;2.3425;4.375;10.8125
11286;zone39;4541.7482834333705;4418.565122351524;0.0;zone39;S01010294;13;690;631;275;[0.242105,0.526316,0.231579];[0.650873,0.214464,0.134663];[0.583333,0.208333,0.208333];[0.414894,0.489362,0.095745];[0.164835164835,0.043956043956,0.494505494505,0.296703296703];4;440.0;-0.0342259463805;797;58;0.16923076923076924;1.4615384615384615;44.77846153846155;47.07692307692308;69.91692307692308;10.153846153846153;22.0;15.307692307692308;4.44923076923077;0.0;7.270769230769232;0.4184615384615385;1.1692307692307693;0.3630769230769231;1.609230769230769;5.153846153846154;12.846153846153847
11286;zone40;4766.8646917667475;4574.50133624035;0.0;zone40;S01010295;18;974;870;427;[0.384615,0.391026,0.224359];[0.604555,0.310559,0.084886];[0.428571,0.285714,0.285714];[0.390728,0.516556,0.092715];[0.212765957447,0.113475177305,0.297872340426,0.375886524823];4;529.0;0.0680145754747;1282;91;0.19555555555555557;1.2777777777777777;45.266666666666666;48.166666666666664;69.71111111111112;9.944444444444445;22.444444444444443;15.166666666666666;3.606666666666666;0.0;7.333333333333333;0.6644444444444445;1.5733333333333335;0.2755555555555556;2.013333333333333;4.944444444444445;12.722222222222221
11286;zone41;4647.752341766679;4736.091736240359;0.0;zone41;S01010296;16;664;560;291;[0.294118,0.423529,0.282353];[0.520913,0.368821,0.110266];[0.375,0.375,0.25];[0.475524,0.391608,0.132867];[0.282828282828,0.111111111111,0.363636363636,0.242424242424];2;856.0;0.444094443477;1124;59;0.14;1.4375;36.255;33.9375;65.535;11.3125;22.875;12.0625;2.4875000000000003;0.0;5.330000000000001;0.51;1.4849999999999999;0.4875000000000001;2.0275;5.375;9.3125
11286;zone42;5522.849421766708;4411.996091240393;0.0;zone42;S01010297;7;1066;894;676;[0.582609,0.382609,0.034783];[0.691824,0.245283,0.062893];[0.540541,0.333333,0.126126];[0.681275,0.270916,0.047809];[0.260563380282,0.140845070423,0.37323943662,0.225352112676];1;504.0;0.0391758595379;1308;13;0.07428571428571429;1.1428571428571428;32.94857142857143;27.0;54.771428571428565;10.428571428571429;21.0;10.714285714285714;1.3599999999999999;0.0;1.3657142857142859;0.05142857142857143;2.2800000000000002;0.29714285714285715;1.5485714285714283;4.0;4.571428571428571
11286;zone43;4706.481893689814;4143.807995855712;0.0;zone43;S01010298;12;880;677;515;[0.308943,0.479675,0.211382];[0.581395,0.356589,0.062016];[0.539683,0.396825,0.063492];[0.744828,0.193103,0.062069];[0.227272727273,0.0984848484848,0.371212121212,0.30303030303];1;486.0;0.0190902878356;1167;28;0.09333333333333334;1.5;34.769999999999996;25.833333333333332;65.63;11.916666666666666;23.5;11.833333333333334;2.8566666666666674;0.0;3.266666666666667;0.31333333333333335;1.1766666666666667;0.3;2.37;6.416666666666667;7.166666666666667
11286;zone44;4885.424673909578;4209.645754097502;0.0;zone44;S01010299;4;536;404;292;[0.3,0.54,0.16];[0.556701,0.340206,0.103093];[0.458333,0.520833,0.020833];[0.584906,0.283019,0.132075];[0.428571428571,0.0857142857143,0.285714285714,0.2];1;375.0;-0.10827530326;722;6;0.05;1.25;29.159999999999997;27.25;70.21000000000001;14.5;25.5;10.0;4.28;0.0;1.48;0.39;3.12;0.71;2.87;5.5;8.5
11286;zone45;4883.397012115578;4340.414778682246;0.0;zone45;S01010300;21;934;764;478;[0.460784,0.411765,0.127451];[0.664653,0.238671,0.096677];[0.632353,0.323529,0.044118];[0.606383,0.329787,0.06383];[0.3046875,0.125,0.3515625,0.21875];2;513.0;0.0498225801839;604;71;0.1295238095238095;1.4761904761904763;37.04380952380953;33.142857142857146;69.16190476190475;12.428571428571429;24.047619047619047;12.476190476190476;3.2304761904761907;0.0;2.260952380952381;0.42857142857142855;3.3771428571428572;0.4457142857142858;1.8076190476190477;6.714285714285714;8.761904761904763
11286;zone46;5144.66081966521;4032.769083704074;0.0;zone46;S01010301;6;522;457;283;[0.292683,0.597561,0.109756];[0.57563,0.315126,0.109244];[0.222222,0.703704,0.074074];[0.561798,0.393258,0.044944];[0.214285714286,0.0612244897959,0.459183673469,0.265306122449];4;490.0;0.0232745011966;1535;22;0.14666666666666667;1.8333333333333333;40.11333333333334;39.166666666666664;71.45333333333333;12.166666666666666;23.333333333333332;13.5;7.526666666666666;0.0;0.5466666666666666;0.5666666666666667;2.2133333333333334;0.27999999999999997;1.633333333333333;7.833333333333333;10.5
11286;zone47;5165.568789180556;4297.038752619699;0.0;zone47;S01010302;24;669;495;388;[0.65625,0.28125,0.0625];[0.6,0.356522,0.043478];[0.716981,0.226415,0.056604];[0.801802,0.18018,0.018018];[0.582417582418,0.0769230769231,0.263736263736,0.0769230769231];1;392.0;-0.0896499889057;1031;73;0.11333333333333333;1.625;49.86666666666665;30.916666666666668;68.80166666666668;10.958333333333334;22.833333333333332;16.916666666666668;3.01;0.0;0.6116666666666667;0.32;2.8666666666666676;0.3316666666666668;1.8099999999999998;7.458333333333333;6.333333333333333
11286;zone48;5241.140616766716;4139.402270499609;0.0;zone48;S01010303;33;579;387;250;[0.692308,0.153846,0.153846];[0.56701,0.298969,0.134021];[0.630435,0.282609,0.086957];[0.658879,0.285047,0.056075];[0.58407079646,0.106194690265,0.274336283186,0.0353982300885];1;415.0;-0.0627120940391;1582;124;0.14666666666666667;1.0303030303030303;44.31272727272727;34.78787878787879;64.88969696969696;10.333333333333334;22.242424242424242;15.0;5.256969696969697;0.0;1.3309090909090908;0.37696969696969707;1.646060606060606;0.3696969696969697;2.1878787878787875;4.393939393939394;8.151515151515152
11286;zone49;4853.647576226233;3833.123065294377;0.0;zone49;S01010304;12;542;456;332;[0.323529,0.514706,0.161765];[0.635135,0.25,0.114865];[0.477273,0.522727,0.0];[0.829268,0.109756,0.060976];[0.372340425532,0.0425531914894,0.297872340426,0.287234042553];1;804.0;0.384523850516;1932;39;0.12666666666666668;1.5833333333333333;68.13;31.166666666666668;74.53999999999999;10.833333333333334;22.583333333333332;23.416666666666668;4.083333333333333;0.0;1.3233333333333335;0.6166666666666667;1.7766666666666664;0.15666666666666665;1.9933333333333332;5.916666666666667;7.333333333333333
11286;zone50;4697.410406890209;3639.1027396354093;0.0;zone50;S01010305;7;807;694;478;[0.36036,0.468468,0.171171];[0.553191,0.33617,0.110638];[0.409639,0.301205,0.289157];[0.589888,0.337079,0.073034];[0.198529411765,0.0735294117647,0.382352941176,0.345588235294];1;223.0;-0.28282788147;639;17;0.08571428571428572;1.2857142857142858;41.92;37.857142857142854;65.00571428571429;9.714285714285714;22.428571428571427;14.428571428571429;5.222857142857143;0.0;2.7600000000000002;1.0857142857142856;0.5428571428571429;0.1542857142857143;1.9828571428571427;4.857142857142857;9.142857142857142
11286;zone51;4591.3082521834585;3868.367573740388;0.0;zone51;S01010306;13;752;675;449;[0.35625,0.56875,0.075];[0.570588,0.355882,0.073529];[0.283019,0.566038,0.150943];[0.650943,0.330189,0.018868];[0.165680473373,0.0473372781065,0.479289940828,0.307692307692];2;238.0;-0.265781391166;870;35;0.09846153846153846;1.6153846153846154;40.08;36.15384615384615;71.28615384615384;12.846153846153847;23.923076923076923;13.615384615384615;4.723076923076922;0.0;1.6123076923076924;2.150769230769231;0.6707692307692308;0.3015384615384616;2.206153846153846;7.3076923076923075;8.538461538461538
11286;zone52;4503.72067559025;3742.2957906521283;0.0;zone52;S01010307;9;821;732;428;[0.189922,0.577519,0.232558];[0.407407,0.487654,0.104938];[0.346154,0.538462,0.115385];[0.71875,0.234375,0.046875];[0.0681818181818,0.0568181818182,0.375,0.5];5;319.0;-0.172537833795;430;31;0.13777777777777778;2.3333333333333335;45.89333333333333;50.77777777777778;80.6222222222222;11.777777777777779;24.333333333333332;15.555555555555555;3.928888888888889;0.0;3.217777777777778;5.182222222222222;0.43555555555555553;0.4933333333333334;1.3688888888888888;12.333333333333334;12.333333333333334
11286;zone53;4364.519870735056;4047.768725526131;0.0;zone53;S01010308;9;975;858;480;[0.285714,0.54007,0.174216];[0.511936,0.384615,0.103448];[0.254902,0.411765,0.333333];[0.648352,0.307692,0.043956];[0.0970873786408,0.0631067961165,0.359223300971,0.480582524272];4;257.0;-0.244477582955;1489;35;0.14666666666666667;1.8888888888888888;52.288888888888884;43.888888888888886;71.28888888888888;9.666666666666666;22.11111111111111;18.333333333333332;4.795555555555556;0.0;2.0977777777777775;1.897777777777778;1.4977777777777779;0.14666666666666667;1.4888888888888887;7.222222222222222;9.777777777777779
11286;zone54;5381.88771051669;3636.3205112402793;0.0;zone54;S01010309;4;419;356;264;[0.333333,0.25,0.416667];[0.478873,0.422535,0.098592];[0.352941,0.382353,0.264706];[0.705882,0.24183,0.052288];[0.365853658537,0.170731707317,0.390243902439,0.0731707317073];1;0.0;-0.540229885057;2153;5;0.04;2.0;55.160000000000004;27.75;66.52;8.75;22.25;19.0;1.19;0.0;1.63;0.24;2.87;0.28;2.55;6.0;5.5
11286;zone55;5657.373406240428;3625.6586165034923;0.0;zone55;S01010310;13;706;540;381;[0.333333,0.238095,0.428571];[0.565517,0.337931,0.096552];[0.54902,0.27451,0.176471];[0.715415,0.256917,0.027668];[0.484848484848,0.151515151515,0.318181818182,0.0454545454545];1;574.0;0.120406534162;845;37;0.10461538461538461;1.0769230769230769;47.68923076923076;34.92307692307692;64.12307692307692;10.0;22.23076923076923;16.076923076923077;2.363076923076923;0.0;2.2215384615384615;0.31999999999999995;3.101538461538461;0.32;1.88;3.6923076923076925;7.615384615384615
11286;zone56;5685.425126382168;3318.6970593171873;0.0;zone56;S01010311;22;721;556;351;[0.411765,0.352941,0.235294];[0.472222,0.453704,0.074074];[0.571429,0.404762,0.02381];[0.717949,0.271062,0.010989];[0.565217391304,0.121739130435,0.269565217391,0.0434782608696];1;1534.0;1.22364271569;1642;78;0.13454545454545455;1.1363636363636365;60.16;31.5;69.40727272727271;10.454545454545455;22.40909090909091;20.545454545454547;1.8927272727272728;0.0;2.910909090909091;0.14181818181818182;2.834545454545455;0.350909090909091;2.450909090909091;3.772727272727273;7.363636363636363
11286;zone57;5466.52613028024;3072.1402274564575;0.0;zone57;S01010312;34;868;647;425;[0.117647,0.823529,0.058824];[0.754386,0.22807,0.017544];[0.407407,0.444444,0.148148];[0.804945,0.153846,0.041209];[0.586956521739,0.115942028986,0.268115942029,0.0289855072464];1;685.0;0.247477927043;1651;87;0.0988235294117647;1.2058823529411764;58.87411764705882;27.41176470588235;68.60235294117649;10.294117647058824;22.558823529411764;20.058823529411764;1.9658823529411766;0.0;2.2435294117647056;0.04941176470588236;2.4152941176470586;0.3129411764705882;2.189411764705883;4.852941176470588;6.205882352941177
11286;zone58;5251.7403530303945;3502.549209042501;0.0;zone58;S01010313;16;654;529;356;[0.428571,0.285714,0.285714];[0.6,0.333333,0.066667];[0.433735,0.481928,0.084337];[0.739623,0.162264,0.098113];[0.648351648352,0.131868131868,0.175824175824,0.043956043956];1;565.0;0.109617915218;2142;36;0.085;1.8125;72.35750000000002;25.625;79.05499999999999;11.75;23.75;24.875;2.055;0.0;2.67;0.085;2.71;0.3675000000000001;2.315;6.9375;7.0625
11286;zone59;4840.312157862589;3385.4448126102257;0.0;zone59;S01010314;21;1248;1034;550;[0.358209,0.507463,0.134328];[0.514493,0.333333,0.152174];[0.5,0.326923,0.173077];[0.636,0.324,0.04];[0.316901408451,0.133802816901,0.401408450704,0.147887323944];1;637.0;0.192402372167;1147;51;0.09142857142857143;1.8095238095238095;47.42285714285714;29.0;72.07238095238097;12.047619047619047;23.666666666666668;16.047619047619047;2.923809523809523;0.0;3.2076190476190485;1.0438095238095237;0.9104761904761903;0.5047619047619047;1.773333333333333;8.238095238095237;7.666666666666667
11286;zone60;4536.293429266749;2504.1273706154316;0.0;zone60;S01010315;43;911;678;409;[0.180723,0.554217,0.26506];[0.252632,0.457895,0.289474];[0.208333,0.5,0.291667];[0.55144,0.345679,0.102881];[0.308176100629,0.169811320755,0.358490566038,0.163522012579];2;382.0;-0.100954860853;1601;137;0.12372093023255815;1.4651162790697674;48.97767441860465;28.953488372093023;67.18976744186047;10.325581395348838;22.6046511627907;16.511627906976745;1.8120930232558132;0.0;3.7953488372093034;0.02325581395348837;2.0920930232558135;0.36837209302325574;2.3693023255813954;5.5813953488372094;7.255813953488372
11286;zone61;4589.6619547948285;2943.195659127726;0.0;zone61;S01010316;25;512;414;304;[0.392157,0.529412,0.078431];[0.62931,0.37069,0.0];[0.439024,0.560976,0.0];[0.775401,0.224599,0.0];[0.439252336449,0.102803738318,0.252336448598,0.205607476636];1;481.0;0.0128180141103;1417;75;0.112;0.92;50.82879999999998;34.0;70.40960000000001;11.52;23.28;17.36;2.0752;0.0;4.5584;0.11680000000000001;2.7952;0.35200000000000004;2.5328;4.0;9.12
11286;zone63;4421.5566371748755;3071.026327566895;0.0;zone63;S01010318;12;1588;1497;304;[0.5,0.456522,0.043478];[0.469799,0.47651,0.053691];[0.310345,0.37931,0.310345];[0.678571,0.285714,0.035714];[0.36,0.14,0.34,0.16];3;317.0;-0.175110645645;1045;39;0.13;1.8333333333333333;58.25666666666666;40.833333333333336;77.82333333333334;10.583333333333334;23.333333333333332;20.333333333333332;6.546666666666666;0.0;4.796666666666667;0.5100000000000001;0.45999999999999996;0.27;1.7366666666666666;7.25;11.75
11286;zone64;4173.240913470097;2893.8040771744095;0.0;zone64;S01010319;9;711;624;407;[0.258741,0.608392,0.132867];[0.383399,0.486166,0.130435];[0.439394,0.212121,0.348485];[0.530769,0.384615,0.084615];[0.171974522293,0.0700636942675,0.471337579618,0.286624203822];2;473.0;0.00423719084943;1453;25;0.10222222222222223;1.1111111111111112;46.413333333333334;36.333333333333336;66.36444444444446;10.333333333333334;22.444444444444443;15.777777777777779;4.182222222222222;0.0;2.915555555555556;0.12444444444444445;2.1466666666666665;0.18222222222222223;2.4;4.222222222222222;8.777777777777779
11286;zone65;3940.1918462749595;2900.8899784533987;0.0;zone65;S01010320;4;675;594;437;[0.257813,0.523438,0.21875];[0.61753,0.298805,0.083665];[0.526316,0.22807,0.245614];[0.805085,0.169492,0.025424];[0.172185430464,0.0662251655629,0.443708609272,0.317880794702];1;646.0;0.202453315259;1125;5;0.05;2.0;42.44;18.75;71.32;12.75;24.75;14.25;3.21;0.0;0.99;0.0;1.63;0.25;1.9100000000000001;9.25;5.5
11286;zone66;3905.8658739096163;2664.6669636212755;0.0;zone66;S01010321;7;837;634;432;[0.401709,0.555556,0.042735];[0.54717,0.433962,0.018868];[0.45122,0.439024,0.109756];[0.666667,0.271186,0.062147];[0.212328767123,0.0958904109589,0.390410958904,0.301369863014];1;1019.0;0.631764531736;1937;13;0.06857142857142857;2.857142857142857;56.302857142857135;21.571428571428573;78.64571428571428;11.571428571428571;23.428571428571427;19.714285714285715;2.137142857142857;0.0;2.7885714285714287;0.1542857142857143;1.2457142857142858;0.3142857142857142;1.3714285714285717;14.0;6.0
11286;zone67;3630.3978644730896;3132.1651121578075;0.0;zone67;S01010322;9;1028;914;549;[0.174419,0.549419,0.276163];[0.412399,0.471698,0.115903];[0.298507,0.38806,0.313433];[0.647059,0.323529,0.029412];[0.057268722467,0.0352422907489,0.449339207048,0.458149779736];5;124.0;-0.397569575369;1562;45;0.19555555555555557;1.5555555555555556;35.711111111111116;41.333333333333336;68.70222222222223;11.333333333333334;23.0;12.444444444444445;3.324444444444444;0.0;5.897777777777779;0.39999999999999997;2.173333333333334;0.3288888888888889;1.5866666666666667;6.222222222222222;11.333333333333334
11286;zone68;6208.193116766784;3072.425066795916;0.0;zone68;S01010323;4;603;466;377;[0.555556,0.444444,0.0];[0.657143,0.271429,0.071429];[0.642857,0.321429,0.035714];[0.793651,0.166667,0.039683];[0.578431372549,0.166666666667,0.235294117647,0.0196078431373];1;970.0;0.57559463238;1077;8;0.07;2.0;59.55;21.75;77.06;11.5;24.0;20.25;5.050000000000001;0.0;0.94;0.0;0.96;0.18;2.08;10.25;6.5
11286;zone69;6517.651722029823;2240.572579661372;0.0;zone69;S01010324;6;759;566;403;[0.142857,0.571429,0.285714];[0.298077,0.490385,0.211538];[0.333333,0.530864,0.135802];[0.401674,0.414226,0.1841];[0.569620253165,0.101265822785,0.291139240506,0.0379746835443];1;407.0;-0.0721601679586;1756;14;0.09333333333333334;1.8333333333333333;54.419999999999995;33.0;74.99333333333334;11.166666666666666;23.666666666666668;19.166666666666668;2.34;0.0;1.0933333333333335;0.0;4.760000000000001;0.2866666666666667;1.5066666666666668;9.0;7.5
11286;zone70;6038.016041009105;2402.8415869980217;0.0;zone70;S01010325;18;939;666;501;[0.263158,0.368421,0.368421];[0.383838,0.525253,0.090909];[0.253623,0.615942,0.130435];[0.451362,0.463035,0.085603];[0.545454545455,0.238636363636,0.193181818182,0.0227272727273];1;225.0;-0.281126582053;1398;54;0.11777777777777777;1.3333333333333333;34.63333333333334;29.88888888888889;65.66444444444444;12.38888888888889;23.444444444444443;11.88888888888889;2.8755555555555556;0.0;1.357777777777778;0.0;3.466666666666667;0.34;2.2911111111111118;5.777777777777778;7.222222222222222
11286;zone71;5272.359331052501;2740.775131541117;0.0;zone71;S01010326;39;987;707;494;[0.526316,0.368421,0.105263];[0.522523,0.333333,0.144144];[0.492188,0.3125,0.195313];[0.723514,0.224806,0.05168];[0.54375,0.16875,0.23125,0.05625];1;1389.0;1.05701743376;1010;131;0.13025641025641024;1.2564102564102564;46.104615384615386;32.333333333333336;69.25641025641026;10.923076923076923;23.0;15.692307692307692;2.054358974358974;0.0;5.540512820512819;0.00512820512820513;1.9692307692307685;0.36820512820512824;2.736410256410256;5.205128205128205;9.051282051282051
11286;zone72;4970.167032608406;2501.795090448298;0.0;zone72;S01010327;34;982;660;362;[0.031746,0.507937,0.460317];[0.372881,0.432203,0.194915];[0.289063,0.328125,0.382813];[0.516892,0.347973,0.135135];[0.416184971098,0.21387283237,0.236994219653,0.132947976879];1;470.0;0.000335688704598;928;103;0.11529411764705882;1.3823529411764706;44.26235294117647;32.64705882352941;65.67058823529412;9.911764705882353;22.352941176470587;14.794117647058824;1.8082352941176472;0.0;6.147058823529411;0.0;1.3152941176470585;0.3035294117647058;2.185882352941176;5.176470588235294;8.794117647058824
11286;zone73;5975.307390960257;2677.5485166167286;0.0;zone73;S01010328;24;969;706;445;[0.16129,0.5,0.33871];[0.27044,0.471698,0.257862];[0.192547,0.434783,0.372671];[0.338983,0.432203,0.228814];[0.309352517986,0.258992805755,0.280575539568,0.151079136691];2;457.0;-0.0138550124678;1931;96;0.15333333333333332;0.9166666666666666;46.76000000000001;36.916666666666664;65.86;10.375;22.458333333333332;16.125;2.6500000000000004;0.0;1.7533333333333332;0.0;4.0166666666666675;0.4116666666666667;2.3266666666666667;4.0;8.0
