cycle;name;location.x;location.y;location.z;name;dataZone;nm_children;pop;over16;nm_hh;AB_car_prob;C1_car_prob;C2_car_prob;DE_car_prob;prob_social;simd;crimeRate;norm_crime;avg_dis_sh;neigh_play;daily_play_per_child;avg_FSA;avg_walk;daily_OD;zone_mvpa;mvpa_home;mvpa_sc;mvpa_road;mvpa_play_field;mvpa_home_garden;mvpa_park;mvpa_PG;mvpa_amenity;mvpa_shops;mvpa_F_home;mvpa_fsa;mvpa_OD
11286;zone0;8448.90275962388;2625.4515469546564;0.0;zone0;S01010195;19;531;390;212;[0.0,0.481481,0.518519];[0.261538,0.646154,0.092308];[0.12,0.59,0.29];[0.447368,0.368421,0.184211];[0.418918918919,0.283783783784,0.202702702703,0.0945945945946];1;0.0;-0.540229885057;1017;67;0.1368421052631579;1.2105263157894737;40.30736842105263;30.42105263157895;59.858947368421035;9.473684210526315;21.894736842105264;13.631578947368421;0.8947368421052632;0.0;3.9768421052631573;0.00631578947368421;2.208421052631579;0.2631578947368421;2.309473684210526;3.8947368421052633;6.526315789473684
11286;zone1;8656.736904000718;2165.9902346445633;0.0;zone1;S01010198;18;1027;748;394;[0.058824,0.529412,0.411765];[0.305785,0.561983,0.132231];[0.219858,0.496454,0.283688];[0.523179,0.331126,0.145695];[0.48623853211,0.229357798165,0.266055045872,0.0183486238532];1;1609.0;1.3102524676;1187;58;0.12666666666666668;1.2222222222222223;35.63777777777777;30.055555555555557;64.28444444444443;11.555555555555555;23.166666666666668;12.166666666666666;1.54;0.0;2.6333333333333333;0.00222222222222222;3.6355555555555563;0.47555555555555556;2.2755555555555556;5.333333333333333;7.166666666666667
11286;zone2;8537.588755655543;3024.028900129281;0.0;zone2;S01010201;22;643;453;253;[0.0,0.47619,0.52381];[0.270833,0.3125,0.416667];[0.088,0.48,0.432];[0.296552,0.434483,0.268966];[0.365853658537,0.292682926829,0.292682926829,0.0487804878049];2;219.0;-0.28762447053;960;111;0.19272727272727272;1.5909090909090908;39.77636363636364;36.13636363636363;65.27454545454545;10.363636363636363;22.318181818181817;13.545454545454545;1.7890909090909093;0.0;3.614545454545454;0.00909090909090909;3.5763636363636366;0.3363636363636365;2.032727272727273;6.0;8.454545454545455
11286;zone3;8059.42097232239;3767.666522351409;0.0;zone3;S01010203;30;671;504;260;[0.090909,0.363636,0.545455];[0.263804,0.460123,0.276074];[0.094828,0.422414,0.482759];[0.183824,0.375,0.441176];[0.272727272727,0.218181818182,0.363636363636,0.145454545455];3;215.0;-0.292668818285;1941;137;0.16933333333333334;1.4333333333333333;46.67999999999999;31.1;71.92533333333331;12.066666666666666;24.033333333333335;15.866666666666667;3.074666666666667;0.0;3.2720000000000002;0.0;3.0293333333333328;0.4040000000000001;2.1306666666666665;6.233333333333333;8.933333333333334
11286;zone4;8368.288440296214;3565.498290652094;0.0;zone4;S01010204;30;800;589;381;[0.272727,0.727273,0.0];[0.627451,0.27451,0.098039];[0.444444,0.533333,0.022222];[0.600619,0.321981,0.077399];[0.595041322314,0.157024793388,0.239669421488,0.00826446280992];1;497.0;0.0317745673598;1114;146;0.18266666666666667;1.1666666666666667;37.105333333333334;31.066666666666666;64.71866666666666;11.7;23.133333333333333;12.666666666666666;1.3146666666666667;0.0;3.454666666666667;0.0;3.288;0.456;2.3639999999999994;4.733333333333333;7.633333333333334
11286;zone5;8034.229745798958;3515.110462853287;0.0;zone5;S01010205;15;658;534;355;[0.411765,0.117647,0.470588];[0.465116,0.457364,0.077519];[0.317757,0.588785,0.093458];[0.593458,0.280374,0.126168];[0.466666666667,0.2,0.3,0.0333333333333];1;925.0;0.523434132086;1117;63;0.15733333333333333;0.8666666666666667;42.650666666666666;33.0;66.25333333333332;11.133333333333333;23.2;14.533333333333333;2.056;0.0;3.432;0.0;3.0959999999999996;0.5946666666666668;2.944;3.3333333333333335;8.133333333333333
11286;zone6;7457.064719570519;3739.055375726369;0.0;zone6;S01010208;18;903;745;565;[0.30137,0.589041,0.109589];[0.48062,0.457364,0.062016];[0.272727,0.613636,0.113636];[0.66055,0.270642,0.068807];[0.233333333333,0.133333333333,0.461111111111,0.172222222222];1;603.0;0.153385979085;1446;54;0.11333333333333333;1.3888888888888888;45.6088888888889;24.61111111111111;69.40888888888888;12.055555555555555;23.666666666666668;15.38888888888889;2.1777777777777776;0.0;2.3422222222222215;0.0;2.888888888888889;0.41333333333333333;3.0222222222222226;5.777777777777778;6.944444444444445
11286;zone7;7917.838214725937;1939.334458859395;0.0;zone7;S01010209;24;966;677;468;[0.172414,0.586207,0.241379];[0.333333,0.414966,0.251701];[0.381944,0.458333,0.159722];[0.545852,0.336245,0.117904];[0.337931034483,0.248275862069,0.303448275862,0.110344827586];1;2053.0;1.82052250092;1661;84;0.135;1.1666666666666667;45.505;29.541666666666668;65.40499999999999;10.75;22.708333333333332;15.291666666666666;1.195;0.0;3.5483333333333325;0.0;3.0600000000000005;0.41;2.3216666666666668;4.291666666666667;7.291666666666667
11286;zone8;7878.406567747077;2721.2634132011362;0.0;zone8;S01010210;18;885;641;416;[0.173913,0.456522,0.369565];[0.21519,0.5,0.28481];[0.189781,0.386861,0.423358];[0.422111,0.442211,0.135678];[0.394736842105,0.236842105263,0.254385964912,0.114035087719];1;344.0;-0.144253829852;1186;92;0.19555555555555557;1.0;40.42888888888889;29.555555555555557;62.75333333333333;10.222222222222221;22.27777777777778;13.5;1.0466666666666664;0.0;4.115555555555556;0.0;2.2066666666666666;0.4000000000000001;2.786666666666667;4.333333333333333;6.888888888888889
11286;zone9;7785.599648345685;3201.783800714137;0.0;zone9;S01010211;22;858;634;452;[0.147059,0.705882,0.147059];[0.384615,0.452991,0.162393];[0.469565,0.4,0.130435];[0.722656,0.226563,0.050781];[0.473214285714,0.169642857143,0.285714285714,0.0714285714286];1;430.0;-0.0456985893816;1151;83;0.14;1.6363636363636365;46.75818181818181;33.09090909090909;71.30363636363637;11.863636363636363;23.59090909090909;16.09090909090909;1.2763636363636364;0.0;3.383636363636363;0.0;4.143636363636363;0.4436363636363636;1.9090909090909092;6.7727272727272725;8.363636363636363
11286;zone10;7580.688680869333;3097.127786881416;0.0;zone10;S01010212;49;1083;779;559;[0.233333,0.633333,0.133333];[0.594771,0.339869,0.065359];[0.465517,0.405172,0.12931];[0.712821,0.269231,0.017949];[0.566037735849,0.138364779874,0.22641509434,0.0691823899371];1;1473.0;1.15298517036;1224;221;0.16816326530612244;1.3673469387755102;51.36571428571429;34.42857142857143;69.23183673469387;10.122448979591837;22.775510204081634;17.755102040816325;1.5632653061224495;0.0;3.8155102040816335;0.0;3.4171428571428573;0.28653061224489795;2.315918367346939;5.571428571428571;8.285714285714286
11286;zone11;8065.177293237223;3111.5884965344962;0.0;zone11;S01010213;13;924;657;476;[0.105263,0.684211,0.210526];[0.382609,0.547826,0.069565];[0.218543,0.556291,0.225166];[0.467925,0.483019,0.049057];[0.451327433628,0.221238938053,0.274336283186,0.0530973451327];1;247.0;-0.255840453357;1059;69;0.19692307692307692;0.9230769230769231;27.276923076923076;30.153846153846153;63.25846153846153;12.615384615384615;23.846153846153847;8.846153846153847;1.1384615384615384;0.0;5.338461538461538;0.0;2.8061538461538458;0.44000000000000006;2.9538461538461536;3.4615384615384617;8.76923076923077
11286;zone12;7144.994858230166;1947.4125453867302;0.0;zone12;S01010214;27;967;717;396;[0.098592,0.28169,0.619718];[0.197531,0.438272,0.364198];[0.173333,0.493333,0.333333];[0.237069,0.487069,0.275862];[0.361344537815,0.210084033613,0.310924369748,0.117647058824];3;176.0;-0.337854473183;1903;113;0.16;1.5925925925925926;49.490370370370364;35.03703703703704;70.00000000000001;10.814814814814815;22.88888888888889;16.962962962962962;2.460740740740741;0.0;3.2696296296296303;0.0;3.4192592592592583;0.27259259259259266;1.9822222222222226;6.296296296296297;8.666666666666666
11286;zone13;7013.590150664996;2618.495528189446;0.0;zone13;S01010215;24;850;608;492;[0.571429,0.285714,0.142857];[0.5,0.431373,0.068627];[0.382609,0.391304,0.226087];[0.678571,0.269841,0.051587];[0.467289719626,0.140186915888,0.345794392523,0.0467289719626];1;547.0;0.0886083430805;622;97;0.15166666666666667;1.4166666666666667;40.14166666666667;36.291666666666664;68.565;10.875;23.375;13.5;1.9433333333333334;0.0;3.1116666666666664;0.0;4.4783333333333335;0.2850000000000001;2.6600000000000006;6.416666666666667;9.208333333333334
11286;zone14;7332.222205807836;2329.961970144465;0.0;zone14;S01010216;15;621;464;361;[0.6,0.4,0.0];[0.597701,0.356322,0.045977];[0.409091,0.439394,0.151515];[0.709544,0.273859,0.016598];[0.5,0.163265306122,0.265306122449,0.0714285714286];1;600.0;0.150092344085;1303;45;0.11466666666666667;1.4666666666666666;57.581333333333326;28.466666666666665;68.53866666666667;10.0;22.2;19.933333333333334;2.04;0.0;3.3173333333333326;0.0;1.9973333333333334;0.3440000000000001;2.2960000000000003;4.733333333333333;6.933333333333334
11286;zone15;7299.833172322251;2625.8610945736937;0.0;zone15;S01010217;33;817;598;406;[0.16129,0.516129,0.322581];[0.565517,0.4,0.034483];[0.5,0.431373,0.068627];[0.702703,0.283784,0.013514];[0.541935483871,0.0967741935484,0.296774193548,0.0645161290323];1;1060.0;0.679274950851;1008;207;0.23757575757575758;1.0;43.282424242424256;43.24242424242424;69.24363636363637;11.090909090909092;23.333333333333332;14.787878787878787;1.9648484848484846;0.0;4.609696969696969;0.0;4.443636363636365;0.4703030303030303;2.7296969696969695;4.242424242424242;10.575757575757576
11286;zone16;7142.953643082513;3018.5401822929393;0.0;zone16;S01010218;31;1018;790;587;[0.425532,0.404255,0.170213];[0.392523,0.453271,0.154206];[0.358209,0.492537,0.149254];[0.589124,0.335347,0.075529];[0.424657534247,0.109589041096,0.369863013699,0.0958904109589];1;557.0;0.101026678737;568;140;0.17290322580645162;0.7419354838709677;33.51870967741935;34.774193548387096;60.73290322580647;11.258064516129032;22.774193548387096;11.129032258064516;1.9625806451612902;0.0;2.0748387096774197;0.0;4.227096774193549;0.2916129032258065;2.8890322580645162;2.4838709677419355;7.774193548387097
11286;zone17;6738.8937706128745;4298.8917997019325;0.0;zone17;S01010219;21;503;382;274;[0.695652,0.304348,0.0];[0.758621,0.215517,0.025862];[0.761905,0.166667,0.071429];[0.781609,0.195402,0.022989];[0.41935483871,0.0752688172043,0.408602150538,0.0967741935484];2;184.0;-0.327838932938;1704;93;0.1676190476190476;1.9523809523809523;61.24952380952381;36.333333333333336;76.01714285714286;10.095238095238095;22.80952380952381;20.857142857142858;3.3676190476190477;0.0;5.819047619047619;0.0;1.8171428571428567;0.33142857142857146;1.6609523809523807;7.619047619047619;10.476190476190476
11286;zone18;5915.780765415368;4211.222876105162;0.0;zone18;S01010220;7;476;433;279;[0.181159,0.608696,0.210145];[0.404255,0.531915,0.06383];[0.227273,0.704545,0.068182];[0.448276,0.482759,0.068966];[0.154545454545,0.0636363636364,0.318181818182,0.463636363636];5;267.0;-0.232306706325;1202;39;0.21714285714285714;1.1428571428571428;40.708571428571425;33.857142857142854;69.85714285714286;11.0;23.857142857142858;13.714285714285714;5.451428571428571;0.0;4.257142857142857;0.1142857142857143;0.8285714285714286;0.36;2.6971428571428575;6.0;10.0
11286;zone19;6341.0811208317455;3913.8398648988496;0.0;zone19;S01010221;13;546;394;260;[0.6,0.4,0.0];[0.557377,0.409836,0.032787];[0.538462,0.323077,0.138462];[0.699387,0.257669,0.042945];[0.609375,0.140625,0.203125,0.046875];1;635.0;0.19005459739;1017;33;0.10153846153846154;1.4615384615384615;46.113846153846154;17.846153846153847;68.26153846153845;12.615384615384615;23.692307692307693;15.692307692307692;3.172307692307693;0.0;1.7138461538461542;0.02461538461538462;0.7969230769230768;0.4461538461538461;2.5784615384615384;5.923076923076923;5.230769230769231
11286;zone20;7001.213463613622;4053.9957950241624;0.0;zone20;S01010222;15;492;414;285;[0.142857,0.5,0.357143];[0.432432,0.459459,0.108108];[0.348624,0.522936,0.12844];[0.747899,0.235294,0.016807];[0.345238095238,0.214285714286,0.309523809524,0.130952380952];1;377.0;-0.105830277325;1777;46;0.12;1.2;46.51200000000001;28.666666666666668;64.89333333333335;10.866666666666667;22.4;15.933333333333334;2.3680000000000003;0.0;2.4320000000000004;0.0;2.1280000000000006;0.3173333333333333;2.536;4.266666666666667;6.4
11286;zone21;6986.8418912765155;3434.1450308482026;0.0;zone21;S01010223;4;556;462;337;[0.076923,0.538462,0.384615];[0.567797,0.330508,0.101695];[0.472222,0.444444,0.083333];[0.584699,0.36612,0.04918];[0.432432432432,0.162162162162,0.324324324324,0.0810810810811];1;439.0;-0.0353356041414;1705;9;0.09;1.5;49.92;21.75;79.55;15.25;26.0;16.75;4.34;0.0;0.96;0.29;3.14;0.59;3.76;7.0;8.25
11286;zone22;6247.397837456437;3329.661273309237;0.0;zone22;S01010224;40;1036;727;469;[0.405405,0.540541,0.054054];[0.592593,0.274074,0.133333];[0.418803,0.504274,0.076923];[0.768421,0.202632,0.028947];[0.506097560976,0.140243902439,0.268292682927,0.0853658536585];1;1004.0;0.614259332793;976;142;0.141;1.75;46.74900000000001;22.875;69.90700000000001;11.8;23.55;15.825;3.588;0.0;1.8599999999999999;0.06199999999999999;1.11;0.34900000000000003;1.908;8.0;6.175
11286;zone23;7827.985844039554;4105.4701191949;0.0;zone23;S01010225;33;812;636;431;[0.25,0.634615,0.115385];[0.469072,0.43299,0.097938];[0.54023,0.413793,0.045977];[0.672065,0.234818,0.093117];[0.385185185185,0.125925925926,0.325925925926,0.162962962963];1;1006.0;0.616572011517;1578;130;0.15272727272727274;0.9090909090909091;48.71878787878787;32.303030303030305;67.16242424242424;10.484848484848484;22.848484848484848;16.727272727272727;2.853333333333334;0.0;3.5236363636363635;0.0;2.4036363636363633;0.30303030303030304;2.92;3.393939393939394;8.363636363636363
11286;zone24;7040.363001382077;4481.052780471187;0.0;zone24;S01010226;40;816;565;394;[0.454545,0.242424,0.30303];[0.715385,0.2,0.084615];[0.540541,0.405405,0.054054];[0.766917,0.18797,0.045113];[0.503355704698,0.201342281879,0.221476510067,0.0738255033557];2;422.0;-0.0548014077425;1173;272;0.266;1.1;47.633;45.95;72.52399999999999;10.45;23.175;15.975;5.204000000000001;0.0;6.0649999999999995;0.078;2.4920000000000004;0.349;2.576;4.35;13.4
11286;zone25;6847.772309074456;4638.663588163389;0.0;zone25;S01010227;39;692;454;294;[0.413793,0.413793,0.172414];[0.704545,0.238636,0.056818];[0.654545,0.345455,0.0];[0.810606,0.159091,0.030303];[0.672268907563,0.0924369747899,0.159663865546,0.0756302521008];4;0.0;-0.540229885057;1172;382;0.3712820512820513;0.9743589743589743;49.613333333333316;57.333333333333336;76.34666666666665;10.128205128205128;23.025641025641026;16.82051282051282;4.605128205128204;0.0;10.852307692307692;0.08512820512820514;2.112820512820513;0.30256410256410265;2.631794871794872;4.128205128205129;17.102564102564102
11286;zone26;8241.816993110848;4572.457656401622;0.0;zone26;S01010229;30;1016;787;508;[0.1,0.625,0.275];[0.350877,0.350877,0.298246];[0.348315,0.477528,0.174157];[0.565217,0.310559,0.124224];[0.420731707317,0.213414634146,0.292682926829,0.0731707317073];1;395.0;-0.0859445809966;1253;107;0.13733333333333334;1.2;43.53599999999999;28.966666666666665;66.01333333333335;11.166666666666666;23.0;14.933333333333334;1.7799999999999998;0.0;3.810666666666667;0.01066666666666667;2.377333333333334;0.39733333333333326;2.302666666666667;4.7;7.433333333333334
11286;zone27;7458.320056766788;4680.341251240345;0.0;zone27;S01010230;24;1005;772;577;[0.314286,0.628571,0.057143];[0.703883,0.296117,0.0];[0.727273,0.218182,0.054545];[0.71831,0.24507,0.03662];[0.517857142857,0.136904761905,0.267857142857,0.077380952381];1;846.0;0.433218203459;1013;127;0.20666666666666667;1.0416666666666667;41.973333333333336;36.958333333333336;67.17333333333335;10.916666666666666;23.208333333333332;14.125;2.796666666666667;0.0;5.546666666666668;0.03166666666666667;2.243333333333333;0.40999999999999975;2.355;3.875;10.291666666666666
11286;zone28;7569.802990100143;4917.458811240416;0.0;zone28;S01010232;37;1074;792;485;[0.457143,0.485714,0.057143];[0.557292,0.338542,0.104167];[0.492063,0.333333,0.174603];[0.654229,0.251244,0.094527];[0.470297029703,0.153465346535,0.306930693069,0.0693069306931];1;771.0;0.347049794199;1204;191;0.20108108108108108;1.2702702702702702;50.85189189189189;36.24324324324324;72.12756756756758;11.216216216216216;23.405405405405407;17.216216216216218;2.557837837837839;0.0;4.732972972972973;0.08216216216216217;3.1416216216216215;0.4118918918918918;2.5102702702702704;4.972972972972973;10.0
11286;zone29;7830.713068379679;4879.746446724283;0.0;zone29;S01010233;33;970;705;476;[0.275,0.625,0.1];[0.655629,0.245033,0.099338];[0.52809,0.426966,0.044944];[0.771505,0.212366,0.016129];[0.587209302326,0.093023255814,0.261627906977,0.0581395348837];1;284.0;-0.213781821634;1142;117;0.13575757575757577;1.7878787878787878;52.65454545454545;30.848484848484848;70.75757575757575;10.575757575757576;22.939393939393938;18.09090909090909;1.5490909090909093;0.0;2.5127272727272727;0.08606060606060606;3.3624242424242428;0.3272727272727272;2.1563636363636363;7.484848484848484;7.03030303030303
11286;zone30;6473.383843181837;4954.519765957263;0.0;zone30;S01010261;6;2551;2373;526;[0.666667,0.270833,0.0625];[0.675841,0.281346,0.042813];[0.75,0.25,0.0];[0.824468,0.164894,0.010638];[0.41,0.06,0.41,0.12];3;176.0;-0.337679921334;1640;23;0.14;2.0;66.85333333333334;38.333333333333336;79.62;11.166666666666666;23.833333333333332;23.0;2.78;0.0;1.9799999999999998;0.20666666666666667;5.1;0.4066666666666667;1.8466666666666667;7.833333333333333;9.666666666666666
11286;zone31;4930.642193689802;4959.449818932565;0.0;zone31;S01010266;3;555;474;237;[0.320755,0.556604,0.122642];[0.677273,0.254545,0.068182];[0.5,0.461538,0.038462];[0.534247,0.30137,0.164384];[0.141176470588,0.0588235294118,0.4,0.4];3;536.0;0.0761386922126;1269;11;0.13333333333333333;1.0;30.786666666666672;26.666666666666668;63.44;12.333333333333334;23.666666666666668;10.333333333333334;0.9466666666666667;0.0;2.3466666666666667;1.04;3.5066666666666664;0.10666666666666667;4.1866666666666665;3.6666666666666665;7.333333333333333
11286;zone32;5712.5549897826;4979.400336637217;0.0;zone32;S01010270;4;1153;972;817;[0.389831,0.533898,0.076271];[0.70255,0.252125,0.045326];[0.714286,0.272727,0.012987];[0.771552,0.228448,0.0];[0.125,0.0909090909091,0.454545454545,0.329545454545];1;871.0;0.461200629557;1657;9;0.09;2.25;60.59;21.5;71.64;10.75;23.25;20.0;2.0500000000000003;0.0;1.0;0.09;1.85;0.24;2.1;8.5;4.25
11286;zone33;3394.0723536088512;4934.677182292946;0.0;zone33;S01010282;13;976;841;645;[0.438776,0.520408,0.040816];[0.545732,0.405488,0.04878];[0.521277,0.382979,0.095745];[0.712707,0.232044,0.055249];[0.190954773869,0.070351758794,0.35175879397,0.386934673367];2;350.0;-0.137812028107;1351;45;0.13230769230769232;2.3846153846153846;58.787692307692296;30.692307692307693;79.37846153846155;11.076923076923077;23.76923076923077;20.384615384615383;1.843076923076923;0.0;5.8707692307692305;0.4338461538461539;1.1907692307692308;0.4215384615384616;1.1076923076923078;11.307692307692308;8.846153846153847
11286;zone34;4385.789287498423;4835.237486850067;0.0;zone34;S01010289;15;771;687;380;[0.130952,0.511905,0.357143];[0.262911,0.502347,0.234742];[0.178571,0.464286,0.357143];[0.410256,0.435897,0.153846];[0.058064516129,0.0322580645161,0.245161290323,0.664516129032];5;259.0;-0.241396294863;1483;110;0.2826666666666667;2.2666666666666666;51.46133333333332;50.333333333333336;69.84266666666667;8.2;21.8;17.866666666666667;3.752;0.0;5.2906666666666675;1.136;1.5919999999999999;0.2506666666666667;1.0639999999999998;7.066666666666666;11.2
11286;zone35;4401.5375624188455;4669.062022109911;0.0;zone35;S01010290;13;546;485;278;[0.198198,0.603604,0.198198];[0.485944,0.449799,0.064257];[0.555556,0.444444,0.0];[0.435897,0.512821,0.051282];[0.10752688172,0.0430107526882,0.494623655914,0.354838709677];3;353.0;-0.133686757747;1223;112;0.3230769230769231;1.3076923076923077;56.66153846153845;55.46153846153846;82.38461538461539;11.153846153846153;24.46153846153846;19.23076923076923;3.8307692307692305;0.0;9.618461538461538;1.5753846153846156;2.2338461538461534;0.2923076923076923;2.0;6.153846153846154;16.692307692307693
11286;zone36;4119.983651650423;4281.100418217042;0.0;zone36;S01010291;12;1075;975;481;[0.405594,0.447552,0.146853];[0.627907,0.277132,0.094961];[0.415094,0.433962,0.150943];[0.562963,0.325926,0.111111];[0.197080291971,0.0729927007299,0.445255474453,0.284671532847];3;438.0;-0.0363924713322;897;74;0.23666666666666666;1.5833333333333333;48.16;50.833333333333336;70.36999999999999;9.416666666666666;22.416666666666668;16.0;2.5633333333333335;0.0;8.346666666666666;1.3633333333333335;1.2166666666666666;0.15;1.8533333333333333;5.166666666666667;13.0
11286;zone37;4399.731076226201;4291.6703625917;0.0;zone37;S01010292;10;890;831;409;[0.348214,0.508929,0.142857];[0.477169,0.420091,0.10274];[0.339286,0.446429,0.214286];[0.55814,0.383721,0.05814];[0.128378378378,0.0540540540541,0.398648648649,0.418918918919];4;323.0;-0.168488563048;1245;62;0.24;1.6;47.504;48.7;69.292;8.7;21.8;16.0;3.444;0.0;7.644000000000001;0.984;1.2760000000000002;0.256;1.472;5.8;12.8
11286;zone38;4514.690807242894;4541.15458266895;0.0;zone38;S01010293;16;839;723;373;[0.51773,0.35461,0.12766];[0.635389,0.262735,0.101877];[0.446809,0.319149,0.234043];[0.514286,0.392857,0.092857];[0.242424242424,0.0606060606061,0.393939393939,0.30303030303];3;290.0;-0.205814991507;879;121;0.2875;1.5;47.0175;54.5625;73.13999999999999;9.75;22.6875;16.0;3.3274999999999997;0.0;7.7625;1.205;1.9175000000000002;0.36500000000000005;1.9649999999999999;6.4375;13.6875
11286;zone39;4541.7482834333705;4418.565122351524;0.0;zone39;S01010294;13;690;631;275;[0.242105,0.526316,0.231579];[0.650873,0.214464,0.134663];[0.583333,0.208333,0.208333];[0.414894,0.489362,0.095745];[0.164835164835,0.043956043956,0.494505494505,0.296703296703];4;440.0;-0.0342259463805;1259;115;0.3384615384615385;2.0;56.66461538461538;51.15384615384615;75.20923076923077;8.923076923076923;22.384615384615383;19.23076923076923;3.7200000000000006;0.0;6.636923076923076;1.4338461538461542;1.5815384615384613;0.24307692307692313;1.5753846153846154;7.615384615384615;12.923076923076923
11286;zone40;4766.8646917667475;4574.50133624035;0.0;zone40;S01010295;18;974;870;427;[0.384615,0.391026,0.224359];[0.604555,0.310559,0.084886];[0.428571,0.285714,0.285714];[0.390728,0.516556,0.092715];[0.212765957447,0.113475177305,0.297872340426,0.375886524823];4;529.0;0.0680145754747;999;140;0.30444444444444446;1.8888888888888888;50.28888888888889;53.05555555555556;72.98444444444445;9.444444444444445;22.38888888888889;17.0;3.535555555555556;0.0;6.724444444444444;1.8022222222222222;1.5911111111111114;0.33777777777777784;1.5999999999999999;6.666666666666667;13.166666666666666
11286;zone41;4647.752341766679;4736.091736240359;0.0;zone41;S01010296;16;664;560;291;[0.294118,0.423529,0.282353];[0.520913,0.368821,0.110266];[0.375,0.375,0.25];[0.475524,0.391608,0.132867];[0.282828282828,0.111111111111,0.363636363636,0.242424242424];2;856.0;0.444094443477;1128;110;0.265;1.125;32.3675;41.0;64.8;11.125;22.9375;11.0625;2.9400000000000004;0.0;5.435;1.3275000000000001;1.7;0.25250000000000006;2.2624999999999997;4.25;10.9375
11286;zone42;5522.849421766708;4411.996091240393;0.0;zone42;S01010297;7;1066;894;676;[0.582609,0.382609,0.034783];[0.691824,0.245283,0.062893];[0.540541,0.333333,0.126126];[0.681275,0.270916,0.047809];[0.260563380282,0.140845070423,0.37323943662,0.225352112676];1;504.0;0.0391758595379;1313;25;0.13714285714285715;2.142857142857143;51.72571428571428;24.428571428571427;64.0;9.0;21.714285714285715;17.571428571428573;2.6000000000000005;0.0;0.28;0.26857142857142857;1.7885714285714285;0.08;1.662857142857143;7.571428571428571;4.571428571428571
11286;zone43;4706.481893689814;4143.807995855712;0.0;zone43;S01010298;12;880;677;515;[0.308943,0.479675,0.211382];[0.581395,0.356589,0.062016];[0.539683,0.396825,0.063492];[0.744828,0.193103,0.062069];[0.227272727273,0.0984848484848,0.371212121212,0.30303030303];1;486.0;0.0190902878356;1067;49;0.15666666666666668;2.25;40.00333333333334;25.833333333333332;70.25666666666667;11.5;23.333333333333332;13.333333333333334;3.1999999999999997;0.0;2.9633333333333334;0.5266666666666667;0.83;0.47666666666666674;1.6833333333333336;10.666666666666666;7.0
11286;zone44;4885.424673909578;4209.645754097502;0.0;zone44;S01010299;4;536;404;292;[0.3,0.54,0.16];[0.556701,0.340206,0.103093];[0.458333,0.520833,0.020833];[0.584906,0.283019,0.132075];[0.428571428571,0.0857142857143,0.285714285714,0.2];1;375.0;-0.10827530326;722;26;0.25;0.5;30.7;41.0;70.1;14.25;25.75;10.5;6.54;0.0;0.8899999999999999;0.6699999999999999;6.140000000000001;0.19;3.15;0.75;14.0
11286;zone45;4883.397012115578;4340.414778682246;0.0;zone45;S01010300;21;934;764;478;[0.460784,0.411765,0.127451];[0.664653,0.238671,0.096677];[0.632353,0.323529,0.044118];[0.606383,0.329787,0.06383];[0.3046875,0.125,0.3515625,0.21875];2;513.0;0.0498225801839;604;125;0.2342857142857143;1.380952380952381;38.33142857142857;39.095238095238095;70.03809523809525;11.857142857142858;24.0;12.761904761904763;3.723809523809524;0.0;2.582857142857143;0.5657142857142856;3.8209523809523813;0.36000000000000004;2.3352380952380956;6.380952380952381;10.285714285714286
11286;zone46;5144.66081966521;4032.769083704074;0.0;zone46;S01010301;6;522;457;283;[0.292683,0.597561,0.109756];[0.57563,0.315126,0.109244];[0.222222,0.703704,0.074074];[0.561798,0.393258,0.044944];[0.214285714286,0.0612244897959,0.459183673469,0.265306122449];4;490.0;0.0232745011966;2072;52;0.3333333333333333;2.0;57.386666666666656;53.5;82.88;10.5;23.333333333333332;19.833333333333332;7.966666666666668;0.0;2.6266666666666665;0.9666666666666667;3.8066666666666666;0.26666666666666666;1.8533333333333333;9.833333333333334;14.833333333333334
11286;zone47;5165.568789180556;4297.038752619699;0.0;zone47;S01010302;24;669;495;388;[0.65625,0.28125,0.0625];[0.6,0.356522,0.043478];[0.716981,0.226415,0.056604];[0.801802,0.18018,0.018018];[0.582417582418,0.0769230769231,0.263736263736,0.0769230769231];1;392.0;-0.0896499889057;1345;139;0.22333333333333333;0.7916666666666666;54.109999999999985;38.666666666666664;69.25333333333333;10.416666666666666;22.791666666666668;18.5;3.936666666666667;0.0;1.7650000000000003;0.4566666666666666;3.0333333333333337;0.26833333333333337;2.8566666666666656;3.3333333333333335;8.708333333333334
11286;zone48;5241.140616766716;4139.402270499609;0.0;zone48;S01010303;33;579;387;250;[0.692308,0.153846,0.153846];[0.56701,0.298969,0.134021];[0.630435,0.282609,0.086957];[0.658879,0.285047,0.056075];[0.58407079646,0.106194690265,0.274336283186,0.0353982300885];1;415.0;-0.0627120940391;1761;210;0.24363636363636362;1.5757575757575757;50.78181818181819;38.21212121212121;69.08727272727273;9.757575757575758;22.333333333333332;17.393939393939394;5.116363636363636;0.0;1.1272727272727272;0.6157575757575756;2.3648484848484856;0.33454545454545453;2.087272727272727;6.121212121212121;8.666666666666666
11286;zone49;4853.647576226233;3833.123065294377;0.0;zone49;S01010304;12;542;456;332;[0.323529,0.514706,0.161765];[0.635135,0.25,0.114865];[0.477273,0.522727,0.0];[0.829268,0.109756,0.060976];[0.372340425532,0.0425531914894,0.297872340426,0.287234042553];1;804.0;0.384523850516;1782;81;0.25666666666666665;0.6666666666666666;56.446666666666665;47.166666666666664;72.52666666666667;9.916666666666666;23.166666666666668;19.333333333333332;7.489999999999999;0.0;3.026666666666667;0.7966666666666667;1.7966666666666666;0.3466666666666667;2.3766666666666665;2.4166666666666665;12.583333333333334
11286;zone50;4697.410406890209;3639.1027396354093;0.0;zone50;S01010305;7;807;694;478;[0.36036,0.468468,0.171171];[0.553191,0.33617,0.110638];[0.409639,0.301205,0.289157];[0.589888,0.337079,0.073034];[0.198529411765,0.0735294117647,0.382352941176,0.345588235294];1;223.0;-0.28282788147;763;47;0.25142857142857145;1.4285714285714286;52.71999999999999;49.285714285714285;69.16;9.428571428571429;22.285714285714285;17.857142857142858;6.034285714285715;0.0;2.565714285714286;2.2285714285714286;1.0742857142857143;0.3314285714285714;1.3771428571428572;4.428571428571429;11.571428571428571
11286;zone51;4591.3082521834585;3868.367573740388;0.0;zone51;S01010306;13;752;675;449;[0.35625,0.56875,0.075];[0.570588,0.355882,0.073529];[0.283019,0.566038,0.150943];[0.650943,0.330189,0.018868];[0.165680473373,0.0473372781065,0.479289940828,0.307692307692];2;238.0;-0.265781391166;910;87;0.2523076923076923;2.076923076923077;51.203076923076914;47.38461538461539;80.56923076923076;11.538461538461538;24.0;17.76923076923077;6.3815384615384625;0.0;2.966153846153846;2.9999999999999996;0.7046153846153846;0.45230769230769236;1.609230769230769;10.153846153846153;12.538461538461538
11286;zone52;4503.72067559025;3742.2957906521283;0.0;zone52;S01010307;9;821;732;428;[0.189922,0.577519,0.232558];[0.407407,0.487654,0.104938];[0.346154,0.538462,0.115385];[0.71875,0.234375,0.046875];[0.0681818181818,0.0568181818182,0.375,0.5];5;319.0;-0.172537833795;449;95;0.40444444444444444;2.0;41.955555555555556;67.22222222222223;82.28;10.88888888888889;24.22222222222222;13.777777777777779;9.155555555555557;0.0;4.542222222222223;4.9111111111111105;1.36;0.4177777777777778;1.5155555555555555;9.666666666666666;19.333333333333332
11286;zone53;4364.519870735056;4047.768725526131;0.0;zone53;S01010308;9;975;858;480;[0.285714,0.54007,0.174216];[0.511936,0.384615,0.103448];[0.254902,0.411765,0.333333];[0.648352,0.307692,0.043956];[0.0970873786408,0.0631067961165,0.359223300971,0.480582524272];4;257.0;-0.244477582955;1277;68;0.29333333333333333;2.5555555555555554;48.29777777777778;41.888888888888886;72.27555555555556;9.777777777777779;22.333333333333332;16.77777777777778;5.333333333333333;0.0;3.764444444444445;1.7555555555555555;1.1422222222222222;0.3244444444444444;1.08;8.0;11.333333333333334
11286;zone54;5381.88771051669;3636.3205112402793;0.0;zone54;S01010309;4;419;356;264;[0.333333,0.25,0.416667];[0.478873,0.422535,0.098592];[0.352941,0.382353,0.264706];[0.705882,0.24183,0.052288];[0.365853658537,0.170731707317,0.390243902439,0.0731707317073];1;0.0;-0.540229885057;2153;8;0.06;1.75;69.98;35.5;71.75999999999999;8.0;22.25;23.25;1.6900000000000002;0.0;2.5300000000000002;0.08;3.66;0.31;2.08;6.0;7.25
11286;zone55;5657.373406240428;3625.6586165034923;0.0;zone55;S01010310;13;706;540;381;[0.333333,0.238095,0.428571];[0.565517,0.337931,0.096552];[0.54902,0.27451,0.176471];[0.715415,0.256917,0.027668];[0.484848484848,0.151515151515,0.318181818182,0.0454545454545];1;574.0;0.120406534162;845;49;0.1476923076923077;1.2307692307692308;50.11692307692309;31.0;66.42153846153846;10.307692307692308;22.46153846153846;16.846153846153847;2.4738461538461536;0.0;1.833846153846154;0.24307692307692308;2.572307692307693;0.3230769230769231;2.436923076923077;5.076923076923077;6.6923076923076925
11286;zone56;5685.425126382168;3318.6970593171873;0.0;zone56;S01010311;22;721;556;351;[0.411765,0.352941,0.235294];[0.472222,0.453704,0.074074];[0.571429,0.404762,0.02381];[0.717949,0.271062,0.010989];[0.565217391304,0.121739130435,0.269565217391,0.0434782608696];1;1534.0;1.22364271569;1642;100;0.18;1.0909090909090908;57.66545454545456;33.04545454545455;69.17999999999999;9.818181818181818;22.59090909090909;19.727272727272727;2.376363636363636;0.0;3.1981818181818182;0.07818181818181819;2.73090909090909;0.4145454545454545;2.4563636363636365;4.136363636363637;7.863636363636363
11286;zone57;5466.52613028024;3072.1402274564575;0.0;zone57;S01010312;34;868;647;425;[0.117647,0.823529,0.058824];[0.754386,0.22807,0.017544];[0.407407,0.444444,0.148148];[0.804945,0.153846,0.041209];[0.586956521739,0.115942028986,0.268115942029,0.0289855072464];1;685.0;0.247477927043;1651;132;0.15411764705882353;1.2941176470588236;56.08941176470588;30.705882352941178;68.26588235294119;10.058823529411764;22.5;19.294117647058822;2.3988235294117644;0.0;2.8047058823529407;0.05882352941176471;2.4894117647058818;0.3788235294117647;2.2941176470588234;4.264705882352941;7.205882352941177
11286;zone58;5251.7403530303945;3502.549209042501;0.0;zone58;S01010313;16;654;529;356;[0.428571,0.285714,0.285714];[0.6,0.333333,0.066667];[0.433735,0.481928,0.084337];[0.739623,0.162264,0.098113];[0.648351648352,0.131868131868,0.175824175824,0.043956043956];1;565.0;0.109617915218;2142;77;0.19;1.125;68.22500000000001;33.125;77.62999999999998;11.625;23.6875;23.5;2.975;0.0;2.955;0.135;3.1625000000000005;0.5200000000000001;3.0300000000000002;4.3125;8.75
11286;zone59;4840.312157862589;3385.4448126102257;0.0;zone59;S01010314;21;1248;1034;550;[0.358209,0.507463,0.134328];[0.514493,0.333333,0.152174];[0.5,0.326923,0.173077];[0.636,0.324,0.04];[0.316901408451,0.133802816901,0.401408450704,0.147887323944];1;637.0;0.192402372167;1094;100;0.18857142857142858;1.5238095238095237;44.10857142857143;33.80952380952381;70.44;11.714285714285714;23.714285714285715;15.047619047619047;3.531428571428571;0.0;3.6399999999999997;1.3904761904761902;0.9847619047619047;0.43238095238095237;2.2742857142857145;5.9523809523809526;9.047619047619047
11286;zone60;4536.293429266749;2504.1273706154316;0.0;zone60;S01010315;43;911;678;409;[0.180723,0.554217,0.26506];[0.252632,0.457895,0.289474];[0.208333,0.5,0.291667];[0.55144,0.345679,0.102881];[0.308176100629,0.169811320755,0.358490566038,0.163522012579];2;382.0;-0.100954860853;1601;248;0.22046511627906976;1.558139534883721;49.85953488372093;36.76744186046512;69.20465116279071;10.046511627906977;22.627906976744185;16.813953488372093;2.5804651162790697;0.0;4.325581395348837;0.00465116279069767;2.6679069767441863;0.3283720930232559;2.018604651162791;6.1395348837209305;9.046511627906977
11286;zone61;4589.6619547948285;2943.195659127726;0.0;zone61;S01010316;25;512;414;304;[0.392157,0.529412,0.078431];[0.62931,0.37069,0.0];[0.439024,0.560976,0.0];[0.775401,0.224599,0.0];[0.439252336449,0.102803738318,0.252336448598,0.205607476636];1;481.0;0.0128180141103;1417;148;0.2256;0.76;51.6912;39.56;71.57760000000002;11.24;23.52;17.56;4.008000000000001;0.0;4.5072;0.19840000000000002;2.7152;0.368;2.6831999999999994;3.2;10.96
11286;zone63;4421.5566371748755;3071.026327566895;0.0;zone63;S01010318;12;1588;1497;304;[0.5,0.456522,0.043478];[0.469799,0.47651,0.053691];[0.310345,0.37931,0.310345];[0.678571,0.285714,0.035714];[0.36,0.14,0.34,0.16];3;317.0;-0.175110645645;974;94;0.30333333333333334;1.5;58.01000000000001;50.916666666666664;78.87;10.333333333333334;23.666666666666668;19.833333333333332;7.6166666666666645;0.0;5.673333333333333;0.81;0.7433333333333333;0.35333333333333344;1.7699999999999998;6.416666666666667;14.333333333333334
11286;zone64;4173.240913470097;2893.8040771744095;0.0;zone64;S01010319;9;711;624;407;[0.258741,0.608392,0.132867];[0.383399,0.486166,0.130435];[0.439394,0.212121,0.348485];[0.530769,0.384615,0.084615];[0.171974522293,0.0700636942675,0.471337579618,0.286624203822];2;473.0;0.00423719084943;1364;50;0.21333333333333335;2.0;55.75111111111111;37.888888888888886;73.39111111111112;9.777777777777779;22.666666666666668;19.11111111111111;4.146666666666666;0.0;3.3066666666666666;0.07555555555555556;2.493333333333333;0.36000000000000004;1.7822222222222222;7.888888888888889;9.555555555555555
11286;zone65;3940.1918462749595;2900.8899784533987;0.0;zone65;S01010320;4;675;594;437;[0.257813,0.523438,0.21875];[0.61753,0.298805,0.083665];[0.526316,0.22807,0.245614];[0.805085,0.169492,0.025424];[0.172185430464,0.0662251655629,0.443708609272,0.317880794702];1;646.0;0.202453315259;1157;15;0.15;1.75;47.989999999999995;33.75;76.59;12.0;24.75;17.0;6.07;0.0;1.33;0.0;3.12;0.38;1.6400000000000001;9.0;10.25
11286;zone66;3905.8658739096163;2664.6669636212755;0.0;zone66;S01010321;7;837;634;432;[0.401709,0.555556,0.042735];[0.54717,0.433962,0.018868];[0.45122,0.439024,0.109756];[0.666667,0.271186,0.062147];[0.212328767123,0.0958904109589,0.390410958904,0.301369863014];1;1019.0;0.631764531736;1924;19;0.10857142857142857;2.0;59.10857142857144;24.428571428571427;76.5542857142857;12.571428571428571;23.571428571428573;20.428571428571427;3.365714285714286;0.0;2.674285714285714;0.01714285714285714;1.4;0.6057142857142858;2.0171428571428573;8.142857142857142;7.0
11286;zone67;3630.3978644730896;3132.1651121578075;0.0;zone67;S01010322;9;1028;914;549;[0.174419,0.549419,0.276163];[0.412399,0.471698,0.115903];[0.298507,0.38806,0.313433];[0.647059,0.323529,0.029412];[0.057268722467,0.0352422907489,0.449339207048,0.458149779736];5;124.0;-0.397569575369;1422;96;0.41333333333333333;1.7777777777777777;45.955555555555556;55.888888888888886;75.56444444444442;9.88888888888889;23.11111111111111;15.555555555555555;5.328888888888889;0.0;7.106666666666666;1.5955555555555554;1.1377777777777776;0.2755555555555556;1.6311111111111112;8.222222222222221;14.666666666666666
11286;zone68;6208.193116766784;3072.425066795916;0.0;zone68;S01010323;4;603;466;377;[0.555556,0.444444,0.0];[0.657143,0.271429,0.071429];[0.642857,0.321429,0.035714];[0.793651,0.166667,0.039683];[0.578431372549,0.166666666667,0.235294117647,0.0196078431373];1;970.0;0.57559463238;1077;24;0.23;1.25;57.06;42.0;79.34;10.25;24.5;19.5;8.32;0.0;3.2399999999999998;0.0;1.4500000000000002;0.49000000000000005;2.86;6.75;12.5
11286;zone69;6517.651722029823;2240.572579661372;0.0;zone69;S01010324;6;759;566;403;[0.142857,0.571429,0.285714];[0.298077,0.490385,0.211538];[0.333333,0.530864,0.135802];[0.401674,0.414226,0.1841];[0.569620253165,0.101265822785,0.291139240506,0.0379746835443];1;407.0;-0.0721601679586;1758;27;0.17333333333333334;1.1666666666666667;48.833333333333336;36.0;71.33333333333333;12.333333333333334;23.333333333333332;16.833333333333332;3.3666666666666667;0.0;0.94;0.0;3.8200000000000003;0.29333333333333333;2.6133333333333337;5.833333333333333;7.666666666666667
11286;zone70;6038.016041009105;2402.8415869980217;0.0;zone70;S01010325;18;939;666;501;[0.263158,0.368421,0.368421];[0.383838,0.525253,0.090909];[0.253623,0.615942,0.130435];[0.451362,0.463035,0.085603];[0.545454545455,0.238636363636,0.193181818182,0.0227272727273];1;225.0;-0.281126582053;1542;86;0.18444444444444444;1.2222222222222223;39.086666666666666;36.27777777777778;66.69555555555556;12.333333333333334;23.166666666666668;13.055555555555555;2.191111111111111;0.0;1.5133333333333334;0.0;5.211111111111111;0.5822222222222223;2.0622222222222226;5.0;8.5
11286;zone71;5272.359331052501;2740.775131541117;0.0;zone71;S01010326;39;987;707;494;[0.526316,0.368421,0.105263];[0.522523,0.333333,0.144144];[0.492188,0.3125,0.195313];[0.723514,0.224806,0.05168];[0.54375,0.16875,0.23125,0.05625];1;1389.0;1.05701743376;1010;161;0.16;1.6153846153846154;51.899487179487174;33.23076923076923;72.38358974358974;10.923076923076923;23.076923076923077;17.615384615384617;1.8912820512820514;0.0;6.39076923076923;0.01948717948717949;1.7128205128205123;0.29435897435897446;2.1476923076923073;6.487179487179487;9.564102564102564
11286;zone72;4970.167032608406;2501.795090448298;0.0;zone72;S01010327;34;982;660;362;[0.031746,0.507937,0.460317];[0.372881,0.432203,0.194915];[0.289063,0.328125,0.382813];[0.516892,0.347973,0.135135];[0.416184971098,0.21387283237,0.236994219653,0.132947976879];1;470.0;0.000335688704598;927;173;0.19176470588235295;1.088235294117647;45.56117647058824;41.5;67.33411764705883;9.558823529411764;22.264705882352942;15.411764705882353;3.04;0.0;8.018823529411767;0.07411764705882352;1.2270588235294115;0.33176470588235285;2.2847058823529416;3.411764705882353;11.941176470588236
11286;zone73;5975.307390960257;2677.5485166167286;0.0;zone73;S01010328;24;969;706;445;[0.16129,0.5,0.33871];[0.27044,0.471698,0.257862];[0.192547,0.434783,0.372671];[0.338983,0.432203,0.228814];[0.309352517986,0.258992805755,0.280575539568,0.151079136691];2;457.0;-0.0138550124678;2058;139;0.22833333333333333;1.25;50.51333333333334;43.333333333333336;68.51666666666667;10.125;22.416666666666668;17.125;4.003333333333333;0.0;2.026666666666667;0.0;4.614999999999999;0.27666666666666667;2.1316666666666664;4.125;10.166666666666666
