cycle;name;location.x;location.y;location.z;name;dataZone;nm_children;pop;over16;nm_hh;AB_car_prob;C1_car_prob;C2_car_prob;DE_car_prob;prob_social;simd;crimeRate;norm_crime;avg_dis_sh;neigh_play;daily_play_per_child;avg_FSA;avg_walk;daily_OD;zone_mvpa;mvpa_home;mvpa_sc;mvpa_road;mvpa_play_field;mvpa_home_garden;mvpa_park;mvpa_PG;mvpa_amenity;mvpa_shops;mvpa_F_home;mvpa_fsa;mvpa_OD
11286;zone0;8448.90275962388;2625.4515469546564;0.0;zone0;S01010195;19;531;390;212;[0.0,0.481481,0.518519];[0.261538,0.646154,0.092308];[0.12,0.59,0.29];[0.447368,0.368421,0.184211];[0.418918918919,0.283783783784,0.202702702703,0.0945945945946];1;0.0;-0.540229885057;1206;71;0.1431578947368421;1.3157894736842106;46.89473684210526;37.1578947368421;63.37894736842105;9.263157894736842;21.842105263157894;15.947368421052632;1.3073684210526315;0.0;3.336842105263158;0.0;3.79578947368421;0.4336842105263158;1.8673684210526313;3.9473684210526314;8.052631578947368
11286;zone1;8656.736904000718;2165.9902346445633;0.0;zone1;S01010198;18;1027;748;394;[0.058824,0.529412,0.411765];[0.305785,0.561983,0.132231];[0.219858,0.496454,0.283688];[0.523179,0.331126,0.145695];[0.48623853211,0.229357798165,0.266055045872,0.0183486238532];1;1609.0;1.3102524676;1424;67;0.14222222222222222;1.0555555555555556;33.239999999999995;31.0;63.41777777777778;11.722222222222221;23.22222222222222;11.11111111111111;1.7822222222222222;0.0;3.144444444444444;0.03111111111111111;3.4133333333333336;0.3977777777777778;2.3333333333333335;4.5;7.833333333333333
11286;zone2;8537.588755655543;3024.028900129281;0.0;zone2;S01010201;22;643;453;253;[0.0,0.47619,0.52381];[0.270833,0.3125,0.416667];[0.088,0.48,0.432];[0.296552,0.434483,0.268966];[0.365853658537,0.292682926829,0.292682926829,0.0487804878049];2;219.0;-0.28762447053;1025;143;0.24727272727272728;1.0454545454545454;39.86909090909091;41.68181818181818;65.66545454545454;10.090909090909092;22.40909090909091;13.636363636363637;1.8181818181818186;0.0;5.605454545454545;0.1109090909090909;3.587272727272726;0.39818181818181825;2.3781818181818184;3.8181818181818183;10.590909090909092
11286;zone3;8059.42097232239;3767.666522351409;0.0;zone3;S01010203;30;671;504;260;[0.090909,0.363636,0.545455];[0.263804,0.460123,0.276074];[0.094828,0.422414,0.482759];[0.183824,0.375,0.441176];[0.272727272727,0.218181818182,0.363636363636,0.145454545455];3;215.0;-0.292668818285;1941;136;0.17733333333333334;1.7666666666666666;47.50800000000001;32.5;73.34133333333334;11.633333333333333;23.866666666666667;16.266666666666666;2.297333333333334;0.0;3.8386666666666667;0.0;3.202666666666667;0.3;2.2239999999999998;7.866666666666666;8.866666666666667
11286;zone4;8368.288440296214;3565.498290652094;0.0;zone4;S01010204;30;800;589;381;[0.272727,0.727273,0.0];[0.627451,0.27451,0.098039];[0.444444,0.533333,0.022222];[0.600619,0.321981,0.077399];[0.595041322314,0.157024793388,0.239669421488,0.00826446280992];1;497.0;0.0317745673598;1370;141;0.17866666666666667;1.0;42.748000000000026;37.2;67.24133333333333;11.2;23.2;14.5;1.5519999999999998;0.0;3.9480000000000004;0.028;4.066666666666667;0.4359999999999999;2.533333333333333;4.166666666666667;9.1
11286;zone5;8034.229745798958;3515.110462853287;0.0;zone5;S01010205;15;658;534;355;[0.411765,0.117647,0.470588];[0.465116,0.457364,0.077519];[0.317757,0.588785,0.093458];[0.593458,0.280374,0.126168];[0.466666666667,0.2,0.3,0.0333333333333];1;925.0;0.523434132086;1235;62;0.15733333333333333;0.9333333333333333;43.40800000000001;34.666666666666664;67.10133333333333;11.2;23.4;14.733333333333333;1.6853333333333333;0.0;3.5253333333333337;0.0;3.4746666666666663;0.4453333333333334;2.458666666666667;4.333333333333333;8.266666666666667
11286;zone6;7457.064719570519;3739.055375726369;0.0;zone6;S01010208;18;903;745;565;[0.30137,0.589041,0.109589];[0.48062,0.457364,0.062016];[0.272727,0.613636,0.113636];[0.66055,0.270642,0.068807];[0.233333333333,0.133333333333,0.461111111111,0.172222222222];1;603.0;0.153385979085;1446;61;0.1288888888888889;1.6111111111111112;46.44888888888889;26.555555555555557;71.00666666666667;11.777777777777779;23.72222222222222;16.055555555555557;1.9355555555555553;0.0;2.566666666666667;0.0;3.2666666666666666;0.5000000000000001;2.522222222222222;6.833333333333333;7.333333333333333
11286;zone7;7917.838214725937;1939.334458859395;0.0;zone7;S01010209;24;966;677;468;[0.172414,0.586207,0.241379];[0.333333,0.414966,0.251701];[0.381944,0.458333,0.159722];[0.545852,0.336245,0.117904];[0.337931034483,0.248275862069,0.303448275862,0.110344827586];1;2053.0;1.82052250092;1661;77;0.125;1.2083333333333333;51.45166666666666;29.208333333333332;67.30333333333334;10.541666666666666;22.583333333333332;17.541666666666668;0.9466666666666668;0.0;4.101666666666667;0.0;2.665;0.36000000000000004;2.4883333333333333;4.458333333333333;7.333333333333333
11286;zone8;7878.406567747077;2721.2634132011362;0.0;zone8;S01010210;18;885;641;416;[0.173913,0.456522,0.369565];[0.21519,0.5,0.28481];[0.189781,0.386861,0.423358];[0.422111,0.442211,0.135678];[0.394736842105,0.236842105263,0.254385964912,0.114035087719];1;344.0;-0.144253829852;1185;85;0.17555555555555555;1.7222222222222223;34.06888888888889;27.055555555555557;62.17777777777777;10.61111111111111;22.5;11.5;0.8511111111111113;0.0;4.671111111111111;0.03555555555555556;1.9933333333333334;0.388888888888889;1.8177777777777777;6.111111111111111;7.055555555555555
11286;zone9;7785.599648345685;3201.783800714137;0.0;zone9;S01010211;22;858;634;452;[0.147059,0.705882,0.147059];[0.384615,0.452991,0.162393];[0.469565,0.4,0.130435];[0.722656,0.226563,0.050781];[0.473214285714,0.169642857143,0.285714285714,0.0714285714286];1;430.0;-0.0456985893816;1058;129;0.22545454545454546;1.0;36.61454545454546;36.09090909090909;67.18181818181819;11.818181818181818;23.636363636363637;12.454545454545455;2.0418181818181815;0.0;4.550909090909092;0.06727272727272728;3.6309090909090913;0.32909090909090916;2.4509090909090907;4.7272727272727275;9.727272727272727
11286;zone10;7580.688680869333;3097.127786881416;0.0;zone10;S01010212;49;1083;779;559;[0.233333,0.633333,0.133333];[0.594771,0.339869,0.065359];[0.465517,0.405172,0.12931];[0.712821,0.269231,0.017949];[0.566037735849,0.138364779874,0.22641509434,0.0691823899371];1;1473.0;1.15298517036;1246;225;0.17877551020408164;1.163265306122449;51.47428571428572;32.87755102040816;67.96979591836735;10.346938775510203;22.612244897959183;17.571428571428573;1.2155102040816324;0.0;3.720000000000001;0.0;3.4016326530612235;0.3126530612244898;2.6097959183673463;4.591836734693878;7.877551020408164
11286;zone11;8065.177293237223;3111.5884965344962;0.0;zone11;S01010213;13;924;657;476;[0.105263,0.684211,0.210526];[0.382609,0.547826,0.069565];[0.218543,0.556291,0.225166];[0.467925,0.483019,0.049057];[0.451327433628,0.221238938053,0.274336283186,0.0530973451327];1;247.0;-0.255840453357;940;70;0.20923076923076922;1.3076923076923077;30.495384615384612;34.38461538461539;68.16;12.076923076923077;23.76923076923077;10.307692307692308;0.9692307692307692;0.0;5.704615384615384;0.08307692307692308;3.88;0.5169230769230769;2.5015384615384617;6.769230769230769;10.076923076923077
11286;zone12;7144.994858230166;1947.4125453867302;0.0;zone12;S01010214;27;967;717;396;[0.098592,0.28169,0.619718];[0.197531,0.438272,0.364198];[0.173333,0.493333,0.333333];[0.237069,0.487069,0.275862];[0.361344537815,0.210084033613,0.310924369748,0.117647058824];3;176.0;-0.337854473183;1901;118;0.17037037037037037;1.1111111111111112;45.42666666666668;33.0;67.43555555555555;10.777777777777779;23.074074074074073;15.518518518518519;2.897777777777778;0.0;3.2992592592592587;0.0;2.7896296296296295;0.33481481481481484;2.6340740740740745;4.444444444444445;8.592592592592593
11286;zone13;7013.590150664996;2618.495528189446;0.0;zone13;S01010215;24;850;608;492;[0.571429,0.285714,0.142857];[0.5,0.431373,0.068627];[0.382609,0.391304,0.226087];[0.678571,0.269841,0.051587];[0.467289719626,0.140186915888,0.345794392523,0.0467289719626];1;547.0;0.0886083430805;622;126;0.20166666666666666;1.25;38.16166666666667;37.791666666666664;66.19833333333332;10.833333333333334;23.25;13.041666666666666;1.0666666666666667;0.0;2.6550000000000002;0.0;5.071666666666666;0.3266666666666667;2.725;5.583333333333333;8.333333333333334
11286;zone14;7332.222205807836;2329.961970144465;0.0;zone14;S01010216;15;621;464;361;[0.6,0.4,0.0];[0.597701,0.356322,0.045977];[0.409091,0.439394,0.151515];[0.709544,0.273859,0.016598];[0.5,0.163265306122,0.265306122449,0.0714285714286];1;600.0;0.150092344085;1303;62;0.16;0.8666666666666667;52.976;34.53333333333333;66.65066666666668;9.733333333333333;22.266666666666666;17.933333333333334;1.3573333333333333;0.0;4.328;0.0;2.7359999999999993;0.4693333333333334;2.8;3.4;8.0
11286;zone15;7299.833172322251;2625.8610945736937;0.0;zone15;S01010217;33;817;598;406;[0.16129,0.516129,0.322581];[0.565517,0.4,0.034483];[0.5,0.431373,0.068627];[0.702703,0.283784,0.013514];[0.541935483871,0.0967741935484,0.296774193548,0.0645161290323];1;1060.0;0.679274950851;1009;189;0.22303030303030302;1.2424242424242424;44.36848484848485;39.09090909090909;69.89333333333333;11.121212121212121;23.272727272727273;15.030303030303031;2.014545454545454;0.0;4.442424242424243;0.0;3.9212121212121223;0.3975757575757575;2.501818181818182;5.454545454545454;9.909090909090908
11286;zone16;7142.953643082513;3018.5401822929393;0.0;zone16;S01010218;31;1018;790;587;[0.425532,0.404255,0.170213];[0.392523,0.453271,0.154206];[0.358209,0.492537,0.149254];[0.589124,0.335347,0.075529];[0.424657534247,0.109589041096,0.369863013699,0.0958904109589];1;557.0;0.101026678737;568;124;0.15741935483870967;1.1612903225806452;34.38709677419355;34.903225806451616;62.8;10.709677419354838;22.806451612903224;11.387096774193548;1.5806451612903223;0.0;2.423225806451612;0.0;4.3754838709677415;0.3548387096774193;2.629677419354839;4.709677419354839;7.935483870967742
11286;zone17;6738.8937706128745;4298.8917997019325;0.0;zone17;S01010219;21;503;382;274;[0.695652,0.304348,0.0];[0.758621,0.215517,0.025862];[0.761905,0.166667,0.071429];[0.781609,0.195402,0.022989];[0.41935483871,0.0752688172043,0.408602150538,0.0967741935484];2;184.0;-0.327838932938;1446;129;0.23809523809523808;1.4285714285714286;55.70476190476192;41.95238095238095;74.22666666666667;10.0;22.761904761904763;19.0;4.146666666666667;0.0;6.137142857142857;0.04761904761904762;1.807619047619048;0.3485714285714286;2.2514285714285713;6.0;11.666666666666666
11286;zone18;5915.780765415368;4211.222876105162;0.0;zone18;S01010220;7;476;433;279;[0.181159,0.608696,0.210145];[0.404255,0.531915,0.06383];[0.227273,0.704545,0.068182];[0.448276,0.482759,0.068966];[0.154545454545,0.0636363636364,0.318181818182,0.463636363636];5;267.0;-0.232306706325;844;51;0.2742857142857143;2.0;36.88571428571429;33.42857142857143;70.30285714285715;12.0;24.0;12.428571428571429;4.2628571428571425;0.0;3.7028571428571433;0.5599999999999999;1.4514285714285715;0.42857142857142866;1.697142857142857;8.285714285714286;9.428571428571429
11286;zone19;6341.0811208317455;3913.8398648988496;0.0;zone19;S01010221;13;546;394;260;[0.6,0.4,0.0];[0.557377,0.409836,0.032787];[0.538462,0.323077,0.138462];[0.699387,0.257669,0.042945];[0.609375,0.140625,0.203125,0.046875];1;635.0;0.19005459739;814;53;0.14461538461538462;0.5384615384615384;43.21230769230769;30.846153846153847;68.30461538461539;12.461538461538462;24.0;14.615384615384615;5.227692307692308;0.0;3.0523076923076924;0.1723076923076923;1.6153846153846154;0.3692307692307693;3.1384615384615393;2.3076923076923075;9.461538461538462
11286;zone20;7001.213463613622;4053.9957950241624;0.0;zone20;S01010222;15;492;414;285;[0.142857,0.5,0.357143];[0.432432,0.459459,0.108108];[0.348624,0.522936,0.12844];[0.747899,0.235294,0.016807];[0.345238095238,0.214285714286,0.309523809524,0.130952380952];1;377.0;-0.105830277325;1741;48;0.12266666666666666;1.4;45.282666666666664;26.866666666666667;65.20266666666667;11.066666666666666;22.266666666666666;15.533333333333333;1.7626666666666668;0.0;2.698666666666667;0.0;2.3066666666666666;0.35200000000000004;1.9466666666666663;5.4;6.4
11286;zone21;6986.8418912765155;3434.1450308482026;0.0;zone21;S01010223;4;556;462;337;[0.076923,0.538462,0.384615];[0.567797,0.330508,0.101695];[0.472222,0.444444,0.083333];[0.584699,0.36612,0.04918];[0.432432432432,0.162162162162,0.324324324324,0.0810810810811];1;439.0;-0.0353356041414;2006;10;0.1;2.25;68.03999999999999;20.75;89.53;15.0;26.0;22.75;2.8;0.0;3.2199999999999998;0.0;1.9699999999999998;0.22000000000000003;2.29;13.5;7.5
11286;zone22;6247.397837456437;3329.661273309237;0.0;zone22;S01010224;40;1036;727;469;[0.405405,0.540541,0.054054];[0.592593,0.274074,0.133333];[0.418803,0.504274,0.076923];[0.768421,0.202632,0.028947];[0.506097560976,0.140243902439,0.268292682927,0.0853658536585];1;1004.0;0.614259332793;973;167;0.161;1.075;44.48299999999999;29.325;68.085;11.725;23.55;15.075;4.325;0.0;2.080999999999999;0.042;1.7590000000000003;0.4210000000000001;2.696;5.0;7.725
11286;zone23;7827.985844039554;4105.4701191949;0.0;zone23;S01010225;33;812;636;431;[0.25,0.634615,0.115385];[0.469072,0.43299,0.097938];[0.54023,0.413793,0.045977];[0.672065,0.234818,0.093117];[0.385185185185,0.125925925926,0.325925925926,0.162962962963];1;1006.0;0.616572011517;1584;101;0.11636363636363636;1.5151515151515151;48.76727272727272;27.727272727272727;66.92121212121212;10.212121212121213;22.90909090909091;16.424242424242426;2.12969696969697;0.0;3.396363636363636;0.0;2.145454545454546;0.32;2.555151515151515;4.878787878787879;7.242424242424242
11286;zone24;7040.363001382077;4481.052780471187;0.0;zone24;S01010226;40;816;565;394;[0.454545,0.242424,0.30303];[0.715385,0.2,0.084615];[0.540541,0.405405,0.054054];[0.766917,0.18797,0.045113];[0.503355704698,0.201342281879,0.221476510067,0.0738255033557];2;422.0;-0.0548014077425;1236;283;0.276;1.075;45.681000000000004;42.925;71.143;10.775;23.075;15.4;4.392000000000001;0.0;5.908;0.095;2.2560000000000007;0.385;2.549;4.475;12.2
11286;zone25;6847.772309074456;4638.663588163389;0.0;zone25;S01010227;39;692;454;294;[0.413793,0.413793,0.172414];[0.704545,0.238636,0.056818];[0.654545,0.345455,0.0];[0.810606,0.159091,0.030303];[0.672268907563,0.0924369747899,0.159663865546,0.0756302521008];4;0.0;-0.540229885057;1376;376;0.3671794871794872;1.2307692307692308;54.46769230769231;59.02564102564103;78.6451282051282;10.102564102564102;23.23076923076923;18.58974358974359;4.735384615384616;0.0;9.227692307692308;0.11384615384615386;3.048205128205128;0.23897435897435898;1.9856410256410255;5.615384615384615;16.615384615384617
11286;zone26;8241.816993110848;4572.457656401622;0.0;zone26;S01010229;30;1016;787;508;[0.1,0.625,0.275];[0.350877,0.350877,0.298246];[0.348315,0.477528,0.174157];[0.565217,0.310559,0.124224];[0.420731707317,0.213414634146,0.292682926829,0.0731707317073];1;395.0;-0.0859445809966;1254;104;0.136;1.2666666666666666;39.774666666666675;24.7;62.86400000000001;11.333333333333334;22.933333333333334;13.3;1.6626666666666665;0.0;2.430666666666666;0.04133333333333334;2.4146666666666667;0.36400000000000005;2.1546666666666665;4.533333333333333;6.1
11286;zone27;7458.320056766788;4680.341251240345;0.0;zone27;S01010230;24;1005;772;577;[0.314286,0.628571,0.057143];[0.703883,0.296117,0.0];[0.727273,0.218182,0.054545];[0.71831,0.24507,0.03662];[0.517857142857,0.136904761905,0.267857142857,0.077380952381];1;846.0;0.433218203459;951;144;0.22833333333333333;1.0833333333333333;40.855;40.208333333333336;68.59666666666666;10.75;23.291666666666668;14.208333333333334;3.341666666666667;0.0;5.338333333333332;0.1366666666666667;2.9983333333333335;0.315;2.153333333333333;4.375;11.416666666666666
11286;zone28;7569.802990100143;4917.458811240416;0.0;zone28;S01010232;37;1074;792;485;[0.457143,0.485714,0.057143];[0.557292,0.338542,0.104167];[0.492063,0.333333,0.174603];[0.654229,0.251244,0.094527];[0.470297029703,0.153465346535,0.306930693069,0.0693069306931];1;771.0;0.347049794199;907;200;0.20972972972972972;1.162162162162162;45.21837837837836;40.78378378378378;70.02594594594595;11.0;23.45945945945946;15.162162162162161;2.290810810810811;0.0;3.7729729729729726;0.13621621621621618;4.509189189189189;0.3286486486486486;2.708108108108108;4.837837837837838;10.18918918918919
11286;zone29;7830.713068379679;4879.746446724283;0.0;zone29;S01010233;33;970;705;476;[0.275,0.625,0.1];[0.655629,0.245033,0.099338];[0.52809,0.426966,0.044944];[0.771505,0.212366,0.016129];[0.587209302326,0.093023255814,0.261627906977,0.0581395348837];1;284.0;-0.213781821634;1181;191;0.22181818181818183;1.0909090909090908;48.29575757575758;37.54545454545455;68.53818181818181;10.848484848484848;23.151515151515152;16.333333333333332;1.2642424242424244;0.0;3.373333333333334;0.27636363636363637;3.9890909090909097;0.36000000000000004;2.6618181818181825;4.606060606060606;8.393939393939394
11286;zone30;6473.383843181837;4954.519765957263;0.0;zone30;S01010261;6;2551;2373;526;[0.666667,0.270833,0.0625];[0.675841,0.281346,0.042813];[0.75,0.25,0.0];[0.824468,0.164894,0.010638];[0.41,0.06,0.41,0.12];3;176.0;-0.337679921334;1274;26;0.16;1.5;47.78666666666666;29.5;70.55333333333333;12.166666666666666;23.666666666666668;16.5;1.7733333333333332;0.0;1.86;0.09999999999999999;4.760000000000001;0.23333333333333336;2.3066666666666666;5.833333333333333;8.166666666666666
11286;zone31;4930.642193689802;4959.449818932565;0.0;zone31;S01010266;3;555;474;237;[0.320755,0.556604,0.122642];[0.677273,0.254545,0.068182];[0.5,0.461538,0.038462];[0.534247,0.30137,0.164384];[0.141176470588,0.0588235294118,0.4,0.4];3;536.0;0.0761386922126;1137;12;0.16;3.0;40.306666666666665;26.0;73.53333333333332;12.333333333333334;23.333333333333332;14.333333333333334;0.7999999999999999;0.0;3.52;0.26666666666666666;3.0400000000000005;0.38666666666666666;0.9333333333333332;13.0;7.333333333333333
11286;zone32;5712.5549897826;4979.400336637217;0.0;zone32;S01010270;4;1153;972;817;[0.389831,0.533898,0.076271];[0.70255,0.252125,0.045326];[0.714286,0.272727,0.012987];[0.771552,0.228448,0.0];[0.125,0.0909090909091,0.454545454545,0.329545454545];1;871.0;0.461200629557;1720;8;0.07;2.75;63.940000000000005;26.75;76.66;10.25;23.25;22.0;3.0999999999999996;0.0;1.63;0.13;1.94;0.28;1.2;11.0;6.25
11286;zone33;3394.0723536088512;4934.677182292946;0.0;zone33;S01010282;13;976;841;645;[0.438776,0.520408,0.040816];[0.545732,0.405488,0.04878];[0.521277,0.382979,0.095745];[0.712707,0.232044,0.055249];[0.190954773869,0.070351758794,0.35175879397,0.386934673367];2;350.0;-0.137812028107;1316;29;0.08307692307692308;2.6923076923076925;50.606153846153845;27.307692307692307;76.08923076923078;11.384615384615385;23.923076923076923;17.153846153846153;1.7415384615384615;0.0;4.753846153846154;0.2769230769230769;1.4123076923076923;0.15076923076923077;1.5507692307692311;11.923076923076923;7.6923076923076925
11286;zone34;4385.789287498423;4835.237486850067;0.0;zone34;S01010289;15;771;687;380;[0.130952,0.511905,0.357143];[0.262911,0.502347,0.234742];[0.178571,0.464286,0.357143];[0.410256,0.435897,0.153846];[0.058064516129,0.0322580645161,0.245161290323,0.664516129032];5;259.0;-0.241396294863;1375;119;0.304;2.066666666666667;50.285333333333334;49.93333333333333;68.016;8.066666666666666;21.666666666666668;17.4;2.5573333333333332;0.0;6.0266666666666655;1.4053333333333335;1.3519999999999999;0.22933333333333333;1.4986666666666666;5.933333333333334;10.866666666666667
11286;zone35;4401.5375624188455;4669.062022109911;0.0;zone35;S01010290;13;546;485;278;[0.198198,0.603604,0.198198];[0.485944,0.449799,0.064257];[0.555556,0.444444,0.0];[0.435897,0.512821,0.051282];[0.10752688172,0.0430107526882,0.494623655914,0.354838709677];3;353.0;-0.133686757747;1092;98;0.28615384615384615;1.9230769230769231;53.043076923076924;46.76923076923077;82.00307692307692;11.615384615384615;24.307692307692307;17.846153846153847;2.9784615384615383;0.0;8.156923076923077;1.2153846153846155;2.5046153846153842;0.25538461538461543;2.012307692307693;9.0;14.461538461538462
11286;zone36;4119.983651650423;4281.100418217042;0.0;zone36;S01010291;12;1075;975;481;[0.405594,0.447552,0.146853];[0.627907,0.277132,0.094961];[0.415094,0.433962,0.150943];[0.562963,0.325926,0.111111];[0.197080291971,0.0729927007299,0.445255474453,0.284671532847];3;438.0;-0.0363924713322;713;80;0.25333333333333335;1.1666666666666667;44.20333333333334;52.75;69.27666666666666;9.583333333333334;22.25;14.75;3.1;0.0;8.996666666666666;1.1500000000000001;1.2766666666666666;0.4366666666666667;1.92;4.0;13.916666666666666
11286;zone37;4399.731076226201;4291.6703625917;0.0;zone37;S01010292;10;890;831;409;[0.348214,0.508929,0.142857];[0.477169,0.420091,0.10274];[0.339286,0.446429,0.214286];[0.55814,0.383721,0.05814];[0.128378378378,0.0540540540541,0.398648648649,0.418918918919];4;323.0;-0.168488563048;1451;67;0.248;1.5;50.86800000000001;44.0;68.61600000000001;9.4;21.8;17.5;3.936;0.0;5.84;0.784;1.252;0.32;1.6560000000000001;4.5;11.4
11286;zone38;4514.690807242894;4541.15458266895;0.0;zone38;S01010293;16;839;723;373;[0.51773,0.35461,0.12766];[0.635389,0.262735,0.101877];[0.446809,0.319149,0.234043];[0.514286,0.392857,0.092857];[0.242424242424,0.0606060606061,0.393939393939,0.30303030303];3;290.0;-0.205814991507;1006;120;0.285;1.5;52.1;51.125;73.985;9.8125;22.8125;17.625;3.12;0.0;7.85;1.1374999999999997;1.5250000000000001;0.34750000000000003;1.8250000000000004;6.25;13.1875
11286;zone39;4541.7482834333705;4418.565122351524;0.0;zone39;S01010294;13;690;631;275;[0.242105,0.526316,0.231579];[0.650873,0.214464,0.134663];[0.583333,0.208333,0.208333];[0.414894,0.489362,0.095745];[0.164835164835,0.043956043956,0.494505494505,0.296703296703];4;440.0;-0.0342259463805;1130;125;0.3723076923076923;1.0769230769230769;49.581538461538464;58.07692307692308;72.01538461538463;9.384615384615385;22.23076923076923;17.0;4.372307692307692;0.0;7.75076923076923;1.3446153846153845;1.7476923076923079;0.38461538461538475;1.892307692307693;4.076923076923077;14.538461538461538
11286;zone40;4766.8646917667475;4574.50133624035;0.0;zone40;S01010295;18;974;870;427;[0.384615,0.391026,0.224359];[0.604555,0.310559,0.084886];[0.428571,0.285714,0.285714];[0.390728,0.516556,0.092715];[0.212765957447,0.113475177305,0.297872340426,0.375886524823];4;529.0;0.0680145754747;1154;155;0.3333333333333333;2.1666666666666665;49.34222222222222;54.833333333333336;75.40666666666665;9.38888888888889;22.444444444444443;16.666666666666668;3.4333333333333327;0.0;9.528888888888888;1.2333333333333334;1.3488888888888892;0.24222222222222223;1.3177777777777775;8.055555555555555;15.055555555555555
11286;zone41;4647.752341766679;4736.091736240359;0.0;zone41;S01010296;16;664;560;291;[0.294118,0.423529,0.282353];[0.520913,0.368821,0.110266];[0.375,0.375,0.25];[0.475524,0.391608,0.132867];[0.282828282828,0.111111111111,0.363636363636,0.242424242424];2;856.0;0.444094443477;1113;112;0.2725;1.1875;40.45;45.5625;69.0475;10.625;22.625;14.0625;2.2399999999999998;0.0;8.1375;1.3825;1.215;0.39;2.0575;4.5;12.5625
11286;zone42;5522.849421766708;4411.996091240393;0.0;zone42;S01010297;7;1066;894;676;[0.582609,0.382609,0.034783];[0.691824,0.245283,0.062893];[0.540541,0.333333,0.126126];[0.681275,0.270916,0.047809];[0.260563380282,0.140845070423,0.37323943662,0.225352112676];1;504.0;0.0391758595379;659;47;0.26285714285714284;1.2857142857142858;39.58285714285715;37.57142857142857;59.6;9.285714285714286;21.428571428571427;13.428571428571429;3.5942857142857148;0.0;2.2171428571428575;0.2914285714285714;2.3428571428571425;0.34857142857142864;1.92;3.2857142857142856;8.142857142857142
11286;zone43;4706.481893689814;4143.807995855712;0.0;zone43;S01010298;12;880;677;515;[0.308943,0.479675,0.211382];[0.581395,0.356589,0.062016];[0.539683,0.396825,0.063492];[0.744828,0.193103,0.062069];[0.227272727273,0.0984848484848,0.371212121212,0.30303030303];1;486.0;0.0190902878356;1070;69;0.22333333333333333;1.75;39.85666666666666;37.916666666666664;70.08999999999999;11.5;23.25;13.25;4.9733333333333345;0.0;4.846666666666667;0.6900000000000001;1.4000000000000001;0.28;1.7233333333333334;6.583333333333333;11.416666666666666
11286;zone44;4885.424673909578;4209.645754097502;0.0;zone44;S01010299;4;536;404;292;[0.3,0.54,0.16];[0.556701,0.340206,0.103093];[0.458333,0.520833,0.020833];[0.584906,0.283019,0.132075];[0.428571428571,0.0857142857143,0.285714285714,0.2];1;375.0;-0.10827530326;722;27;0.27;1.75;33.34;42.5;75.50999999999999;13.0;25.25;11.5;6.12;0.0;0.79;1.1;5.16;0.48;2.56;7.5;12.75
11286;zone45;4883.397012115578;4340.414778682246;0.0;zone45;S01010300;21;934;764;478;[0.460784,0.411765,0.127451];[0.664653,0.238671,0.096677];[0.632353,0.323529,0.044118];[0.606383,0.329787,0.06383];[0.3046875,0.125,0.3515625,0.21875];2;513.0;0.0498225801839;604;156;0.2838095238095238;1.380952380952381;39.0647619047619;43.857142857142854;71.61142857142858;11.857142857142858;23.80952380952381;13.095238095238095;4.272380952380952;0.0;3.0019047619047616;0.6647619047619047;3.9809523809523815;0.2552380952380953;1.666666666666667;7.285714285714286;11.380952380952381
11286;zone46;5144.66081966521;4032.769083704074;0.0;zone46;S01010301;6;522;457;283;[0.292683,0.597561,0.109756];[0.57563,0.315126,0.109244];[0.222222,0.703704,0.074074];[0.561798,0.393258,0.044944];[0.214285714286,0.0612244897959,0.459183673469,0.265306122449];4;490.0;0.0232745011966;2051;51;0.32666666666666666;1.8333333333333333;57.61333333333332;49.666666666666664;80.10000000000001;11.0;23.333333333333332;19.833333333333332;6.8933333333333335;0.0;1.5199999999999998;0.9266666666666667;4.166666666666666;0.3133333333333333;1.9400000000000002;8.333333333333334;13.0
11286;zone47;5165.568789180556;4297.038752619699;0.0;zone47;S01010302;24;669;495;388;[0.65625,0.28125,0.0625];[0.6,0.356522,0.043478];[0.716981,0.226415,0.056604];[0.801802,0.18018,0.018018];[0.582417582418,0.0769230769231,0.263736263736,0.0769230769231];1;392.0;-0.0896499889057;1235;127;0.19833333333333333;1.3333333333333333;52.566666666666656;38.083333333333336;70.17166666666665;10.375;22.791666666666668;17.833333333333332;4.251666666666666;0.0;1.6633333333333333;0.18000000000000002;3.3516666666666666;0.3083333333333334;2.3866666666666663;5.291666666666667;8.875
11286;zone48;5241.140616766716;4139.402270499609;0.0;zone48;S01010303;33;579;387;250;[0.692308,0.153846,0.153846];[0.56701,0.298969,0.134021];[0.630435,0.282609,0.086957];[0.658879,0.285047,0.056075];[0.58407079646,0.106194690265,0.274336283186,0.0353982300885];1;415.0;-0.0627120940391;1477;212;0.2496969696969697;1.303030303030303;51.2509090909091;39.75757575757576;68.97696969696968;10.151515151515152;22.393939393939394;17.545454545454547;5.699393939393942;0.0;1.4072727272727272;0.5224242424242425;2.4666666666666663;0.30545454545454553;1.9527272727272726;4.696969696969697;9.666666666666666
11286;zone49;4853.647576226233;3833.123065294377;0.0;zone49;S01010304;12;542;456;332;[0.323529,0.514706,0.161765];[0.635135,0.25,0.114865];[0.477273,0.522727,0.0];[0.829268,0.109756,0.060976];[0.372340425532,0.0425531914894,0.297872340426,0.287234042553];1;804.0;0.384523850516;1837;61;0.2;1.9166666666666667;60.04;36.583333333333336;74.67999999999999;10.416666666666666;22.833333333333332;20.416666666666668;5.046666666666667;0.0;1.97;0.39333333333333337;3.073333333333333;0.11666666666666665;2.06;6.583333333333333;10.083333333333334
11286;zone50;4697.410406890209;3639.1027396354093;0.0;zone50;S01010305;7;807;694;478;[0.36036,0.468468,0.171171];[0.553191,0.33617,0.110638];[0.409639,0.301205,0.289157];[0.589888,0.337079,0.073034];[0.198529411765,0.0735294117647,0.382352941176,0.345588235294];1;223.0;-0.28282788147;680;40;0.22285714285714286;1.7142857142857142;50.78285714285715;32.857142857142854;67.92571428571428;9.571428571428571;22.714285714285715;17.714285714285715;3.3085714285714287;0.0;2.4057142857142857;1.3599999999999999;0.6342857142857142;0.36;1.6800000000000002;6.428571428571429;7.142857142857143
11286;zone51;4591.3082521834585;3868.367573740388;0.0;zone51;S01010306;13;752;675;449;[0.35625,0.56875,0.075];[0.570588,0.355882,0.073529];[0.283019,0.566038,0.150943];[0.650943,0.330189,0.018868];[0.165680473373,0.0473372781065,0.479289940828,0.307692307692];2;238.0;-0.265781391166;773;82;0.23384615384615384;1.6923076923076923;48.36615384615384;45.46153846153846;77.91076923076922;12.076923076923077;24.153846153846153;16.46153846153846;5.72;0.0;3.076923076923077;2.4153846153846152;1.2000000000000002;0.3815384615384615;2.0184615384615388;8.923076923076923;12.0
11286;zone52;4503.72067559025;3742.2957906521283;0.0;zone52;S01010307;9;821;732;428;[0.189922,0.577519,0.232558];[0.407407,0.487654,0.104938];[0.346154,0.538462,0.115385];[0.71875,0.234375,0.046875];[0.0681818181818,0.0568181818182,0.375,0.5];5;319.0;-0.172537833795;475;102;0.4311111111111111;2.111111111111111;47.68000000000001;69.77777777777777;84.68;10.88888888888889;24.0;16.333333333333332;7.666666666666667;0.0;3.315555555555556;6.528888888888889;1.0711111111111111;0.3244444444444444;1.337777777777778;11.333333333333334;18.0
11286;zone53;4364.519870735056;4047.768725526131;0.0;zone53;S01010308;9;975;858;480;[0.285714,0.54007,0.174216];[0.511936,0.384615,0.103448];[0.254902,0.411765,0.333333];[0.648352,0.307692,0.043956];[0.0970873786408,0.0631067961165,0.359223300971,0.480582524272];4;257.0;-0.244477582955;1247;76;0.32;2.111111111111111;48.986666666666665;47.77777777777778;71.58666666666666;9.333333333333334;22.333333333333332;16.666666666666668;5.097777777777777;0.0;3.5955555555555554;2.1244444444444444;1.0088888888888892;0.2666666666666667;1.7555555555555555;7.333333333333333;11.333333333333334
11286;zone54;5381.88771051669;3636.3205112402793;0.0;zone54;S01010309;4;419;356;264;[0.333333,0.25,0.416667];[0.478873,0.422535,0.098592];[0.352941,0.382353,0.264706];[0.705882,0.24183,0.052288];[0.365853658537,0.170731707317,0.390243902439,0.0731707317073];1;0.0;-0.540229885057;2153;13;0.12;1.25;42.89;25.0;59.73;9.5;21.5;14.25;2.5700000000000003;0.0;0.9199999999999999;0.30000000000000004;1.71;0.14;2.57;4.75;5.0
11286;zone55;5657.373406240428;3625.6586165034923;0.0;zone55;S01010310;13;706;540;381;[0.333333,0.238095,0.428571];[0.565517,0.337931,0.096552];[0.54902,0.27451,0.176471];[0.715415,0.256917,0.027668];[0.484848484848,0.151515151515,0.318181818182,0.0454545454545];1;574.0;0.120406534162;845;58;0.1723076923076923;1.2307692307692308;46.79076923076923;33.92307692307692;64.84307692307692;10.076923076923077;22.46153846153846;16.076923076923077;2.4153846153846152;0.0;2.455384615384615;0.16615384615384615;2.787692307692308;0.4276923076923078;1.8399999999999999;4.538461538461538;7.3076923076923075
11286;zone56;5685.425126382168;3318.6970593171873;0.0;zone56;S01010311;22;721;556;351;[0.411765,0.352941,0.235294];[0.472222,0.453704,0.074074];[0.571429,0.404762,0.02381];[0.717949,0.271062,0.010989];[0.565217391304,0.121739130435,0.269565217391,0.0434782608696];1;1534.0;1.22364271569;1642;95;0.16727272727272727;1.3636363636363635;58.449090909090906;30.818181818181817;69.33454545454543;10.090909090909092;22.5;20.136363636363637;2.4509090909090907;0.0;2.1254545454545455;0.15454545454545454;2.523636363636364;0.32545454545454544;2.0872727272727274;5.2727272727272725;6.7727272727272725
11286;zone57;5466.52613028024;3072.1402274564575;0.0;zone57;S01010312;34;868;647;425;[0.117647,0.823529,0.058824];[0.754386,0.22807,0.017544];[0.407407,0.444444,0.148148];[0.804945,0.153846,0.041209];[0.586956521739,0.115942028986,0.268115942029,0.0289855072464];1;685.0;0.247477927043;1651;138;0.15411764705882353;1.1764705882352942;58.48352941176471;34.529411764705884;69.69176470588233;9.558823529411764;22.5;19.91176470588235;2.6964705882352935;0.0;2.883529411764706;0.05058823529411766;3.163529411764706;0.3482352941176471;2.663529411764706;4.088235294117647;8.323529411764707
11286;zone58;5251.7403530303945;3502.549209042501;0.0;zone58;S01010313;16;654;529;356;[0.428571,0.285714,0.285714];[0.6,0.333333,0.066667];[0.433735,0.481928,0.084337];[0.739623,0.162264,0.098113];[0.648351648352,0.131868131868,0.175824175824,0.043956043956];1;565.0;0.109617915218;2142;83;0.2;1.125;61.629999999999995;37.625;76.7425;11.1875;23.8125;21.125;4.557499999999999;0.0;2.02;0.33;3.7025;0.29000000000000004;2.545;5.375;10.125
11286;zone59;4840.312157862589;3385.4448126102257;0.0;zone59;S01010314;21;1248;1034;550;[0.358209,0.507463,0.134328];[0.514493,0.333333,0.152174];[0.5,0.326923,0.173077];[0.636,0.324,0.04];[0.316901408451,0.133802816901,0.401408450704,0.147887323944];1;637.0;0.192402372167;1131;110;0.2038095238095238;1.9047619047619047;45.546666666666674;38.142857142857146;73.7942857142857;11.714285714285714;24.0;15.476190476190476;4.662857142857142;0.0;3.415238095238095;1.3257142857142858;1.262857142857143;0.21714285714285717;1.620952380952381;8.428571428571429;10.19047619047619
11286;zone60;4536.293429266749;2504.1273706154316;0.0;zone60;S01010315;43;911;678;409;[0.180723,0.554217,0.26506];[0.252632,0.457895,0.289474];[0.208333,0.5,0.291667];[0.55144,0.345679,0.102881];[0.308176100629,0.169811320755,0.358490566038,0.163522012579];2;382.0;-0.100954860853;1601;252;0.2288372093023256;1.3488372093023255;51.443720930232566;38.93023255813954;68.65581395348838;9.767441860465116;22.46511627906977;17.41860465116279;3.8176744186046525;0.0;2.7581395348837208;0.0;3.5795348837209313;0.333953488372093;2.154418604651163;4.6976744186046515;9.627906976744185
11286;zone61;4589.6619547948285;2943.195659127726;0.0;zone61;S01010316;25;512;414;304;[0.392157,0.529412,0.078431];[0.62931,0.37069,0.0];[0.439024,0.560976,0.0];[0.775401,0.224599,0.0];[0.439252336449,0.102803738318,0.252336448598,0.205607476636];1;481.0;0.0128180141103;1417;142;0.2144;1.64;53.852799999999995;36.16;72.9312;10.84;23.24;18.4;3.3136000000000005;0.0;2.9568000000000008;0.0752;3.4512;0.28640000000000004;2.4848;6.28;9.32
11286;zone63;4421.5566371748755;3071.026327566895;0.0;zone63;S01010318;12;1588;1497;304;[0.5,0.456522,0.043478];[0.469799,0.47651,0.053691];[0.310345,0.37931,0.310345];[0.678571,0.285714,0.035714];[0.36,0.14,0.34,0.16];3;317.0;-0.175110645645;1045;89;0.2833333333333333;1.5833333333333333;61.67666666666667;56.0;81.43666666666665;9.5;23.75;21.25;8.61;0.0;6.493333333333332;0.8466666666666667;0.9200000000000003;0.25333333333333335;1.87;6.25;16.333333333333332
11286;zone64;4173.240913470097;2893.8040771744095;0.0;zone64;S01010319;9;711;624;407;[0.258741,0.608392,0.132867];[0.383399,0.486166,0.130435];[0.439394,0.212121,0.348485];[0.530769,0.384615,0.084615];[0.171974522293,0.0700636942675,0.471337579618,0.286624203822];2;473.0;0.00423719084943;1453;55;0.2311111111111111;1.3333333333333333;49.57777777777778;41.44444444444444;68.6711111111111;10.0;22.333333333333332;16.666666666666668;5.0;0.0;2.537777777777778;0.1733333333333333;2.666666666666667;0.2977777777777778;2.2266666666666666;4.777777777777778;9.777777777777779
11286;zone65;3940.1918462749595;2900.8899784533987;0.0;zone65;S01010320;4;675;594;437;[0.257813,0.523438,0.21875];[0.61753,0.298805,0.083665];[0.526316,0.22807,0.245614];[0.805085,0.169492,0.025424];[0.172185430464,0.0662251655629,0.443708609272,0.317880794702];1;646.0;0.202453315259;1231;18;0.17;2.75;47.080000000000005;19.5;75.94;12.0;24.0;16.25;3.79;0.0;1.53;0.53;0.73;0.3;1.9899999999999998;13.0;6.0
11286;zone66;3905.8658739096163;2664.6669636212755;0.0;zone66;S01010321;7;837;634;432;[0.401709,0.555556,0.042735];[0.54717,0.433962,0.018868];[0.45122,0.439024,0.109756];[0.666667,0.271186,0.062147];[0.212328767123,0.0958904109589,0.390410958904,0.301369863014];1;1019.0;0.631764531736;1920;21;0.12;2.4285714285714284;54.88;28.142857142857142;76.4742857142857;11.571428571428571;23.428571428571427;19.142857142857142;2.5599999999999996;0.0;2.0799999999999996;0.09142857142857143;3.211428571428571;0.26285714285714284;2.3771428571428572;9.857142857142858;7.285714285714286
11286;zone67;3630.3978644730896;3132.1651121578075;0.0;zone67;S01010322;9;1028;914;549;[0.174419,0.549419,0.276163];[0.412399,0.471698,0.115903];[0.298507,0.38806,0.313433];[0.647059,0.323529,0.029412];[0.057268722467,0.0352422907489,0.449339207048,0.458149779736];5;124.0;-0.397569575369;1467;91;0.38222222222222224;1.6666666666666667;29.82222222222222;56.55555555555556;70.65777777777777;10.0;23.333333333333332;9.88888888888889;6.28;0.0;6.937777777777779;1.1377777777777778;1.56;0.16444444444444448;1.9466666666666663;7.444444444444445;15.333333333333334
11286;zone68;6208.193116766784;3072.425066795916;0.0;zone68;S01010323;4;603;466;377;[0.555556,0.444444,0.0];[0.657143,0.271429,0.071429];[0.642857,0.321429,0.035714];[0.793651,0.166667,0.039683];[0.578431372549,0.166666666667,0.235294117647,0.0196078431373];1;970.0;0.57559463238;1077;14;0.14;0.75;57.19;33.5;73.01;10.75;24.5;18.25;8.02;0.0;1.22;0.08;1.79;0.39;3.68;2.5;10.5
11286;zone69;6517.651722029823;2240.572579661372;0.0;zone69;S01010324;6;759;566;403;[0.142857,0.571429,0.285714];[0.298077,0.490385,0.211538];[0.333333,0.530864,0.135802];[0.401674,0.414226,0.1841];[0.569620253165,0.101265822785,0.291139240506,0.0379746835443];1;407.0;-0.0721601679586;1525;23;0.14;0.8333333333333334;37.72;35.666666666666664;64.37333333333333;11.666666666666666;23.5;12.5;3.513333333333333;0.0;2.126666666666667;0.0;3.306666666666667;0.2133333333333333;2.3933333333333335;3.5;8.5
11286;zone70;6038.016041009105;2402.8415869980217;0.0;zone70;S01010325;18;939;666;501;[0.263158,0.368421,0.368421];[0.383838,0.525253,0.090909];[0.253623,0.615942,0.130435];[0.451362,0.463035,0.085603];[0.545454545455,0.238636363636,0.193181818182,0.0227272727273];1;225.0;-0.281126582053;1482;81;0.1711111111111111;0.8888888888888888;39.31555555555556;37.611111111111114;66.75555555555556;11.833333333333334;23.555555555555557;13.11111111111111;2.595555555555555;0.0;1.568888888888889;0.0;4.748888888888889;0.39111111111111113;2.808888888888889;4.5;8.38888888888889
11286;zone71;5272.359331052501;2740.775131541117;0.0;zone71;S01010326;39;987;707;494;[0.526316,0.368421,0.105263];[0.522523,0.333333,0.144144];[0.492188,0.3125,0.195313];[0.723514,0.224806,0.05168];[0.54375,0.16875,0.23125,0.05625];1;1389.0;1.05701743376;1010;198;0.19589743589743588;1.5384615384615385;52.33025641025641;36.17948717948718;73.09333333333332;10.846153846153847;22.974358974358974;17.641025641025642;2.3610256410256416;0.0;5.963076923076925;0.0;2.294358974358975;0.3835897435897436;2.0143589743589745;6.666666666666667;10.128205128205128
11286;zone72;4970.167032608406;2501.795090448298;0.0;zone72;S01010327;34;982;660;362;[0.031746,0.507937,0.460317];[0.372881,0.432203,0.194915];[0.289063,0.328125,0.382813];[0.516892,0.347973,0.135135];[0.416184971098,0.21387283237,0.236994219653,0.132947976879];1;470.0;0.000335688704598;926;177;0.2023529411764706;1.8823529411764706;44.497647058823524;31.352941176470587;67.02705882352942;9.558823529411764;22.323529411764707;15.0;2.2611764705882353;0.0;5.845882352941175;0.01882352941176471;1.1600000000000001;0.36470588235294116;1.8447058823529412;6.764705882352941;8.794117647058824
11286;zone73;5975.307390960257;2677.5485166167286;0.0;zone73;S01010328;24;969;706;445;[0.16129,0.5,0.33871];[0.27044,0.471698,0.257862];[0.192547,0.434783,0.372671];[0.338983,0.432203,0.228814];[0.309352517986,0.258992805755,0.280575539568,0.151079136691];2;457.0;-0.0138550124678;1945;137;0.22333333333333333;1.5833333333333333;51.453333333333326;39.541666666666664;69.425;9.541666666666666;22.333333333333332;17.708333333333332;3.858333333333334;0.0;2.181666666666667;0.0;3.6966666666666668;0.38000000000000017;1.9833333333333336;5.958333333333333;9.291666666666666
11286;zone74;4421.847657862615;2232.0860934321454;0.0;zone74;S01010329;21;573;435;290;[0.368421,0.263158,0.368421];[0.341176,0.470588,0.188235];[0.255814,0.465116,0.27907];[0.52,0.354286,0.125714];[0.438356164384,0.191780821918,0.27397260274,0.0958904109589];2;105.0;-0.418628586414;1767;108;0.1980952380952381;1.2857142857142858;60.537142857142854;42.523809523809526;76.96190476190475;11.142857142857142;23.61904761904762;20.61904761904762;4.339047619047618;0.0;2.9714285714285715;0.02095238095238095;3.9580952380952374;0.2666666666666667;2.31047619047619;5.904761904761905;10.80952380952381
