cycle;name;location.x;location.y;location.z;name;dataZone;nm_children;pop;over16;nm_hh;AB_car_prob;C1_car_prob;C2_car_prob;DE_car_prob;prob_social;simd;crimeRate;norm_crime;avg_dis_sh;neigh_play;daily_play_per_child;avg_FSA;avg_walk;daily_OD;zone_mvpa;mvpa_home;mvpa_sc;mvpa_road;mvpa_play_field;mvpa_home_garden;mvpa_park;mvpa_PG;mvpa_amenity;mvpa_shops;mvpa_F_home;mvpa_fsa;mvpa_OD
11286;zone0;8448.90275962388;2625.4515469546564;0.0;zone0;S01010195;19;531;390;212;[0.0,0.481481,0.518519];[0.261538,0.646154,0.092308];[0.12,0.59,0.29];[0.447368,0.368421,0.184211];[0.418918918919,0.283783783784,0.202702702703,0.0945945945946];1;0.0;-0.540229885057;1176;92;0.1831578947368421;0.9473684210526315;44.694736842105264;34.8421052631579;61.66526315789473;9.736842105263158;21.736842105263158;15.210526315789474;0.985263157894737;0.0;3.4;0.03368421052631579;3.0294736842105268;0.36842105263157904;2.2968421052631576;3.0;7.052631578947368
11286;zone1;8656.736904000718;2165.9902346445633;0.0;zone1;S01010198;18;1027;748;394;[0.058824,0.529412,0.411765];[0.305785,0.561983,0.132231];[0.219858,0.496454,0.283688];[0.523179,0.331126,0.145695];[0.48623853211,0.229357798165,0.266055045872,0.0183486238532];1;1609.0;1.3102524676;1407;53;0.11777777777777777;1.3333333333333333;36.22666666666666;23.0;62.76444444444443;11.555555555555555;23.444444444444443;12.277777777777779;1.668888888888889;0.0;2.057777777777778;0.09555555555555556;2.582222222222222;0.5044444444444445;2.5822222222222226;4.388888888888889;5.944444444444445
11286;zone2;8537.588755655543;3024.028900129281;0.0;zone2;S01010201;22;643;453;253;[0.0,0.47619,0.52381];[0.270833,0.3125,0.416667];[0.088,0.48,0.432];[0.296552,0.434483,0.268966];[0.365853658537,0.292682926829,0.292682926829,0.0487804878049];2;219.0;-0.28762447053;947;106;0.1890909090909091;1.3181818181818181;37.38545454545455;38.13636363636363;64.06181818181817;10.409090909090908;22.727272727272727;12.727272727272727;1.6745454545454548;0.0;3.5963636363636367;0.05272727272727273;3.705454545454545;0.21818181818181825;2.649090909090909;4.7272727272727275;8.545454545454545
11286;zone3;8059.42097232239;3767.666522351409;0.0;zone3;S01010203;30;671;504;260;[0.090909,0.363636,0.545455];[0.263804,0.460123,0.276074];[0.094828,0.422414,0.482759];[0.183824,0.375,0.441176];[0.272727272727,0.218181818182,0.363636363636,0.145454545455];3;215.0;-0.292668818285;1941;113;0.13866666666666666;1.9333333333333333;45.801333333333325;27.333333333333332;72.40799999999999;11.733333333333333;24.066666666666666;15.666666666666666;1.7226666666666666;0.0;3.318666666666666;0.0;2.7746666666666666;0.38133333333333325;2.168;8.7;7.333333333333333
11286;zone4;8368.288440296214;3565.498290652094;0.0;zone4;S01010204;30;800;589;381;[0.272727,0.727273,0.0];[0.627451,0.27451,0.098039];[0.444444,0.533333,0.022222];[0.600619,0.321981,0.077399];[0.595041322314,0.157024793388,0.239669421488,0.00826446280992];1;497.0;0.0317745673598;1054;143;0.176;1.3666666666666667;35.769333333333336;35.5;66.22;11.166666666666666;23.166666666666668;11.9;2.0613333333333332;0.0;3.658666666666667;0.05466666666666667;3.8040000000000003;0.3346666666666667;2.3826666666666667;5.966666666666667;9.1
11286;zone5;8034.229745798958;3515.110462853287;0.0;zone5;S01010205;15;658;534;355;[0.411765,0.117647,0.470588];[0.465116,0.457364,0.077519];[0.317757,0.588785,0.093458];[0.593458,0.280374,0.126168];[0.466666666667,0.2,0.3,0.0333333333333];1;925.0;0.523434132086;1469;50;0.128;1.5333333333333334;51.162666666666674;31.733333333333334;71.25866666666666;11.133333333333333;23.333333333333332;17.533333333333335;2.5546666666666664;0.0;3.2453333333333334;0.02133333333333333;3.2053333333333334;0.34933333333333333;2.218666666666667;5.933333333333334;8.666666666666666
11286;zone6;7457.064719570519;3739.055375726369;0.0;zone6;S01010208;18;903;745;565;[0.30137,0.589041,0.109589];[0.48062,0.457364,0.062016];[0.272727,0.613636,0.113636];[0.66055,0.270642,0.068807];[0.233333333333,0.133333333333,0.461111111111,0.172222222222];1;603.0;0.153385979085;1446;54;0.12;1.5;48.28;25.61111111111111;71.45999999999998;12.11111111111111;23.72222222222222;16.555555555555557;2.5666666666666673;0.0;2.0244444444444443;0.0;2.704444444444445;0.448888888888889;2.6133333333333333;6.777777777777778;6.777777777777778
11286;zone7;7917.838214725937;1939.334458859395;0.0;zone7;S01010209;24;966;677;468;[0.172414,0.586207,0.241379];[0.333333,0.414966,0.251701];[0.381944,0.458333,0.159722];[0.545852,0.336245,0.117904];[0.337931034483,0.248275862069,0.303448275862,0.110344827586];1;2053.0;1.82052250092;1655;71;0.11166666666666666;1.9166666666666667;48.52166666666667;24.583333333333332;68.47500000000001;10.541666666666666;22.791666666666668;16.666666666666668;1.3300000000000003;0.0;3.741666666666667;0.0;1.79;0.2750000000000001;2.1150000000000007;7.5;6.416666666666667
11286;zone8;7878.406567747077;2721.2634132011362;0.0;zone8;S01010210;18;885;641;416;[0.173913,0.456522,0.369565];[0.21519,0.5,0.28481];[0.189781,0.386861,0.423358];[0.422111,0.442211,0.135678];[0.394736842105,0.236842105263,0.254385964912,0.114035087719];1;344.0;-0.144253829852;1005;93;0.20444444444444446;1.0;36.10666666666667;37.388888888888886;62.386666666666684;10.555555555555555;22.22222222222222;12.055555555555555;1.651111111111111;0.0;4.517777777777777;0.0;3.3177777777777777;0.328888888888889;2.393333333333333;3.5;8.944444444444445
11286;zone9;7785.599648345685;3201.783800714137;0.0;zone9;S01010211;22;858;634;452;[0.147059,0.705882,0.147059];[0.384615,0.452991,0.162393];[0.469565,0.4,0.130435];[0.722656,0.226563,0.050781];[0.473214285714,0.169642857143,0.285714285714,0.0714285714286];1;430.0;-0.0456985893816;1095;91;0.15818181818181817;1.4545454545454546;34.803636363636365;33.04545454545455;67.02;11.818181818181818;23.59090909090909;11.545454545454545;3.2036363636363636;0.0;4.243636363636363;0.0;2.705454545454545;0.4327272727272728;2.2890909090909095;5.454545454545454;9.636363636363637
11286;zone10;7580.688680869333;3097.127786881416;0.0;zone10;S01010212;49;1083;779;559;[0.233333,0.633333,0.133333];[0.594771,0.339869,0.065359];[0.465517,0.405172,0.12931];[0.712821,0.269231,0.017949];[0.566037735849,0.138364779874,0.22641509434,0.0691823899371];1;1473.0;1.15298517036;1234;254;0.19918367346938776;0.8571428571428571;52.752653061224485;37.59183673469388;68.1191836734694;10.020408163265307;22.510204081632654;18.020408163265305;2.555102040816327;0.0;4.166530612244897;0.0;3.009795918367348;0.3314285714285714;2.7575510204081635;3.1020408163265305;9.26530612244898
11286;zone11;8065.177293237223;3111.5884965344962;0.0;zone11;S01010213;13;924;657;476;[0.105263,0.684211,0.210526];[0.382609,0.547826,0.069565];[0.218543,0.556291,0.225166];[0.467925,0.483019,0.049057];[0.451327433628,0.221238938053,0.274336283186,0.0530973451327];1;247.0;-0.255840453357;908;60;0.18461538461538463;0.9230769230769231;27.60307692307692;34.53846153846154;63.85846153846153;12.692307692307692;23.615384615384617;9.076923076923077;1.7107692307692308;0.0;4.646153846153846;0.03384615384615385;3.572307692307692;0.4246153846153847;2.5907692307692307;3.923076923076923;9.538461538461538
11286;zone12;7144.994858230166;1947.4125453867302;0.0;zone12;S01010214;27;967;717;396;[0.098592,0.28169,0.619718];[0.197531,0.438272,0.364198];[0.173333,0.493333,0.333333];[0.237069,0.487069,0.275862];[0.361344537815,0.210084033613,0.310924369748,0.117647058824];3;176.0;-0.337854473183;1986;112;0.15851851851851853;1.6666666666666667;47.56444444444443;30.185185185185187;69.74666666666667;10.74074074074074;23.185185185185187;16.11111111111111;1.974814814814815;0.0;3.9362962962962964;0.0;2.4829629629629637;0.47555555555555556;1.7555555555555558;7.37037037037037;7.925925925925926
11286;zone13;7013.590150664996;2618.495528189446;0.0;zone13;S01010215;24;850;608;492;[0.571429,0.285714,0.142857];[0.5,0.431373,0.068627];[0.382609,0.391304,0.226087];[0.678571,0.269841,0.051587];[0.467289719626,0.140186915888,0.345794392523,0.0467289719626];1;547.0;0.0886083430805;622;108;0.175;1.2083333333333333;35.486666666666665;33.0;64.18166666666667;11.208333333333334;23.166666666666668;11.958333333333334;1.3516666666666666;0.0;2.445;0.0;4.608333333333333;0.3333333333333334;2.5900000000000003;4.75;7.958333333333333
11286;zone14;7332.222205807836;2329.961970144465;0.0;zone14;S01010216;15;621;464;361;[0.6,0.4,0.0];[0.597701,0.356322,0.045977];[0.409091,0.439394,0.151515];[0.709544,0.273859,0.016598];[0.5,0.163265306122,0.265306122449,0.0714285714286];1;600.0;0.150092344085;1303;36;0.09066666666666667;1.8666666666666667;57.79999999999998;26.933333333333334;69.84266666666667;9.466666666666667;22.533333333333335;19.8;0.9413333333333332;0.0;3.072;0.0;2.352;0.42133333333333334;2.250666666666667;7.266666666666667;5.8
11286;zone15;7299.833172322251;2625.8610945736937;0.0;zone15;S01010217;33;817;598;406;[0.16129,0.516129,0.322581];[0.565517,0.4,0.034483];[0.5,0.431373,0.068627];[0.702703,0.283784,0.013514];[0.541935483871,0.0967741935484,0.296774193548,0.0645161290323];1;1060.0;0.679274950851;1009;184;0.21696969696969698;1.1818181818181819;43.863030303030314;39.78787878787879;68.94060606060607;11.181818181818182;23.181818181818183;14.696969696969697;2.2521212121212124;0.0;4.4763636363636365;0.0;4.037575757575758;0.3866666666666666;2.570909090909091;4.515151515151516;10.333333333333334
11286;zone16;7142.953643082513;3018.5401822929393;0.0;zone16;S01010218;31;1018;790;587;[0.425532,0.404255,0.170213];[0.392523,0.453271,0.154206];[0.358209,0.492537,0.149254];[0.589124,0.335347,0.075529];[0.424657534247,0.109589041096,0.369863013699,0.0958904109589];1;557.0;0.101026678737;568;103;0.12516129032258064;0.9354838709677419;34.867096774193534;34.12903225806452;62.04;10.935483870967742;22.64516129032258;11.741935483870968;1.5845161290322585;0.0;3.002580645161291;0.0;3.9819354838709677;0.36903225806451606;2.425806451612903;3.5806451612903225;8.129032258064516
11286;zone17;6738.8937706128745;4298.8917997019325;0.0;zone17;S01010219;21;503;382;274;[0.695652,0.304348,0.0];[0.758621,0.215517,0.025862];[0.761905,0.166667,0.071429];[0.781609,0.195402,0.022989];[0.41935483871,0.0752688172043,0.408602150538,0.0967741935484];2;184.0;-0.327838932938;1657;115;0.20761904761904762;1.1904761904761905;58.19047619047619;39.523809523809526;72.32190476190475;9.952380952380953;22.714285714285715;19.904761904761905;4.118095238095238;0.0;5.483809523809522;0.0;1.7066666666666672;0.31428571428571433;2.3333333333333335;4.095238095238095;10.857142857142858
11286;zone18;5915.780765415368;4211.222876105162;0.0;zone18;S01010220;7;476;433;279;[0.181159,0.608696,0.210145];[0.404255,0.531915,0.06383];[0.227273,0.704545,0.068182];[0.448276,0.482759,0.068966];[0.154545454545,0.0636363636364,0.318181818182,0.463636363636];5;267.0;-0.232306706325;1172;47;0.26285714285714284;1.8571428571428572;47.73142857142857;31.285714285714285;75.85714285714286;11.714285714285714;23.714285714285715;16.571428571428573;3.8742857142857146;0.0;4.72;0.25142857142857145;1.4457142857142855;0.2571428571428572;2.32;9.285714285714286;9.714285714285714
11286;zone19;6341.0811208317455;3913.8398648988496;0.0;zone19;S01010221;13;546;394;260;[0.6,0.4,0.0];[0.557377,0.409836,0.032787];[0.538462,0.323077,0.138462];[0.699387,0.257669,0.042945];[0.609375,0.140625,0.203125,0.046875];1;635.0;0.19005459739;975;48;0.14153846153846153;1.1538461538461537;45.72615384615385;26.76923076923077;69.84;11.76923076923077;23.76923076923077;15.384615384615385;3.7476923076923074;0.0;3.0061538461538464;0.12923076923076923;1.9415384615384617;0.3415384615384615;2.332307692307692;5.384615384615385;8.307692307692308
11286;zone20;7001.213463613622;4053.9957950241624;0.0;zone20;S01010222;15;492;414;285;[0.142857,0.5,0.357143];[0.432432,0.459459,0.108108];[0.348624,0.522936,0.12844];[0.747899,0.235294,0.016807];[0.345238095238,0.214285714286,0.309523809524,0.130952380952];1;377.0;-0.105830277325;1799;46;0.11733333333333333;1.7333333333333334;44.22133333333333;24.0;65.688;10.333333333333334;22.666666666666668;14.933333333333334;2.3493333333333335;0.0;1.986666666666667;0.0;2.013333333333333;0.2693333333333333;2.8426666666666662;6.533333333333333;5.933333333333334
11286;zone21;6986.8418912765155;3434.1450308482026;0.0;zone21;S01010223;4;556;462;337;[0.076923,0.538462,0.384615];[0.567797,0.330508,0.101695];[0.472222,0.444444,0.083333];[0.584699,0.36612,0.04918];[0.432432432432,0.162162162162,0.324324324324,0.0810810810811];1;439.0;-0.0353356041414;1514;4;0.04;1.25;45.18;25.0;78.25999999999999;14.75;25.75;15.5;4.46;0.0;2.16;0.0;2.16;0.47;3.8200000000000003;7.5;8.25
11286;zone22;6247.397837456437;3329.661273309237;0.0;zone22;S01010224;40;1036;727;469;[0.405405,0.540541,0.054054];[0.592593,0.274074,0.133333];[0.418803,0.504274,0.076923];[0.768421,0.202632,0.028947];[0.506097560976,0.140243902439,0.268292682927,0.0853658536585];1;1004.0;0.614259332793;971;131;0.125;1.125;45.54;27.325;67.48700000000001;11.7;23.475;15.425;4.154999999999999;0.0;1.9489999999999994;0.075;1.7290000000000003;0.413;2.4240000000000004;4.525;7.45
11286;zone23;7827.985844039554;4105.4701191949;0.0;zone23;S01010225;33;812;636;431;[0.25,0.634615,0.115385];[0.469072,0.43299,0.097938];[0.54023,0.413793,0.045977];[0.672065,0.234818,0.093117];[0.385185185185,0.125925925926,0.325925925926,0.162962962963];1;1006.0;0.616572011517;1560;111;0.12848484848484848;1.3333333333333333;49.21818181818181;27.818181818181817;67.45818181818181;10.333333333333334;22.87878787878788;16.727272727272727;2.6993939393939392;0.0;3.2133333333333343;0.00606060606060606;1.7321212121212117;0.3527272727272727;2.4812121212121214;5.333333333333333;7.151515151515151
11286;zone24;7040.363001382077;4481.052780471187;0.0;zone24;S01010226;40;816;565;394;[0.454545,0.242424,0.30303];[0.715385,0.2,0.084615];[0.540541,0.405405,0.054054];[0.766917,0.18797,0.045113];[0.503355704698,0.201342281879,0.221476510067,0.0738255033557];2;422.0;-0.0548014077425;1407;277;0.27;1.425;52.867;44.725;74.917;10.225;23.25;17.975;4.928;0.0;6.653000000000001;0.063;2.102;0.30100000000000005;2.2159999999999997;5.45;13.3
11286;zone25;6847.772309074456;4638.663588163389;0.0;zone25;S01010227;39;692;454;294;[0.413793,0.413793,0.172414];[0.704545,0.238636,0.056818];[0.654545,0.345455,0.0];[0.810606,0.159091,0.030303];[0.672268907563,0.0924369747899,0.159663865546,0.0756302521008];4;0.0;-0.540229885057;1187;336;0.3292307692307692;1.2564102564102564;50.66769230769233;56.256410256410255;77.09743589743587;10.282051282051283;23.025641025641026;17.0;6.4225641025641025;0.0;8.12;0.14564102564102566;2.4400000000000004;0.2625641025641025;2.2738461538461534;5.256410256410256;16.564102564102566
11286;zone26;8241.816993110848;4572.457656401622;0.0;zone26;S01010229;30;1016;787;508;[0.1,0.625,0.275];[0.350877,0.350877,0.298246];[0.348315,0.477528,0.174157];[0.565217,0.310559,0.124224];[0.420731707317,0.213414634146,0.292682926829,0.0731707317073];1;395.0;-0.0859445809966;1378;110;0.14133333333333334;1.0666666666666667;42.278666666666666;28.9;65.92533333333334;10.966666666666667;23.266666666666666;14.233333333333333;2.257333333333334;0.0;3.488000000000001;0.00266666666666667;2.3906666666666663;0.35999999999999993;2.3613333333333335;5.0;7.666666666666667
11286;zone27;7458.320056766788;4680.341251240345;0.0;zone27;S01010230;24;1005;772;577;[0.314286,0.628571,0.057143];[0.703883,0.296117,0.0];[0.727273,0.218182,0.054545];[0.71831,0.24507,0.03662];[0.517857142857,0.136904761905,0.267857142857,0.077380952381];1;846.0;0.433218203459;911;97;0.155;1.2916666666666667;39.68333333333333;33.75;66.875;10.875;23.541666666666668;13.25;2.5899999999999994;0.0;4.825;0.06666666666666667;2.2266666666666666;0.35166666666666674;2.278333333333334;5.166666666666667;9.333333333333334
11286;zone28;7569.802990100143;4917.458811240416;0.0;zone28;S01010232;37;1074;792;485;[0.457143,0.485714,0.057143];[0.557292,0.338542,0.104167];[0.492063,0.333333,0.174603];[0.654229,0.251244,0.094527];[0.470297029703,0.153465346535,0.306930693069,0.0693069306931];1;771.0;0.347049794199;1051;156;0.1643243243243243;1.3243243243243243;48.686486486486494;36.08108108108108;71.42162162162163;11.243243243243244;23.45945945945946;16.54054054054054;2.8075675675675686;0.0;3.868108108108108;0.05081081081081081;3.521081081081081;0.34486486486486484;2.508108108108108;5.297297297297297;9.756756756756756
11286;zone29;7830.713068379679;4879.746446724283;0.0;zone29;S01010233;33;970;705;476;[0.275,0.625,0.1];[0.655629,0.245033,0.099338];[0.52809,0.426966,0.044944];[0.771505,0.212366,0.016129];[0.587209302326,0.093023255814,0.261627906977,0.0581395348837];1;284.0;-0.213781821634;1138;156;0.1781818181818182;1.4242424242424243;48.20848484848485;34.54545454545455;69.07757575757576;10.606060606060606;22.78787878787879;16.303030303030305;1.633939393939394;0.0;2.983030303030302;0.0993939393939394;3.7757575757575754;0.3151515151515152;2.1175757575757572;6.636363636363637;8.06060606060606
11286;zone30;6473.383843181837;4954.519765957263;0.0;zone30;S01010261;6;2551;2373;526;[0.666667,0.270833,0.0625];[0.675841,0.281346,0.042813];[0.75,0.25,0.0];[0.824468,0.164894,0.010638];[0.41,0.06,0.41,0.12];3;176.0;-0.337679921334;1555;31;0.18666666666666668;1.3333333333333333;74.68666666666667;38.833333333333336;78.08666666666666;11.333333333333334;23.666666666666668;24.833333333333332;2.8933333333333326;0.0;2.0333333333333337;0.0;5.2266666666666675;0.2933333333333333;1.866666666666667;4.166666666666667;9.666666666666666
11286;zone31;4930.642193689802;4959.449818932565;0.0;zone31;S01010266;3;555;474;237;[0.320755,0.556604,0.122642];[0.677273,0.254545,0.068182];[0.5,0.461538,0.038462];[0.534247,0.30137,0.164384];[0.141176470588,0.0588235294118,0.4,0.4];3;536.0;0.0761386922126;1277;10;0.13333333333333333;1.3333333333333333;32.17333333333333;26.666666666666668;63.96;12.333333333333334;24.0;11.0;1.0666666666666667;0.0;2.0;0.84;2.52;0.08;2.4266666666666667;6.0;5.666666666666667
11286;zone32;5712.5549897826;4979.400336637217;0.0;zone32;S01010270;4;1153;972;817;[0.389831,0.533898,0.076271];[0.70255,0.252125,0.045326];[0.714286,0.272727,0.012987];[0.771552,0.228448,0.0];[0.125,0.0909090909091,0.454545454545,0.329545454545];1;871.0;0.461200629557;1630;16;0.16;1.5;59.99999999999999;39.5;74.22000000000001;10.5;23.5;20.75;4.56;0.0;2.77;0.14;2.98;0.2;1.64;5.75;10.0
11286;zone33;3394.0723536088512;4934.677182292946;0.0;zone33;S01010282;13;976;841;645;[0.438776,0.520408,0.040816];[0.545732,0.405488,0.04878];[0.521277,0.382979,0.095745];[0.712707,0.232044,0.055249];[0.190954773869,0.070351758794,0.35175879397,0.386934673367];2;350.0;-0.137812028107;1333;43;0.12923076923076923;2.3076923076923075;54.84;30.692307692307693;76.53846153846153;11.384615384615385;23.692307692307693;18.53846153846154;1.5784615384615384;0.0;6.089230769230769;0.7753846153846156;1.0184615384615385;0.2676923076923077;1.4184615384615382;10.0;9.0
11286;zone34;4385.789287498423;4835.237486850067;0.0;zone34;S01010289;15;771;687;380;[0.130952,0.511905,0.357143];[0.262911,0.502347,0.234742];[0.178571,0.464286,0.357143];[0.410256,0.435897,0.153846];[0.058064516129,0.0322580645161,0.245161290323,0.664516129032];5;259.0;-0.241396294863;1182;81;0.20533333333333334;2.8;44.34133333333333;39.93333333333333;65.80266666666668;8.4;21.533333333333335;14.933333333333334;1.76;0.0;4.1946666666666665;0.6933333333333334;2.5946666666666673;0.25333333333333335;1.152;8.4;8.733333333333333
11286;zone35;4401.5375624188455;4669.062022109911;0.0;zone35;S01010290;13;546;485;278;[0.198198,0.603604,0.198198];[0.485944,0.449799,0.064257];[0.555556,0.444444,0.0];[0.435897,0.512821,0.051282];[0.10752688172,0.0430107526882,0.494623655914,0.354838709677];3;353.0;-0.133686757747;739;97;0.2923076923076923;1.6923076923076923;43.72615384615385;47.15384615384615;77.72923076923075;11.615384615384615;24.23076923076923;14.846153846153847;3.92;0.0;6.107692307692308;1.1446153846153846;2.8953846153846152;0.3046153846153846;1.8707692307692307;8.846153846153847;13.538461538461538
11286;zone36;4119.983651650423;4281.100418217042;0.0;zone36;S01010291;12;1075;975;481;[0.405594,0.447552,0.146853];[0.627907,0.277132,0.094961];[0.415094,0.433962,0.150943];[0.562963,0.325926,0.111111];[0.197080291971,0.0729927007299,0.445255474453,0.284671532847];3;438.0;-0.0363924713322;1014;72;0.22333333333333333;1.3333333333333333;44.56;45.0;66.25666666666666;9.583333333333334;22.166666666666668;14.916666666666666;2.82;0.0;4.95;1.9833333333333334;1.4399999999999997;0.3466666666666667;2.11;4.0;10.75
11286;zone37;4399.731076226201;4291.6703625917;0.0;zone37;S01010292;10;890;831;409;[0.348214,0.508929,0.142857];[0.477169,0.420091,0.10274];[0.339286,0.446429,0.214286];[0.55814,0.383721,0.05814];[0.128378378378,0.0540540540541,0.398648648649,0.418918918919];4;323.0;-0.168488563048;829;69;0.26;1.4;44.583999999999996;49.6;66.292;9.0;21.7;15.0;3.4120000000000004;0.0;5.651999999999999;1.3800000000000001;1.1480000000000001;0.312;1.656;5.1;11.3
11286;zone38;4514.690807242894;4541.15458266895;0.0;zone38;S01010293;16;839;723;373;[0.51773,0.35461,0.12766];[0.635389,0.262735,0.101877];[0.446809,0.319149,0.234043];[0.514286,0.392857,0.092857];[0.242424242424,0.0606060606061,0.393939393939,0.30303030303];3;290.0;-0.205814991507;1293;121;0.29;1.5625;62.7875;49.875;75.8225;9.625;22.5625;21.5;3.3275;0.0;5.14;1.5150000000000001;1.955;0.39;1.8399999999999999;6.0625;11.4375
11286;zone39;4541.7482834333705;4418.565122351524;0.0;zone39;S01010294;13;690;631;275;[0.242105,0.526316,0.231579];[0.650873,0.214464,0.134663];[0.583333,0.208333,0.208333];[0.414894,0.489362,0.095745];[0.164835164835,0.043956043956,0.494505494505,0.296703296703];4;440.0;-0.0342259463805;1161;112;0.3384615384615385;1.3846153846153846;47.132307692307705;56.23076923076923;69.29846153846152;9.384615384615385;22.615384615384617;15.538461538461538;4.233846153846153;0.0;3.9415384615384617;1.8030769230769232;3.3476923076923075;0.3076923076923077;1.566153846153846;4.769230769230769;13.0
11286;zone40;4766.8646917667475;4574.50133624035;0.0;zone40;S01010295;18;974;870;427;[0.384615,0.391026,0.224359];[0.604555,0.310559,0.084886];[0.428571,0.285714,0.285714];[0.390728,0.516556,0.092715];[0.212765957447,0.113475177305,0.297872340426,0.375886524823];4;529.0;0.0680145754747;1185;96;0.20666666666666667;1.7777777777777777;48.74666666666667;48.166666666666664;70.80222222222223;10.055555555555555;22.333333333333332;16.555555555555557;3.533333333333333;0.0;4.920000000000001;1.6199999999999999;1.8866666666666667;0.22000000000000006;1.4022222222222223;6.444444444444445;11.666666666666666
11286;zone41;4647.752341766679;4736.091736240359;0.0;zone41;S01010296;16;664;560;291;[0.294118,0.423529,0.282353];[0.520913,0.368821,0.110266];[0.375,0.375,0.25];[0.475524,0.391608,0.132867];[0.282828282828,0.111111111111,0.363636363636,0.242424242424];2;856.0;0.444094443477;1279;80;0.195;1.375;34.915;39.4375;64.4325;10.5;22.6875;11.75;2.0725000000000002;0.0;3.7449999999999997;1.2874999999999999;2.6699999999999995;0.3775;2.145;5.3125;9.3125
11286;zone42;5522.849421766708;4411.996091240393;0.0;zone42;S01010297;7;1066;894;676;[0.582609,0.382609,0.034783];[0.691824,0.245283,0.062893];[0.540541,0.333333,0.126126];[0.681275,0.270916,0.047809];[0.260563380282,0.140845070423,0.37323943662,0.225352112676];1;504.0;0.0391758595379;1007;36;0.19428571428571428;0.8571428571428571;48.02857142857143;31.142857142857142;60.40571428571428;8.714285714285714;21.428571428571427;16.428571428571427;1.5657142857142856;0.0;1.3885714285714286;0.4342857142857143;2.5371428571428574;0.43428571428571433;2.5942857142857143;3.0;5.285714285714286
11286;zone43;4706.481893689814;4143.807995855712;0.0;zone43;S01010298;12;880;677;515;[0.308943,0.479675,0.211382];[0.581395,0.356589,0.062016];[0.539683,0.396825,0.063492];[0.744828,0.193103,0.062069];[0.227272727273,0.0984848484848,0.371212121212,0.30303030303];1;486.0;0.0190902878356;1162;67;0.22333333333333333;1.5833333333333333;40.31333333333333;33.833333333333336;69.26333333333334;11.333333333333334;23.166666666666668;13.5;4.683333333333334;0.0;3.2099999999999995;0.71;1.5233333333333332;0.34333333333333343;2.3433333333333337;6.583333333333333;9.666666666666666
11286;zone44;4885.424673909578;4209.645754097502;0.0;zone44;S01010299;4;536;404;292;[0.3,0.54,0.16];[0.556701,0.340206,0.103093];[0.458333,0.520833,0.020833];[0.584906,0.283019,0.132075];[0.428571428571,0.0857142857143,0.285714285714,0.2];1;375.0;-0.10827530326;722;17;0.16;1.75;35.650000000000006;24.5;73.11999999999999;14.0;25.5;12.0;3.67;0.0;0.56;0.94;1.75;0.27;3.19;9.75;6.25
11286;zone45;4883.397012115578;4340.414778682246;0.0;zone45;S01010300;21;934;764;478;[0.460784,0.411765,0.127451];[0.664653,0.238671,0.096677];[0.632353,0.323529,0.044118];[0.606383,0.329787,0.06383];[0.3046875,0.125,0.3515625,0.21875];2;513.0;0.0498225801839;604;118;0.21714285714285714;1.4761904761904763;37.92;35.714285714285715;69.52761904761904;12.19047619047619;23.761904761904763;12.333333333333334;3.6990476190476196;0.0;2.592380952380953;0.42476190476190484;3.4933333333333327;0.4171428571428572;2.4171428571428573;6.571428571428571;9.714285714285714
11286;zone46;5144.66081966521;4032.769083704074;0.0;zone46;S01010301;6;522;457;283;[0.292683,0.597561,0.109756];[0.57563,0.315126,0.109244];[0.222222,0.703704,0.074074];[0.561798,0.393258,0.044944];[0.214285714286,0.0612244897959,0.459183673469,0.265306122449];4;490.0;0.0232745011966;2067;58;0.37333333333333335;1.6666666666666667;68.60666666666667;57.0;85.37333333333333;10.5;23.0;24.0;8.959999999999999;0.0;2.8266666666666667;0.62;2.9866666666666664;0.31333333333333335;2.32;8.166666666666666;15.0
11286;zone47;5165.568789180556;4297.038752619699;0.0;zone47;S01010302;24;669;495;388;[0.65625,0.28125,0.0625];[0.6,0.356522,0.043478];[0.716981,0.226415,0.056604];[0.801802,0.18018,0.018018];[0.582417582418,0.0769230769231,0.263736263736,0.0769230769231];1;392.0;-0.0896499889057;945;132;0.205;1.2083333333333333;43.583333333333336;41.291666666666664;67.97166666666668;10.666666666666666;22.958333333333332;14.5;4.435;0.0;1.58;0.49333333333333335;3.3283333333333345;0.37000000000000005;2.5383333333333336;5.208333333333333;9.375
11286;zone48;5241.140616766716;4139.402270499609;0.0;zone48;S01010303;33;579;387;250;[0.692308,0.153846,0.153846];[0.56701,0.298969,0.134021];[0.630435,0.282609,0.086957];[0.658879,0.285047,0.056075];[0.58407079646,0.106194690265,0.274336283186,0.0353982300885];1;415.0;-0.0627120940391;1386;202;0.23757575757575758;1.6363636363636365;50.80969696969697;38.57575757575758;69.54303030303029;9.757575757575758;22.424242424242426;17.363636363636363;6.254545454545455;0.0;1.7466666666666664;0.6096969696969698;1.5272727272727271;0.256969696969697;2.255757575757576;5.666666666666667;9.666666666666666
11286;zone49;4853.647576226233;3833.123065294377;0.0;zone49;S01010304;12;542;456;332;[0.323529,0.514706,0.161765];[0.635135,0.25,0.114865];[0.477273,0.522727,0.0];[0.829268,0.109756,0.060976];[0.372340425532,0.0425531914894,0.297872340426,0.287234042553];1;804.0;0.384523850516;1617;56;0.18;0.9166666666666666;59.41666666666666;38.166666666666664;71.80999999999999;10.666666666666666;22.666666666666668;20.083333333333332;4.659999999999999;0.0;2.186666666666667;0.7166666666666668;2.7933333333333334;0.45;2.8033333333333332;3.0;9.916666666666666
11286;zone50;4697.410406890209;3639.1027396354093;0.0;zone50;S01010305;7;807;694;478;[0.36036,0.468468,0.171171];[0.553191,0.33617,0.110638];[0.409639,0.301205,0.289157];[0.589888,0.337079,0.073034];[0.198529411765,0.0735294117647,0.382352941176,0.345588235294];1;223.0;-0.28282788147;578;28;0.15428571428571428;2.4285714285714284;47.0;35.0;67.8;9.857142857142858;22.142857142857142;16.0;5.548571428571428;0.0;2.0;0.9085714285714286;0.7142857142857143;0.2857142857142857;1.262857142857143;7.142857142857143;8.428571428571429
11286;zone51;4591.3082521834585;3868.367573740388;0.0;zone51;S01010306;13;752;675;449;[0.35625,0.56875,0.075];[0.570588,0.355882,0.073529];[0.283019,0.566038,0.150943];[0.650943,0.330189,0.018868];[0.165680473373,0.0473372781065,0.479289940828,0.307692307692];2;238.0;-0.265781391166;866;93;0.27076923076923076;1.3846153846153846;45.48615384615384;42.46153846153846;74.39076923076924;12.461538461538462;23.923076923076923;15.615384615384615;5.999999999999999;0.0;2.892307692307692;1.7876923076923072;1.4523076923076925;0.3384615384615385;1.72;6.384615384615385;11.692307692307692
11286;zone52;4503.72067559025;3742.2957906521283;0.0;zone52;S01010307;9;821;732;428;[0.189922,0.577519,0.232558];[0.407407,0.487654,0.104938];[0.346154,0.538462,0.115385];[0.71875,0.234375,0.046875];[0.0681818181818,0.0568181818182,0.375,0.5];5;319.0;-0.172537833795;460;113;0.4888888888888889;1.4444444444444444;47.21333333333334;79.11111111111111;84.01333333333334;10.666666666666666;23.88888888888889;15.88888888888889;9.515555555555554;0.0;5.742222222222221;6.026666666666667;1.2533333333333332;0.22666666666666668;1.9733333333333332;7.0;22.0
11286;zone53;4364.519870735056;4047.768725526131;0.0;zone53;S01010308;9;975;858;480;[0.285714,0.54007,0.174216];[0.511936,0.384615,0.103448];[0.254902,0.411765,0.333333];[0.648352,0.307692,0.043956];[0.0970873786408,0.0631067961165,0.359223300971,0.480582524272];4;257.0;-0.244477582955;1308;71;0.29333333333333333;1.0;45.45333333333334;52.666666666666664;68.45333333333333;9.11111111111111;22.555555555555557;15.333333333333334;5.671111111111111;0.0;3.7466666666666666;1.3111111111111111;2.4800000000000004;0.27111111111111114;2.431111111111111;3.7777777777777777;12.88888888888889
11286;zone54;5381.88771051669;3636.3205112402793;0.0;zone54;S01010309;4;419;356;264;[0.333333,0.25,0.416667];[0.478873,0.422535,0.098592];[0.352941,0.382353,0.264706];[0.705882,0.24183,0.052288];[0.365853658537,0.170731707317,0.390243902439,0.0731707317073];1;0.0;-0.540229885057;2153;8;0.07;2.5;56.61;20.75;69.49;9.5;22.25;19.75;2.54;0.0;1.3599999999999999;0.15;1.04;0.18999999999999997;1.7399999999999998;9.25;4.5
11286;zone55;5657.373406240428;3625.6586165034923;0.0;zone55;S01010310;13;706;540;381;[0.333333,0.238095,0.428571];[0.565517,0.337931,0.096552];[0.54902,0.27451,0.176471];[0.715415,0.256917,0.027668];[0.484848484848,0.151515151515,0.318181818182,0.0454545454545];1;574.0;0.120406534162;845;47;0.14153846153846153;1.1538461538461537;46.93538461538461;32.69230769230769;64.15384615384616;10.23076923076923;22.307692307692307;15.923076923076923;2.8123076923076917;0.0;1.7476923076923077;0.2276923076923077;2.769230769230769;0.4307692307692307;2.1169230769230767;3.923076923076923;7.153846153846154
11286;zone56;5685.425126382168;3318.6970593171873;0.0;zone56;S01010311;22;721;556;351;[0.411765,0.352941,0.235294];[0.472222,0.453704,0.074074];[0.571429,0.404762,0.02381];[0.717949,0.271062,0.010989];[0.565217391304,0.121739130435,0.269565217391,0.0434782608696];1;1534.0;1.22364271569;1642;82;0.14181818181818182;1.0909090909090908;58.405454545454546;34.13636363636363;69.72727272727273;10.0;22.727272727272727;19.954545454545453;2.867272727272727;0.0;3.216363636363636;0.14363636363636365;2.621818181818182;0.33818181818181825;2.2636363636363637;3.909090909090909;8.272727272727273
11286;zone57;5466.52613028024;3072.1402274564575;0.0;zone57;S01010312;34;868;647;425;[0.117647,0.823529,0.058824];[0.754386,0.22807,0.017544];[0.407407,0.444444,0.148148];[0.804945,0.153846,0.041209];[0.586956521739,0.115942028986,0.268115942029,0.0289855072464];1;685.0;0.247477927043;1651;122;0.13647058823529412;1.4705882352941178;61.76823529411767;30.970588235294116;70.96823529411765;9.823529411764707;22.558823529411764;20.941176470588236;1.6658823529411768;0.0;2.9658823529411764;0.11294117647058824;2.9223529411764706;0.26117647058823534;2.2776470588235296;5.735294117647059;7.147058823529412
11286;zone58;5251.7403530303945;3502.549209042501;0.0;zone58;S01010313;16;654;529;356;[0.428571,0.285714,0.285714];[0.6,0.333333,0.066667];[0.433735,0.481928,0.084337];[0.739623,0.162264,0.098113];[0.648351648352,0.131868131868,0.175824175824,0.043956043956];1;565.0;0.109617915218;2142;54;0.1225;1.75;69.65249999999999;35.4375;80.455;11.1875;23.75;23.375;3.6799999999999997;0.0;3.8074999999999997;0.20249999999999999;2.8225000000000002;0.3875;1.7299999999999995;7.625;10.0
11286;zone59;4840.312157862589;3385.4448126102257;0.0;zone59;S01010314;21;1248;1034;550;[0.358209,0.507463,0.134328];[0.514493,0.333333,0.152174];[0.5,0.326923,0.173077];[0.636,0.324,0.04];[0.316901408451,0.133802816901,0.401408450704,0.147887323944];1;637.0;0.192402372167;1120;90;0.16;1.8095238095238095;45.32952380952382;33.80952380952381;72.36761904761906;11.80952380952381;23.761904761904763;15.333333333333334;4.407619047619047;0.0;3.1828571428571424;1.4266666666666667;0.5047619047619049;0.4304761904761905;1.5200000000000002;8.19047619047619;9.0
11286;zone60;4536.293429266749;2504.1273706154316;0.0;zone60;S01010315;43;911;678;409;[0.180723,0.554217,0.26506];[0.252632,0.457895,0.289474];[0.208333,0.5,0.291667];[0.55144,0.345679,0.102881];[0.308176100629,0.169811320755,0.358490566038,0.163522012579];2;382.0;-0.100954860853;1612;232;0.20651162790697675;1.4651162790697674;47.28;36.883720930232556;68.18139534883721;10.116279069767442;22.488372093023255;16.162790697674417;2.82046511627907;0.0;3.1348837209302336;0.0;3.277209302325581;0.3479069767441859;2.0651162790697675;6.1395348837209305;8.720930232558139
11286;zone61;4589.6619547948285;2943.195659127726;0.0;zone61;S01010316;25;512;414;304;[0.392157,0.529412,0.078431];[0.62931,0.37069,0.0];[0.439024,0.560976,0.0];[0.775401,0.224599,0.0];[0.439252336449,0.102803738318,0.252336448598,0.205607476636];1;481.0;0.0128180141103;1417;131;0.2032;1.4;53.094399999999986;37.52;73.6944;11.08;23.4;18.08;3.1535999999999995;0.0;4.387199999999998;0.0848;3.3183999999999996;0.28320000000000006;2.3408;5.8;10.48
11286;zone63;4421.5566371748755;3071.026327566895;0.0;zone63;S01010318;12;1588;1497;304;[0.5,0.456522,0.043478];[0.469799,0.47651,0.053691];[0.310345,0.37931,0.310345];[0.678571,0.285714,0.035714];[0.36,0.14,0.34,0.16];3;317.0;-0.175110645645;1050;110;0.36333333333333334;1.0833333333333333;58.44;56.75;78.51;10.333333333333334;23.583333333333332;19.666666666666668;8.523333333333332;0.0;5.710000000000001;0.7799999999999999;1.4833333333333334;0.3;1.5766666666666669;4.916666666666667;15.916666666666666
11286;zone64;4173.240913470097;2893.8040771744095;0.0;zone64;S01010319;9;711;624;407;[0.258741,0.608392,0.132867];[0.383399,0.486166,0.130435];[0.439394,0.212121,0.348485];[0.530769,0.384615,0.084615];[0.171974522293,0.0700636942675,0.471337579618,0.286624203822];2;473.0;0.00423719084943;1453;40;0.16444444444444445;1.7777777777777777;49.41777777777778;35.111111111111114;69.10222222222222;10.222222222222221;22.666666666666668;17.0;4.102222222222222;0.0;2.711111111111111;0.05333333333333334;2.1466666666666665;0.24000000000000002;2.351111111111111;5.888888888888889;8.666666666666666
11286;zone65;3940.1918462749595;2900.8899784533987;0.0;zone65;S01010320;4;675;594;437;[0.257813,0.523438,0.21875];[0.61753,0.298805,0.083665];[0.526316,0.22807,0.245614];[0.805085,0.169492,0.025424];[0.172185430464,0.0662251655629,0.443708609272,0.317880794702];1;646.0;0.202453315259;1199;26;0.25;1.5;42.099999999999994;39.0;74.05;12.0;24.25;13.75;8.370000000000001;0.0;2.05;0.45;1.71;0.36;1.88;7.25;12.25
11286;zone66;3905.8658739096163;2664.6669636212755;0.0;zone66;S01010321;7;837;634;432;[0.401709,0.555556,0.042735];[0.54717,0.433962,0.018868];[0.45122,0.439024,0.109756];[0.666667,0.271186,0.062147];[0.212328767123,0.0958904109589,0.390410958904,0.301369863014];1;1019.0;0.631764531736;1924;29;0.15428571428571428;1.5714285714285714;58.959999999999994;31.571428571428573;74.96571428571428;11.714285714285714;23.142857142857142;20.0;3.3085714285714287;0.0;3.0857142857142854;0.02285714285714286;2.165714285714286;0.5657142857142857;2.611428571428571;6.714285714285714;8.142857142857142
11286;zone67;3630.3978644730896;3132.1651121578075;0.0;zone67;S01010322;9;1028;914;549;[0.174419,0.549419,0.276163];[0.412399,0.471698,0.115903];[0.298507,0.38806,0.313433];[0.647059,0.323529,0.029412];[0.057268722467,0.0352422907489,0.449339207048,0.458149779736];5;124.0;-0.397569575369;1555;91;0.39111111111111113;1.3333333333333333;38.90222222222222;55.888888888888886;70.98666666666666;10.222222222222221;22.88888888888889;13.222222222222221;5.4799999999999995;0.0;6.857777777777778;1.3466666666666667;1.6977777777777778;0.6000000000000001;1.4;5.333333333333333;14.88888888888889
11286;zone68;6208.193116766784;3072.425066795916;0.0;zone68;S01010323;4;603;466;377;[0.555556,0.444444,0.0];[0.657143,0.271429,0.071429];[0.642857,0.321429,0.035714];[0.793651,0.166667,0.039683];[0.578431372549,0.166666666667,0.235294117647,0.0196078431373];1;970.0;0.57559463238;1077;23;0.22;0.25;50.56999999999999;31.0;70.55;13.25;24.25;17.5;5.8100000000000005;0.0;2.55;0.26;0.44999999999999996;0.31;3.46;1.5;8.5
11286;zone69;6517.651722029823;2240.572579661372;0.0;zone69;S01010324;6;759;566;403;[0.142857,0.571429,0.285714];[0.298077,0.490385,0.211538];[0.333333,0.530864,0.135802];[0.401674,0.414226,0.1841];[0.569620253165,0.101265822785,0.291139240506,0.0379746835443];1;407.0;-0.0721601679586;1746;17;0.10666666666666667;1.5;42.873333333333335;30.333333333333332;70.3;12.833333333333334;24.0;14.166666666666666;2.1666666666666665;0.0;2.86;0.0;3.06;0.6133333333333334;2.2800000000000002;6.5;7.5
11286;zone70;6038.016041009105;2402.8415869980217;0.0;zone70;S01010325;18;939;666;501;[0.263158,0.368421,0.368421];[0.383838,0.525253,0.090909];[0.253623,0.615942,0.130435];[0.451362,0.463035,0.085603];[0.545454545455,0.238636363636,0.193181818182,0.0227272727273];1;225.0;-0.281126582053;1664;59;0.1288888888888889;0.9444444444444444;40.95333333333334;33.05555555555556;66.4;12.11111111111111;23.444444444444443;13.833333333333334;2.335555555555555;0.0;1.3533333333333333;0.0;4.468888888888889;0.4200000000000001;2.764444444444445;4.0;7.666666666666667
11286;zone71;5272.359331052501;2740.775131541117;0.0;zone71;S01010326;39;987;707;494;[0.526316,0.368421,0.105263];[0.522523,0.333333,0.144144];[0.492188,0.3125,0.195313];[0.723514,0.224806,0.05168];[0.54375,0.16875,0.23125,0.05625];1;1389.0;1.05701743376;1010;185;0.18051282051282053;1.4871794871794872;49.171282051282056;33.8974358974359;71.2553846153846;11.051282051282051;23.102564102564102;16.743589743589745;2.4184615384615378;0.0;5.380512820512822;0.03589743589743589;1.9958974358974355;0.363076923076923;2.192820512820513;6.435897435897436;9.41025641025641
11286;zone72;4970.167032608406;2501.795090448298;0.0;zone72;S01010327;34;982;660;362;[0.031746,0.507937,0.460317];[0.372881,0.432203,0.194915];[0.289063,0.328125,0.382813];[0.516892,0.347973,0.135135];[0.416184971098,0.21387283237,0.236994219653,0.132947976879];1;470.0;0.000335688704598;928;191;0.2164705882352941;1.5;43.40117647058823;35.470588235294116;66.46588235294116;9.676470588235293;22.323529411764707;14.558823529411764;2.9623529411764706;0.0;5.75764705882353;0.05764705882352942;1.3447058823529412;0.28;1.9094117647058828;5.823529411764706;9.647058823529411
11286;zone73;5975.307390960257;2677.5485166167286;0.0;zone73;S01010328;24;969;706;445;[0.16129,0.5,0.33871];[0.27044,0.471698,0.257862];[0.192547,0.434783,0.372671];[0.338983,0.432203,0.228814];[0.309352517986,0.258992805755,0.280575539568,0.151079136691];2;457.0;-0.0138550124678;1847;116;0.18;1.4166666666666667;41.501666666666665;34.166666666666664;64.05166666666666;10.583333333333334;22.333333333333332;13.875;2.6483333333333334;0.0;2.0049999999999994;0.0;3.4099999999999997;0.34833333333333344;2.0650000000000004;4.958333333333333;7.458333333333333
