cycle;name;location.x;location.y;location.z;name;dataZone;nm_children;pop;over16;nm_hh;AB_car_prob;C1_car_prob;C2_car_prob;DE_car_prob;prob_social;simd;crimeRate;norm_crime;avg_dis_sh;neigh_play;daily_play_per_child;avg_FSA;avg_walk;daily_OD;zone_mvpa;mvpa_home;mvpa_sc;mvpa_road;mvpa_play_field;mvpa_home_garden;mvpa_park;mvpa_PG;mvpa_amenity;mvpa_shops;mvpa_F_home;mvpa_fsa;mvpa_OD
11286;zone0;8448.90275962388;2625.4515469546564;0.0;zone0;S01010195;19;531;390;212;[0.0,0.481481,0.518519];[0.261538,0.646154,0.092308];[0.12,0.59,0.29];[0.447368,0.368421,0.184211];[0.418918918919,0.283783783784,0.202702702703,0.0945945945946];1;0.0;-0.540229885057;1004;99;0.19789473684210526;1.631578947368421;42.33052631578947;31.210526315789473;62.050526315789476;9.421052631578947;21.789473684210527;14.210526315789474;0.9831578947368419;0.0;4.298947368421053;0.09684210526315788;2.2442105263157885;0.4463157894736842;2.098947368421053;4.684210526315789;7.157894736842105
11286;zone1;8656.736904000718;2165.9902346445633;0.0;zone1;S01010198;18;1027;748;394;[0.058824,0.529412,0.411765];[0.305785,0.561983,0.132231];[0.219858,0.496454,0.283688];[0.523179,0.331126,0.145695];[0.48623853211,0.229357798165,0.266055045872,0.0183486238532];1;1609.0;1.3102524676;1217;53;0.11333333333333333;1.7222222222222223;35.76;23.944444444444443;65.40888888888887;11.555555555555555;23.22222222222222;12.11111111111111;0.948888888888889;0.0;2.4555555555555557;0.17777777777777778;2.6866666666666665;0.48000000000000015;2.157777777777778;8.055555555555555;5.833333333333333
11286;zone2;8537.588755655543;3024.028900129281;0.0;zone2;S01010201;22;643;453;253;[0.0,0.47619,0.52381];[0.270833,0.3125,0.416667];[0.088,0.48,0.432];[0.296552,0.434483,0.268966];[0.365853658537,0.292682926829,0.292682926829,0.0487804878049];2;219.0;-0.28762447053;953;120;0.2109090909090909;1.7272727272727273;39.203636363636356;38.63636363636363;66.7490909090909;10.454545454545455;22.40909090909091;13.090909090909092;2.027272727272727;0.0;4.732727272727272;0.08181818181818182;3.3290909090909095;0.28;1.8163636363636366;6.7727272727272725;9.772727272727273
11286;zone3;8059.42097232239;3767.666522351409;0.0;zone3;S01010203;30;671;504;260;[0.090909,0.363636,0.545455];[0.263804,0.460123,0.276074];[0.094828,0.422414,0.482759];[0.183824,0.375,0.441176];[0.272727272727,0.218181818182,0.363636363636,0.145454545455];3;215.0;-0.292668818285;1941;116;0.152;1.1666666666666667;44.68266666666666;33.53333333333333;70.78266666666669;11.866666666666667;24.033333333333335;15.033333333333333;2.701333333333334;0.0;3.22;0.0;3.6093333333333333;0.28933333333333333;2.8160000000000007;5.466666666666667;8.966666666666667
11286;zone4;8368.288440296214;3565.498290652094;0.0;zone4;S01010204;30;800;589;381;[0.272727,0.727273,0.0];[0.627451,0.27451,0.098039];[0.444444,0.533333,0.022222];[0.600619,0.321981,0.077399];[0.595041322314,0.157024793388,0.239669421488,0.00826446280992];1;497.0;0.0317745673598;1334;166;0.21066666666666667;1.0666666666666667;37.43866666666666;38.56666666666667;65.95733333333332;11.366666666666667;23.033333333333335;12.533333333333333;1.7213333333333334;0.0;4.213333333333334;0.12933333333333333;4.124;0.5026666666666667;2.4079999999999995;4.233333333333333;9.633333333333333
11286;zone5;8034.229745798958;3515.110462853287;0.0;zone5;S01010205;15;658;534;355;[0.411765,0.117647,0.470588];[0.465116,0.457364,0.077519];[0.317757,0.588785,0.093458];[0.593458,0.280374,0.126168];[0.466666666667,0.2,0.3,0.0333333333333];1;925.0;0.523434132086;1493;54;0.14133333333333334;1.2;47.714666666666666;34.333333333333336;69.02133333333335;11.666666666666666;23.2;15.933333333333334;2.4560000000000004;0.0;4.319999999999999;0.06933333333333333;2.6640000000000006;0.38666666666666666;1.898666666666667;4.866666666666666;8.933333333333334
11286;zone6;7457.064719570519;3739.055375726369;0.0;zone6;S01010208;18;903;745;565;[0.30137,0.589041,0.109589];[0.48062,0.457364,0.062016];[0.272727,0.613636,0.113636];[0.66055,0.270642,0.068807];[0.233333333333,0.133333333333,0.461111111111,0.172222222222];1;603.0;0.153385979085;1446;59;0.12666666666666668;1.1111111111111112;44.77777777777777;29.77777777777778;69.34444444444443;12.11111111111111;23.944444444444443;15.5;2.351111111111111;0.0;2.5044444444444447;0.0;3.788888888888889;0.3644444444444445;2.3822222222222225;4.888888888888889;8.11111111111111
11286;zone7;7917.838214725937;1939.334458859395;0.0;zone7;S01010209;24;966;677;468;[0.172414,0.586207,0.241379];[0.333333,0.414966,0.251701];[0.381944,0.458333,0.159722];[0.545852,0.336245,0.117904];[0.337931034483,0.248275862069,0.303448275862,0.110344827586];1;2053.0;1.82052250092;1661;79;0.12666666666666668;1.625;50.48666666666667;27.541666666666668;68.19166666666668;10.25;22.791666666666668;17.125;0.9166666666666669;0.0;3.7133333333333343;0.0;2.4949999999999997;0.3483333333333334;2.0316666666666667;6.708333333333333;6.666666666666667
11286;zone8;7878.406567747077;2721.2634132011362;0.0;zone8;S01010210;18;885;641;416;[0.173913,0.456522,0.369565];[0.21519,0.5,0.28481];[0.189781,0.386861,0.423358];[0.422111,0.442211,0.135678];[0.394736842105,0.236842105263,0.254385964912,0.114035087719];1;344.0;-0.144253829852;1088;94;0.20222222222222222;1.5;39.628888888888895;33.833333333333336;64.3111111111111;10.277777777777779;22.27777777777778;13.38888888888889;1.4266666666666667;0.0;4.455555555555557;0.0;2.424444444444445;0.27111111111111114;1.7422222222222221;6.333333333333333;7.833333333333333
11286;zone9;7785.599648345685;3201.783800714137;0.0;zone9;S01010211;22;858;634;452;[0.147059,0.705882,0.147059];[0.384615,0.452991,0.162393];[0.469565,0.4,0.130435];[0.722656,0.226563,0.050781];[0.473214285714,0.169642857143,0.285714285714,0.0714285714286];1;430.0;-0.0456985893816;1050;110;0.19272727272727272;1.1818181818181819;42.329090909090915;36.95454545454545;68.80181818181818;11.590909090909092;23.681818181818183;14.136363636363637;3.0636363636363644;0.0;4.083636363636363;0.0;3.2472727272727258;0.45454545454545464;2.0254545454545454;5.045454545454546;10.0
11286;zone10;7580.688680869333;3097.127786881416;0.0;zone10;S01010212;49;1083;779;559;[0.233333,0.633333,0.133333];[0.594771,0.339869,0.065359];[0.465517,0.405172,0.12931];[0.712821,0.269231,0.017949];[0.566037735849,0.138364779874,0.22641509434,0.0691823899371];1;1473.0;1.15298517036;1219;251;0.19591836734693877;1.183673469387755;53.07755102040818;39.38775510204081;70.03102040816327;9.979591836734693;22.653061224489797;18.0;2.205714285714286;0.0;4.304489795918366;0.01469387755102041;3.5551020408163256;0.3902040816326528;2.3942857142857146;4.775510204081633;9.63265306122449
11286;zone11;8065.177293237223;3111.5884965344962;0.0;zone11;S01010213;13;924;657;476;[0.105263,0.684211,0.210526];[0.382609,0.547826,0.069565];[0.218543,0.556291,0.225166];[0.467925,0.483019,0.049057];[0.451327433628,0.221238938053,0.274336283186,0.0530973451327];1;247.0;-0.255840453357;1174;66;0.19692307692307692;0.6153846153846154;32.215384615384615;40.07692307692308;65.91076923076925;12.307692307692308;23.615384615384617;10.923076923076923;2.572307692307692;0.0;5.356923076923076;0.0;3.753846153846154;0.4584615384615386;2.3569230769230765;3.0;11.307692307692308
11286;zone12;7144.994858230166;1947.4125453867302;0.0;zone12;S01010214;27;967;717;396;[0.098592,0.28169,0.619718];[0.197531,0.438272,0.364198];[0.173333,0.493333,0.333333];[0.237069,0.487069,0.275862];[0.361344537815,0.210084033613,0.310924369748,0.117647058824];3;176.0;-0.337854473183;1913;116;0.1688888888888889;1.7777777777777777;48.18222222222222;33.25925925925926;69.98222222222223;10.444444444444445;23.11111111111111;16.296296296296298;2.2992592592592587;0.0;3.374814814814815;0.0;3.253333333333333;0.26074074074074083;2.191111111111111;7.074074074074074;8.37037037037037
11286;zone13;7013.590150664996;2618.495528189446;0.0;zone13;S01010215;24;850;608;492;[0.571429,0.285714,0.142857];[0.5,0.431373,0.068627];[0.382609,0.391304,0.226087];[0.678571,0.269841,0.051587];[0.467289719626,0.140186915888,0.345794392523,0.0467289719626];1;547.0;0.0886083430805;622;128;0.20833333333333334;1.1666666666666667;37.541666666666664;37.833333333333336;65.80166666666666;11.166666666666666;23.208333333333332;12.583333333333334;1.866666666666667;0.0;3.5049999999999994;0.0;4.396666666666666;0.39666666666666667;2.273333333333333;4.875;9.25
11286;zone14;7332.222205807836;2329.961970144465;0.0;zone14;S01010216;15;621;464;361;[0.6,0.4,0.0];[0.597701,0.356322,0.045977];[0.409091,0.439394,0.151515];[0.709544,0.273859,0.016598];[0.5,0.163265306122,0.265306122449,0.0714285714286];1;600.0;0.150092344085;1303;54;0.13866666666666666;0.9333333333333333;52.215999999999994;30.066666666666666;65.95466666666667;10.2;22.0;17.933333333333334;1.1440000000000003;0.0;3.6453333333333338;0.0;2.4853333333333336;0.3626666666666667;2.522666666666667;3.933333333333333;6.733333333333333
11286;zone15;7299.833172322251;2625.8610945736937;0.0;zone15;S01010217;33;817;598;406;[0.16129,0.516129,0.322581];[0.565517,0.4,0.034483];[0.5,0.431373,0.068627];[0.702703,0.283784,0.013514];[0.541935483871,0.0967741935484,0.296774193548,0.0645161290323];1;1060.0;0.679274950851;1009;192;0.22666666666666666;1.1515151515151516;44.26666666666666;41.303030303030305;69.5321212121212;10.93939393939394;23.303030303030305;15.212121212121213;2.2448484848484846;0.0;4.109090909090909;0.0;4.538181818181817;0.4000000000000001;2.504242424242424;4.606060606060606;10.333333333333334
11286;zone16;7142.953643082513;3018.5401822929393;0.0;zone16;S01010218;31;1018;790;587;[0.425532,0.404255,0.170213];[0.392523,0.453271,0.154206];[0.358209,0.492537,0.149254];[0.589124,0.335347,0.075529];[0.424657534247,0.109589041096,0.369863013699,0.0958904109589];1;557.0;0.101026678737;568;131;0.16129032258064516;1.3548387096774193;34.381935483870976;31.06451612903226;62.943225806451615;10.806451612903226;22.741935483870968;11.516129032258064;1.449032258064516;0.0;2.375483870967742;0.0;3.7922580645161292;0.3909677419354839;2.5006451612903224;5.645161290322581;7.064516129032258
11286;zone17;6738.8937706128745;4298.8917997019325;0.0;zone17;S01010219;21;503;382;274;[0.695652,0.304348,0.0];[0.758621,0.215517,0.025862];[0.761905,0.166667,0.071429];[0.781609,0.195402,0.022989];[0.41935483871,0.0752688172043,0.408602150538,0.0967741935484];2;184.0;-0.327838932938;1596;103;0.18857142857142858;2.142857142857143;59.483809523809526;36.904761904761905;75.09714285714287;9.619047619047619;22.80952380952381;20.523809523809526;4.104761904761904;0.0;4.099047619047618;0.05333333333333334;1.8095238095238098;0.300952380952381;2.011428571428572;8.095238095238095;9.666666666666666
11286;zone18;5915.780765415368;4211.222876105162;0.0;zone18;S01010220;7;476;433;279;[0.181159,0.608696,0.210145];[0.404255,0.531915,0.06383];[0.227273,0.704545,0.068182];[0.448276,0.482759,0.068966];[0.154545454545,0.0636363636364,0.318181818182,0.463636363636];5;267.0;-0.232306706325;1336;46;0.25142857142857145;1.2857142857142858;42.519999999999996;44.857142857142854;72.43428571428572;10.571428571428571;23.571428571428573;14.285714285714286;5.445714285714286;0.0;6.131428571428572;0.24;2.0342857142857143;0.34285714285714286;2.548571428571429;5.428571428571429;13.428571428571429
11286;zone19;6341.0811208317455;3913.8398648988496;0.0;zone19;S01010221;13;546;394;260;[0.6,0.4,0.0];[0.557377,0.409836,0.032787];[0.538462,0.323077,0.138462];[0.699387,0.257669,0.042945];[0.609375,0.140625,0.203125,0.046875];1;635.0;0.19005459739;1088;39;0.11692307692307692;1.0769230769230769;43.092307692307685;22.0;66.78769230769231;12.153846153846153;23.692307692307693;14.23076923076923;3.236923076923077;0.0;2.1815384615384614;0.09538461538461539;0.9846153846153847;0.36307692307692313;2.5815384615384613;5.384615384615385;6.076923076923077
11286;zone20;7001.213463613622;4053.9957950241624;0.0;zone20;S01010222;15;492;414;285;[0.142857,0.5,0.357143];[0.432432,0.459459,0.108108];[0.348624,0.522936,0.12844];[0.747899,0.235294,0.016807];[0.345238095238,0.214285714286,0.309523809524,0.130952380952];1;377.0;-0.105830277325;1737;61;0.15733333333333333;2.066666666666667;48.25600000000001;27.8;68.09066666666666;10.4;22.533333333333335;16.333333333333332;1.9093333333333333;0.0;2.7386666666666666;0.0;2.3653333333333335;0.4586666666666667;1.597333333333333;8.066666666666666;6.533333333333333
11286;zone21;6986.8418912765155;3434.1450308482026;0.0;zone21;S01010223;4;556;462;337;[0.076923,0.538462,0.384615];[0.567797,0.330508,0.101695];[0.472222,0.444444,0.083333];[0.584699,0.36612,0.04918];[0.432432432432,0.162162162162,0.324324324324,0.0810810810811];1;439.0;-0.0353356041414;1705;7;0.07;1.25;59.03;31.5;86.07;14.75;26.5;20.25;3.76;0.0;2.49;0.25;4.7;0.42;3.18;8.0;10.75
11286;zone22;6247.397837456437;3329.661273309237;0.0;zone22;S01010224;40;1036;727;469;[0.405405,0.540541,0.054054];[0.592593,0.274074,0.133333];[0.418803,0.504274,0.076923];[0.768421,0.202632,0.028947];[0.506097560976,0.140243902439,0.268292682927,0.0853658536585];1;1004.0;0.614259332793;973;114;0.11;1.575;50.19100000000001;24.625;70.83900000000001;11.5;23.525;17.25;3.772999999999999;0.0;1.8529999999999993;0.088;1.3270000000000004;0.39200000000000007;2.3599999999999994;7.075;6.6
11286;zone23;7827.985844039554;4105.4701191949;0.0;zone23;S01010225;33;812;636;431;[0.25,0.634615,0.115385];[0.469072,0.43299,0.097938];[0.54023,0.413793,0.045977];[0.672065,0.234818,0.093117];[0.385185185185,0.125925925926,0.325925925926,0.162962962963];1;1006.0;0.616572011517;1590;131;0.1503030303030303;1.2424242424242424;49.21696969696969;29.242424242424242;66.60848484848485;10.454545454545455;22.939393939393938;16.484848484848484;2.563636363636363;0.0;2.446060606060606;0.0;2.5490909090909093;0.36;2.7733333333333334;4.454545454545454;7.121212121212121
11286;zone24;7040.363001382077;4481.052780471187;0.0;zone24;S01010226;40;816;565;394;[0.454545,0.242424,0.30303];[0.715385,0.2,0.084615];[0.540541,0.405405,0.054054];[0.766917,0.18797,0.045113];[0.503355704698,0.201342281879,0.221476510067,0.0738255033557];2;422.0;-0.0548014077425;1207;274;0.263;1.2;48.973;46.3;73.76899999999998;10.575;23.125;16.6;6.045000000000002;0.0;5.2989999999999995;0.058;2.37;0.327;2.3180000000000005;5.2;13.3
11286;zone25;6847.772309074456;4638.663588163389;0.0;zone25;S01010227;39;692;454;294;[0.413793,0.413793,0.172414];[0.704545,0.238636,0.056818];[0.654545,0.345455,0.0];[0.810606,0.159091,0.030303];[0.672268907563,0.0924369747899,0.159663865546,0.0756302521008];4;0.0;-0.540229885057;1197;366;0.36205128205128206;1.2820512820512822;48.83589743589744;60.256410256410255;76.68923076923078;9.897435897435898;23.05128205128205;16.58974358974359;4.931282051282053;0.0;9.527179487179486;0.06358974358974359;3.233846153846154;0.27487179487179486;2.1569230769230776;5.17948717948718;17.153846153846153
11286;zone26;8241.816993110848;4572.457656401622;0.0;zone26;S01010229;30;1016;787;508;[0.1,0.625,0.275];[0.350877,0.350877,0.298246];[0.348315,0.477528,0.174157];[0.565217,0.310559,0.124224];[0.420731707317,0.213414634146,0.292682926829,0.0731707317073];1;395.0;-0.0859445809966;1158;109;0.14266666666666666;1.1666666666666667;40.446666666666665;26.733333333333334;63.995999999999995;11.166666666666666;22.866666666666667;13.6;2.054666666666667;0.0;2.848;0.04133333333333333;2.2786666666666666;0.34266666666666673;2.006666666666667;5.033333333333333;6.733333333333333
11286;zone27;7458.320056766788;4680.341251240345;0.0;zone27;S01010230;24;1005;772;577;[0.314286,0.628571,0.057143];[0.703883,0.296117,0.0];[0.727273,0.218182,0.054545];[0.71831,0.24507,0.03662];[0.517857142857,0.136904761905,0.267857142857,0.077380952381];1;846.0;0.433218203459;875;134;0.21333333333333335;1.25;38.54333333333334;40.458333333333336;67.38;10.708333333333334;23.041666666666668;13.0;3.4666666666666663;0.0;4.786666666666667;0.02666666666666667;3.145;0.24500000000000002;2.2166666666666672;5.0;11.0
11286;zone28;7569.802990100143;4917.458811240416;0.0;zone28;S01010232;37;1074;792;485;[0.457143,0.485714,0.057143];[0.557292,0.338542,0.104167];[0.492063,0.333333,0.174603];[0.654229,0.251244,0.094527];[0.470297029703,0.153465346535,0.306930693069,0.0693069306931];1;771.0;0.347049794199;932;224;0.23135135135135135;1.3783783783783783;44.218378378378375;39.486486486486484;70.66054054054054;11.35135135135135;23.35135135135135;15.108108108108109;2.376216216216217;0.0;4.296216216216216;0.09405405405405405;3.7956756756756747;0.2681081081081081;2.3091891891891896;5.945945945945946;10.08108108108108
11286;zone29;7830.713068379679;4879.746446724283;0.0;zone29;S01010233;33;970;705;476;[0.275,0.625,0.1];[0.655629,0.245033,0.099338];[0.52809,0.426966,0.044944];[0.771505,0.212366,0.016129];[0.587209302326,0.093023255814,0.261627906977,0.0581395348837];1;284.0;-0.213781821634;1288;187;0.22181818181818183;1.3636363636363635;51.438787878787885;37.515151515151516;69.81939393939395;10.363636363636363;23.0;17.393939393939394;1.4896969696969697;0.0;3.1769696969696968;0.18909090909090912;4.38909090909091;0.3757575757575758;2.1684848484848476;5.393939393939394;8.848484848484848
11286;zone30;6473.383843181837;4954.519765957263;0.0;zone30;S01010261;6;2551;2373;526;[0.666667,0.270833,0.0625];[0.675841,0.281346,0.042813];[0.75,0.25,0.0];[0.824468,0.164894,0.010638];[0.41,0.06,0.41,0.12];3;176.0;-0.337679921334;1509;29;0.18;1.3333333333333333;64.12666666666668;41.0;79.70666666666666;11.166666666666666;24.0;21.833333333333332;2.4066666666666667;0.0;2.953333333333333;0.0;4.833333333333333;0.4200000000000001;1.8399999999999999;8.333333333333334;9.666666666666666
11286;zone31;4930.642193689802;4959.449818932565;0.0;zone31;S01010266;3;555;474;237;[0.320755,0.556604,0.122642];[0.677273,0.254545,0.068182];[0.5,0.461538,0.038462];[0.534247,0.30137,0.164384];[0.141176470588,0.0588235294118,0.4,0.4];3;536.0;0.0761386922126;1129;11;0.14666666666666667;1.0;37.24;35.333333333333336;67.13333333333334;12.666666666666666;23.666666666666668;12.0;1.5199999999999998;0.0;5.493333333333333;0.5466666666666666;2.9333333333333336;0.30666666666666664;2.1333333333333333;4.0;9.666666666666666
11286;zone32;5712.5549897826;4979.400336637217;0.0;zone32;S01010270;4;1153;972;817;[0.389831,0.533898,0.076271];[0.70255,0.252125,0.045326];[0.714286,0.272727,0.012987];[0.771552,0.228448,0.0];[0.125,0.0909090909091,0.454545454545,0.329545454545];1;871.0;0.461200629557;1700;13;0.13;0.75;66.94;35.75;72.22;10.5;22.5;22.5;3.9499999999999997;0.0;1.4400000000000002;0.0;3.46;0.72;2.54;2.5;8.25
11286;zone33;3394.0723536088512;4934.677182292946;0.0;zone33;S01010282;13;976;841;645;[0.438776,0.520408,0.040816];[0.545732,0.405488,0.04878];[0.521277,0.382979,0.095745];[0.712707,0.232044,0.055249];[0.190954773869,0.070351758794,0.35175879397,0.386934673367];2;350.0;-0.137812028107;1338;34;0.10461538461538461;2.3076923076923075;53.35692307692307;31.615384615384617;77.19384615384617;11.153846153846153;23.923076923076923;18.0;1.5599999999999996;0.0;6.4861538461538455;0.5753846153846154;1.2492307692307691;0.19384615384615383;1.636923076923077;10.615384615384615;9.384615384615385
11286;zone34;4385.789287498423;4835.237486850067;0.0;zone34;S01010289;15;771;687;380;[0.130952,0.511905,0.357143];[0.262911,0.502347,0.234742];[0.178571,0.464286,0.357143];[0.410256,0.435897,0.153846];[0.058064516129,0.0322580645161,0.245161290323,0.664516129032];5;259.0;-0.241396294863;1394;141;0.36;0.8666666666666667;45.95733333333333;55.2;64.14133333333334;8.4;21.733333333333334;15.6;2.821333333333334;0.0;5.389333333333332;1.3253333333333333;2.6400000000000006;0.3093333333333333;2.0773333333333333;2.2666666666666666;11.6
11286;zone35;4401.5375624188455;4669.062022109911;0.0;zone35;S01010290;13;546;485;278;[0.198198,0.603604,0.198198];[0.485944,0.449799,0.064257];[0.555556,0.444444,0.0];[0.435897,0.512821,0.051282];[0.10752688172,0.0430107526882,0.494623655914,0.354838709677];3;353.0;-0.133686757747;1217;109;0.3169230769230769;1.0769230769230769;53.17230769230769;56.69230769230769;80.3323076923077;11.538461538461538;24.307692307692307;17.692307692307693;4.852307692307692;0.0;7.3815384615384625;0.8123076923076924;4.7323076923076925;0.3938461538461539;2.2800000000000002;4.538461538461538;17.307692307692307
11286;zone36;4119.983651650423;4281.100418217042;0.0;zone36;S01010291;12;1075;975;481;[0.405594,0.447552,0.146853];[0.627907,0.277132,0.094961];[0.415094,0.433962,0.150943];[0.562963,0.325926,0.111111];[0.197080291971,0.0729927007299,0.445255474453,0.284671532847];3;438.0;-0.0363924713322;1055;96;0.29333333333333333;1.3333333333333333;52.949999999999996;55.75;73.46666666666665;9.5;22.333333333333332;18.166666666666668;3.6166666666666667;0.0;7.29;0.5566666666666666;2.53;0.2333333333333333;1.9099999999999995;5.583333333333333;13.416666666666666
11286;zone37;4399.731076226201;4291.6703625917;0.0;zone37;S01010292;10;890;831;409;[0.348214,0.508929,0.142857];[0.477169,0.420091,0.10274];[0.339286,0.446429,0.214286];[0.55814,0.383721,0.05814];[0.128378378378,0.0540540540541,0.398648648649,0.418918918919];4;323.0;-0.168488563048;957;71;0.272;2.3;46.408;47.9;71.036;8.7;21.9;16.0;4.755999999999999;0.0;6.220000000000001;0.42000000000000004;1.8439999999999999;0.26000000000000006;1.2399999999999998;8.0;12.8
11286;zone38;4514.690807242894;4541.15458266895;0.0;zone38;S01010293;16;839;723;373;[0.51773,0.35461,0.12766];[0.635389,0.262735,0.101877];[0.446809,0.319149,0.234043];[0.514286,0.392857,0.092857];[0.242424242424,0.0606060606061,0.393939393939,0.30303030303];3;290.0;-0.205814991507;1012;132;0.3125;1.1875;47.0;50.5;69.9625;10.3125;22.75;15.9375;3.295;0.0;4.8025;0.5725000000000001;3.2500000000000004;0.3800000000000001;2.03;4.875;11.5
11286;zone39;4541.7482834333705;4418.565122351524;0.0;zone39;S01010294;13;690;631;275;[0.242105,0.526316,0.231579];[0.650873,0.214464,0.134663];[0.583333,0.208333,0.208333];[0.414894,0.489362,0.095745];[0.164835164835,0.043956043956,0.494505494505,0.296703296703];4;440.0;-0.0342259463805;1145;115;0.3323076923076923;1.4615384615384615;51.13846153846154;61.0;73.07692307692308;9.076923076923077;22.23076923076923;17.46153846153846;4.609230769230769;0.0;4.356923076923078;0.953846153846154;4.335384615384616;0.3723076923076923;1.7046153846153849;6.230769230769231;13.692307692307692
11286;zone40;4766.8646917667475;4574.50133624035;0.0;zone40;S01010295;18;974;870;427;[0.384615,0.391026,0.224359];[0.604555,0.310559,0.084886];[0.428571,0.285714,0.285714];[0.390728,0.516556,0.092715];[0.212765957447,0.113475177305,0.297872340426,0.375886524823];4;529.0;0.0680145754747;882;122;0.26222222222222225;2.2777777777777777;44.426666666666655;48.22222222222222;70.02888888888889;9.555555555555555;22.166666666666668;14.833333333333334;3.0444444444444447;0.0;5.826666666666668;0.5955555555555557;2.884444444444444;0.22222222222222227;1.54;7.555555555555555;11.833333333333334
11286;zone41;4647.752341766679;4736.091736240359;0.0;zone41;S01010296;16;664;560;291;[0.294118,0.423529,0.282353];[0.520913,0.368821,0.110266];[0.375,0.375,0.25];[0.475524,0.391608,0.132867];[0.282828282828,0.111111111111,0.363636363636,0.242424242424];2;856.0;0.444094443477;1128;104;0.2425;1.875;38.95249999999999;37.4375;67.07000000000001;11.25;22.8125;13.1875;1.9674999999999998;0.0;3.749999999999999;0.4650000000000001;3.1999999999999997;0.4000000000000001;1.4725000000000001;6.5625;8.875
11286;zone42;5522.849421766708;4411.996091240393;0.0;zone42;S01010297;7;1066;894;676;[0.582609,0.382609,0.034783];[0.691824,0.245283,0.062893];[0.540541,0.333333,0.126126];[0.681275,0.270916,0.047809];[0.260563380282,0.140845070423,0.37323943662,0.225352112676];1;504.0;0.0391758595379;1020;28;0.14857142857142858;1.4285714285714286;40.142857142857146;26.142857142857142;59.37714285714286;9.857142857142858;21.142857142857142;14.0;2.2514285714285713;0.0;0.8114285714285715;0.4228571428571429;1.8457142857142856;0.3371428571428572;1.8914285714285717;5.285714285714286;4.714285714285714
11286;zone43;4706.481893689814;4143.807995855712;0.0;zone43;S01010298;12;880;677;515;[0.308943,0.479675,0.211382];[0.581395,0.356589,0.062016];[0.539683,0.396825,0.063492];[0.744828,0.193103,0.062069];[0.227272727273,0.0984848484848,0.371212121212,0.30303030303];1;486.0;0.0190902878356;1070;56;0.17333333333333334;2.6666666666666665;39.559999999999995;27.166666666666668;70.57333333333334;11.25;22.916666666666668;13.25;2.673333333333334;0.0;3.0666666666666664;0.8266666666666665;1.116666666666667;0.2333333333333333;1.9533333333333331;11.25;7.333333333333333
11286;zone44;4885.424673909578;4209.645754097502;0.0;zone44;S01010299;4;536;404;292;[0.3,0.54,0.16];[0.556701,0.340206,0.103093];[0.458333,0.520833,0.020833];[0.584906,0.283019,0.132075];[0.428571428571,0.0857142857143,0.285714285714,0.2];1;375.0;-0.10827530326;722;15;0.15;2.25;30.6;26.0;71.13;14.25;25.5;9.75;2.08;0.0;0.61;0.32;4.63;0.35000000000000003;2.95;8.5;7.5
11286;zone45;4883.397012115578;4340.414778682246;0.0;zone45;S01010300;21;934;764;478;[0.460784,0.411765,0.127451];[0.664653,0.238671,0.096677];[0.632353,0.323529,0.044118];[0.606383,0.329787,0.06383];[0.3046875,0.125,0.3515625,0.21875];2;513.0;0.0498225801839;604;162;0.29904761904761906;1.2857142857142858;38.64571428571429;43.714285714285715;70.84761904761905;11.476190476190476;23.61904761904762;12.904761904761905;4.6152380952380945;0.0;3.0266666666666664;0.64;3.8209523809523813;0.3638095238095239;2.4476190476190474;6.190476190476191;11.666666666666666
11286;zone46;5144.66081966521;4032.769083704074;0.0;zone46;S01010301;6;522;457;283;[0.292683,0.597561,0.109756];[0.57563,0.315126,0.109244];[0.222222,0.703704,0.074074];[0.561798,0.393258,0.044944];[0.214285714286,0.0612244897959,0.459183673469,0.265306122449];4;490.0;0.0232745011966;1127;44;0.29333333333333333;2.1666666666666665;51.48;49.166666666666664;78.87333333333332;10.666666666666666;23.166666666666668;17.333333333333332;7.386666666666668;0.0;1.906666666666667;0.42;4.153333333333333;0.36000000000000004;1.9266666666666667;9.666666666666666;13.333333333333334
11286;zone47;5165.568789180556;4297.038752619699;0.0;zone47;S01010302;24;669;495;388;[0.65625,0.28125,0.0625];[0.6,0.356522,0.043478];[0.716981,0.226415,0.056604];[0.801802,0.18018,0.018018];[0.582417582418,0.0769230769231,0.263736263736,0.0769230769231];1;392.0;-0.0896499889057;1098;132;0.205;1.875;52.458333333333314;37.75;71.44333333333334;10.333333333333334;22.958333333333332;17.875;3.8266666666666667;0.0;1.946666666666667;0.13166666666666668;3.4166666666666665;0.3216666666666667;2.101666666666667;6.875;8.916666666666666
11286;zone48;5241.140616766716;4139.402270499609;0.0;zone48;S01010303;33;579;387;250;[0.692308,0.153846,0.153846];[0.56701,0.298969,0.134021];[0.630435,0.282609,0.086957];[0.658879,0.285047,0.056075];[0.58407079646,0.106194690265,0.274336283186,0.0353982300885];1;415.0;-0.0627120940391;1714;210;0.2412121212121212;0.8787878787878788;50.16242424242425;40.484848484848484;68.01575757575758;10.030303030303031;22.424242424242426;17.12121212121212;5.932121212121212;0.0;1.7963636363636362;0.4000000000000001;2.4230303030303033;0.4703030303030304;2.6048484848484845;3.303030303030303;10.06060606060606
11286;zone49;4853.647576226233;3833.123065294377;0.0;zone49;S01010304;12;542;456;332;[0.323529,0.514706,0.161765];[0.635135,0.25,0.114865];[0.477273,0.522727,0.0];[0.829268,0.109756,0.060976];[0.372340425532,0.0425531914894,0.297872340426,0.287234042553];1;804.0;0.384523850516;1644;54;0.16666666666666666;1.4166666666666667;64.24333333333333;36.416666666666664;74.29666666666667;10.833333333333334;23.0;21.833333333333332;3.856666666666666;0.0;2.1166666666666667;0.6633333333333333;2.72;0.27;2.2633333333333336;5.083333333333333;8.916666666666666
11286;zone50;4697.410406890209;3639.1027396354093;0.0;zone50;S01010305;7;807;694;478;[0.36036,0.468468,0.171171];[0.553191,0.33617,0.110638];[0.409639,0.301205,0.289157];[0.589888,0.337079,0.073034];[0.198529411765,0.0735294117647,0.382352941176,0.345588235294];1;223.0;-0.28282788147;705;30;0.16;2.5714285714285716;50.06285714285714;32.142857142857146;71.27428571428571;9.428571428571429;22.285714285714285;17.428571428571427;5.125714285714286;0.0;2.462857142857143;0.48571428571428577;0.4114285714285714;0.24571428571428575;1.6685714285714286;9.714285714285714;8.142857142857142
11286;zone51;4591.3082521834585;3868.367573740388;0.0;zone51;S01010306;13;752;675;449;[0.35625,0.56875,0.075];[0.570588,0.355882,0.073529];[0.283019,0.566038,0.150943];[0.650943,0.330189,0.018868];[0.165680473373,0.0473372781065,0.479289940828,0.307692307692];2;238.0;-0.265781391166;913;84;0.24307692307692308;1.9230769230769231;45.519999999999996;45.38461538461539;79.79076923076923;12.307692307692308;24.46153846153846;15.461538461538462;8.113846153846152;0.0;3.5323076923076924;1.1415384615384616;1.1692307692307693;0.17538461538461536;1.5046153846153845;10.0;13.461538461538462
11286;zone52;4503.72067559025;3742.2957906521283;0.0;zone52;S01010307;9;821;732;428;[0.189922,0.577519,0.232558];[0.407407,0.487654,0.104938];[0.346154,0.538462,0.115385];[0.71875,0.234375,0.046875];[0.0681818181818,0.0568181818182,0.375,0.5];5;319.0;-0.172537833795;425;108;0.4711111111111111;2.111111111111111;50.05777777777777;61.111111111111114;84.94666666666666;11.222222222222221;24.333333333333332;16.333333333333332;11.133333333333333;0.0;5.591111111111111;2.284444444444444;1.2266666666666666;0.2666666666666667;1.9066666666666663;8.555555555555555;19.77777777777778
11286;zone53;4364.519870735056;4047.768725526131;0.0;zone53;S01010308;9;975;858;480;[0.285714,0.54007,0.174216];[0.511936,0.384615,0.103448];[0.254902,0.411765,0.333333];[0.648352,0.307692,0.043956];[0.0970873786408,0.0631067961165,0.359223300971,0.480582524272];4;257.0;-0.244477582955;1292;80;0.3422222222222222;1.3333333333333333;55.32;55.44444444444444;72.24888888888889;9.0;22.666666666666668;18.555555555555557;6.6000000000000005;0.0;4.968888888888888;1.3155555555555556;1.471111111111111;0.27555555555555555;1.3733333333333333;4.444444444444445;14.0
11286;zone54;5381.88771051669;3636.3205112402793;0.0;zone54;S01010309;4;419;356;264;[0.333333,0.25,0.416667];[0.478873,0.422535,0.098592];[0.352941,0.382353,0.264706];[0.705882,0.24183,0.052288];[0.365853658537,0.170731707317,0.390243902439,0.0731707317073];1;0.0;-0.540229885057;2153;18;0.18;1.0;54.44;31.75;65.23;9.25;22.25;18.5;4.35;0.0;1.3199999999999998;0.07;2.15;0.42000000000000004;2.23;3.0;7.5
11286;zone55;5657.373406240428;3625.6586165034923;0.0;zone55;S01010310;13;706;540;381;[0.333333,0.238095,0.428571];[0.565517,0.337931,0.096552];[0.54902,0.27451,0.176471];[0.715415,0.256917,0.027668];[0.484848484848,0.151515151515,0.318181818182,0.0454545454545];1;574.0;0.120406534162;845;62;0.18769230769230769;1.0;46.12307692307692;37.61538461538461;64.27999999999999;10.0;22.53846153846154;15.846153846153847;2.4184615384615387;0.0;1.8553846153846152;0.7384615384615386;3.3446153846153845;0.35076923076923083;2.618461538461539;3.1538461538461537;7.769230769230769
11286;zone56;5685.425126382168;3318.6970593171873;0.0;zone56;S01010311;22;721;556;351;[0.411765,0.352941,0.235294];[0.472222,0.453704,0.074074];[0.571429,0.404762,0.02381];[0.717949,0.271062,0.010989];[0.565217391304,0.121739130435,0.269565217391,0.0434782608696];1;1534.0;1.22364271569;1642;97;0.1690909090909091;1.5909090909090908;61.06363636363638;31.40909090909091;71.01818181818183;9.954545454545455;22.454545454545453;20.90909090909091;2.527272727272727;0.0;2.4709090909090907;0.05818181818181818;2.754545454545455;0.3818181818181818;2.1672727272727275;5.545454545454546;7.363636363636363
11286;zone57;5466.52613028024;3072.1402274564575;0.0;zone57;S01010312;34;868;647;425;[0.117647,0.823529,0.058824];[0.754386,0.22807,0.017544];[0.407407,0.444444,0.148148];[0.804945,0.153846,0.041209];[0.586956521739,0.115942028986,0.268115942029,0.0289855072464];1;685.0;0.247477927043;1651;126;0.14352941176470588;1.5;59.32588235294119;30.676470588235293;70.30117647058826;9.823529411764707;22.529411764705884;20.441176470588236;2.15764705882353;0.0;2.624705882352942;0.06352941176470589;2.7729411764705882;0.2894117647058823;2.2658823529411762;5.647058823529412;7.176470588235294
11286;zone58;5251.7403530303945;3502.549209042501;0.0;zone58;S01010313;16;654;529;356;[0.428571,0.285714,0.285714];[0.6,0.333333,0.066667];[0.433735,0.481928,0.084337];[0.739623,0.162264,0.098113];[0.648351648352,0.131868131868,0.175824175824,0.043956043956];1;565.0;0.109617915218;2142;56;0.1325;1.5;69.195;34.875;78.99;11.125;23.9375;23.3125;4.425;0.0;2.5250000000000004;0.045;3.1950000000000003;0.34750000000000003;2.605;5.5625;9.6875
11286;zone59;4840.312157862589;3385.4448126102257;0.0;zone59;S01010314;21;1248;1034;550;[0.358209,0.507463,0.134328];[0.514493,0.333333,0.152174];[0.5,0.326923,0.173077];[0.636,0.324,0.04];[0.316901408451,0.133802816901,0.401408450704,0.147887323944];1;637.0;0.192402372167;1103;97;0.18285714285714286;2.0952380952380953;46.07047619047619;28.428571428571427;73.80190476190475;11.857142857142858;23.714285714285715;15.571428571428571;4.493333333333333;0.0;3.4933333333333327;0.3923809523809524;0.7123809523809523;0.4038095238095239;1.8742857142857143;9.476190476190476;8.523809523809524
11286;zone60;4536.293429266749;2504.1273706154316;0.0;zone60;S01010315;43;911;678;409;[0.180723,0.554217,0.26506];[0.252632,0.457895,0.289474];[0.208333,0.5,0.291667];[0.55144,0.345679,0.102881];[0.308176100629,0.169811320755,0.358490566038,0.163522012579];2;382.0;-0.100954860853;1601;265;0.2344186046511628;1.4883720930232558;45.59441860465117;39.604651162790695;68.11627906976744;9.953488372093023;22.697674418604652;15.511627906976743;3.3330232558139534;0.0;3.624186046511628;0.02418604651162791;3.2009302325581404;0.25581395348837205;2.175813953488372;5.627906976744186;9.744186046511627
11286;zone61;4589.6619547948285;2943.195659127726;0.0;zone61;S01010316;25;512;414;304;[0.392157,0.529412,0.078431];[0.62931,0.37069,0.0];[0.439024,0.560976,0.0];[0.775401,0.224599,0.0];[0.439252336449,0.102803738318,0.252336448598,0.205607476636];1;481.0;0.0128180141103;1417;143;0.2176;1.24;53.726400000000005;38.8;72.8048;10.96;23.44;18.12;3.76;0.0;4.096000000000001;0.152;3.0351999999999997;0.3600000000000001;2.232;5.0;10.52
11286;zone63;4421.5566371748755;3071.026327566895;0.0;zone63;S01010318;12;1588;1497;304;[0.5,0.456522,0.043478];[0.469799,0.47651,0.053691];[0.310345,0.37931,0.310345];[0.678571,0.285714,0.035714];[0.36,0.14,0.34,0.16];3;317.0;-0.175110645645;1050;110;0.35333333333333333;1.3333333333333333;57.44999999999999;53.5;79.14666666666668;10.083333333333334;23.666666666666668;19.666666666666668;8.103333333333333;0.0;7.103333333333334;0.37333333333333335;1.43;0.24666666666666667;1.6433333333333335;5.166666666666667;16.666666666666668
11286;zone64;4173.240913470097;2893.8040771744095;0.0;zone64;S01010319;9;711;624;407;[0.258741,0.608392,0.132867];[0.383399,0.486166,0.130435];[0.439394,0.212121,0.348485];[0.530769,0.384615,0.084615];[0.171974522293,0.0700636942675,0.471337579618,0.286624203822];2;473.0;0.00423719084943;1487;66;0.28;1.3333333333333333;49.071111111111115;44.0;67.72888888888889;9.777777777777779;22.444444444444443;16.555555555555557;4.328888888888889;0.0;2.831111111111111;0.10666666666666666;2.6622222222222223;0.2977777777777778;1.9733333333333332;4.666666666666667;9.333333333333334
11286;zone65;3940.1918462749595;2900.8899784533987;0.0;zone65;S01010320;4;675;594;437;[0.257813,0.523438,0.21875];[0.61753,0.298805,0.083665];[0.526316,0.22807,0.245614];[0.805085,0.169492,0.025424];[0.172185430464,0.0662251655629,0.443708609272,0.317880794702];1;646.0;0.202453315259;1231;20;0.2;2.0;48.83;38.75;79.47;12.0;24.25;17.25;7.6000000000000005;0.0;2.0900000000000003;0.51;1.96;0.36000000000000004;1.9000000000000001;9.5;11.5
11286;zone66;3905.8658739096163;2664.6669636212755;0.0;zone66;S01010321;7;837;634;432;[0.401709,0.555556,0.042735];[0.54717,0.433962,0.018868];[0.45122,0.439024,0.109756];[0.666667,0.271186,0.062147];[0.212328767123,0.0958904109589,0.390410958904,0.301369863014];1;1019.0;0.631764531736;1920;29;0.15428571428571428;1.7142857142857142;55.24000000000001;33.57142857142857;75.04571428571428;11.571428571428571;23.285714285714285;18.857142857142858;3.0914285714285716;0.0;2.8971428571428572;0.02285714285714286;3.4457142857142857;0.3942857142857144;2.177142857142857;7.285714285714286;8.857142857142858
11286;zone67;3630.3978644730896;3132.1651121578075;0.0;zone67;S01010322;9;1028;914;549;[0.174419,0.549419,0.276163];[0.412399,0.471698,0.115903];[0.298507,0.38806,0.313433];[0.647059,0.323529,0.029412];[0.057268722467,0.0352422907489,0.449339207048,0.458149779736];5;124.0;-0.397569575369;1448;98;0.41333333333333333;0.8888888888888888;49.26666666666667;69.66666666666667;77.71555555555557;9.555555555555555;23.333333333333332;16.666666666666668;6.586666666666666;0.0;10.466666666666663;1.0622222222222222;2.28;0.33777777777777773;2.164444444444444;3.6666666666666665;19.77777777777778
11286;zone68;6208.193116766784;3072.425066795916;0.0;zone68;S01010323;4;603;466;377;[0.555556,0.444444,0.0];[0.657143,0.271429,0.071429];[0.642857,0.321429,0.035714];[0.793651,0.166667,0.039683];[0.578431372549,0.166666666667,0.235294117647,0.0196078431373];1;970.0;0.57559463238;1077;14;0.14;3.0;63.580000000000005;27.25;83.28999999999999;10.75;24.25;22.0;8.11;0.0;0.77;0.11;0.8600000000000001;0.26;0.99;13.5;9.25
11286;zone69;6517.651722029823;2240.572579661372;0.0;zone69;S01010324;6;759;566;403;[0.142857,0.571429,0.285714];[0.298077,0.490385,0.211538];[0.333333,0.530864,0.135802];[0.401674,0.414226,0.1841];[0.569620253165,0.101265822785,0.291139240506,0.0379746835443];1;407.0;-0.0721601679586;1696;24;0.14666666666666667;1.5;53.23333333333333;28.5;72.52666666666667;11.333333333333334;23.166666666666668;18.166666666666668;2.686666666666667;0.0;1.1533333333333333;0.0;3.5933333333333333;0.5;3.1133333333333333;7.0;6.833333333333333
11286;zone70;6038.016041009105;2402.8415869980217;0.0;zone70;S01010325;18;939;666;501;[0.263158,0.368421,0.368421];[0.383838,0.525253,0.090909];[0.253623,0.615942,0.130435];[0.451362,0.463035,0.085603];[0.545454545455,0.238636363636,0.193181818182,0.0227272727273];1;225.0;-0.281126582053;1597;94;0.19555555555555557;0.8333333333333334;42.94444444444444;36.611111111111114;67.37555555555556;12.11111111111111;23.38888888888889;14.61111111111111;3.211111111111111;0.0;1.2022222222222225;0.0;4.651111111111112;0.4977777777777777;3.0088888888888894;3.111111111111111;8.555555555555555
11286;zone71;5272.359331052501;2740.775131541117;0.0;zone71;S01010326;39;987;707;494;[0.526316,0.368421,0.105263];[0.522523,0.333333,0.144144];[0.492188,0.3125,0.195313];[0.723514,0.224806,0.05168];[0.54375,0.16875,0.23125,0.05625];1;1389.0;1.05701743376;1008;190;0.18974358974358974;1.3333333333333333;48.69846153846153;36.46153846153846;71.0923076923077;10.487179487179487;23.076923076923077;16.641025641025642;2.2502564102564113;0.0;6.193846153846154;0.0358974358974359;2.1046153846153848;0.4194871794871797;2.5035897435897434;5.589743589743589;10.128205128205128
11286;zone72;4970.167032608406;2501.795090448298;0.0;zone72;S01010327;34;982;660;362;[0.031746,0.507937,0.460317];[0.372881,0.432203,0.194915];[0.289063,0.328125,0.382813];[0.516892,0.347973,0.135135];[0.416184971098,0.21387283237,0.236994219653,0.132947976879];1;470.0;0.000335688704598;926;186;0.20588235294117646;1.411764705882353;42.569411764705904;37.73529411764706;66.61294117647057;9.588235294117647;22.264705882352942;14.382352941176471;2.343529411764706;0.0;7.277647058823528;0.0;1.408235294117647;0.2658823529411766;2.01764705882353;5.352941176470588;10.588235294117647
11286;zone73;5975.307390960257;2677.5485166167286;0.0;zone73;S01010328;24;969;706;445;[0.16129,0.5,0.33871];[0.27044,0.471698,0.257862];[0.192547,0.434783,0.372671];[0.338983,0.432203,0.228814];[0.309352517986,0.258992805755,0.280575539568,0.151079136691];2;457.0;-0.0138550124678;1945;152;0.25;1.125;43.88999999999999;41.875;66.23500000000001;10.291666666666666;22.416666666666668;15.083333333333334;3.4633333333333334;0.0;1.9566666666666668;0.0;4.341666666666667;0.37000000000000005;2.0283333333333333;4.5;9.208333333333334
