cycle;name;location.x;location.y;location.z;name;dataZone;nm_children;pop;over16;nm_hh;AB_car_prob;C1_car_prob;C2_car_prob;DE_car_prob;prob_social;simd;crimeRate;norm_crime;avg_dis_sh;neigh_play;daily_play_per_child;avg_FSA;avg_walk;daily_OD;zone_mvpa;mvpa_home;mvpa_sc;mvpa_road;mvpa_play_field;mvpa_home_garden;mvpa_park;mvpa_PG;mvpa_amenity;mvpa_shops;mvpa_F_home;mvpa_fsa;mvpa_OD
11286;zone0;8448.90275962388;2625.4515469546564;0.0;zone0;S01010195;19;531;390;212;[0.0,0.481481,0.518519];[0.261538,0.646154,0.092308];[0.12,0.59,0.29];[0.447368,0.368421,0.184211];[0.418918918919,0.283783783784,0.202702702703,0.0945945945946];1;0.0;-0.540229885057;1174;44;0.08842105263157894;1.5263157894736843;40.404210526315794;26.157894736842106;60.73263157894737;9.736842105263158;21.63157894736842;14.0;1.0421052631578949;0.0;2.2673684210526317;0.0;2.4905263157894737;0.3389473684210527;1.9200000000000002;5.631578947368421;5.2631578947368425
11286;zone1;8656.736904000718;2165.9902346445633;0.0;zone1;S01010198;18;1027;748;394;[0.058824,0.529412,0.411765];[0.305785,0.561983,0.132231];[0.219858,0.496454,0.283688];[0.523179,0.331126,0.145695];[0.48623853211,0.229357798165,0.266055045872,0.0183486238532];1;1609.0;1.3102524676;1306;31;0.06666666666666667;1.6666666666666667;42.22444444444445;26.61111111111111;67.51555555555555;11.166666666666666;23.11111111111111;14.444444444444445;1.0866666666666667;0.0;2.1244444444444444;0.0;3.264444444444444;0.3555555555555557;2.164444444444445;8.11111111111111;5.888888888888889
11286;zone2;8537.588755655543;3024.028900129281;0.0;zone2;S01010201;22;643;453;253;[0.0,0.47619,0.52381];[0.270833,0.3125,0.416667];[0.088,0.48,0.432];[0.296552,0.434483,0.268966];[0.365853658537,0.292682926829,0.292682926829,0.0487804878049];2;219.0;-0.28762447053;995;63;0.11272727272727273;0.5;33.13454545454545;33.0;58.65454545454545;11.045454545454545;22.40909090909091;10.954545454545455;1.5127272727272727;0.0;3.1709090909090913;0.00545454545454545;3.2763636363636364;0.2636363636363637;2.7927272727272734;1.5;7.545454545454546
11286;zone3;8059.42097232239;3767.666522351409;0.0;zone3;S01010203;30;671;504;260;[0.090909,0.363636,0.545455];[0.263804,0.460123,0.276074];[0.094828,0.422414,0.482759];[0.183824,0.375,0.441176];[0.272727272727,0.218181818182,0.363636363636,0.145454545455];3;215.0;-0.292668818285;1941;60;0.07466666666666667;0.9666666666666667;42.87333333333334;27.733333333333334;67.9;12.5;24.166666666666668;14.466666666666667;2.3533333333333326;0.0;2.8133333333333326;0.0;2.7773333333333334;0.436;2.4213333333333336;4.4;7.3
11286;zone4;8368.288440296214;3565.498290652094;0.0;zone4;S01010204;30;800;589;381;[0.272727,0.727273,0.0];[0.627451,0.27451,0.098039];[0.444444,0.533333,0.022222];[0.600619,0.321981,0.077399];[0.595041322314,0.157024793388,0.239669421488,0.00826446280992];1;497.0;0.0317745673598;1314;65;0.08666666666666667;0.9333333333333333;36.03333333333334;28.2;62.71599999999999;11.9;23.1;12.266666666666667;1.3026666666666666;0.0;2.4013333333333335;0.02933333333333333;3.3719999999999994;0.444;2.7626666666666675;3.6;6.666666666666667
11286;zone5;8034.229745798958;3515.110462853287;0.0;zone5;S01010205;15;658;534;355;[0.411765,0.117647,0.470588];[0.465116,0.457364,0.077519];[0.317757,0.588785,0.093458];[0.593458,0.280374,0.126168];[0.466666666667,0.2,0.3,0.0333333333333];1;925.0;0.523434132086;1427;50;0.12533333333333332;1.0;45.17600000000001;31.2;66.76266666666668;11.133333333333333;23.466666666666665;15.333333333333334;2.424;0.0;2.128;0.0;3.594666666666667;0.4880000000000001;3.0;3.6;7.733333333333333
11286;zone6;7457.064719570519;3739.055375726369;0.0;zone6;S01010208;18;903;745;565;[0.30137,0.589041,0.109589];[0.48062,0.457364,0.062016];[0.272727,0.613636,0.113636];[0.66055,0.270642,0.068807];[0.233333333333,0.133333333333,0.461111111111,0.172222222222];1;603.0;0.153385979085;1446;20;0.04222222222222222;1.5;43.988888888888894;22.333333333333332;68.65333333333332;12.5;23.72222222222222;14.833333333333334;1.7644444444444445;0.0;1.502222222222222;0.0;2.868888888888889;0.3777777777777778;2.766666666666667;6.611111111111111;5.777777777777778
11286;zone7;7917.838214725937;1939.334458859395;0.0;zone7;S01010209;24;966;677;468;[0.172414,0.586207,0.241379];[0.333333,0.414966,0.251701];[0.381944,0.458333,0.159722];[0.545852,0.336245,0.117904];[0.337931034483,0.248275862069,0.303448275862,0.110344827586];1;2053.0;1.82052250092;1634;34;0.055;1.2916666666666667;46.681666666666665;25.583333333333332;64.63166666666666;10.958333333333334;22.708333333333332;15.625;0.9066666666666667;0.0;2.8049999999999997;0.0;2.5383333333333336;0.34833333333333344;2.2983333333333333;4.583333333333333;5.708333333333333
11286;zone8;7878.406567747077;2721.2634132011362;0.0;zone8;S01010210;18;885;641;416;[0.173913,0.456522,0.369565];[0.21519,0.5,0.28481];[0.189781,0.386861,0.423358];[0.422111,0.442211,0.135678];[0.394736842105,0.236842105263,0.254385964912,0.114035087719];1;344.0;-0.144253829852;1314;46;0.09555555555555556;1.1111111111111112;35.35333333333334;25.38888888888889;59.99555555555556;10.88888888888889;22.444444444444443;12.11111111111111;0.8822222222222221;0.0;2.8688888888888884;0.0;2.5733333333333333;0.4511111111111112;2.4866666666666664;3.7222222222222223;5.833333333333333
11286;zone9;7785.599648345685;3201.783800714137;0.0;zone9;S01010211;22;858;634;452;[0.147059,0.705882,0.147059];[0.384615,0.452991,0.162393];[0.469565,0.4,0.130435];[0.722656,0.226563,0.050781];[0.473214285714,0.169642857143,0.285714285714,0.0714285714286];1;430.0;-0.0456985893816;1069;51;0.08;1.6363636363636365;36.00545454545455;22.90909090909091;65.52181818181819;12.272727272727273;23.545454545454547;12.409090909090908;0.8036363636363636;0.0;2.641818181818182;0.0;2.4854545454545462;0.4327272727272727;1.887272727272727;7.590909090909091;5.454545454545454
11286;zone10;7580.688680869333;3097.127786881416;0.0;zone10;S01010212;49;1083;779;559;[0.233333,0.633333,0.133333];[0.594771,0.339869,0.065359];[0.465517,0.405172,0.12931];[0.712821,0.269231,0.017949];[0.566037735849,0.138364779874,0.22641509434,0.0691823899371];1;1473.0;1.15298517036;1251;93;0.07020408163265306;1.3265306122448979;50.473469387755095;28.244897959183675;66.75591836734695;10.591836734693878;22.836734693877553;17.122448979591837;1.236734693877551;0.0;2.6465306122448977;0.0;3.0334693877551024;0.3485714285714286;2.1730612244897953;5.1020408163265305;6.428571428571429
11286;zone11;8065.177293237223;3111.5884965344962;0.0;zone11;S01010213;13;924;657;476;[0.105263,0.684211,0.210526];[0.382609,0.547826,0.069565];[0.218543,0.556291,0.225166];[0.467925,0.483019,0.049057];[0.451327433628,0.221238938053,0.274336283186,0.0530973451327];1;247.0;-0.255840453357;925;26;0.07692307692307693;1.6153846153846154;32.498461538461534;25.53846153846154;67.08307692307692;13.0;23.76923076923077;11.0;0.6676923076923077;0.0;2.575384615384616;0.02769230769230769;3.6707692307692317;0.5507692307692308;2.0;7.923076923076923;6.461538461538462
11286;zone12;7144.994858230166;1947.4125453867302;0.0;zone12;S01010214;27;967;717;396;[0.098592,0.28169,0.619718];[0.197531,0.438272,0.364198];[0.173333,0.493333,0.333333];[0.237069,0.487069,0.275862];[0.361344537815,0.210084033613,0.310924369748,0.117647058824];3;176.0;-0.337854473183;1806;39;0.05481481481481482;1.4074074074074074;40.422222222222224;26.185185185185187;65.31555555555555;11.333333333333334;23.037037037037038;13.481481481481481;2.214814814814815;0.0;1.8800000000000006;0.0;2.6222222222222222;0.41925925925925933;2.182222222222222;6.2592592592592595;6.333333333333333
11286;zone13;7013.590150664996;2618.495528189446;0.0;zone13;S01010215;24;850;608;492;[0.571429,0.285714,0.142857];[0.5,0.431373,0.068627];[0.382609,0.391304,0.226087];[0.678571,0.269841,0.051587];[0.467289719626,0.140186915888,0.345794392523,0.0467289719626];1;547.0;0.0886083430805;622;63;0.09666666666666666;1.125;35.12333333333332;27.166666666666668;62.69166666666667;11.916666666666666;23.208333333333332;11.958333333333334;1.7233333333333334;0.0;1.7566666666666668;0.0;3.6516666666666673;0.37500000000000006;2.193333333333333;4.208333333333333;6.666666666666667
11286;zone14;7332.222205807836;2329.961970144465;0.0;zone14;S01010216;15;621;464;361;[0.6,0.4,0.0];[0.597701,0.356322,0.045977];[0.409091,0.439394,0.151515];[0.709544,0.273859,0.016598];[0.5,0.163265306122,0.265306122449,0.0714285714286];1;600.0;0.150092344085;1303;21;0.056;1.0;51.818666666666665;27.866666666666667;64.864;10.333333333333334;22.2;17.666666666666668;2.266666666666666;0.0;2.162666666666667;0.0;2.5413333333333337;0.3573333333333333;2.106666666666667;3.533333333333333;6.4
11286;zone15;7299.833172322251;2625.8610945736937;0.0;zone15;S01010217;33;817;598;406;[0.16129,0.516129,0.322581];[0.565517,0.4,0.034483];[0.5,0.431373,0.068627];[0.702703,0.283784,0.013514];[0.541935483871,0.0967741935484,0.296774193548,0.0645161290323];1;1060.0;0.679274950851;1009;94;0.11151515151515151;1.2121212121212122;40.61818181818181;32.0;66.82424242424243;11.454545454545455;23.272727272727273;13.757575757575758;1.8169696969696971;0.0;2.7963636363636364;0.0;3.7709090909090905;0.37818181818181823;2.557575757575757;5.303030303030303;7.878787878787879
11286;zone16;7142.953643082513;3018.5401822929393;0.0;zone16;S01010218;31;1018;790;587;[0.425532,0.404255,0.170213];[0.392523,0.453271,0.154206];[0.358209,0.492537,0.149254];[0.589124,0.335347,0.075529];[0.424657534247,0.109589041096,0.369863013699,0.0958904109589];1;557.0;0.101026678737;568;57;0.07225806451612904;1.2903225806451613;34.6451612903226;25.35483870967742;61.45677419354839;11.419354838709678;23.032258064516128;11.516129032258064;1.5651612903225804;0.0;1.1664516129032256;0.0;3.110967741935484;0.4283870967741935;2.109677419354839;5.451612903225806;5.419354838709677
11286;zone17;6738.8937706128745;4298.8917997019325;0.0;zone17;S01010219;21;503;382;274;[0.695652,0.304348,0.0];[0.758621,0.215517,0.025862];[0.761905,0.166667,0.071429];[0.781609,0.195402,0.022989];[0.41935483871,0.0752688172043,0.408602150538,0.0967741935484];2;184.0;-0.327838932938;1667;51;0.08952380952380952;1.3333333333333333;56.20190476190475;32.142857142857146;70.69333333333334;10.047619047619047;22.666666666666668;18.80952380952381;2.902857142857143;0.0;3.5028571428571422;0.0;2.1009523809523807;0.3923809523809525;2.441904761904762;5.904761904761905;8.0
11286;zone18;5915.780765415368;4211.222876105162;0.0;zone18;S01010220;7;476;433;279;[0.181159,0.608696,0.210145];[0.404255,0.531915,0.06383];[0.227273,0.704545,0.068182];[0.448276,0.482759,0.068966];[0.154545454545,0.0636363636364,0.318181818182,0.463636363636];5;267.0;-0.232306706325;1260;24;0.13142857142857142;1.7142857142857142;35.88;23.857142857142858;68.88000000000001;12.428571428571429;23.428571428571427;12.0;3.485714285714286;0.0;4.000000000000001;0.25142857142857145;0.47428571428571425;0.3771428571428572;2.222857142857143;8.0;7.714285714285714
11286;zone19;6341.0811208317455;3913.8398648988496;0.0;zone19;S01010221;13;546;394;260;[0.6,0.4,0.0];[0.557377,0.409836,0.032787];[0.538462,0.323077,0.138462];[0.699387,0.257669,0.042945];[0.609375,0.140625,0.203125,0.046875];1;635.0;0.19005459739;1157;19;0.05846153846153846;0.8461538461538461;50.02153846153846;20.53846153846154;69.24615384615385;12.307692307692308;23.76923076923077;17.076923076923077;1.9384615384615385;0.0;3.966153846153847;0.15692307692307692;0.9384615384615385;0.3169230769230769;3.600000000000001;3.3846153846153846;6.461538461538462
11286;zone20;7001.213463613622;4053.9957950241624;0.0;zone20;S01010222;15;492;414;285;[0.142857,0.5,0.357143];[0.432432,0.459459,0.108108];[0.348624,0.522936,0.12844];[0.747899,0.235294,0.016807];[0.345238095238,0.214285714286,0.309523809524,0.130952380952];1;377.0;-0.105830277325;1701;29;0.07733333333333334;1.1333333333333333;38.05066666666666;25.466666666666665;60.98666666666666;10.933333333333334;22.266666666666666;13.0;1.3306666666666667;0.0;1.8906666666666667;0.0;2.8586666666666662;0.4880000000000001;2.498666666666667;3.933333333333333;5.666666666666667
11286;zone21;6986.8418912765155;3434.1450308482026;0.0;zone21;S01010223;4;556;462;337;[0.076923,0.538462,0.384615];[0.567797,0.330508,0.101695];[0.472222,0.444444,0.083333];[0.584699,0.36612,0.04918];[0.432432432432,0.162162162162,0.324324324324,0.0810810810811];1;439.0;-0.0353356041414;2006;3;0.03;2.0;68.73;20.25;90.32;15.0;26.25;23.25;3.9300000000000006;0.0;3.83;0.0;1.4;0.31;2.4699999999999998;12.0;8.5
11286;zone22;6247.397837456437;3329.661273309237;0.0;zone22;S01010224;40;1036;727;469;[0.405405,0.540541,0.054054];[0.592593,0.274074,0.133333];[0.418803,0.504274,0.076923];[0.768421,0.202632,0.028947];[0.506097560976,0.140243902439,0.268292682927,0.0853658536585];1;1004.0;0.614259332793;975;74;0.07;0.95;44.649000000000015;21.7;65.93;12.075;23.625;15.15;3.0499999999999994;0.0;1.3760000000000001;0.10800000000000001;1.221;0.41799999999999987;2.8120000000000003;4.475;5.275
11286;zone23;7827.985844039554;4105.4701191949;0.0;zone23;S01010225;33;812;636;431;[0.25,0.634615,0.115385];[0.469072,0.43299,0.097938];[0.54023,0.413793,0.045977];[0.672065,0.234818,0.093117];[0.385185185185,0.125925925926,0.325925925926,0.162962962963];1;1006.0;0.616572011517;1584;59;0.06787878787878789;1.2727272727272727;44.31030303030302;22.363636363636363;64.12727272727274;10.848484848484848;22.757575757575758;14.878787878787879;1.8690909090909098;0.0;2.0181818181818185;0.0;2.141818181818182;0.3575757575757576;2.4860606060606054;5.0606060606060606;5.545454545454546
11286;zone24;7040.363001382077;4481.052780471187;0.0;zone24;S01010226;40;816;565;394;[0.454545,0.242424,0.30303];[0.715385,0.2,0.084615];[0.540541,0.405405,0.054054];[0.766917,0.18797,0.045113];[0.503355704698,0.201342281879,0.221476510067,0.0738255033557];2;422.0;-0.0548014077425;1037;137;0.127;1.275;45.111000000000004;33.25;69.432;11.25;23.125;15.35;4.576999999999998;0.0;3.7590000000000003;0.0;1.666;0.437;2.308;5.375;9.5
11286;zone25;6847.772309074456;4638.663588163389;0.0;zone25;S01010227;39;692;454;294;[0.413793,0.413793,0.172414];[0.704545,0.238636,0.056818];[0.654545,0.345455,0.0];[0.810606,0.159091,0.030303];[0.672268907563,0.0924369747899,0.159663865546,0.0756302521008];4;0.0;-0.540229885057;1106;140;0.13948717948717948;1.5128205128205128;49.278974358974374;42.1025641025641;74.50461538461536;10.76923076923077;23.205128205128204;16.94871794871795;2.9097435897435893;0.0;7.955897435897438;0.01948717948717949;2.0656410256410256;0.3435897435897436;1.9620512820512819;6.564102564102564;12.435897435897436
11286;zone26;8241.816993110848;4572.457656401622;0.0;zone26;S01010229;30;1016;787;508;[0.1,0.625,0.275];[0.350877,0.350877,0.298246];[0.348315,0.477528,0.174157];[0.565217,0.310559,0.124224];[0.420731707317,0.213414634146,0.292682926829,0.0731707317073];1;395.0;-0.0859445809966;1322;45;0.05733333333333333;1.2666666666666666;43.776;21.0;64.91466666666666;11.433333333333334;23.233333333333334;14.9;1.3906666666666667;0.0;2.541333333333333;0.0;1.8519999999999996;0.4453333333333333;2.533333333333333;4.9;5.233333333333333
11286;zone27;7458.320056766788;4680.341251240345;0.0;zone27;S01010230;24;1005;772;577;[0.314286,0.628571,0.057143];[0.703883,0.296117,0.0];[0.727273,0.218182,0.054545];[0.71831,0.24507,0.03662];[0.517857142857,0.136904761905,0.267857142857,0.077380952381];1;846.0;0.433218203459;914;59;0.09333333333333334;0.7083333333333334;32.52166666666667;32.75;61.80166666666667;11.416666666666666;23.25;10.833333333333334;2.3433333333333333;0.0;3.788333333333332;0.00333333333333333;2.896666666666666;0.3316666666666667;2.628333333333333;2.625;8.416666666666666
11286;zone28;7569.802990100143;4917.458811240416;0.0;zone28;S01010232;37;1074;792;485;[0.457143,0.485714,0.057143];[0.557292,0.338542,0.104167];[0.492063,0.333333,0.174603];[0.654229,0.251244,0.094527];[0.470297029703,0.153465346535,0.306930693069,0.0693069306931];1;771.0;0.347049794199;1316;83;0.08216216216216216;1.2702702702702702;54.46486486486487;28.10810810810811;71.44648648648649;11.45945945945946;23.56756756756757;18.513513513513512;2.395675675675677;0.0;3.2540540540540532;0.06162162162162163;2.3275675675675678;0.38054054054054054;2.387027027027026;5.351351351351352;7.594594594594595
11286;zone29;7830.713068379679;4879.746446724283;0.0;zone29;S01010233;33;970;705;476;[0.275,0.625,0.1];[0.655629,0.245033,0.099338];[0.52809,0.426966,0.044944];[0.771505,0.212366,0.016129];[0.587209302326,0.093023255814,0.261627906977,0.0581395348837];1;284.0;-0.213781821634;1344;60;0.0703030303030303;1.393939393939394;51.329696969696975;25.727272727272727;67.62787878787879;11.333333333333334;23.060606060606062;17.393939393939394;1.193939393939394;0.0;2.454545454545454;0.06666666666666667;2.6848484848484846;0.4715151515151516;2.174545454545455;5.090909090909091;5.909090909090909
11286;zone30;6473.383843181837;4954.519765957263;0.0;zone30;S01010261;6;2551;2373;526;[0.666667,0.270833,0.0625];[0.675841,0.281346,0.042813];[0.75,0.25,0.0];[0.824468,0.164894,0.010638];[0.41,0.06,0.41,0.12];3;176.0;-0.337679921334;1768;14;0.09333333333333334;1.6666666666666667;73.74000000000001;37.166666666666664;82.01333333333335;11.833333333333334;23.833333333333332;25.333333333333332;2.893333333333333;0.0;1.793333333333333;0.04666666666666667;4.233333333333334;0.2866666666666667;1.9733333333333334;7.666666666666667;8.5
11286;zone31;4930.642193689802;4959.449818932565;0.0;zone31;S01010266;3;555;474;237;[0.320755,0.556604,0.122642];[0.677273,0.254545,0.068182];[0.5,0.461538,0.038462];[0.534247,0.30137,0.164384];[0.141176470588,0.0588235294118,0.4,0.4];3;536.0;0.0761386922126;1277;3;0.04;1.3333333333333333;26.933333333333334;30.333333333333332;62.120000000000005;11.666666666666666;23.666666666666668;9.666666666666666;0.7333333333333334;0.0;1.36;0.5866666666666667;4.92;0.26666666666666666;2.6933333333333334;4.666666666666667;7.333333333333333
11286;zone32;5712.5549897826;4979.400336637217;0.0;zone32;S01010270;4;1153;972;817;[0.389831,0.533898,0.076271];[0.70255,0.252125,0.045326];[0.714286,0.272727,0.012987];[0.771552,0.228448,0.0];[0.125,0.0909090909091,0.454545454545,0.329545454545];1;871.0;0.461200629557;1613;3;0.03;2.0;55.980000000000004;14.25;67.79;10.75;22.5;19.5;1.98;0.0;0.27;0.0;1.29;0.29000000000000004;1.6;7.75;3.25
11286;zone33;3394.0723536088512;4934.677182292946;0.0;zone33;S01010282;13;976;841;645;[0.438776,0.520408,0.040816];[0.545732,0.405488,0.04878];[0.521277,0.382979,0.095745];[0.712707,0.232044,0.055249];[0.190954773869,0.070351758794,0.35175879397,0.386934673367];2;350.0;-0.137812028107;1316;20;0.06153846153846154;1.8461538461538463;51.92615384615385;29.0;74.1846153846154;11.23076923076923;23.923076923076923;17.76923076923077;1.6400000000000001;0.0;6.624615384615385;0.26153846153846155;0.7938461538461539;0.3046153846153846;1.7692307692307692;8.153846153846153;8.76923076923077
11286;zone34;4385.789287498423;4835.237486850067;0.0;zone34;S01010289;15;771;687;380;[0.130952,0.511905,0.357143];[0.262911,0.502347,0.234742];[0.178571,0.464286,0.357143];[0.410256,0.435897,0.153846];[0.058064516129,0.0322580645161,0.245161290323,0.664516129032];5;259.0;-0.241396294863;1561;34;0.08266666666666667;2.4;53.93066666666667;34.8;68.06666666666666;8.466666666666667;21.666666666666668;18.466666666666665;1.872;0.0;3.944;1.0666666666666667;1.0719999999999998;0.21866666666666668;1.2613333333333334;8.0;7.4
11286;zone35;4401.5375624188455;4669.062022109911;0.0;zone35;S01010290;13;546;485;278;[0.198198,0.603604,0.198198];[0.485944,0.449799,0.064257];[0.555556,0.444444,0.0];[0.435897,0.512821,0.051282];[0.10752688172,0.0430107526882,0.494623655914,0.354838709677];3;353.0;-0.133686757747;1057;40;0.11692307692307692;1.6923076923076923;42.97538461538461;34.23076923076923;74.50461538461538;12.846153846153847;24.384615384615383;14.538461538461538;2.2523076923076926;0.0;5.855384615384616;0.9599999999999999;1.3446153846153845;0.2830769230769231;2.0307692307692307;8.307692307692308;9.923076923076923
11286;zone36;4119.983651650423;4281.100418217042;0.0;zone36;S01010291;12;1075;975;481;[0.405594,0.447552,0.146853];[0.627907,0.277132,0.094961];[0.415094,0.433962,0.150943];[0.562963,0.325926,0.111111];[0.197080291971,0.0729927007299,0.445255474453,0.284671532847];3;438.0;-0.0363924713322;878;36;0.11666666666666667;1.75;46.17333333333334;36.916666666666664;68.43000000000002;10.416666666666666;22.583333333333332;15.5;2.3766666666666665;0.0;5.926666666666667;0.54;0.9600000000000001;0.30666666666666664;1.7600000000000005;6.333333333333333;9.333333333333334
11286;zone37;4399.731076226201;4291.6703625917;0.0;zone37;S01010292;10;890;831;409;[0.348214,0.508929,0.142857];[0.477169,0.420091,0.10274];[0.339286,0.446429,0.214286];[0.55814,0.383721,0.05814];[0.128378378378,0.0540540540541,0.398648648649,0.418918918919];4;323.0;-0.168488563048;838;25;0.092;1.7;37.74;29.7;63.08399999999999;9.6;21.9;12.6;2.86;0.0;4.396;0.24400000000000005;0.728;0.324;2.372;6.2;7.8
11286;zone38;4514.690807242894;4541.15458266895;0.0;zone38;S01010293;16;839;723;373;[0.51773,0.35461,0.12766];[0.635389,0.262735,0.101877];[0.446809,0.319149,0.234043];[0.514286,0.392857,0.092857];[0.242424242424,0.0606060606061,0.393939393939,0.30303030303];3;290.0;-0.205814991507;1034;52;0.1225;2.125;47.755;35.3125;71.425;10.4375;22.5625;16.1875;2.09;0.0;6.2075000000000005;0.325;1.2175;0.2725;1.4474999999999998;8.9375;9.375
11286;zone39;4541.7482834333705;4418.565122351524;0.0;zone39;S01010294;13;690;631;275;[0.242105,0.526316,0.231579];[0.650873,0.214464,0.134663];[0.583333,0.208333,0.208333];[0.414894,0.489362,0.095745];[0.164835164835,0.043956043956,0.494505494505,0.296703296703];4;440.0;-0.0342259463805;1161;48;0.14153846153846153;1.9230769230769231;42.91692307692308;37.46153846153846;69.46153846153847;10.076923076923077;22.53846153846154;14.692307692307692;2.6984615384615385;0.0;6.486153846153848;0.5323076923076923;0.8;0.4000000000000001;1.4092307692307693;8.076923076923077;10.076923076923077
11286;zone40;4766.8646917667475;4574.50133624035;0.0;zone40;S01010295;18;974;870;427;[0.384615,0.391026,0.224359];[0.604555,0.310559,0.084886];[0.428571,0.285714,0.285714];[0.390728,0.516556,0.092715];[0.212765957447,0.113475177305,0.297872340426,0.375886524823];4;529.0;0.0680145754747;1126;59;0.12666666666666668;1.7777777777777777;48.44888888888888;39.72222222222222;70.04222222222222;10.5;22.22222222222222;16.444444444444443;2.795555555555555;0.0;5.793333333333332;0.8133333333333334;1.2688888888888887;0.24000000000000002;1.3533333333333335;6.777777777777778;10.222222222222221
11286;zone41;4647.752341766679;4736.091736240359;0.0;zone41;S01010296;16;664;560;291;[0.294118,0.423529,0.282353];[0.520913,0.368821,0.110266];[0.375,0.375,0.25];[0.475524,0.391608,0.132867];[0.282828282828,0.111111111111,0.363636363636,0.242424242424];2;856.0;0.444094443477;1231;46;0.1075;1.1875;43.245;30.9375;66.7775;11.1875;22.75;14.625;1.69;0.0;5.877500000000001;0.64;1.1325;0.405;2.1575;4.4375;8.875
11286;zone42;5522.849421766708;4411.996091240393;0.0;zone42;S01010297;7;1066;894;676;[0.582609,0.382609,0.034783];[0.691824,0.245283,0.062893];[0.540541,0.333333,0.126126];[0.681275,0.270916,0.047809];[0.260563380282,0.140845070423,0.37323943662,0.225352112676];1;504.0;0.0391758595379;1031;14;0.05714285714285714;1.4285714285714286;26.11428571428571;28.142857142857142;53.42285714285713;9.857142857142858;21.285714285714285;9.0;2.5599999999999996;0.0;0.7314285714285713;0.39428571428571424;2.245714285714286;0.17142857142857143;2.08;3.5714285714285716;5.571428571428571
11286;zone43;4706.481893689814;4143.807995855712;0.0;zone43;S01010298;12;880;677;515;[0.308943,0.479675,0.211382];[0.581395,0.356589,0.062016];[0.539683,0.396825,0.063492];[0.744828,0.193103,0.062069];[0.227272727273,0.0984848484848,0.371212121212,0.30303030303];1;486.0;0.0190902878356;1245;29;0.09333333333333334;1.0833333333333333;41.32333333333334;29.75;66.81;11.75;23.333333333333332;14.0;2.4366666666666665;0.0;4.726666666666667;0.51;0.9533333333333335;0.5533333333333333;2.23;4.916666666666667;8.166666666666666
11286;zone44;4885.424673909578;4209.645754097502;0.0;zone44;S01010299;4;536;404;292;[0.3,0.54,0.16];[0.556701,0.340206,0.103093];[0.458333,0.520833,0.020833];[0.584906,0.283019,0.132075];[0.428571428571,0.0857142857143,0.285714285714,0.2];1;375.0;-0.10827530326;722;12;0.11;2.0;29.009999999999998;29.5;71.77;14.0;25.25;9.75;2.39;0.0;0.95;0.9600000000000001;4.15;0.19;2.2;10.0;8.0
11286;zone45;4883.397012115578;4340.414778682246;0.0;zone45;S01010300;21;934;764;478;[0.460784,0.411765,0.127451];[0.664653,0.238671,0.096677];[0.632353,0.323529,0.044118];[0.606383,0.329787,0.06383];[0.3046875,0.125,0.3515625,0.21875];2;513.0;0.0498225801839;604;60;0.11238095238095239;1.1904761904761905;34.03047619047619;30.047619047619047;66.12380952380951;13.0;24.095238095238095;11.523809523809524;3.268571428571428;0.0;1.8857142857142855;0.32571428571428573;2.6609523809523807;0.36952380952380964;2.323809523809524;5.095238095238095;7.619047619047619
11286;zone46;5144.66081966521;4032.769083704074;0.0;zone46;S01010301;6;522;457;283;[0.292683,0.597561,0.109756];[0.57563,0.315126,0.109244];[0.222222,0.703704,0.074074];[0.561798,0.393258,0.044944];[0.214285714286,0.0612244897959,0.459183673469,0.265306122449];4;490.0;0.0232745011966;2444;18;0.11333333333333333;2.6666666666666665;59.17333333333334;31.833333333333332;80.44666666666666;12.0;23.166666666666668;20.333333333333332;4.36;0.0;1.2933333333333332;0.3933333333333333;2.526666666666667;0.17333333333333334;1.4333333333333336;12.833333333333334;7.833333333333333
11286;zone47;5165.568789180556;4297.038752619699;0.0;zone47;S01010302;24;669;495;388;[0.65625,0.28125,0.0625];[0.6,0.356522,0.043478];[0.716981,0.226415,0.056604];[0.801802,0.18018,0.018018];[0.582417582418,0.0769230769231,0.263736263736,0.0769230769231];1;392.0;-0.0896499889057;1099;62;0.10166666666666667;1.5416666666666667;44.67833333333332;29.583333333333332;66.49666666666666;11.0;22.875;15.375;2.731666666666667;0.0;0.8116666666666666;0.3216666666666667;2.986666666666667;0.36999999999999994;2.095;6.166666666666667;6.416666666666667
11286;zone48;5241.140616766716;4139.402270499609;0.0;zone48;S01010303;33;579;387;250;[0.692308,0.153846,0.153846];[0.56701,0.298969,0.134021];[0.630435,0.282609,0.086957];[0.658879,0.285047,0.056075];[0.58407079646,0.106194690265,0.274336283186,0.0353982300885];1;415.0;-0.0627120940391;1465;91;0.10787878787878788;1.5151515151515151;43.13333333333334;29.696969696969695;64.83999999999999;10.515151515151516;22.454545454545453;14.666666666666666;4.579393939393938;0.0;1.046060606060606;0.216969696969697;1.884848484848485;0.35636363636363644;2.135757575757576;5.151515151515151;7.212121212121212
11286;zone49;4853.647576226233;3833.123065294377;0.0;zone49;S01010304;12;542;456;332;[0.323529,0.514706,0.161765];[0.635135,0.25,0.114865];[0.477273,0.522727,0.0];[0.829268,0.109756,0.060976];[0.372340425532,0.0425531914894,0.297872340426,0.287234042553];1;804.0;0.384523850516;1835;32;0.1;0.8333333333333334;60.00333333333332;32.583333333333336;70.59666666666668;11.0;23.0;20.75;3.6833333333333336;0.0;1.4033333333333333;0.5966666666666667;2.3299999999999996;0.2933333333333334;2.5866666666666664;3.3333333333333335;7.5
11286;zone50;4697.410406890209;3639.1027396354093;0.0;zone50;S01010305;7;807;694;478;[0.36036,0.468468,0.171171];[0.553191,0.33617,0.110638];[0.409639,0.301205,0.289157];[0.589888,0.337079,0.073034];[0.198529411765,0.0735294117647,0.382352941176,0.345588235294];1;223.0;-0.28282788147;583;19;0.09142857142857143;2.4285714285714284;42.325714285714284;20.857142857142858;65.11999999999999;10.285714285714286;22.428571428571427;14.857142857142858;2.662857142857143;0.0;1.0114285714285713;0.822857142857143;0.5257142857142857;0.2342857142857143;1.874285714285714;8.428571428571429;4.428571428571429
11286;zone51;4591.3082521834585;3868.367573740388;0.0;zone51;S01010306;13;752;675;449;[0.35625,0.56875,0.075];[0.570588,0.355882,0.073529];[0.283019,0.566038,0.150943];[0.650943,0.330189,0.018868];[0.165680473373,0.0473372781065,0.479289940828,0.307692307692];2;238.0;-0.265781391166;800;30;0.09230769230769231;1.9230769230769231;43.63692307692307;34.69230769230769;73.57846153846153;12.923076923076923;23.923076923076923;14.538461538461538;3.261538461538462;0.0;1.9476923076923076;2.8400000000000003;0.6307692307692309;0.14153846153846156;1.5969230769230767;9.846153846153847;8.153846153846153
11286;zone52;4503.72067559025;3742.2957906521283;0.0;zone52;S01010307;9;821;732;428;[0.189922,0.577519,0.232558];[0.407407,0.487654,0.104938];[0.346154,0.538462,0.115385];[0.71875,0.234375,0.046875];[0.0681818181818,0.0568181818182,0.375,0.5];5;319.0;-0.172537833795;449;36;0.16;2.5555555555555554;45.715555555555554;47.55555555555556;79.75111111111111;12.333333333333334;23.77777777777778;15.555555555555555;3.1333333333333337;0.0;2.395555555555555;5.604444444444445;0.3733333333333333;0.3377777777777778;1.04;13.333333333333334;11.0
11286;zone53;4364.519870735056;4047.768725526131;0.0;zone53;S01010308;9;975;858;480;[0.285714,0.54007,0.174216];[0.511936,0.384615,0.103448];[0.254902,0.411765,0.333333];[0.648352,0.307692,0.043956];[0.0970873786408,0.0631067961165,0.359223300971,0.480582524272];4;257.0;-0.244477582955;1399;28;0.11555555555555555;1.7777777777777777;52.71111111111111;37.55555555555556;70.75111111111111;9.666666666666666;22.333333333333332;18.0;3.3422222222222224;0.0;5.057777777777778;1.0622222222222222;1.0222222222222224;0.48000000000000004;1.2177777777777776;6.777777777777778;10.11111111111111
11286;zone54;5381.88771051669;3636.3205112402793;0.0;zone54;S01010309;4;419;356;264;[0.333333,0.25,0.416667];[0.478873,0.422535,0.098592];[0.352941,0.382353,0.264706];[0.705882,0.24183,0.052288];[0.365853658537,0.170731707317,0.390243902439,0.0731707317073];1;0.0;-0.540229885057;2153;10;0.09;1.25;60.69;25.5;67.17;9.5;22.0;20.5;1.9100000000000001;0.0;1.22;0.23;2.43;0.54;2.26;4.5;5.25
11286;zone55;5657.373406240428;3625.6586165034923;0.0;zone55;S01010310;13;706;540;381;[0.333333,0.238095,0.428571];[0.565517,0.337931,0.096552];[0.54902,0.27451,0.176471];[0.715415,0.256917,0.027668];[0.484848484848,0.151515151515,0.318181818182,0.0454545454545];1;574.0;0.120406534162;845;22;0.06153846153846154;1.3076923076923077;43.51384615384615;29.0;62.19692307692307;10.23076923076923;22.307692307692307;14.846153846153847;1.990769230769231;0.0;0.9261538461538462;0.27076923076923076;2.4676923076923076;0.30153846153846153;2.643076923076923;4.538461538461538;5.153846153846154
11286;zone56;5685.425126382168;3318.6970593171873;0.0;zone56;S01010311;22;721;556;351;[0.411765,0.352941,0.235294];[0.472222,0.453704,0.074074];[0.571429,0.404762,0.02381];[0.717949,0.271062,0.010989];[0.565217391304,0.121739130435,0.269565217391,0.0434782608696];1;1534.0;1.22364271569;1642;45;0.08;0.8181818181818182;55.99636363636363;30.045454545454547;67.18545454545453;10.545454545454545;22.454545454545453;19.0;2.110909090909091;0.0;2.3927272727272726;0.05454545454545456;2.8272727272727276;0.47454545454545455;2.56;3.090909090909091;6.863636363636363
11286;zone57;5466.52613028024;3072.1402274564575;0.0;zone57;S01010312;34;868;647;425;[0.117647,0.823529,0.058824];[0.754386,0.22807,0.017544];[0.407407,0.444444,0.148148];[0.804945,0.153846,0.041209];[0.586956521739,0.115942028986,0.268115942029,0.0289855072464];1;685.0;0.247477927043;1651;45;0.04941176470588235;1.2941176470588236;59.68117647058824;27.41176470588235;68.97529411764705;10.323529411764707;22.705882352941178;20.470588235294116;1.3447058823529414;0.0;2.1117647058823534;0.05411764705882354;2.9952941176470596;0.4211764705882352;2.4188235294117644;4.5;6.0588235294117645
11286;zone58;5251.7403530303945;3502.549209042501;0.0;zone58;S01010313;16;654;529;356;[0.428571,0.285714,0.285714];[0.6,0.333333,0.066667];[0.433735,0.481928,0.084337];[0.739623,0.162264,0.098113];[0.648351648352,0.131868131868,0.175824175824,0.043956043956];1;565.0;0.109617915218;2142;31;0.0775;1.3125;63.447500000000005;28.9375;75.505;11.75;23.8125;22.0;1.755;0.0;2.23;0.17500000000000002;3.5500000000000003;0.43250000000000005;2.7149999999999994;5.5;7.25
11286;zone59;4840.312157862589;3385.4448126102257;0.0;zone59;S01010314;21;1248;1034;550;[0.358209,0.507463,0.134328];[0.514493,0.333333,0.152174];[0.5,0.326923,0.173077];[0.636,0.324,0.04];[0.316901408451,0.133802816901,0.401408450704,0.147887323944];1;637.0;0.192402372167;1112;36;0.06666666666666667;1.6666666666666667;42.116190476190475;27.0;69.53333333333333;12.333333333333334;23.666666666666668;14.428571428571429;2.5123809523809526;0.0;3.2971428571428567;0.9866666666666666;0.8095238095238095;0.2952380952380952;1.8876190476190473;7.666666666666667;7.095238095238095
11286;zone60;4536.293429266749;2504.1273706154316;0.0;zone60;S01010315;43;911;678;409;[0.180723,0.554217,0.26506];[0.252632,0.457895,0.289474];[0.208333,0.5,0.291667];[0.55144,0.345679,0.102881];[0.308176100629,0.169811320755,0.358490566038,0.163522012579];2;382.0;-0.100954860853;1612;99;0.08930232558139535;1.7209302325581395;44.359999999999985;30.13953488372093;66.05674418604653;10.348837209302326;22.6046511627907;14.883720930232558;1.8734883720930229;0.0;3.2093023255813953;0.00651162790697674;2.6139534883720934;0.30232558139534876;1.7590697674418607;6.674418604651163;7.232558139534884
11286;zone61;4589.6619547948285;2943.195659127726;0.0;zone61;S01010316;25;512;414;304;[0.392157,0.529412,0.078431];[0.62931,0.37069,0.0];[0.439024,0.560976,0.0];[0.775401,0.224599,0.0];[0.439252336449,0.102803738318,0.252336448598,0.205607476636];1;481.0;0.0128180141103;1417;59;0.0896;1.4;52.593600000000016;34.48;71.4672;11.32;23.36;17.8;2.7072;0.0;3.0272;0.19360000000000002;3.6096000000000004;0.47039999999999993;2.0992;5.12;9.04
11286;zone63;4421.5566371748755;3071.026327566895;0.0;zone63;S01010318;12;1588;1497;304;[0.5,0.456522,0.043478];[0.469799,0.47651,0.053691];[0.310345,0.37931,0.310345];[0.678571,0.285714,0.035714];[0.36,0.14,0.34,0.16];3;317.0;-0.175110645645;1045;47;0.15;0.8333333333333334;57.09666666666667;47.416666666666664;75.01;10.583333333333334;23.166666666666668;19.333333333333332;6.173333333333333;0.0;6.753333333333333;0.8366666666666668;0.5633333333333334;0.4366666666666667;2.2066666666666666;3.0833333333333335;13.916666666666666
11286;zone64;4173.240913470097;2893.8040771744095;0.0;zone64;S01010319;9;711;624;407;[0.258741,0.608392,0.132867];[0.383399,0.486166,0.130435];[0.439394,0.212121,0.348485];[0.530769,0.384615,0.084615];[0.171974522293,0.0700636942675,0.471337579618,0.286624203822];2;473.0;0.00423719084943;1412;19;0.07555555555555556;0.6666666666666666;35.99555555555556;35.55555555555556;60.48888888888889;10.444444444444445;22.333333333333332;11.88888888888889;3.537777777777778;0.0;2.7155555555555555;0.16;2.6888888888888887;0.5333333333333333;2.2622222222222224;2.3333333333333335;8.444444444444445
11286;zone65;3940.1918462749595;2900.8899784533987;0.0;zone65;S01010320;4;675;594;437;[0.257813,0.523438,0.21875];[0.61753,0.298805,0.083665];[0.526316,0.22807,0.245614];[0.805085,0.169492,0.025424];[0.172185430464,0.0662251655629,0.443708609272,0.317880794702];1;646.0;0.202453315259;1231;4;0.04;1.0;39.519999999999996;24.5;69.25;13.0;24.5;13.25;4.890000000000001;0.0;2.6500000000000004;0.12;1.09;0.6699999999999999;2.4400000000000004;5.0;8.25
11286;zone66;3905.8658739096163;2664.6669636212755;0.0;zone66;S01010321;7;837;634;432;[0.401709,0.555556,0.042735];[0.54717,0.433962,0.018868];[0.45122,0.439024,0.109756];[0.666667,0.271186,0.062147];[0.212328767123,0.0958904109589,0.390410958904,0.301369863014];1;1019.0;0.631764531736;1920;13;0.06857142857142857;1.8571428571428572;50.28000000000001;27.714285714285715;71.33142857142857;11.714285714285714;23.428571428571427;16.857142857142858;2.0342857142857143;0.0;2.9771428571428573;0.0;2.668571428571428;0.4571428571428572;2.3085714285714287;7.142857142857143;7.142857142857143
11286;zone67;3630.3978644730896;3132.1651121578075;0.0;zone67;S01010322;9;1028;914;549;[0.174419,0.549419,0.276163];[0.412399,0.471698,0.115903];[0.298507,0.38806,0.313433];[0.647059,0.323529,0.029412];[0.057268722467,0.0352422907489,0.449339207048,0.458149779736];5;124.0;-0.397569575369;1581;39;0.16;1.8888888888888888;41.013333333333335;41.888888888888886;71.63111111111112;10.555555555555555;23.333333333333332;14.0;4.3244444444444445;0.0;5.96;0.7733333333333333;1.3333333333333333;0.2755555555555556;1.7377777777777776;7.333333333333333;12.0
11286;zone68;6208.193116766784;3072.425066795916;0.0;zone68;S01010323;4;603;466;377;[0.555556,0.444444,0.0];[0.657143,0.271429,0.071429];[0.642857,0.321429,0.035714];[0.793651,0.166667,0.039683];[0.578431372549,0.166666666667,0.235294117647,0.0196078431373];1;970.0;0.57559463238;1077;5;0.05;2.0;57.52;21.5;77.0;11.75;24.5;20.25;5.42;0.0;0.8;0.0;1.26;0.5;2.46;8.25;7.0
11286;zone69;6517.651722029823;2240.572579661372;0.0;zone69;S01010324;6;759;566;403;[0.142857,0.571429,0.285714];[0.298077,0.490385,0.211538];[0.333333,0.530864,0.135802];[0.401674,0.414226,0.1841];[0.569620253165,0.101265822785,0.291139240506,0.0379746835443];1;407.0;-0.0721601679586;1232;11;0.07333333333333333;2.1666666666666665;39.98;24.833333333333332;70.10000000000001;12.0;23.833333333333332;13.5;2.873333333333333;0.0;1.8666666666666665;0.0;1.9466666666666665;0.3066666666666667;1.62;10.5;6.166666666666667
11286;zone70;6038.016041009105;2402.8415869980217;0.0;zone70;S01010325;18;939;666;501;[0.263158,0.368421,0.368421];[0.383838,0.525253,0.090909];[0.253623,0.615942,0.130435];[0.451362,0.463035,0.085603];[0.545454545455,0.238636363636,0.193181818182,0.0227272727273];1;225.0;-0.281126582053;1643;33;0.06888888888888889;1.6111111111111112;39.82222222222222;27.166666666666668;66.65777777777778;12.444444444444445;23.5;13.555555555555555;1.862222222222222;0.0;0.6377777777777778;0.0;4.4911111111111115;0.3422222222222222;2.0444444444444447;6.111111111111111;6.555555555555555
11286;zone71;5272.359331052501;2740.775131541117;0.0;zone71;S01010326;39;987;707;494;[0.526316,0.368421,0.105263];[0.522523,0.333333,0.144144];[0.492188,0.3125,0.195313];[0.723514,0.224806,0.05168];[0.54375,0.16875,0.23125,0.05625];1;1389.0;1.05701743376;1010;84;0.08102564102564103;0.7435897435897436;45.660512820512835;32.05128205128205;67.31384615384617;11.205128205128204;23.076923076923077;15.461538461538462;1.6871794871794872;0.0;5.654358974358975;0.06051282051282052;1.8974358974358978;0.5035897435897437;2.6205128205128196;3.4358974358974357;8.820512820512821
11286;zone72;4970.167032608406;2501.795090448298;0.0;zone72;S01010327;34;982;660;362;[0.031746,0.507937,0.460317];[0.372881,0.432203,0.194915];[0.289063,0.328125,0.382813];[0.516892,0.347973,0.135135];[0.416184971098,0.21387283237,0.236994219653,0.132947976879];1;470.0;0.000335688704598;926;84;0.09647058823529411;1.2647058823529411;39.69882352941176;29.029411764705884;63.35176470588235;10.352941176470589;22.205882352941178;13.382352941176471;1.964705882352941;0.0;6.014117647058824;0.00588235294117647;0.591764705882353;0.37764705882352934;2.1788235294117646;4.411764705882353;8.088235294117647
11286;zone73;5975.307390960257;2677.5485166167286;0.0;zone73;S01010328;24;969;706;445;[0.16129,0.5,0.33871];[0.27044,0.471698,0.257862];[0.192547,0.434783,0.372671];[0.338983,0.432203,0.228814];[0.309352517986,0.258992805755,0.280575539568,0.151079136691];2;457.0;-0.0138550124678;1966;60;0.09333333333333334;1.4166666666666667;47.69166666666666;31.791666666666668;65.59666666666668;10.375;22.458333333333332;16.166666666666668;2.688333333333334;0.0;1.2566666666666666;0.0;3.2333333333333343;0.4266666666666667;2.165;5.25;6.625
