cycle;name;location.x;location.y;location.z;name;dataZone;nm_children;pop;over16;nm_hh;AB_car_prob;C1_car_prob;C2_car_prob;DE_car_prob;prob_social;simd;crimeRate;norm_crime;avg_dis_sh;neigh_play;daily_play_per_child;avg_FSA;avg_walk;daily_OD;zone_mvpa;mvpa_home;mvpa_sc;mvpa_road;mvpa_play_field;mvpa_home_garden;mvpa_park;mvpa_PG;mvpa_amenity;mvpa_shops;mvpa_F_home;mvpa_fsa;mvpa_OD
11286;zone0;8448.90275962388;2625.4515469546564;0.0;zone0;S01010195;19;531;390;212;[0.0,0.481481,0.518519];[0.261538,0.646154,0.092308];[0.12,0.59,0.29];[0.447368,0.368421,0.184211];[0.418918918919,0.283783783784,0.202702702703,0.0945945945946];1;0.0;-0.540229885057;1278;49;0.0968421052631579;0.47368421052631576;35.98315789473684;26.94736842105263;56.42736842105264;9.736842105263158;21.842105263157894;12.157894736842104;1.0547368421052632;0.0;2.6526315789473682;0.0;2.338947368421053;0.34736842105263166;2.890526315789474;1.736842105263158;5.631578947368421
11286;zone1;8656.736904000718;2165.9902346445633;0.0;zone1;S01010198;18;1027;748;394;[0.058824,0.529412,0.411765];[0.305785,0.561983,0.132231];[0.219858,0.496454,0.283688];[0.523179,0.331126,0.145695];[0.48623853211,0.229357798165,0.266055045872,0.0183486238532];1;1609.0;1.3102524676;1960;27;0.05777777777777778;1.1666666666666667;39.608888888888885;22.166666666666668;63.046666666666674;11.722222222222221;23.333333333333332;13.38888888888889;0.9533333333333334;0.0;1.7688888888888892;0.0;2.682222222222222;0.5266666666666667;2.286666666666666;4.833333333333333;4.944444444444445
11286;zone2;8537.588755655543;3024.028900129281;0.0;zone2;S01010201;22;643;453;253;[0.0,0.47619,0.52381];[0.270833,0.3125,0.416667];[0.088,0.48,0.432];[0.296552,0.434483,0.268966];[0.365853658537,0.292682926829,0.292682926829,0.0487804878049];2;219.0;-0.28762447053;1605;60;0.10363636363636364;1.3181818181818181;46.33454545454546;29.09090909090909;65.49454545454546;10.272727272727273;22.318181818181817;15.681818181818182;1.6690909090909094;0.0;3.6636363636363645;0.02181818181818182;2.2381818181818183;0.2927272727272728;2.4309090909090902;5.045454545454546;7.181818181818182
11286;zone3;8059.42097232239;3767.666522351409;0.0;zone3;S01010203;30;671;504;260;[0.090909,0.363636,0.545455];[0.263804,0.460123,0.276074];[0.094828,0.422414,0.482759];[0.183824,0.375,0.441176];[0.272727272727,0.218181818182,0.363636363636,0.145454545455];3;215.0;-0.292668818285;1941;78;0.096;1.5;39.22533333333334;25.133333333333333;67.91199999999999;12.266666666666667;24.0;13.2;2.2546666666666666;0.0;2.3506666666666667;0.0;2.7400000000000007;0.40266666666666673;2.4146666666666667;6.433333333333334;6.833333333333333
11286;zone4;8368.288440296214;3565.498290652094;0.0;zone4;S01010204;30;800;589;381;[0.272727,0.727273,0.0];[0.627451,0.27451,0.098039];[0.444444,0.533333,0.022222];[0.600619,0.321981,0.077399];[0.595041322314,0.157024793388,0.239669421488,0.00826446280992];1;497.0;0.0317745673598;1157;65;0.08533333333333333;0.5666666666666667;40.23733333333334;28.033333333333335;63.258666666666656;11.933333333333334;23.233333333333334;13.433333333333334;1.3013333333333332;0.0;2.2359999999999993;0.00266666666666667;3.569333333333332;0.38400000000000006;3.0560000000000005;2.6;6.633333333333334
11286;zone5;8034.229745798958;3515.110462853287;0.0;zone5;S01010205;15;658;534;355;[0.411765,0.117647,0.470588];[0.465116,0.457364,0.077519];[0.317757,0.588785,0.093458];[0.593458,0.280374,0.126168];[0.466666666667,0.2,0.3,0.0333333333333];1;925.0;0.523434132086;1347;35;0.08266666666666667;1.6;43.54666666666666;27.8;67.62933333333334;11.533333333333333;23.133333333333333;14.8;2.2826666666666666;0.0;2.3466666666666662;0.0;2.930666666666667;0.34666666666666673;2.2106666666666666;6.133333333333334;7.2
11286;zone6;7457.064719570519;3739.055375726369;0.0;zone6;S01010208;18;903;745;565;[0.30137,0.589041,0.109589];[0.48062,0.457364,0.062016];[0.272727,0.613636,0.113636];[0.66055,0.270642,0.068807];[0.233333333333,0.133333333333,0.461111111111,0.172222222222];1;603.0;0.153385979085;1446;25;0.05333333333333334;0.9444444444444444;44.36666666666667;27.555555555555557;67.66444444444443;12.055555555555555;24.0;14.88888888888889;1.8266666666666669;0.0;2.6044444444444443;0.0;3.2488888888888887;0.43333333333333335;2.753333333333334;4.277777777777778;7.166666666666667
11286;zone7;7917.838214725937;1939.334458859395;0.0;zone7;S01010209;24;966;677;468;[0.172414,0.586207,0.241379];[0.333333,0.414966,0.251701];[0.381944,0.458333,0.159722];[0.545852,0.336245,0.117904];[0.337931034483,0.248275862069,0.303448275862,0.110344827586];1;2053.0;1.82052250092;1655;38;0.06166666666666667;1.0833333333333333;44.45833333333334;25.291666666666668;64.56666666666666;11.041666666666666;22.916666666666668;15.083333333333334;0.923333333333333;0.0;3.1633333333333336;0.0;2.3216666666666668;0.45166666666666666;2.1066666666666665;4.958333333333333;6.0
11286;zone8;7878.406567747077;2721.2634132011362;0.0;zone8;S01010210;18;885;641;416;[0.173913,0.456522,0.369565];[0.21519,0.5,0.28481];[0.189781,0.386861,0.423358];[0.422111,0.442211,0.135678];[0.394736842105,0.236842105263,0.254385964912,0.114035087719];1;344.0;-0.144253829852;1084;46;0.09777777777777778;1.2777777777777777;31.0;28.22222222222222;60.653333333333336;10.666666666666666;22.22222222222222;10.38888888888889;1.8666666666666667;0.0;3.6133333333333337;0.0;2.08;0.26222222222222225;2.326666666666667;5.444444444444445;7.222222222222222
11286;zone9;7785.599648345685;3201.783800714137;0.0;zone9;S01010211;22;858;634;452;[0.147059,0.705882,0.147059];[0.384615,0.452991,0.162393];[0.469565,0.4,0.130435];[0.722656,0.226563,0.050781];[0.473214285714,0.169642857143,0.285714285714,0.0714285714286];1;430.0;-0.0456985893816;969;33;0.06;1.9090909090909092;41.25272727272728;20.863636363636363;68.16545454545454;12.181818181818182;23.59090909090909;14.0;2.016363636363636;0.0;2.2036363636363636;0.0;1.86;0.2854545454545455;2.3218181818181813;7.909090909090909;5.590909090909091
11286;zone10;7580.688680869333;3097.127786881416;0.0;zone10;S01010212;49;1083;779;559;[0.233333,0.633333,0.133333];[0.594771,0.339869,0.065359];[0.465517,0.405172,0.12931];[0.712821,0.269231,0.017949];[0.566037735849,0.138364779874,0.22641509434,0.0691823899371];1;1473.0;1.15298517036;1252;130;0.10122448979591837;1.2857142857142858;50.053061224489795;29.693877551020407;66.89306122448978;10.693877551020408;22.79591836734694;17.0;1.6465306122448977;0.0;2.744489795918367;0.0;2.9028571428571435;0.3012244897959183;2.3216326530612243;4.73469387755102;6.816326530612245
11286;zone11;8065.177293237223;3111.5884965344962;0.0;zone11;S01010213;13;924;657;476;[0.105263,0.684211,0.210526];[0.382609,0.547826,0.069565];[0.218543,0.556291,0.225166];[0.467925,0.483019,0.049057];[0.451327433628,0.221238938053,0.274336283186,0.0530973451327];1;247.0;-0.255840453357;755;27;0.08307692307692308;1.3846153846153846;23.895384615384614;24.384615384615383;63.556923076923084;12.692307692307692;23.76923076923077;8.076923076923077;1.2153846153846153;0.0;3.618461538461539;0.0;2.5538461538461537;0.5507692307692308;2.4676923076923076;6.923076923076923;7.0
11286;zone12;7144.994858230166;1947.4125453867302;0.0;zone12;S01010214;27;967;717;396;[0.098592,0.28169,0.619718];[0.197531,0.438272,0.364198];[0.173333,0.493333,0.333333];[0.237069,0.487069,0.275862];[0.361344537815,0.210084033613,0.310924369748,0.117647058824];3;176.0;-0.337854473183;1908;54;0.07851851851851852;1.4814814814814814;43.2948148148148;27.925925925925927;67.00888888888888;11.148148148148149;22.962962962962962;14.62962962962963;2.6237037037037036;0.0;2.6859259259259254;0.0;2.4696296296296287;0.34666666666666657;2.0103703703703704;6.185185185185185;7.333333333333333
11286;zone13;7013.590150664996;2618.495528189446;0.0;zone13;S01010215;24;850;608;492;[0.571429,0.285714,0.142857];[0.5,0.431373,0.068627];[0.382609,0.391304,0.226087];[0.678571,0.269841,0.051587];[0.467289719626,0.140186915888,0.345794392523,0.0467289719626];1;547.0;0.0886083430805;622;48;0.07833333333333334;1.2083333333333333;34.70499999999999;32.291666666666664;63.63333333333332;11.583333333333334;23.125;11.833333333333334;1.1033333333333333;0.0;2.03;0.0;4.468333333333334;0.3233333333333334;2.53;5.0;7.166666666666667
11286;zone14;7332.222205807836;2329.961970144465;0.0;zone14;S01010216;15;621;464;361;[0.6,0.4,0.0];[0.597701,0.356322,0.045977];[0.409091,0.439394,0.151515];[0.709544,0.273859,0.016598];[0.5,0.163265306122,0.265306122449,0.0714285714286];1;600.0;0.150092344085;1303;31;0.08266666666666667;1.1333333333333333;54.65066666666667;27.066666666666666;66.184;10.2;22.133333333333333;18.466666666666665;1.4613333333333332;0.0;3.413333333333333;0.0;2.096;0.3466666666666667;2.4400000000000004;3.6666666666666665;6.4
11286;zone15;7299.833172322251;2625.8610945736937;0.0;zone15;S01010217;33;817;598;406;[0.16129,0.516129,0.322581];[0.565517,0.4,0.034483];[0.5,0.431373,0.068627];[0.702703,0.283784,0.013514];[0.541935483871,0.0967741935484,0.296774193548,0.0645161290323];1;1060.0;0.679274950851;1009;81;0.09575757575757576;1.3636363636363635;42.626666666666665;32.06060606060606;67.57212121212123;11.454545454545455;23.21212121212121;14.272727272727273;1.8654545454545457;0.0;2.79030303030303;0.0;3.733333333333334;0.3442424242424243;2.486060606060606;5.575757575757576;7.878787878787879
11286;zone16;7142.953643082513;3018.5401822929393;0.0;zone16;S01010218;31;1018;790;587;[0.425532,0.404255,0.170213];[0.392523,0.453271,0.154206];[0.358209,0.492537,0.149254];[0.589124,0.335347,0.075529];[0.424657534247,0.109589041096,0.369863013699,0.0958904109589];1;557.0;0.101026678737;568;56;0.0696774193548387;1.5161290322580645;34.09032258064516;25.580645161290324;62.49419354838708;11.096774193548388;23.032258064516128;11.35483870967742;1.0683870967741937;0.0;1.5122580645161292;0.0;3.5122580645161294;0.4825806451612903;2.3445161290322583;6.32258064516129;5.612903225806452
11286;zone17;6738.8937706128745;4298.8917997019325;0.0;zone17;S01010219;21;503;382;274;[0.695652,0.304348,0.0];[0.758621,0.215517,0.025862];[0.761905,0.166667,0.071429];[0.781609,0.195402,0.022989];[0.41935483871,0.0752688172043,0.408602150538,0.0967741935484];2;184.0;-0.327838932938;1689;41;0.0761904761904762;1.6666666666666667;62.25523809523808;28.0;72.49904761904762;10.095238095238095;22.857142857142858;21.333333333333332;2.819047619047619;0.0;4.259047619047619;0.02857142857142857;1.0457142857142856;0.3238095238095238;2.08952380952381;5.857142857142857;7.666666666666667
11286;zone18;5915.780765415368;4211.222876105162;0.0;zone18;S01010220;7;476;433;279;[0.181159,0.608696,0.210145];[0.404255,0.531915,0.06383];[0.227273,0.704545,0.068182];[0.448276,0.482759,0.068966];[0.154545454545,0.0636363636364,0.318181818182,0.463636363636];5;267.0;-0.232306706325;1500;21;0.12;1.2857142857142858;43.81142857142857;35.857142857142854;71.8457142857143;11.428571428571429;23.857142857142858;14.857142857142858;4.182857142857143;0.0;6.519999999999999;0.25142857142857145;1.445714285714286;0.18285714285714288;2.6114285714285717;4.857142857142857;12.0
11286;zone19;6341.0811208317455;3913.8398648988496;0.0;zone19;S01010221;13;546;394;260;[0.6,0.4,0.0];[0.557377,0.409836,0.032787];[0.538462,0.323077,0.138462];[0.699387,0.257669,0.042945];[0.609375,0.140625,0.203125,0.046875];1;635.0;0.19005459739;961;18;0.05538461538461539;1.1538461538461537;45.61230769230769;21.846153846153847;68.02461538461539;12.461538461538462;23.76923076923077;15.461538461538462;3.4892307692307694;0.0;2.0;0.1876923076923077;1.455384615384615;0.5415384615384616;2.36;4.615384615384615;6.538461538461538
11286;zone20;7001.213463613622;4053.9957950241624;0.0;zone20;S01010222;15;492;414;285;[0.142857,0.5,0.357143];[0.432432,0.459459,0.108108];[0.348624,0.522936,0.12844];[0.747899,0.235294,0.016807];[0.345238095238,0.214285714286,0.309523809524,0.130952380952];1;377.0;-0.105830277325;1839;22;0.05066666666666667;1.6666666666666667;49.97599999999999;24.733333333333334;66.61333333333333;10.733333333333333;22.533333333333335;17.266666666666666;1.5893333333333335;0.0;2.4826666666666664;0.0;2.0720000000000005;0.3360000000000001;2.072;6.2;5.733333333333333
11286;zone21;6986.8418912765155;3434.1450308482026;0.0;zone21;S01010223;4;556;462;337;[0.076923,0.538462,0.384615];[0.567797,0.330508,0.101695];[0.472222,0.444444,0.083333];[0.584699,0.36612,0.04918];[0.432432432432,0.162162162162,0.324324324324,0.0810810810811];1;439.0;-0.0353356041414;1651;2;0.02;1.5;51.06;22.75;80.77;15.0;26.0;18.5;3.34;0.0;1.6600000000000001;0.0;2.9400000000000004;0.5;3.04;7.75;7.25
11286;zone22;6247.397837456437;3329.661273309237;0.0;zone22;S01010224;40;1036;727;469;[0.405405,0.540541,0.054054];[0.592593,0.274074,0.133333];[0.418803,0.504274,0.076923];[0.768421,0.202632,0.028947];[0.506097560976,0.140243902439,0.268292682927,0.0853658536585];1;1004.0;0.614259332793;975;62;0.062;1.6;45.111000000000004;19.0;67.28399999999996;11.75;23.575;15.075;2.4849999999999994;0.0;1.448;0.047;1.113;0.292;2.3390000000000004;7.35;4.65
11286;zone23;7827.985844039554;4105.4701191949;0.0;zone23;S01010225;33;812;636;431;[0.25,0.634615,0.115385];[0.469072,0.43299,0.097938];[0.54023,0.413793,0.045977];[0.672065,0.234818,0.093117];[0.385185185185,0.125925925926,0.325925925926,0.162962962963];1;1006.0;0.616572011517;1590;63;0.06666666666666667;1.4545454545454546;45.374545454545455;23.78787878787879;64.76363636363635;10.818181818181818;22.696969696969695;15.393939393939394;1.6036363636363637;0.0;2.2133333333333334;0.0;2.3527272727272726;0.2921212121212121;2.450909090909091;5.242424242424242;5.7272727272727275
11286;zone24;7040.363001382077;4481.052780471187;0.0;zone24;S01010226;40;816;565;394;[0.454545,0.242424,0.30303];[0.715385,0.2,0.084615];[0.540541,0.405405,0.054054];[0.766917,0.18797,0.045113];[0.503355704698,0.201342281879,0.221476510067,0.0738255033557];2;422.0;-0.0548014077425;1161;136;0.131;1.15;42.291999999999994;36.55;68.057;11.05;23.125;14.125;4.821999999999999;0.0;3.8800000000000003;0.061;1.9040000000000004;0.4120000000000001;2.2709999999999995;4.625;10.15
11286;zone25;6847.772309074456;4638.663588163389;0.0;zone25;S01010227;39;692;454;294;[0.413793,0.413793,0.172414];[0.704545,0.238636,0.056818];[0.654545,0.345455,0.0];[0.810606,0.159091,0.030303];[0.672268907563,0.0924369747899,0.159663865546,0.0756302521008];4;0.0;-0.540229885057;1065;159;0.1558974358974359;1.205128205128205;45.411282051282065;46.84615384615385;72.61538461538461;10.871794871794872;23.102564102564102;15.461538461538462;3.1169230769230762;0.0;8.736410256410258;0.08615384615384616;2.0010256410256413;0.39076923076923076;1.9220512820512823;5.17948717948718;13.461538461538462
11286;zone26;8241.816993110848;4572.457656401622;0.0;zone26;S01010229;30;1016;787;508;[0.1,0.625,0.275];[0.350877,0.350877,0.298246];[0.348315,0.477528,0.174157];[0.565217,0.310559,0.124224];[0.420731707317,0.213414634146,0.292682926829,0.0731707317073];1;395.0;-0.0859445809966;1168;52;0.06;1.1333333333333333;38.958666666666666;20.733333333333334;62.48533333333334;11.6;23.066666666666666;13.066666666666666;1.7479999999999998;0.0;2.181333333333334;0.02266666666666667;1.7746666666666662;0.44133333333333336;2.1279999999999992;4.766666666666667;5.266666666666667
11286;zone27;7458.320056766788;4680.341251240345;0.0;zone27;S01010230;24;1005;772;577;[0.314286,0.628571,0.057143];[0.703883,0.296117,0.0];[0.727273,0.218182,0.054545];[0.71831,0.24507,0.03662];[0.517857142857,0.136904761905,0.267857142857,0.077380952381];1;846.0;0.433218203459;1029;49;0.08166666666666667;1.125;40.34666666666666;27.708333333333332;65.28333333333333;11.041666666666666;23.25;13.666666666666666;2.5166666666666666;0.0;2.905;0.0;2.4166666666666665;0.39000000000000007;2.815;4.458333333333333;7.333333333333333
11286;zone28;7569.802990100143;4917.458811240416;0.0;zone28;S01010232;37;1074;792;485;[0.457143,0.485714,0.057143];[0.557292,0.338542,0.104167];[0.492063,0.333333,0.174603];[0.654229,0.251244,0.094527];[0.470297029703,0.153465346535,0.306930693069,0.0693069306931];1;771.0;0.347049794199;1101;94;0.09513513513513513;1.4594594594594594;46.60648648648649;27.54054054054054;69.0756756756757;11.72972972972973;23.405405405405407;15.756756756756756;1.6194594594594591;0.0;2.3967567567567567;0.10594594594594595;3.2345945945945944;0.4389189189189189;2.5286486486486495;6.054054054054054;6.891891891891892
11286;zone29;7830.713068379679;4879.746446724283;0.0;zone29;S01010233;33;970;705;476;[0.275,0.625,0.1];[0.655629,0.245033,0.099338];[0.52809,0.426966,0.044944];[0.771505,0.212366,0.016129];[0.587209302326,0.093023255814,0.261627906977,0.0581395348837];1;284.0;-0.213781821634;1231;85;0.0993939393939394;1.5454545454545454;48.28606060606062;27.78787878787879;67.70666666666668;10.878787878787879;23.12121212121212;16.515151515151516;1.6593939393939394;0.0;2.0303030303030303;0.04848484848484848;3.146666666666667;0.42666666666666664;2.0145454545454546;6.181818181818182;6.363636363636363
11286;zone30;6473.383843181837;4954.519765957263;0.0;zone30;S01010261;6;2551;2373;526;[0.666667,0.270833,0.0625];[0.675841,0.281346,0.042813];[0.75,0.25,0.0];[0.824468,0.164894,0.010638];[0.41,0.06,0.41,0.12];3;176.0;-0.337679921334;1487;9;0.06;2.1666666666666665;64.12;25.5;77.37333333333333;11.833333333333334;23.833333333333332;21.5;2.1733333333333333;0.0;0.44;0.0;3.5066666666666673;0.36000000000000004;1.4200000000000002;10.166666666666666;5.5
11286;zone31;4930.642193689802;4959.449818932565;0.0;zone31;S01010266;3;555;474;237;[0.320755,0.556604,0.122642];[0.677273,0.254545,0.068182];[0.5,0.461538,0.038462];[0.534247,0.30137,0.164384];[0.141176470588,0.0588235294118,0.4,0.4];3;536.0;0.0761386922126;1277;7;0.08;1.3333333333333333;22.626666666666665;26.333333333333332;61.78666666666667;12.666666666666666;23.333333333333332;7.0;2.9200000000000004;0.0;1.9333333333333336;0.49333333333333335;2.1733333333333333;0.3333333333333333;2.5066666666666664;7.0;7.0
11286;zone32;5712.5549897826;4979.400336637217;0.0;zone32;S01010270;4;1153;972;817;[0.389831,0.533898,0.076271];[0.70255,0.252125,0.045326];[0.714286,0.272727,0.012987];[0.771552,0.228448,0.0];[0.125,0.0909090909091,0.454545454545,0.329545454545];1;871.0;0.461200629557;1720;2;0.02;3.5;62.09;21.25;76.16;9.75;22.75;21.25;3.7;0.0;1.29;0.0;0.9400000000000001;0.25;0.96;13.5;5.5
11286;zone33;3394.0723536088512;4934.677182292946;0.0;zone33;S01010282;13;976;841;645;[0.438776,0.520408,0.040816];[0.545732,0.405488,0.04878];[0.521277,0.382979,0.095745];[0.712707,0.232044,0.055249];[0.190954773869,0.070351758794,0.35175879397,0.386934673367];2;350.0;-0.137812028107;1409;24;0.07384615384615385;1.6923076923076923;48.415384615384625;30.0;72.62461538461538;11.384615384615385;24.076923076923077;16.307692307692307;1.5938461538461541;0.0;5.295384615384615;0.5692307692307692;1.9476923076923076;0.3384615384615385;2.292307692307692;7.076923076923077;8.923076923076923
11286;zone34;4385.789287498423;4835.237486850067;0.0;zone34;S01010289;15;771;687;380;[0.130952,0.511905,0.357143];[0.262911,0.502347,0.234742];[0.178571,0.464286,0.357143];[0.410256,0.435897,0.153846];[0.058064516129,0.0322580645161,0.245161290323,0.664516129032];5;259.0;-0.241396294863;1377;53;0.14133333333333334;2.533333333333333;44.95733333333333;37.333333333333336;64.4;8.4;21.6;15.4;1.1946666666666668;0.0;3.3839999999999995;1.3333333333333333;2.2453333333333334;0.1786666666666667;1.0639999999999998;8.0;7.666666666666667
11286;zone35;4401.5375624188455;4669.062022109911;0.0;zone35;S01010290;13;546;485;278;[0.198198,0.603604,0.198198];[0.485944,0.449799,0.064257];[0.555556,0.444444,0.0];[0.435897,0.512821,0.051282];[0.10752688172,0.0430107526882,0.494623655914,0.354838709677];3;353.0;-0.133686757747;1170;36;0.11076923076923077;1.6923076923076923;43.76615384615384;33.38461538461539;74.77846153846154;12.615384615384615;24.23076923076923;15.0;1.8184615384615386;0.0;6.615384615384614;0.7661538461538462;1.6153846153846154;0.32923076923076927;2.267692307692308;7.615384615384615;10.307692307692308
11286;zone36;4119.983651650423;4281.100418217042;0.0;zone36;S01010291;12;1075;975;481;[0.405594,0.447552,0.146853];[0.627907,0.277132,0.094961];[0.415094,0.433962,0.150943];[0.562963,0.325926,0.111111];[0.197080291971,0.0729927007299,0.445255474453,0.284671532847];3;438.0;-0.0363924713322;1095;27;0.08333333333333333;1.8333333333333333;49.400000000000006;31.416666666666668;68.21666666666667;10.166666666666666;22.416666666666668;17.0;1.3333333333333333;0.0;5.896666666666667;0.8033333333333333;0.9900000000000002;0.41333333333333333;1.57;5.916666666666667;8.5
11286;zone37;4399.731076226201;4291.6703625917;0.0;zone37;S01010292;10;890;831;409;[0.348214,0.508929,0.142857];[0.477169,0.420091,0.10274];[0.339286,0.446429,0.214286];[0.55814,0.383721,0.05814];[0.128378378378,0.0540540540541,0.398648648649,0.418918918919];4;323.0;-0.168488563048;1095;30;0.116;1.0;37.988;38.2;60.120000000000005;9.9;21.6;12.8;1.684;0.0;4.572;0.6200000000000001;1.988;0.40800000000000003;2.032;2.7;8.3
11286;zone38;4514.690807242894;4541.15458266895;0.0;zone38;S01010293;16;839;723;373;[0.51773,0.35461,0.12766];[0.635389,0.262735,0.101877];[0.446809,0.319149,0.234043];[0.514286,0.392857,0.092857];[0.242424242424,0.0606060606061,0.393939393939,0.30303030303];3;290.0;-0.205814991507;931;50;0.115;1.875;47.184999999999995;39.25;70.7425;10.125;22.5625;15.875;1.685;0.0;5.2975;0.43500000000000005;2.2;0.4725000000000001;1.7100000000000002;8.5625;9.25
11286;zone39;4541.7482834333705;4418.565122351524;0.0;zone39;S01010294;13;690;631;275;[0.242105,0.526316,0.231579];[0.650873,0.214464,0.134663];[0.583333,0.208333,0.208333];[0.414894,0.489362,0.095745];[0.164835164835,0.043956043956,0.494505494505,0.296703296703];4;440.0;-0.0342259463805;1062;52;0.15384615384615385;1.6923076923076923;43.92307692307692;39.92307692307692;68.15692307692308;10.076923076923077;22.53846153846154;14.846153846153847;2.16;0.0;5.24923076923077;0.7569230769230769;2.0;0.3323076923076924;1.7815384615384615;6.461538461538462;9.76923076923077
11286;zone40;4766.8646917667475;4574.50133624035;0.0;zone40;S01010295;18;974;870;427;[0.384615,0.391026,0.224359];[0.604555,0.310559,0.084886];[0.428571,0.285714,0.285714];[0.390728,0.516556,0.092715];[0.212765957447,0.113475177305,0.297872340426,0.375886524823];4;529.0;0.0680145754747;1044;57;0.12666666666666668;1.7222222222222223;44.83555555555555;42.166666666666664;68.50888888888889;10.61111111111111;22.22222222222222;15.11111111111111;1.4333333333333331;0.0;5.684444444444444;1.1111111111111114;2.3666666666666663;0.24666666666666665;1.68;6.222222222222222;10.277777777777779
11286;zone41;4647.752341766679;4736.091736240359;0.0;zone41;S01010296;16;664;560;291;[0.294118,0.423529,0.282353];[0.520913,0.368821,0.110266];[0.375,0.375,0.25];[0.475524,0.391608,0.132867];[0.282828282828,0.111111111111,0.363636363636,0.242424242424];2;856.0;0.444094443477;1439;43;0.105;1.8125;47.2775;29.0;68.18499999999999;11.0625;22.875;16.0;1.4275000000000002;0.0;3.7075;0.8350000000000001;1.3599999999999999;0.28750000000000003;1.6925;7.25;6.875
11286;zone42;5522.849421766708;4411.996091240393;0.0;zone42;S01010297;7;1066;894;676;[0.582609,0.382609,0.034783];[0.691824,0.245283,0.062893];[0.540541,0.333333,0.126126];[0.681275,0.270916,0.047809];[0.260563380282,0.140845070423,0.37323943662,0.225352112676];1;504.0;0.0391758595379;741;23;0.12571428571428572;1.4285714285714286;30.371428571428574;24.285714285714285;54.182857142857145;9.857142857142858;21.142857142857142;10.0;1.7771428571428574;0.0;0.9600000000000001;0.1142857142857143;2.245714285714286;0.4228571428571429;1.8171428571428574;4.0;4.714285714285714
11286;zone43;4706.481893689814;4143.807995855712;0.0;zone43;S01010298;12;880;677;515;[0.308943,0.479675,0.211382];[0.581395,0.356589,0.062016];[0.539683,0.396825,0.063492];[0.744828,0.193103,0.062069];[0.227272727273,0.0984848484848,0.371212121212,0.30303030303];1;486.0;0.0190902878356;1158;18;0.05;1.25;42.15;25.916666666666668;67.34666666666665;11.666666666666666;23.083333333333332;14.416666666666666;2.3066666666666666;0.0;4.3133333333333335;0.3033333333333334;0.8499999999999998;0.2966666666666667;2.6566666666666667;5.416666666666667;7.25
11286;zone44;4885.424673909578;4209.645754097502;0.0;zone44;S01010299;4;536;404;292;[0.3,0.54,0.16];[0.556701,0.340206,0.103093];[0.458333,0.520833,0.020833];[0.584906,0.283019,0.132075];[0.428571428571,0.0857142857143,0.285714285714,0.2];1;375.0;-0.10827530326;722;9;0.09;1.25;35.48;35.0;73.61;14.75;25.75;12.25;3.88;0.0;2.35;0.51;5.46;0.51;2.42;4.25;11.75
11286;zone45;4883.397012115578;4340.414778682246;0.0;zone45;S01010300;21;934;764;478;[0.460784,0.411765,0.127451];[0.664653,0.238671,0.096677];[0.632353,0.323529,0.044118];[0.606383,0.329787,0.06383];[0.3046875,0.125,0.3515625,0.21875];2;513.0;0.0498225801839;604;52;0.09904761904761905;1.9047619047619047;38.973333333333336;27.61904761904762;70.07809523809524;12.476190476190476;24.095238095238095;13.380952380952381;2.241904761904762;0.0;1.3657142857142857;0.52;3.1523809523809527;0.38476190476190475;1.929523809523809;9.095238095238095;6.809523809523809
11286;zone46;5144.66081966521;4032.769083704074;0.0;zone46;S01010301;6;522;457;283;[0.292683,0.597561,0.109756];[0.57563,0.315126,0.109244];[0.222222,0.703704,0.074074];[0.561798,0.393258,0.044944];[0.214285714286,0.0612244897959,0.459183673469,0.265306122449];4;490.0;0.0232745011966;850;15;0.1;2.1666666666666665;40.98666666666666;33.5;69.54;11.833333333333334;23.0;14.0;3.74;0.0;0.7999999999999999;0.02666666666666667;3.6533333333333338;0.4066666666666667;2.0;7.833333333333333;7.666666666666667
11286;zone47;5165.568789180556;4297.038752619699;0.0;zone47;S01010302;24;669;495;388;[0.65625,0.28125,0.0625];[0.6,0.356522,0.043478];[0.716981,0.226415,0.056604];[0.801802,0.18018,0.018018];[0.582417582418,0.0769230769231,0.263736263736,0.0769230769231];1;392.0;-0.0896499889057;1141;58;0.095;1.75;46.218333333333334;26.333333333333332;66.86666666666666;10.916666666666666;23.041666666666668;15.666666666666666;3.065;0.0;0.4533333333333333;0.13333333333333333;2.668333333333333;0.3133333333333334;2.223333333333334;6.583333333333333;5.916666666666667
11286;zone48;5241.140616766716;4139.402270499609;0.0;zone48;S01010303;33;579;387;250;[0.692308,0.153846,0.153846];[0.56701,0.298969,0.134021];[0.630435,0.282609,0.086957];[0.658879,0.285047,0.056075];[0.58407079646,0.106194690265,0.274336283186,0.0353982300885];1;415.0;-0.0627120940391;1566;95;0.11515151515151516;0.9090909090909091;41.791515151515156;30.545454545454547;63.21696969696968;10.545454545454545;22.424242424242426;14.151515151515152;4.956363636363637;0.0;1.0230303030303032;0.18303030303030307;1.7624242424242422;0.44;2.467878787878788;3.5757575757575757;7.393939393939394
11286;zone49;4853.647576226233;3833.123065294377;0.0;zone49;S01010304;12;542;456;332;[0.323529,0.514706,0.161765];[0.635135,0.25,0.114865];[0.477273,0.522727,0.0];[0.829268,0.109756,0.060976];[0.372340425532,0.0425531914894,0.297872340426,0.287234042553];1;804.0;0.384523850516;2246;31;0.10333333333333333;1.75;83.81333333333333;25.666666666666668;79.72666666666667;10.666666666666666;22.916666666666668;28.75;3.146666666666667;0.0;1.6033333333333335;0.08666666666666667;2.01;0.35000000000000003;1.7833333333333332;6.75;6.416666666666667
11286;zone50;4697.410406890209;3639.1027396354093;0.0;zone50;S01010305;7;807;694;478;[0.36036,0.468468,0.171171];[0.553191,0.33617,0.110638];[0.409639,0.301205,0.289157];[0.589888,0.337079,0.073034];[0.198529411765,0.0735294117647,0.382352941176,0.345588235294];1;223.0;-0.28282788147;705;16;0.09142857142857143;1.2857142857142858;48.64571428571429;35.0;66.23428571428572;10.0;22.285714285714285;16.285714285714285;5.102857142857142;0.0;1.8914285714285715;0.38285714285714284;1.1257142857142857;0.3028571428571429;2.051428571428571;5.142857142857143;7.857142857142857
11286;zone51;4591.3082521834585;3868.367573740388;0.0;zone51;S01010306;13;752;675;449;[0.35625,0.56875,0.075];[0.570588,0.355882,0.073529];[0.283019,0.566038,0.150943];[0.650943,0.330189,0.018868];[0.165680473373,0.0473372781065,0.479289940828,0.307692307692];2;238.0;-0.265781391166;913;34;0.10153846153846154;1.7692307692307692;47.23692307692307;35.07692307692308;75.21846153846154;12.538461538461538;24.0;16.076923076923077;5.984615384615383;0.0;1.8092307692307692;1.1076923076923075;1.3907692307692305;0.2923076923076923;2.1107692307692307;8.461538461538462;9.846153846153847
11286;zone52;4503.72067559025;3742.2957906521283;0.0;zone52;S01010307;9;821;732;428;[0.189922,0.577519,0.232558];[0.407407,0.487654,0.104938];[0.346154,0.538462,0.115385];[0.71875,0.234375,0.046875];[0.0681818181818,0.0568181818182,0.375,0.5];5;319.0;-0.172537833795;385;27;0.11555555555555555;1.5555555555555556;36.8;43.22222222222222;72.57333333333334;12.777777777777779;24.11111111111111;12.555555555555555;6.097777777777777;0.0;1.7288888888888887;3.7022222222222223;0.6222222222222222;0.29333333333333333;2.1333333333333333;6.888888888888889;11.666666666666666
11286;zone53;4364.519870735056;4047.768725526131;0.0;zone53;S01010308;9;975;858;480;[0.285714,0.54007,0.174216];[0.511936,0.384615,0.103448];[0.254902,0.411765,0.333333];[0.648352,0.307692,0.043956];[0.0970873786408,0.0631067961165,0.359223300971,0.480582524272];4;257.0;-0.244477582955;1133;34;0.14222222222222222;2.5555555555555554;52.400000000000006;35.0;71.39555555555555;9.777777777777779;22.11111111111111;17.88888888888889;4.1466666666666665;0.0;3.2755555555555556;0.6088888888888889;1.4222222222222223;0.27111111111111114;1.3866666666666667;9.11111111111111;9.0
11286;zone54;5381.88771051669;3636.3205112402793;0.0;zone54;S01010309;4;419;356;264;[0.333333,0.25,0.416667];[0.478873,0.422535,0.098592];[0.352941,0.382353,0.264706];[0.705882,0.24183,0.052288];[0.365853658537,0.170731707317,0.390243902439,0.0731707317073];1;0.0;-0.540229885057;2153;9;0.08;0.5;73.45;24.75;69.47;9.75;22.5;25.0;2.4799999999999995;0.0;1.08;0.27;1.58;0.6300000000000001;2.58;2.25;4.75
11286;zone55;5657.373406240428;3625.6586165034923;0.0;zone55;S01010310;13;706;540;381;[0.333333,0.238095,0.428571];[0.565517,0.337931,0.096552];[0.54902,0.27451,0.176471];[0.715415,0.256917,0.027668];[0.484848484848,0.151515151515,0.318181818182,0.0454545454545];1;574.0;0.120406534162;845;15;0.04615384615384616;0.9230769230769231;42.433846153846154;30.46153846153846;60.96;10.384615384615385;22.076923076923077;14.461538461538462;1.4738461538461538;0.0;1.5261538461538462;0.24000000000000002;3.1507692307692308;0.43692307692307697;2.36;3.1538461538461537;5.923076923076923
11286;zone56;5685.425126382168;3318.6970593171873;0.0;zone56;S01010311;22;721;556;351;[0.411765,0.352941,0.235294];[0.472222,0.453704,0.074074];[0.571429,0.404762,0.02381];[0.717949,0.271062,0.010989];[0.565217391304,0.121739130435,0.269565217391,0.0434782608696];1;1534.0;1.22364271569;1642;38;0.06727272727272728;1.6363636363636365;54.970909090909075;26.136363636363637;67.7709090909091;10.318181818181818;22.363636363636363;18.636363636363637;1.612727272727273;0.0;1.750909090909091;0.09636363636363637;2.6218181818181825;0.3836363636363637;2.145454545454545;6.090909090909091;5.636363636363637
11286;zone57;5466.52613028024;3072.1402274564575;0.0;zone57;S01010312;34;868;647;425;[0.117647,0.823529,0.058824];[0.754386,0.22807,0.017544];[0.407407,0.444444,0.148148];[0.804945,0.153846,0.041209];[0.586956521739,0.115942028986,0.268115942029,0.0289855072464];1;685.0;0.247477927043;1651;51;0.05882352941176471;1.3529411764705883;54.90588235294118;25.58823529411765;67.64941176470589;10.382352941176471;22.58823529411765;19.0;1.256470588235294;0.0;2.0564705882352947;0.03176470588235294;2.711764705882353;0.31764705882352945;2.1364705882352943;5.617647058823529;5.588235294117647
11286;zone58;5251.7403530303945;3502.549209042501;0.0;zone58;S01010313;16;654;529;356;[0.428571,0.285714,0.285714];[0.6,0.333333,0.066667];[0.433735,0.481928,0.084337];[0.739623,0.162264,0.098113];[0.648351648352,0.131868131868,0.175824175824,0.043956043956];1;565.0;0.109617915218;2142;46;0.115;0.6875;57.975;34.25;72.66250000000001;12.0;23.875;19.5625;3.469999999999999;0.0;3.0425000000000004;0.0125;3.46;0.465;2.6599999999999997;2.625;9.5
11286;zone59;4840.312157862589;3385.4448126102257;0.0;zone59;S01010314;21;1248;1034;550;[0.358209,0.507463,0.134328];[0.514493,0.333333,0.152174];[0.5,0.326923,0.173077];[0.636,0.324,0.04];[0.316901408451,0.133802816901,0.401408450704,0.147887323944];1;637.0;0.192402372167;1114;44;0.0838095238095238;1.4761904761904763;45.308571428571426;26.19047619047619;69.84952380952382;12.047619047619047;23.714285714285715;15.333333333333334;4.140952380952381;0.0;2.5904761904761906;0.33142857142857146;1.1923809523809523;0.41333333333333333;2.4095238095238094;6.0476190476190474;7.761904761904762
11286;zone60;4536.293429266749;2504.1273706154316;0.0;zone60;S01010315;43;911;678;409;[0.180723,0.554217,0.26506];[0.252632,0.457895,0.289474];[0.208333,0.5,0.291667];[0.55144,0.345679,0.102881];[0.308176100629,0.169811320755,0.358490566038,0.163522012579];2;382.0;-0.100954860853;1601;98;0.08651162790697674;1.6046511627906976;47.253953488372105;28.069767441860463;66.02604651162788;10.395348837209303;22.53488372093023;16.093023255813954;2.7293023255813957;0.0;2.5497674418604652;0.0;2.129302325581395;0.43069767441860446;2.047441860465116;5.372093023255814;6.906976744186046
11286;zone61;4589.6619547948285;2943.195659127726;0.0;zone61;S01010316;25;512;414;304;[0.392157,0.529412,0.078431];[0.62931,0.37069,0.0];[0.439024,0.560976,0.0];[0.775401,0.224599,0.0];[0.439252336449,0.102803738318,0.252336448598,0.205607476636];1;481.0;0.0128180141103;1417;49;0.0768;1.68;53.43680000000001;24.08;71.6256;11.36;23.44;18.08;2.136;0.0;2.5599999999999996;0.08800000000000001;1.9296;0.3872;2.3664;7.6;6.24
11286;zone63;4421.5566371748755;3071.026327566895;0.0;zone63;S01010318;12;1588;1497;304;[0.5,0.456522,0.043478];[0.469799,0.47651,0.053691];[0.310345,0.37931,0.310345];[0.678571,0.285714,0.035714];[0.36,0.14,0.34,0.16];3;317.0;-0.175110645645;1080;40;0.13;1.1666666666666667;53.16666666666668;43.833333333333336;75.05000000000001;10.666666666666666;23.333333333333332;18.333333333333332;8.28;0.0;3.6099999999999994;0.3566666666666667;0.8533333333333334;0.33666666666666667;2.1466666666666665;5.083333333333333;12.5
11286;zone64;4173.240913470097;2893.8040771744095;0.0;zone64;S01010319;9;711;624;407;[0.258741,0.608392,0.132867];[0.383399,0.486166,0.130435];[0.439394,0.212121,0.348485];[0.530769,0.384615,0.084615];[0.171974522293,0.0700636942675,0.471337579618,0.286624203822];2;473.0;0.00423719084943;1412;28;0.12444444444444444;1.0;44.342222222222226;29.88888888888889;62.64444444444444;10.444444444444445;22.444444444444443;14.555555555555555;2.7022222222222214;0.0;2.1422222222222222;0.14222222222222222;2.3111111111111113;0.25333333333333335;2.3466666666666667;3.3333333333333335;6.777777777777778
11286;zone65;3940.1918462749595;2900.8899784533987;0.0;zone65;S01010320;4;675;594;437;[0.257813,0.523438,0.21875];[0.61753,0.298805,0.083665];[0.526316,0.22807,0.245614];[0.805085,0.169492,0.025424];[0.172185430464,0.0662251655629,0.443708609272,0.317880794702];1;646.0;0.202453315259;1199;9;0.08;1.0;37.55;22.25;67.69;13.75;24.75;13.0;5.39;0.0;1.15;0.30000000000000004;0.36000000000000004;0.6799999999999999;1.83;4.75;6.75
11286;zone66;3905.8658739096163;2664.6669636212755;0.0;zone66;S01010321;7;837;634;432;[0.401709,0.555556,0.042735];[0.54717,0.433962,0.018868];[0.45122,0.439024,0.109756];[0.666667,0.271186,0.062147];[0.212328767123,0.0958904109589,0.390410958904,0.301369863014];1;1019.0;0.631764531736;1924;5;0.02857142857142857;2.5714285714285716;54.354285714285716;21.0;75.43428571428572;11.714285714285714;23.571428571428573;18.142857142857142;2.085714285714286;0.0;2.108571428571428;0.0;1.7142857142857142;0.1142857142857143;1.8285714285714287;12.0;5.428571428571429
11286;zone67;3630.3978644730896;3132.1651121578075;0.0;zone67;S01010322;9;1028;914;549;[0.174419,0.549419,0.276163];[0.412399,0.471698,0.115903];[0.298507,0.38806,0.313433];[0.647059,0.323529,0.029412];[0.057268722467,0.0352422907489,0.449339207048,0.458149779736];5;124.0;-0.397569575369;1663;43;0.18222222222222223;1.4444444444444444;36.09777777777777;39.77777777777778;66.8088888888889;10.777777777777779;23.0;11.88888888888889;5.208888888888889;0.0;3.6488888888888886;0.9866666666666666;1.36;0.39111111111111113;1.9866666666666666;5.555555555555555;10.88888888888889
11286;zone68;6208.193116766784;3072.425066795916;0.0;zone68;S01010323;4;603;466;377;[0.555556,0.444444,0.0];[0.657143,0.271429,0.071429];[0.642857,0.321429,0.035714];[0.793651,0.166667,0.039683];[0.578431372549,0.166666666667,0.235294117647,0.0196078431373];1;970.0;0.57559463238;1077;4;0.04;2.5;67.24;24.0;82.57;11.25;25.0;23.25;5.609999999999999;0.0;1.8;0.0;1.04;0.06;2.94;9.75;8.0
11286;zone69;6517.651722029823;2240.572579661372;0.0;zone69;S01010324;6;759;566;403;[0.142857,0.571429,0.285714];[0.298077,0.490385,0.211538];[0.333333,0.530864,0.135802];[0.401674,0.414226,0.1841];[0.569620253165,0.101265822785,0.291139240506,0.0379746835443];1;407.0;-0.0721601679586;1720;8;0.05333333333333334;2.5;55.68666666666667;24.166666666666668;75.17333333333333;11.333333333333334;23.5;18.833333333333332;1.7066666666666668;0.0;0.3066666666666667;0.0;3.479999999999999;0.26666666666666666;1.5533333333333335;12.166666666666666;5.0
11286;zone70;6038.016041009105;2402.8415869980217;0.0;zone70;S01010325;18;939;666;501;[0.263158,0.368421,0.368421];[0.383838,0.525253,0.090909];[0.253623,0.615942,0.130435];[0.451362,0.463035,0.085603];[0.545454545455,0.238636363636,0.193181818182,0.0227272727273];1;225.0;-0.281126582053;1494;31;0.06888888888888889;1.3333333333333333;38.67777777777778;25.0;66.04;12.61111111111111;23.333333333333332;13.166666666666666;2.002222222222222;0.0;1.0466666666666666;0.0;2.8355555555555556;0.40666666666666673;2.3866666666666667;6.5;5.388888888888889
11286;zone71;5272.359331052501;2740.775131541117;0.0;zone71;S01010326;39;987;707;494;[0.526316,0.368421,0.105263];[0.522523,0.333333,0.144144];[0.492188,0.3125,0.195313];[0.723514,0.224806,0.05168];[0.54375,0.16875,0.23125,0.05625];1;1389.0;1.05701743376;1010;81;0.08205128205128205;1.1794871794871795;46.72410256410257;29.743589743589745;68.45025641025642;11.58974358974359;23.0;15.717948717948717;1.7887179487179485;0.0;5.254358974358973;0.0;1.939487179487179;0.36923076923076914;2.2051282051282044;4.9743589743589745;8.487179487179487
11286;zone72;4970.167032608406;2501.795090448298;0.0;zone72;S01010327;34;982;660;362;[0.031746,0.507937,0.460317];[0.372881,0.432203,0.194915];[0.289063,0.328125,0.382813];[0.516892,0.347973,0.135135];[0.416184971098,0.21387283237,0.236994219653,0.132947976879];1;470.0;0.000335688704598;926;75;0.08705882352941176;1.7941176470588236;42.14588235294117;26.147058823529413;64.29294117647058;9.970588235294118;22.38235294117647;14.294117647058824;1.5105882352941173;0.0;5.467058823529412;0.0;0.8447058823529412;0.33882352941176475;2.131764705882353;5.588235294117647;7.205882352941177
11286;zone73;5975.307390960257;2677.5485166167286;0.0;zone73;S01010328;24;969;706;445;[0.16129,0.5,0.33871];[0.27044,0.471698,0.257862];[0.192547,0.434783,0.372671];[0.338983,0.432203,0.228814];[0.309352517986,0.258992805755,0.280575539568,0.151079136691];2;457.0;-0.0138550124678;1949;72;0.11666666666666667;1.0;46.62333333333333;31.583333333333332;64.59166666666668;10.541666666666666;22.458333333333332;15.916666666666666;2.5483333333333333;0.0;2.055;0.0;3.3249999999999993;0.425;2.4499999999999997;3.1666666666666665;7.583333333333333
11286;zone74;4421.847657862615;2232.0860934321454;0.0;zone74;S01010329;21;573;435;290;[0.368421,0.263158,0.368421];[0.341176,0.470588,0.188235];[0.255814,0.465116,0.27907];[0.52,0.354286,0.125714];[0.438356164384,0.191780821918,0.27397260274,0.0958904109589];2;105.0;-0.418628586414;1767;47;0.08952380952380952;0.8095238095238095;54.77904761904764;33.38095238095238;72.38285714285713;12.047619047619047;23.666666666666668;18.666666666666668;3.2076190476190476;0.0;3.584761904761905;0.03428571428571429;2.7695238095238097;0.32571428571428573;2.820952380952381;3.7142857142857144;9.095238095238095
