cycle;name;location.x;location.y;location.z;name;dataZone;nm_children;pop;over16;nm_hh;AB_car_prob;C1_car_prob;C2_car_prob;DE_car_prob;prob_social;simd;crimeRate;norm_crime;avg_dis_sh;neigh_play;daily_play_per_child;avg_FSA;avg_walk;daily_OD;zone_mvpa;mvpa_home;mvpa_sc;mvpa_road;mvpa_play_field;mvpa_home_garden;mvpa_park;mvpa_PG;mvpa_amenity;mvpa_shops;mvpa_F_home;mvpa_fsa;mvpa_OD
11286;zone0;8448.90275962388;2625.4515469546564;0.0;zone0;S01010195;19;531;390;212;[0.0,0.481481,0.518519];[0.261538,0.646154,0.092308];[0.12,0.59,0.29];[0.447368,0.368421,0.184211];[0.418918918919,0.283783783784,0.202702702703,0.0945945945946];1;0.0;-0.540229885057;1113;38;0.07789473684210527;1.4210526315789473;44.24842105263158;30.36842105263158;62.22526315789474;9.842105263157896;21.894736842105264;15.105263157894736;0.5305263157894737;0.0;3.8631578947368426;0.0;2.517894736842105;0.24421052631578952;1.6231578947368421;5.105263157894737;6.368421052631579
11286;zone1;8656.736904000718;2165.9902346445633;0.0;zone1;S01010198;18;1027;748;394;[0.058824,0.529412,0.411765];[0.305785,0.561983,0.132231];[0.219858,0.496454,0.283688];[0.523179,0.331126,0.145695];[0.48623853211,0.229357798165,0.266055045872,0.0183486238532];1;1609.0;1.3102524676;1268;38;0.08444444444444445;1.1111111111111112;31.682222222222222;23.61111111111111;60.57777777777777;12.444444444444445;23.166666666666668;10.38888888888889;0.7955555555555555;0.0;2.364444444444445;0.0;3.0755555555555554;0.47111111111111115;2.5377777777777775;3.6666666666666665;5.777777777777778
11286;zone2;8537.588755655543;3024.028900129281;0.0;zone2;S01010201;22;643;453;253;[0.0,0.47619,0.52381];[0.270833,0.3125,0.416667];[0.088,0.48,0.432];[0.296552,0.434483,0.268966];[0.365853658537,0.292682926829,0.292682926829,0.0487804878049];2;219.0;-0.28762447053;892;59;0.10363636363636364;1.2272727272727273;33.24363636363636;30.363636363636363;61.381818181818176;10.727272727272727;22.454545454545453;11.227272727272727;0.8581818181818183;0.0;3.7127272727272724;0.0;3.527272727272727;0.3963636363636363;2.341818181818182;4.363636363636363;7.409090909090909
11286;zone3;8059.42097232239;3767.666522351409;0.0;zone3;S01010203;30;671;504;260;[0.090909,0.363636,0.545455];[0.263804,0.460123,0.276074];[0.094828,0.422414,0.482759];[0.183824,0.375,0.441176];[0.272727272727,0.218181818182,0.363636363636,0.145454545455];3;215.0;-0.292668818285;1941;59;0.07333333333333333;1.0333333333333334;40.76666666666668;28.166666666666668;68.24133333333333;12.3;24.133333333333333;13.533333333333333;1.6480000000000004;0.0;4.029333333333333;0.0;2.666666666666666;0.36533333333333345;2.438666666666667;5.233333333333333;7.866666666666666
11286;zone4;8368.288440296214;3565.498290652094;0.0;zone4;S01010204;30;800;589;381;[0.272727,0.727273,0.0];[0.627451,0.27451,0.098039];[0.444444,0.533333,0.022222];[0.600619,0.321981,0.077399];[0.595041322314,0.157024793388,0.239669421488,0.00826446280992];1;497.0;0.0317745673598;1061;55;0.07066666666666667;1.2666666666666666;33.345333333333336;25.933333333333334;62.94533333333335;11.966666666666667;23.133333333333333;11.2;0.8560000000000001;0.0;2.316;0.01333333333333333;3.304;0.4786666666666666;2.5466666666666673;5.366666666666666;6.066666666666666
11286;zone5;8034.229745798958;3515.110462853287;0.0;zone5;S01010205;15;658;534;355;[0.411765,0.117647,0.470588];[0.465116,0.457364,0.077519];[0.317757,0.588785,0.093458];[0.593458,0.280374,0.126168];[0.466666666667,0.2,0.3,0.0333333333333];1;925.0;0.523434132086;1519;28;0.06933333333333333;1.7333333333333334;48.57066666666667;27.866666666666667;70.37333333333332;11.466666666666667;23.266666666666666;16.466666666666665;2.3386666666666667;0.0;2.2693333333333334;0.0;2.9066666666666667;0.3386666666666667;1.9253333333333336;7.666666666666667;6.933333333333334
11286;zone6;7457.064719570519;3739.055375726369;0.0;zone6;S01010208;18;903;745;565;[0.30137,0.589041,0.109589];[0.48062,0.457364,0.062016];[0.272727,0.613636,0.113636];[0.66055,0.270642,0.068807];[0.233333333333,0.133333333333,0.461111111111,0.172222222222];1;603.0;0.153385979085;1446;33;0.06888888888888889;0.9444444444444444;45.71999999999999;27.22222222222222;67.92000000000002;12.222222222222221;23.77777777777778;15.38888888888889;1.4000000000000001;0.0;2.6933333333333334;0.0;3.5577777777777775;0.44444444444444453;2.8622222222222216;3.7777777777777777;7.0
11286;zone7;7917.838214725937;1939.334458859395;0.0;zone7;S01010209;24;966;677;468;[0.172414,0.586207,0.241379];[0.333333,0.414966,0.251701];[0.381944,0.458333,0.159722];[0.545852,0.336245,0.117904];[0.337931034483,0.248275862069,0.303448275862,0.110344827586];1;2053.0;1.82052250092;1655;38;0.06166666666666667;1.2083333333333333;43.89333333333334;23.916666666666668;64.11;11.0;22.666666666666668;15.0;0.6966666666666667;0.0;3.2900000000000005;0.0;1.9933333333333338;0.36166666666666675;2.521666666666667;5.041666666666667;5.541666666666667
11286;zone8;7878.406567747077;2721.2634132011362;0.0;zone8;S01010210;18;885;641;416;[0.173913,0.456522,0.369565];[0.21519,0.5,0.28481];[0.189781,0.386861,0.423358];[0.422111,0.442211,0.135678];[0.394736842105,0.236842105263,0.254385964912,0.114035087719];1;344.0;-0.144253829852;1394;38;0.08;1.6666666666666667;38.946666666666665;22.22222222222222;63.20222222222222;10.5;22.444444444444443;13.38888888888889;1.0866666666666667;0.0;2.5066666666666664;0.0;2.251111111111111;0.4999999999999999;2.095555555555556;6.777777777777778;5.388888888888889
11286;zone9;7785.599648345685;3201.783800714137;0.0;zone9;S01010211;22;858;634;452;[0.147059,0.705882,0.147059];[0.384615,0.452991,0.162393];[0.469565,0.4,0.130435];[0.722656,0.226563,0.050781];[0.473214285714,0.169642857143,0.285714285714,0.0714285714286];1;430.0;-0.0456985893816;1131;51;0.0890909090909091;1.7272727272727273;42.278181818181814;26.181818181818183;70.57999999999998;11.909090909090908;23.59090909090909;14.681818181818182;2.380000000000001;0.0;2.927272727272727;0.0;2.2145454545454544;0.48363636363636364;1.9654545454545458;8.590909090909092;6.954545454545454
11286;zone10;7580.688680869333;3097.127786881416;0.0;zone10;S01010212;49;1083;779;559;[0.233333,0.633333,0.133333];[0.594771,0.339869,0.065359];[0.465517,0.405172,0.12931];[0.712821,0.269231,0.017949];[0.566037735849,0.138364779874,0.22641509434,0.0691823899371];1;1473.0;1.15298517036;1217;112;0.08571428571428572;1.2653061224489797;50.33877551020409;29.918367346938776;67.02857142857144;10.53061224489796;22.653061224489797;17.06122448979592;1.9461224489795916;0.0;3.0914285714285707;0.0;2.7804081632653057;0.32408163265306134;2.3591836734693885;4.530612244897959;7.326530612244898
11286;zone11;8065.177293237223;3111.5884965344962;0.0;zone11;S01010213;13;924;657;476;[0.105263,0.684211,0.210526];[0.382609,0.547826,0.069565];[0.218543,0.556291,0.225166];[0.467925,0.483019,0.049057];[0.451327433628,0.221238938053,0.274336283186,0.0530973451327];1;247.0;-0.255840453357;913;30;0.08615384615384615;1.2307692307692308;34.193846153846145;25.615384615384617;65.27384615384616;12.538461538461538;23.846153846153847;11.538461538461538;1.1723076923076923;0.0;2.1107692307692307;0.0;3.3230769230769233;0.45538461538461544;2.5107692307692306;6.153846153846154;6.076923076923077
11286;zone12;7144.994858230166;1947.4125453867302;0.0;zone12;S01010214;27;967;717;396;[0.098592,0.28169,0.619718];[0.197531,0.438272,0.364198];[0.173333,0.493333,0.333333];[0.237069,0.487069,0.275862];[0.361344537815,0.210084033613,0.310924369748,0.117647058824];3;176.0;-0.337854473183;1897;45;0.06666666666666667;1.4444444444444444;47.06666666666667;27.48148148148148;67.37185185185184;10.925925925925926;22.962962962962962;15.851851851851851;2.322962962962963;0.0;1.7170370370370374;0.0;2.9955555555555544;0.34962962962962973;2.16;6.185185185185185;6.518518518518518
11286;zone13;7013.590150664996;2618.495528189446;0.0;zone13;S01010215;24;850;608;492;[0.571429,0.285714,0.142857];[0.5,0.431373,0.068627];[0.382609,0.391304,0.226087];[0.678571,0.269841,0.051587];[0.467289719626,0.140186915888,0.345794392523,0.0467289719626];1;547.0;0.0886083430805;622;54;0.09;1.0416666666666667;36.849999999999994;27.208333333333332;63.99333333333334;11.625;23.25;12.458333333333334;1.275;0.0;2.383333333333333;0.0;3.276666666666667;0.32333333333333336;2.99;4.75;6.416666666666667
11286;zone14;7332.222205807836;2329.961970144465;0.0;zone14;S01010216;15;621;464;361;[0.6,0.4,0.0];[0.597701,0.356322,0.045977];[0.409091,0.439394,0.151515];[0.709544,0.273859,0.016598];[0.5,0.163265306122,0.265306122449,0.0714285714286];1;600.0;0.150092344085;1303;18;0.048;0.9333333333333333;50.14399999999999;26.133333333333333;64.13333333333333;10.333333333333334;22.133333333333333;17.066666666666666;0.6453333333333333;0.0;3.125333333333333;0.0;2.5333333333333337;0.37600000000000006;2.5253333333333337;3.933333333333333;5.866666666666666
11286;zone15;7299.833172322251;2625.8610945736937;0.0;zone15;S01010217;33;817;598;406;[0.16129,0.516129,0.322581];[0.565517,0.4,0.034483];[0.5,0.431373,0.068627];[0.702703,0.283784,0.013514];[0.541935483871,0.0967741935484,0.296774193548,0.0645161290323];1;1060.0;0.679274950851;1008;94;0.10909090909090909;1.393939393939394;43.27757575757577;28.606060606060606;67.46424242424243;11.393939393939394;23.242424242424242;14.787878787878787;1.293333333333333;0.0;2.6496969696969694;0.0;3.3236363636363646;0.4630303030303031;2.313939393939393;6.212121212121212;6.787878787878788
11286;zone16;7142.953643082513;3018.5401822929393;0.0;zone16;S01010218;31;1018;790;587;[0.425532,0.404255,0.170213];[0.392523,0.453271,0.154206];[0.358209,0.492537,0.149254];[0.589124,0.335347,0.075529];[0.424657534247,0.109589041096,0.369863013699,0.0958904109589];1;557.0;0.101026678737;568;69;0.08774193548387096;1.3548387096774193;34.9716129032258;27.903225806451612;62.46451612903227;11.290322580645162;22.93548387096774;11.903225806451612;1.0051612903225808;0.0;2.286451612903226;0.0;3.5496774193548384;0.49161290322580653;2.211612903225807;4.967741935483871;6.483870967741935
11286;zone17;6738.8937706128745;4298.8917997019325;0.0;zone17;S01010219;21;503;382;274;[0.695652,0.304348,0.0];[0.758621,0.215517,0.025862];[0.761905,0.166667,0.071429];[0.781609,0.195402,0.022989];[0.41935483871,0.0752688172043,0.408602150538,0.0967741935484];2;184.0;-0.327838932938;1541;45;0.08;1.8571428571428572;57.47428571428571;27.38095238095238;72.6552380952381;10.19047619047619;22.571428571428573;19.904761904761905;3.822857142857142;0.0;3.177142857142858;0.02095238095238095;1.0323809523809524;0.3638095238095239;1.9866666666666666;7.809523809523809;7.523809523809524
11286;zone18;5915.780765415368;4211.222876105162;0.0;zone18;S01010220;7;476;433;279;[0.181159,0.608696,0.210145];[0.404255,0.531915,0.06383];[0.227273,0.704545,0.068182];[0.448276,0.482759,0.068966];[0.154545454545,0.0636363636364,0.318181818182,0.463636363636];5;267.0;-0.232306706325;1096;19;0.10857142857142857;2.5714285714285716;38.94857142857143;22.571428571428573;71.30857142857143;11.571428571428571;23.571428571428573;13.142857142857142;3.948571428571429;0.0;2.057142857142857;0.34857142857142864;0.44571428571428573;0.4342857142857142;1.0571428571428572;12.428571428571429;6.285714285714286
11286;zone19;6341.0811208317455;3913.8398648988496;0.0;zone19;S01010221;13;546;394;260;[0.6,0.4,0.0];[0.557377,0.409836,0.032787];[0.538462,0.323077,0.138462];[0.699387,0.257669,0.042945];[0.609375,0.140625,0.203125,0.046875];1;635.0;0.19005459739;1117;20;0.05846153846153846;0.8461538461538461;42.76923076923077;17.76923076923077;64.55076923076923;12.615384615384615;23.846153846153847;14.76923076923077;2.181538461538462;0.0;2.2369230769230772;0.02461538461538462;1.0184615384615383;0.4923076923076924;2.5969230769230767;3.076923076923077;4.846153846153846
11286;zone20;7001.213463613622;4053.9957950241624;0.0;zone20;S01010222;15;492;414;285;[0.142857,0.5,0.357143];[0.432432,0.459459,0.108108];[0.348624,0.522936,0.12844];[0.747899,0.235294,0.016807];[0.345238095238,0.214285714286,0.309523809524,0.130952380952];1;377.0;-0.105830277325;1686;14;0.03466666666666667;1.5333333333333334;46.583999999999996;22.4;65.15733333333331;11.266666666666667;22.533333333333335;15.733333333333333;1.6213333333333333;0.0;1.6800000000000002;0.0;2.1600000000000006;0.38400000000000006;2.1173333333333333;5.8;5.0
11286;zone21;6986.8418912765155;3434.1450308482026;0.0;zone21;S01010223;4;556;462;337;[0.076923,0.538462,0.384615];[0.567797,0.330508,0.101695];[0.472222,0.444444,0.083333];[0.584699,0.36612,0.04918];[0.432432432432,0.162162162162,0.324324324324,0.0810810810811];1;439.0;-0.0353356041414;2006;6;0.06;1.75;68.27000000000001;21.0;87.16;15.5;26.25;23.25;3.13;0.0;2.3000000000000003;0.0;2.4899999999999998;0.35;2.9800000000000004;9.25;7.5
11286;zone22;6247.397837456437;3329.661273309237;0.0;zone22;S01010224;40;1036;727;469;[0.405405,0.540541,0.054054];[0.592593,0.274074,0.133333];[0.418803,0.504274,0.076923];[0.768421,0.202632,0.028947];[0.506097560976,0.140243902439,0.268292682927,0.0853658536585];1;1004.0;0.614259332793;976;74;0.071;1.475;44.51599999999999;18.45;67.09800000000001;11.9;23.65;15.125;3.3349999999999995;0.0;0.998;0.121;0.9739999999999999;0.41900000000000004;2.343999999999999;6.5;5.025
11286;zone23;7827.985844039554;4105.4701191949;0.0;zone23;S01010225;33;812;636;431;[0.25,0.634615,0.115385];[0.469072,0.43299,0.097938];[0.54023,0.413793,0.045977];[0.672065,0.234818,0.093117];[0.385185185185,0.125925925926,0.325925925926,0.162962962963];1;1006.0;0.616572011517;1582;60;0.0703030303030303;2.0;50.876363636363635;22.545454545454547;68.61818181818182;10.424242424242424;22.727272727272727;17.363636363636363;1.1600000000000001;0.0;2.8303030303030314;0.01212121212121212;2.2290909090909086;0.3636363636363637;1.9357575757575753;7.787878787878788;5.666666666666667
11286;zone24;7040.363001382077;4481.052780471187;0.0;zone24;S01010226;40;816;565;394;[0.454545,0.242424,0.30303];[0.715385,0.2,0.084615];[0.540541,0.405405,0.054054];[0.766917,0.18797,0.045113];[0.503355704698,0.201342281879,0.221476510067,0.0738255033557];2;422.0;-0.0548014077425;1134;126;0.123;1.175;45.853000000000016;36.325;70.15799999999999;11.15;23.15;15.45;5.447;0.0;3.8349999999999995;0.029;1.5520000000000003;0.286;2.392;5.15;10.425
11286;zone25;6847.772309074456;4638.663588163389;0.0;zone25;S01010227;39;692;454;294;[0.413793,0.413793,0.172414];[0.704545,0.238636,0.056818];[0.654545,0.345455,0.0];[0.810606,0.159091,0.030303];[0.672268907563,0.0924369747899,0.159663865546,0.0756302521008];4;0.0;-0.540229885057;1285;173;0.1723076923076923;1.2307692307692308;51.416410256410266;43.38461538461539;73.15692307692306;10.794871794871796;23.05128205128205;17.641025641025642;3.8625641025641024;0.0;6.252307692307692;0.08102564102564103;2.4194871794871804;0.4871794871794873;2.221538461538461;4.641025641025641;12.153846153846153
11286;zone26;8241.816993110848;4572.457656401622;0.0;zone26;S01010229;30;1016;787;508;[0.1,0.625,0.275];[0.350877,0.350877,0.298246];[0.348315,0.477528,0.174157];[0.565217,0.310559,0.124224];[0.420731707317,0.213414634146,0.292682926829,0.0731707317073];1;395.0;-0.0859445809966;1318;32;0.04133333333333333;1.2333333333333334;42.51199999999999;19.9;63.914666666666676;11.466666666666667;23.066666666666666;14.6;1.5746666666666667;0.0;2.337333333333333;0.0;1.7106666666666661;0.2773333333333334;2.6533333333333338;4.6;5.2
11286;zone27;7458.320056766788;4680.341251240345;0.0;zone27;S01010230;24;1005;772;577;[0.314286,0.628571,0.057143];[0.703883,0.296117,0.0];[0.727273,0.218182,0.054545];[0.71831,0.24507,0.03662];[0.517857142857,0.136904761905,0.267857142857,0.077380952381];1;846.0;0.433218203459;812;59;0.09333333333333334;0.9583333333333334;34.245;33.5;63.39333333333334;11.25;23.208333333333332;11.375;2.1533333333333338;0.0;4.216666666666668;0.035;2.848333333333333;0.37333333333333346;2.565;3.625;8.791666666666666
11286;zone28;7569.802990100143;4917.458811240416;0.0;zone28;S01010232;37;1074;792;485;[0.457143,0.485714,0.057143];[0.557292,0.338542,0.104167];[0.492063,0.333333,0.174603];[0.654229,0.251244,0.094527];[0.470297029703,0.153465346535,0.306930693069,0.0693069306931];1;771.0;0.347049794199;1098;93;0.09837837837837837;1.2432432432432432;48.29189189189189;32.45945945945946;70.42378378378378;11.513513513513514;23.594594594594593;16.405405405405407;2.997837837837838;0.0;3.362162162162162;0.00540540540540541;2.997837837837838;0.4508108108108109;2.392432432432433;4.945945945945946;8.783783783783784
11286;zone29;7830.713068379679;4879.746446724283;0.0;zone29;S01010233;33;970;705;476;[0.275,0.625,0.1];[0.655629,0.245033,0.099338];[0.52809,0.426966,0.044944];[0.771505,0.212366,0.016129];[0.587209302326,0.093023255814,0.261627906977,0.0581395348837];1;284.0;-0.213781821634;1255;77;0.09212121212121212;1.0;49.98303030303031;29.181818181818183;67.68;11.363636363636363;23.03030303030303;17.03030303030303;2.0387878787878786;0.0;2.4848484848484853;0.01939393939393939;3.124848484848486;0.4424242424242424;2.7672727272727276;3.696969696969697;7.212121212121212
11286;zone30;6473.383843181837;4954.519765957263;0.0;zone30;S01010261;6;2551;2373;526;[0.666667,0.270833,0.0625];[0.675841,0.281346,0.042813];[0.75,0.25,0.0];[0.824468,0.164894,0.010638];[0.41,0.06,0.41,0.12];3;176.0;-0.337679921334;1812;4;0.01333333333333333;2.1666666666666665;78.60000000000001;36.166666666666664;84.32666666666667;11.166666666666666;24.166666666666668;27.166666666666668;2.973333333333333;0.0;0.96;0.06666666666666667;4.826666666666666;0.25999999999999995;1.26;9.833333333333334;8.166666666666666
11286;zone31;4930.642193689802;4959.449818932565;0.0;zone31;S01010266;3;555;474;237;[0.320755,0.556604,0.122642];[0.677273,0.254545,0.068182];[0.5,0.461538,0.038462];[0.534247,0.30137,0.164384];[0.141176470588,0.0588235294118,0.4,0.4];3;536.0;0.0761386922126;1137;4;0.05333333333333334;1.3333333333333333;41.666666666666664;23.333333333333332;65.8;12.0;23.333333333333332;14.333333333333334;0.5066666666666667;0.0;1.4133333333333333;0.6933333333333334;3.013333333333333;0.7200000000000001;2.12;5.333333333333333;5.333333333333333
11286;zone32;5712.5549897826;4979.400336637217;0.0;zone32;S01010270;4;1153;972;817;[0.389831,0.533898,0.076271];[0.70255,0.252125,0.045326];[0.714286,0.272727,0.012987];[0.771552,0.228448,0.0];[0.125,0.0909090909091,0.454545454545,0.329545454545];1;871.0;0.461200629557;1594;5;0.05;1.75;73.89;28.5;77.27;10.75;22.5;26.0;3.0599999999999996;0.0;1.56;0.09;2.28;0.29000000000000004;1.9800000000000002;7.0;6.5
11286;zone33;3394.0723536088512;4934.677182292946;0.0;zone33;S01010282;13;976;841;645;[0.438776,0.520408,0.040816];[0.545732,0.405488,0.04878];[0.521277,0.382979,0.095745];[0.712707,0.232044,0.055249];[0.190954773869,0.070351758794,0.35175879397,0.386934673367];2;350.0;-0.137812028107;1353;16;0.04307692307692308;1.5384615384615385;45.79692307692308;24.46153846153846;70.05846153846154;11.923076923076923;23.923076923076923;15.692307692307692;2.030769230769231;0.0;3.2338461538461534;0.7353846153846154;1.1969230769230768;0.4553846153846154;1.9630769230769227;6.923076923076923;6.615384615384615
11286;zone34;4385.789287498423;4835.237486850067;0.0;zone34;S01010289;15;771;687;380;[0.130952,0.511905,0.357143];[0.262911,0.502347,0.234742];[0.178571,0.464286,0.357143];[0.410256,0.435897,0.153846];[0.058064516129,0.0322580645161,0.245161290323,0.664516129032];5;259.0;-0.241396294863;1398;41;0.10933333333333334;2.6;45.37066666666667;34.8;64.59200000000001;8.733333333333333;21.6;15.466666666666667;0.9760000000000001;0.0;3.277333333333333;1.4426666666666668;1.4586666666666668;0.264;1.0746666666666664;8.533333333333333;6.666666666666667
11286;zone35;4401.5375624188455;4669.062022109911;0.0;zone35;S01010290;13;546;485;278;[0.198198,0.603604,0.198198];[0.485944,0.449799,0.064257];[0.555556,0.444444,0.0];[0.435897,0.512821,0.051282];[0.10752688172,0.0430107526882,0.494623655914,0.354838709677];3;353.0;-0.133686757747;1121;32;0.09846153846153846;2.3846153846153846;51.276923076923076;31.0;77.96307692307693;12.538461538461538;24.46153846153846;17.615384615384617;1.670769230769231;0.0;4.406153846153846;1.393846153846154;1.3323076923076924;0.2953846153846154;1.7476923076923077;10.76923076923077;8.307692307692308
11286;zone36;4119.983651650423;4281.100418217042;0.0;zone36;S01010291;12;1075;975;481;[0.405594,0.447552,0.146853];[0.627907,0.277132,0.094961];[0.415094,0.433962,0.150943];[0.562963,0.325926,0.111111];[0.197080291971,0.0729927007299,0.445255474453,0.284671532847];3;438.0;-0.0363924713322;1090;37;0.11;1.5;50.04;36.583333333333336;67.38;9.416666666666666;22.5;17.083333333333332;2.2399999999999998;0.0;4.533333333333333;1.6433333333333333;1.5699999999999996;0.48;2.4233333333333333;3.75;9.5
11286;zone37;4399.731076226201;4291.6703625917;0.0;zone37;S01010292;10;890;831;409;[0.348214,0.508929,0.142857];[0.477169,0.420091,0.10274];[0.339286,0.446429,0.214286];[0.55814,0.383721,0.05814];[0.128378378378,0.0540540540541,0.398648648649,0.418918918919];4;323.0;-0.168488563048;1103;41;0.164;1.7;46.012;34.8;65.27199999999999;10.0;21.6;15.4;2.88;0.0;2.8079999999999994;0.764;1.636;0.38800000000000007;1.38;6.5;7.6
11286;zone38;4514.690807242894;4541.15458266895;0.0;zone38;S01010293;16;839;723;373;[0.51773,0.35461,0.12766];[0.635389,0.262735,0.101877];[0.446809,0.319149,0.234043];[0.514286,0.392857,0.092857];[0.242424242424,0.0606060606061,0.393939393939,0.30303030303];3;290.0;-0.205814991507;1028;53;0.1225;1.5625;44.45249999999999;32.4375;65.8725;10.625;22.625;15.125;2.1900000000000004;0.0;2.7300000000000004;1.3325000000000005;0.8124999999999998;0.35000000000000003;2.3000000000000003;6.125;6.625
11286;zone39;4541.7482834333705;4418.565122351524;0.0;zone39;S01010294;13;690;631;275;[0.242105,0.526316,0.231579];[0.650873,0.214464,0.134663];[0.583333,0.208333,0.208333];[0.414894,0.489362,0.095745];[0.164835164835,0.043956043956,0.494505494505,0.296703296703];4;440.0;-0.0342259463805;1141;41;0.11692307692307692;2.3076923076923075;46.42769230769231;35.07692307692308;69.00923076923077;9.846153846153847;22.384615384615383;15.615384615384615;2.2800000000000002;0.0;2.6061538461538465;1.3384615384615384;1.935384615384615;0.20923076923076922;1.2707692307692307;9.692307692307692;7.615384615384615
11286;zone40;4766.8646917667475;4574.50133624035;0.0;zone40;S01010295;18;974;870;427;[0.384615,0.391026,0.224359];[0.604555,0.310559,0.084886];[0.428571,0.285714,0.285714];[0.390728,0.516556,0.092715];[0.212765957447,0.113475177305,0.297872340426,0.375886524823];4;529.0;0.0680145754747;1323;41;0.08888888888888889;2.0555555555555554;54.44222222222223;39.05555555555556;72.26666666666665;10.055555555555555;22.166666666666668;18.333333333333332;1.6266666666666667;0.0;5.459999999999999;1.4333333333333333;1.288888888888889;0.34666666666666673;1.1755555555555557;8.444444444444445;9.333333333333334
11286;zone41;4647.752341766679;4736.091736240359;0.0;zone41;S01010296;16;664;560;291;[0.294118,0.423529,0.282353];[0.520913,0.368821,0.110266];[0.375,0.375,0.25];[0.475524,0.391608,0.132867];[0.282828282828,0.111111111111,0.363636363636,0.242424242424];2;856.0;0.444094443477;1427;43;0.105;1.4375;45.79250000000001;33.9375;66.89000000000001;11.3125;22.625;15.1875;1.2825;0.0;3.730000000000001;1.57;1.7049999999999998;0.2850000000000001;1.83;5.625;7.6875
11286;zone42;5522.849421766708;4411.996091240393;0.0;zone42;S01010297;7;1066;894;676;[0.582609,0.382609,0.034783];[0.691824,0.245283,0.062893];[0.540541,0.333333,0.126126];[0.681275,0.270916,0.047809];[0.260563380282,0.140845070423,0.37323943662,0.225352112676];1;504.0;0.0391758595379;2029;16;0.09142857142857143;1.0;44.76;38.142857142857146;61.34285714285714;8.857142857142858;21.714285714285715;15.571428571428571;2.302857142857143;0.0;2.1942857142857144;0.3028571428571429;3.0228571428571427;0.35428571428571426;3.0057142857142862;2.5714285714285716;7.285714285714286
11286;zone43;4706.481893689814;4143.807995855712;0.0;zone43;S01010298;12;880;677;515;[0.308943,0.479675,0.211382];[0.581395,0.356589,0.062016];[0.539683,0.396825,0.063492];[0.744828,0.193103,0.062069];[0.227272727273,0.0984848484848,0.371212121212,0.30303030303];1;486.0;0.0190902878356;1176;19;0.06;1.25;35.39666666666667;19.083333333333332;62.74666666666667;12.0;23.083333333333332;11.75;1.5366666666666668;0.0;2.826666666666666;0.5100000000000001;0.6366666666666666;0.47333333333333333;2.183333333333333;5.916666666666667;4.916666666666667
11286;zone44;4885.424673909578;4209.645754097502;0.0;zone44;S01010299;4;536;404;292;[0.3,0.54,0.16];[0.556701,0.340206,0.103093];[0.458333,0.520833,0.020833];[0.584906,0.283019,0.132075];[0.428571428571,0.0857142857143,0.285714285714,0.2];1;375.0;-0.10827530326;722;9;0.09;3.25;32.85;20.0;77.17;14.75;25.0;10.75;2.0;0.0;0.8500000000000001;0.21;1.75;0.22;0.64;18.75;4.0
11286;zone45;4883.397012115578;4340.414778682246;0.0;zone45;S01010300;21;934;764;478;[0.460784,0.411765,0.127451];[0.664653,0.238671,0.096677];[0.632353,0.323529,0.044118];[0.606383,0.329787,0.06383];[0.3046875,0.125,0.3515625,0.21875];2;513.0;0.0498225801839;604;49;0.09142857142857143;2.0952380952380953;37.693333333333335;25.238095238095237;69.33142857142859;12.476190476190476;23.857142857142858;12.619047619047619;1.900952380952381;0.0;1.1123809523809522;0.4819047619047619;2.9619047619047625;0.3447619047619048;1.8838095238095238;9.761904761904763;6.0476190476190474
11286;zone46;5144.66081966521;4032.769083704074;0.0;zone46;S01010301;6;522;457;283;[0.292683,0.597561,0.109756];[0.57563,0.315126,0.109244];[0.222222,0.703704,0.074074];[0.561798,0.393258,0.044944];[0.214285714286,0.0612244897959,0.459183673469,0.265306122449];4;490.0;0.0232745011966;1345;21;0.14;1.3333333333333333;44.78;38.166666666666664;71.46;12.0;23.333333333333332;15.333333333333334;5.366666666666666;0.0;1.7600000000000005;0.30000000000000004;2.473333333333333;0.7799999999999999;2.04;6.5;9.5
11286;zone47;5165.568789180556;4297.038752619699;0.0;zone47;S01010302;24;669;495;388;[0.65625,0.28125,0.0625];[0.6,0.356522,0.043478];[0.716981,0.226415,0.056604];[0.801802,0.18018,0.018018];[0.582417582418,0.0769230769231,0.263736263736,0.0769230769231];1;392.0;-0.0896499889057;1128;47;0.07833333333333334;1.2916666666666667;40.955;29.791666666666668;64.41666666666666;11.041666666666666;22.791666666666668;13.916666666666666;2.6983333333333337;0.0;0.9950000000000001;0.3366666666666666;2.6133333333333333;0.29166666666666674;2.5816666666666674;5.583333333333333;6.166666666666667
11286;zone48;5241.140616766716;4139.402270499609;0.0;zone48;S01010303;33;579;387;250;[0.692308,0.153846,0.153846];[0.56701,0.298969,0.134021];[0.630435,0.282609,0.086957];[0.658879,0.285047,0.056075];[0.58407079646,0.106194690265,0.274336283186,0.0353982300885];1;415.0;-0.0627120940391;1708;84;0.0993939393939394;0.9696969696969697;44.88727272727272;30.484848484848484;63.44969696969697;10.545454545454545;22.393939393939394;15.151515151515152;3.8981818181818184;0.0;1.0;0.2727272727272727;2.082424242424243;0.29818181818181816;2.4303030303030306;3.696969696969697;6.757575757575758
11286;zone49;4853.647576226233;3833.123065294377;0.0;zone49;S01010304;12;542;456;332;[0.323529,0.514706,0.161765];[0.635135,0.25,0.114865];[0.477273,0.522727,0.0];[0.829268,0.109756,0.060976];[0.372340425532,0.0425531914894,0.297872340426,0.287234042553];1;804.0;0.384523850516;2073;28;0.09333333333333334;1.9166666666666667;68.35333333333334;33.0;76.3;10.75;23.0;23.75;4.010000000000001;0.0;0.5599999999999999;0.5066666666666667;2.563333333333333;0.4033333333333334;1.4266666666666667;7.833333333333333;7.333333333333333
11286;zone50;4697.410406890209;3639.1027396354093;0.0;zone50;S01010305;7;807;694;478;[0.36036,0.468468,0.171171];[0.553191,0.33617,0.110638];[0.409639,0.301205,0.289157];[0.589888,0.337079,0.073034];[0.198529411765,0.0735294117647,0.382352941176,0.345588235294];1;223.0;-0.28282788147;688;15;0.08;1.5714285714285714;40.66857142857142;28.285714285714285;61.77714285714286;10.428571428571429;22.142857142857142;13.714285714285714;3.822857142857143;0.0;1.3828571428571428;0.7257142857142858;1.1257142857142857;0.2914285714285714;2.417142857142857;4.0;6.714285714285714
11286;zone51;4591.3082521834585;3868.367573740388;0.0;zone51;S01010306;13;752;675;449;[0.35625,0.56875,0.075];[0.570588,0.355882,0.073529];[0.283019,0.566038,0.150943];[0.650943,0.330189,0.018868];[0.165680473373,0.0473372781065,0.479289940828,0.307692307692];2;238.0;-0.265781391166;833;35;0.10461538461538461;2.0;42.92307692307692;31.153846153846153;72.98461538461538;12.461538461538462;24.0;14.461538461538462;3.5538461538461537;0.0;2.0030769230769225;2.0184615384615388;0.7353846153846154;0.39999999999999997;2.3261538461538462;9.153846153846153;7.769230769230769
11286;zone52;4503.72067559025;3742.2957906521283;0.0;zone52;S01010307;9;821;732;428;[0.189922,0.577519,0.232558];[0.407407,0.487654,0.104938];[0.346154,0.538462,0.115385];[0.71875,0.234375,0.046875];[0.0681818181818,0.0568181818182,0.375,0.5];5;319.0;-0.172537833795;450;35;0.14666666666666667;2.6666666666666665;45.693333333333335;42.666666666666664;79.88000000000001;12.11111111111111;23.88888888888889;15.555555555555555;3.7066666666666666;0.0;2.6533333333333338;4.351111111111111;0.26666666666666666;0.4266666666666667;1.2088888888888891;13.88888888888889;10.444444444444445
11286;zone53;4364.519870735056;4047.768725526131;0.0;zone53;S01010308;9;975;858;480;[0.285714,0.54007,0.174216];[0.511936,0.384615,0.103448];[0.254902,0.411765,0.333333];[0.648352,0.307692,0.043956];[0.0970873786408,0.0631067961165,0.359223300971,0.480582524272];4;257.0;-0.244477582955;1491;33;0.14222222222222222;1.5555555555555556;42.44;36.55555555555556;64.25777777777779;10.222222222222221;22.11111111111111;13.88888888888889;3.764444444444445;0.0;2.884444444444444;0.9644444444444444;1.448888888888889;0.29333333333333333;1.8888888888888888;4.888888888888889;8.333333333333334
11286;zone54;5381.88771051669;3636.3205112402793;0.0;zone54;S01010309;4;419;356;264;[0.333333,0.25,0.416667];[0.478873,0.422535,0.098592];[0.352941,0.382353,0.264706];[0.705882,0.24183,0.052288];[0.365853658537,0.170731707317,0.390243902439,0.0731707317073];1;0.0;-0.540229885057;2153;8;0.08;1.0;44.29;30.0;63.42;9.5;22.0;15.25;4.13;0.0;1.25;0.35;1.7400000000000002;0.38;2.9000000000000004;4.25;6.75
11286;zone55;5657.373406240428;3625.6586165034923;0.0;zone55;S01010310;13;706;540;381;[0.333333,0.238095,0.428571];[0.565517,0.337931,0.096552];[0.54902,0.27451,0.176471];[0.715415,0.256917,0.027668];[0.484848484848,0.151515151515,0.318181818182,0.0454545454545];1;574.0;0.120406534162;845;21;0.06461538461538462;1.3846153846153846;39.16307692307692;22.923076923076923;60.61538461538461;10.692307692307692;22.153846153846153;13.384615384615385;0.9723076923076923;0.0;1.4030769230769229;0.3261538461538462;2.1846153846153844;0.25230769230769234;2.1384615384615384;5.538461538461538;4.230769230769231
11286;zone56;5685.425126382168;3318.6970593171873;0.0;zone56;S01010311;22;721;556;351;[0.411765,0.352941,0.235294];[0.472222,0.453704,0.074074];[0.571429,0.404762,0.02381];[0.717949,0.271062,0.010989];[0.565217391304,0.121739130435,0.269565217391,0.0434782608696];1;1534.0;1.22364271569;1642;49;0.08727272727272728;1.0454545454545454;56.31636363636364;29.0;67.18909090909091;10.272727272727273;22.136363636363637;19.40909090909091;2.018181818181818;0.0;2.709090909090908;0.11454545454545455;2.547272727272728;0.3272727272727274;2.307272727272728;3.5;6.863636363636363
11286;zone57;5466.52613028024;3072.1402274564575;0.0;zone57;S01010312;34;868;647;425;[0.117647,0.823529,0.058824];[0.754386,0.22807,0.017544];[0.407407,0.444444,0.148148];[0.804945,0.153846,0.041209];[0.586956521739,0.115942028986,0.268115942029,0.0289855072464];1;685.0;0.247477927043;1651;47;0.05176470588235294;1.4705882352941178;60.443529411764715;23.529411764705884;69.35647058823531;10.470588235294118;22.470588235294116;20.735294117647058;1.2788235294117647;0.0;2.2858823529411763;0.03882352941176471;2.3600000000000008;0.35647058823529404;2.350588235294117;5.264705882352941;5.470588235294118
11286;zone58;5251.7403530303945;3502.549209042501;0.0;zone58;S01010313;16;654;529;356;[0.428571,0.285714,0.285714];[0.6,0.333333,0.066667];[0.433735,0.481928,0.084337];[0.739623,0.162264,0.098113];[0.648351648352,0.131868131868,0.175824175824,0.043956043956];1;565.0;0.109617915218;2142;33;0.0775;0.9375;55.442499999999995;29.0625;72.24249999999999;12.1875;23.6875;18.8125;2.7375;0.0;4.015;0.11750000000000001;2.135;0.355;2.7649999999999997;3.5625;8.5
11286;zone59;4840.312157862589;3385.4448126102257;0.0;zone59;S01010314;21;1248;1034;550;[0.358209,0.507463,0.134328];[0.514493,0.333333,0.152174];[0.5,0.326923,0.173077];[0.636,0.324,0.04];[0.316901408451,0.133802816901,0.401408450704,0.147887323944];1;637.0;0.192402372167;1112;37;0.06666666666666667;1.2380952380952381;39.040000000000006;26.952380952380953;67.51809523809524;12.19047619047619;23.904761904761905;13.047619047619047;2.5142857142857142;0.0;3.2076190476190476;1.0247619047619048;1.0152380952380953;0.5066666666666667;2.6761904761904756;5.761904761904762;7.238095238095238
11286;zone60;4536.293429266749;2504.1273706154316;0.0;zone60;S01010315;43;911;678;409;[0.180723,0.554217,0.26506];[0.252632,0.457895,0.289474];[0.208333,0.5,0.291667];[0.55144,0.345679,0.102881];[0.308176100629,0.169811320755,0.358490566038,0.163522012579];2;382.0;-0.100954860853;1601;113;0.0986046511627907;1.3488372093023255;44.50325581395349;27.651162790697676;64.8418604651163;10.604651162790697;22.46511627906977;15.023255813953488;2.1497674418604658;0.0;3.5823255813953487;0.0;1.9572093023255805;0.4232558139534884;2.231627906976744;4.488372093023256;7.186046511627907
11286;zone61;4589.6619547948285;2943.195659127726;0.0;zone61;S01010316;25;512;414;304;[0.392157,0.529412,0.078431];[0.62931,0.37069,0.0];[0.439024,0.560976,0.0];[0.775401,0.224599,0.0];[0.439252336449,0.102803738318,0.252336448598,0.205607476636];1;481.0;0.0128180141103;1417;75;0.1152;1.48;56.998400000000004;30.88;72.8528;11.16;23.28;19.4;2.6208;0.0;3.4335999999999998;0.07200000000000001;2.6688;0.4639999999999999;2.3264;5.52;8.28
11286;zone63;4421.5566371748755;3071.026327566895;0.0;zone63;S01010318;12;1588;1497;304;[0.5,0.456522,0.043478];[0.469799,0.47651,0.053691];[0.310345,0.37931,0.310345];[0.678571,0.285714,0.035714];[0.36,0.14,0.34,0.16];3;317.0;-0.175110645645;1080;41;0.13333333333333333;1.3333333333333333;54.903333333333315;36.583333333333336;75.10000000000001;10.75;23.666666666666668;18.833333333333332;5.660000000000001;0.0;4.44;0.4833333333333334;0.5166666666666667;0.4566666666666667;2.1733333333333333;6.583333333333333;10.666666666666666
11286;zone64;4173.240913470097;2893.8040771744095;0.0;zone64;S01010319;9;711;624;407;[0.258741,0.608392,0.132867];[0.383399,0.486166,0.130435];[0.439394,0.212121,0.348485];[0.530769,0.384615,0.084615];[0.171974522293,0.0700636942675,0.471337579618,0.286624203822];2;473.0;0.00423719084943;1412;16;0.06666666666666667;2.5555555555555554;49.86666666666667;29.11111111111111;69.78666666666668;10.666666666666666;22.555555555555557;16.77777777777778;2.92;0.0;2.364444444444444;0.17777777777777778;1.3511111111111114;0.36444444444444446;1.1022222222222222;10.11111111111111;6.222222222222222
11286;zone65;3940.1918462749595;2900.8899784533987;0.0;zone65;S01010320;4;675;594;437;[0.257813,0.523438,0.21875];[0.61753,0.298805,0.083665];[0.526316,0.22807,0.245614];[0.805085,0.169492,0.025424];[0.172185430464,0.0662251655629,0.443708609272,0.317880794702];1;646.0;0.202453315259;1189;13;0.13;2.5;51.83;26.0;75.71000000000001;12.75;24.25;17.75;3.1799999999999997;0.0;0.71;0.74;2.9400000000000004;0.54;1.2999999999999998;9.75;7.0
11286;zone66;3905.8658739096163;2664.6669636212755;0.0;zone66;S01010321;7;837;634;432;[0.401709,0.555556,0.042735];[0.54717,0.433962,0.018868];[0.45122,0.439024,0.109756];[0.666667,0.271186,0.062147];[0.212328767123,0.0958904109589,0.390410958904,0.301369863014];1;1019.0;0.631764531736;1924;14;0.08;1.8571428571428572;49.24571428571427;25.714285714285715;72.37142857142858;12.285714285714286;23.714285714285715;16.571428571428573;2.611428571428571;0.0;2.9657142857142857;0.2857142857142857;1.8114285714285714;0.3028571428571429;2.062857142857143;7.571428571428571;7.0
11286;zone67;3630.3978644730896;3132.1651121578075;0.0;zone67;S01010322;9;1028;914;549;[0.174419,0.549419,0.276163];[0.412399,0.471698,0.115903];[0.298507,0.38806,0.313433];[0.647059,0.323529,0.029412];[0.057268722467,0.0352422907489,0.449339207048,0.458149779736];5;124.0;-0.397569575369;1511;39;0.16;1.2222222222222223;32.29333333333333;36.666666666666664;65.31555555555555;11.11111111111111;23.0;10.777777777777779;3.6755555555555555;0.0;4.666666666666667;0.6355555555555557;1.4266666666666665;0.528888888888889;2.728888888888889;5.0;9.88888888888889
11286;zone68;6208.193116766784;3072.425066795916;0.0;zone68;S01010323;4;603;466;377;[0.555556,0.444444,0.0];[0.657143,0.271429,0.071429];[0.642857,0.321429,0.035714];[0.793651,0.166667,0.039683];[0.578431372549,0.166666666667,0.235294117647,0.0196078431373];1;970.0;0.57559463238;1077;3;0.02;1.5;57.349999999999994;17.0;74.78;12.5;24.75;19.5;4.75;0.0;0.52;0.0;0.22;0.32;1.3900000000000001;9.5;5.0
11286;zone69;6517.651722029823;2240.572579661372;0.0;zone69;S01010324;6;759;566;403;[0.142857,0.571429,0.285714];[0.298077,0.490385,0.211538];[0.333333,0.530864,0.135802];[0.401674,0.414226,0.1841];[0.569620253165,0.101265822785,0.291139240506,0.0379746835443];1;407.0;-0.0721601679586;1525;8;0.05333333333333334;1.5;48.14666666666667;19.0;68.60000000000001;12.666666666666666;23.5;16.0;1.9933333333333332;0.0;0.6533333333333333;0.0;2.06;0.5866666666666666;1.7533333333333332;7.5;4.333333333333333
11286;zone70;6038.016041009105;2402.8415869980217;0.0;zone70;S01010325;18;939;666;501;[0.263158,0.368421,0.368421];[0.383838,0.525253,0.090909];[0.253623,0.615942,0.130435];[0.451362,0.463035,0.085603];[0.545454545455,0.238636363636,0.193181818182,0.0227272727273];1;225.0;-0.281126582053;1707;31;0.06444444444444444;0.6666666666666666;39.61333333333333;29.666666666666668;64.57777777777777;12.722222222222221;23.5;13.166666666666666;2.7711111111111113;0.0;0.6422222222222222;0.0;4.062222222222222;0.43777777777777777;2.6688888888888886;3.1666666666666665;7.111111111111111
11286;zone71;5272.359331052501;2740.775131541117;0.0;zone71;S01010326;39;987;707;494;[0.526316,0.368421,0.105263];[0.522523,0.333333,0.144144];[0.492188,0.3125,0.195313];[0.723514,0.224806,0.05168];[0.54375,0.16875,0.23125,0.05625];1;1389.0;1.05701743376;1010;97;0.09333333333333334;0.9743589743589743;45.61743589743589;30.94871794871795;67.97743589743588;11.615384615384615;23.05128205128205;15.333333333333334;1.8153846153846156;0.0;5.647179487179488;0.01333333333333333;1.6492307692307695;0.40102564102564103;2.518974358974359;4.205128205128205;8.538461538461538
11286;zone72;4970.167032608406;2501.795090448298;0.0;zone72;S01010327;34;982;660;362;[0.031746,0.507937,0.460317];[0.372881,0.432203,0.194915];[0.289063,0.328125,0.382813];[0.516892,0.347973,0.135135];[0.416184971098,0.21387283237,0.236994219653,0.132947976879];1;470.0;0.000335688704598;926;90;0.1011764705882353;1.2941176470588236;41.789411764705896;30.323529411764707;64.94823529411767;10.088235294117647;22.38235294117647;14.147058823529411;1.5647058823529412;0.0;6.439999999999999;0.00235294117647059;0.8788235294117648;0.29058823529411765;2.216470588235294;5.411764705882353;8.441176470588236
11286;zone73;5975.307390960257;2677.5485166167286;0.0;zone73;S01010328;24;969;706;445;[0.16129,0.5,0.33871];[0.27044,0.471698,0.257862];[0.192547,0.434783,0.372671];[0.338983,0.432203,0.228814];[0.309352517986,0.258992805755,0.280575539568,0.151079136691];2;457.0;-0.0138550124678;2055;79;0.12833333333333333;1.375;44.96333333333333;33.291666666666664;64.50666666666667;10.25;22.5;15.208333333333334;3.5766666666666675;0.0;1.2050000000000003;0.0;3.1633333333333336;0.41;1.9716666666666667;4.416666666666667;7.458333333333333
