cycle;name;location.x;location.y;location.z;name;dataZone;nm_children;pop;over16;nm_hh;AB_car_prob;C1_car_prob;C2_car_prob;DE_car_prob;prob_social;simd;crimeRate;norm_crime;avg_dis_sh;neigh_play;daily_play_per_child;avg_FSA;avg_walk;daily_OD;zone_mvpa;mvpa_home;mvpa_sc;mvpa_road;mvpa_play_field;mvpa_home_garden;mvpa_park;mvpa_PG;mvpa_amenity;mvpa_shops;mvpa_F_home;mvpa_fsa;mvpa_OD
11286;zone0;8448.90275962388;2625.4515469546564;0.0;zone0;S01010195;19;531;390;212;[0.0,0.481481,0.518519];[0.261538,0.646154,0.092308];[0.12,0.59,0.29];[0.447368,0.368421,0.184211];[0.418918918919,0.283783783784,0.202702702703,0.0945945945946];1;0.0;-0.540229885057;1262;48;0.0968421052631579;1.2105263157894737;32.166315789473686;25.473684210526315;55.37052631578946;9.736842105263158;21.526315789473685;10.631578947368421;0.6736842105263158;0.0;2.6252631578947367;0.0;2.349473684210526;0.3473684210526316;2.32;3.526315789473684;5.157894736842105
11286;zone1;8656.736904000718;2165.9902346445633;0.0;zone1;S01010198;18;1027;748;394;[0.058824,0.529412,0.411765];[0.305785,0.561983,0.132231];[0.219858,0.496454,0.283688];[0.523179,0.331126,0.145695];[0.48623853211,0.229357798165,0.266055045872,0.0183486238532];1;1609.0;1.3102524676;1928;28;0.06;1.6111111111111112;40.151111111111106;20.27777777777778;65.0022222222222;11.777777777777779;23.055555555555557;13.333333333333334;1.1244444444444446;0.0;1.96;0.02;2.1199999999999997;0.4511111111111112;2.068888888888889;7.111111111111111;4.722222222222222
11286;zone2;8537.588755655543;3024.028900129281;0.0;zone2;S01010201;22;643;453;253;[0.0,0.47619,0.52381];[0.270833,0.3125,0.416667];[0.088,0.48,0.432];[0.296552,0.434483,0.268966];[0.365853658537,0.292682926829,0.292682926829,0.0487804878049];2;219.0;-0.28762447053;1516;54;0.09454545454545454;1.7727272727272727;50.90727272727272;29.318181818181817;68.81090909090909;9.909090909090908;22.363636363636363;17.40909090909091;2.1199999999999997;0.0;4.240000000000001;0.08545454545454545;1.5618181818181818;0.3836363636363637;1.9872727272727273;6.818181818181818;7.454545454545454
11286;zone3;8059.42097232239;3767.666522351409;0.0;zone3;S01010203;30;671;504;260;[0.090909,0.363636,0.545455];[0.263804,0.460123,0.276074];[0.094828,0.422414,0.482759];[0.183824,0.375,0.441176];[0.272727272727,0.218181818182,0.363636363636,0.145454545455];3;215.0;-0.292668818285;1941;64;0.08133333333333333;1.6333333333333333;35.30133333333333;24.733333333333334;67.34133333333335;12.333333333333334;24.066666666666666;11.966666666666667;1.6159999999999999;0.0;2.584;0.0;3.0733333333333333;0.3359999999999999;2.2546666666666666;7.433333333333334;6.733333333333333
11286;zone4;8368.288440296214;3565.498290652094;0.0;zone4;S01010204;30;800;589;381;[0.272727,0.727273,0.0];[0.627451,0.27451,0.098039];[0.444444,0.533333,0.022222];[0.600619,0.321981,0.077399];[0.595041322314,0.157024793388,0.239669421488,0.00826446280992];1;497.0;0.0317745673598;1440;63;0.07866666666666666;1.2;37.82533333333334;26.333333333333332;63.83333333333335;11.733333333333333;23.333333333333332;12.766666666666667;1.1039999999999999;0.0;2.8293333333333335;0.03466666666666667;2.8426666666666667;0.3253333333333334;2.008;5.233333333333333;6.333333333333333
11286;zone5;8034.229745798958;3515.110462853287;0.0;zone5;S01010205;15;658;534;355;[0.411765,0.117647,0.470588];[0.465116,0.457364,0.077519];[0.317757,0.588785,0.093458];[0.593458,0.280374,0.126168];[0.466666666667,0.2,0.3,0.0333333333333];1;925.0;0.523434132086;1520;33;0.08266666666666667;1.5333333333333334;47.224;24.8;69.27199999999999;11.933333333333334;23.466666666666665;16.466666666666665;2.3706666666666667;0.0;1.6586666666666667;0.0;2.6586666666666665;0.3306666666666667;1.9306666666666665;6.933333333333334;6.133333333333334
11286;zone6;7457.064719570519;3739.055375726369;0.0;zone6;S01010208;18;903;745;565;[0.30137,0.589041,0.109589];[0.48062,0.457364,0.062016];[0.272727,0.613636,0.113636];[0.66055,0.270642,0.068807];[0.233333333333,0.133333333333,0.461111111111,0.172222222222];1;603.0;0.153385979085;1446;26;0.05555555555555555;1.3888888888888888;44.24888888888889;22.5;68.60444444444445;12.5;23.833333333333332;14.88888888888889;1.6733333333333333;0.0;1.66;0.0;2.9599999999999995;0.3866666666666667;2.286666666666667;6.666666666666667;6.0
11286;zone7;7917.838214725937;1939.334458859395;0.0;zone7;S01010209;24;966;677;468;[0.172414,0.586207,0.241379];[0.333333,0.414966,0.251701];[0.381944,0.458333,0.159722];[0.545852,0.336245,0.117904];[0.337931034483,0.248275862069,0.303448275862,0.110344827586];1;2053.0;1.82052250092;1655;25;0.04166666666666666;1.3333333333333333;47.400000000000006;22.541666666666668;64.89833333333335;11.041666666666666;22.708333333333332;15.958333333333334;0.8016666666666666;0.0;2.1749999999999994;0.0;2.8000000000000003;0.3733333333333333;2.3083333333333336;5.083333333333333;5.208333333333333
11286;zone8;7878.406567747077;2721.2634132011362;0.0;zone8;S01010210;18;885;641;416;[0.173913,0.456522,0.369565];[0.21519,0.5,0.28481];[0.189781,0.386861,0.423358];[0.422111,0.442211,0.135678];[0.394736842105,0.236842105263,0.254385964912,0.114035087719];1;344.0;-0.144253829852;1134;48;0.10222222222222223;1.3333333333333333;41.199999999999996;25.055555555555557;61.86222222222221;10.555555555555555;22.27777777777778;13.833333333333334;0.688888888888889;0.0;3.1288888888888895;0.0;2.333333333333333;0.5111111111111111;1.9888888888888887;4.5;5.722222222222222
11286;zone9;7785.599648345685;3201.783800714137;0.0;zone9;S01010211;22;858;634;452;[0.147059,0.705882,0.147059];[0.384615,0.452991,0.162393];[0.469565,0.4,0.130435];[0.722656,0.226563,0.050781];[0.473214285714,0.169642857143,0.285714285714,0.0714285714286];1;430.0;-0.0456985893816;1022;41;0.07090909090909091;1.3636363636363635;42.209090909090904;26.772727272727273;67.1509090909091;11.727272727272727;23.5;14.5;1.9636363636363638;0.0;3.090909090909091;0.0;3.072727272727273;0.48000000000000004;2.3527272727272726;4.863636363636363;7.7272727272727275
11286;zone10;7580.688680869333;3097.127786881416;0.0;zone10;S01010212;49;1083;779;559;[0.233333,0.633333,0.133333];[0.594771,0.339869,0.065359];[0.465517,0.405172,0.12931];[0.712821,0.269231,0.017949];[0.566037735849,0.138364779874,0.22641509434,0.0691823899371];1;1473.0;1.15298517036;1226;93;0.07346938775510205;1.3061224489795917;52.45387755102041;29.571428571428573;67.44734693877551;10.346938775510203;22.714285714285715;18.122448979591837;1.0579591836734696;0.0;2.7681632653061223;0.0;3.4710204081632656;0.40081632653061217;2.093877551020407;4.877551020408164;6.8979591836734695
11286;zone11;8065.177293237223;3111.5884965344962;0.0;zone11;S01010213;13;924;657;476;[0.105263,0.684211,0.210526];[0.382609,0.547826,0.069565];[0.218543,0.556291,0.225166];[0.467925,0.483019,0.049057];[0.451327433628,0.221238938053,0.274336283186,0.0530973451327];1;247.0;-0.255840453357;1101;37;0.11384615384615385;1.4615384615384615;33.30769230769231;29.692307692307693;66.81538461538462;12.538461538461538;23.615384615384617;11.153846153846153;1.0676923076923077;0.0;2.923076923076923;0.0;3.9784615384615383;0.35692307692307695;2.88;6.615384615384615;7.461538461538462
11286;zone12;7144.994858230166;1947.4125453867302;0.0;zone12;S01010214;27;967;717;396;[0.098592,0.28169,0.619718];[0.197531,0.438272,0.364198];[0.173333,0.493333,0.333333];[0.237069,0.487069,0.275862];[0.361344537815,0.210084033613,0.310924369748,0.117647058824];3;176.0;-0.337854473183;1921;57;0.07555555555555556;1.7037037037037037;43.044444444444444;27.296296296296298;67.34666666666666;11.333333333333334;23.11111111111111;14.407407407407407;2.285925925925926;0.0;2.082962962962963;0.0;2.853333333333333;0.46962962962962956;1.8088888888888888;7.148148148148148;6.62962962962963
11286;zone13;7013.590150664996;2618.495528189446;0.0;zone13;S01010215;24;850;608;492;[0.571429,0.285714,0.142857];[0.5,0.431373,0.068627];[0.382609,0.391304,0.226087];[0.678571,0.269841,0.051587];[0.467289719626,0.140186915888,0.345794392523,0.0467289719626];1;547.0;0.0886083430805;622;57;0.08833333333333333;0.9166666666666666;31.188333333333322;27.416666666666668;60.65999999999999;12.083333333333334;23.083333333333332;10.416666666666666;1.135;0.0;1.716666666666667;0.0;3.7849999999999997;0.3833333333333333;2.9250000000000003;3.5416666666666665;6.166666666666667
11286;zone14;7332.222205807836;2329.961970144465;0.0;zone14;S01010216;15;621;464;361;[0.6,0.4,0.0];[0.597701,0.356322,0.045977];[0.409091,0.439394,0.151515];[0.709544,0.273859,0.016598];[0.5,0.163265306122,0.265306122449,0.0714285714286];1;600.0;0.150092344085;1303;30;0.07466666666666667;1.1333333333333333;46.35999999999999;27.066666666666666;63.60799999999999;10.733333333333333;22.133333333333333;16.0;0.6693333333333334;0.0;2.5573333333333332;0.0;2.874666666666667;0.38400000000000006;2.1119999999999997;4.4;5.6
11286;zone15;7299.833172322251;2625.8610945736937;0.0;zone15;S01010217;33;817;598;406;[0.16129,0.516129,0.322581];[0.565517,0.4,0.034483];[0.5,0.431373,0.068627];[0.702703,0.283784,0.013514];[0.541935483871,0.0967741935484,0.296774193548,0.0645161290323];1;1060.0;0.679274950851;1008;95;0.1103030303030303;1.5454545454545454;43.72484848484849;30.545454545454547;68.69575757575758;11.636363636363637;23.333333333333332;14.848484848484848;0.9975757575757577;0.0;3.081212121212121;0.0;3.738181818181818;0.4642424242424242;2.151515151515151;6.636363636363637;7.242424242424242
11286;zone16;7142.953643082513;3018.5401822929393;0.0;zone16;S01010218;31;1018;790;587;[0.425532,0.404255,0.170213];[0.392523,0.453271,0.154206];[0.358209,0.492537,0.149254];[0.589124,0.335347,0.075529];[0.424657534247,0.109589041096,0.369863013699,0.0958904109589];1;557.0;0.101026678737;568;50;0.06322580645161291;1.5806451612903225;36.06967741935484;24.516129032258064;62.7109677419355;11.419354838709678;22.806451612903224;11.96774193548387;0.8851612903225806;0.0;1.3961290322580644;0.0;3.325161290322581;0.48516129032258054;2.2954838709677423;6.354838709677419;5.096774193548387
11286;zone17;6738.8937706128745;4298.8917997019325;0.0;zone17;S01010219;21;503;382;274;[0.695652,0.304348,0.0];[0.758621,0.215517,0.025862];[0.761905,0.166667,0.071429];[0.781609,0.195402,0.022989];[0.41935483871,0.0752688172043,0.408602150538,0.0967741935484];2;184.0;-0.327838932938;1433;59;0.10857142857142857;1.5714285714285714;53.758095238095244;31.952380952380953;70.54857142857144;10.571428571428571;22.904761904761905;18.238095238095237;3.6990476190476187;0.0;3.4761904761904763;0.0857142857142857;1.2190476190476192;0.35238095238095246;1.8609523809523805;6.285714285714286;8.0
11286;zone18;5915.780765415368;4211.222876105162;0.0;zone18;S01010220;7;476;433;279;[0.181159,0.608696,0.210145];[0.404255,0.531915,0.06383];[0.227273,0.704545,0.068182];[0.448276,0.482759,0.068966];[0.154545454545,0.0636363636364,0.318181818182,0.463636363636];5;267.0;-0.232306706325;1307;23;0.13142857142857142;1.2857142857142858;32.160000000000004;29.285714285714285;65.82285714285715;11.428571428571429;23.857142857142858;10.714285714285714;4.434285714285714;0.0;3.6571428571428575;0.10857142857142857;1.6171428571428572;0.5428571428571428;2.36;5.285714285714286;9.428571428571429
11286;zone19;6341.0811208317455;3913.8398648988496;0.0;zone19;S01010221;13;546;394;260;[0.6,0.4,0.0];[0.557377,0.409836,0.032787];[0.538462,0.323077,0.138462];[0.699387,0.257669,0.042945];[0.609375,0.140625,0.203125,0.046875];1;635.0;0.19005459739;1098;18;0.04923076923076923;1.4615384615384615;43.77230769230769;18.615384615384617;67.95076923076923;12.384615384615385;23.846153846153847;14.846153846153847;3.209230769230769;0.0;2.3415384615384616;0.0;0.9292307692307692;0.37538461538461537;2.378461538461538;6.0;6.0
11286;zone20;7001.213463613622;4053.9957950241624;0.0;zone20;S01010222;15;492;414;285;[0.142857,0.5,0.357143];[0.432432,0.459459,0.108108];[0.348624,0.522936,0.12844];[0.747899,0.235294,0.016807];[0.345238095238,0.214285714286,0.309523809524,0.130952380952];1;377.0;-0.105830277325;1799;27;0.064;1.6;41.88;25.133333333333333;64.34666666666666;10.866666666666667;22.333333333333332;14.466666666666667;1.7573333333333332;0.0;2.1093333333333333;0.0;1.9493333333333331;0.4720000000000001;2.277333333333333;6.533333333333333;5.266666666666667
11286;zone21;6986.8418912765155;3434.1450308482026;0.0;zone21;S01010223;4;556;462;337;[0.076923,0.538462,0.384615];[0.567797,0.330508,0.101695];[0.472222,0.444444,0.083333];[0.584699,0.36612,0.04918];[0.432432432432,0.162162162162,0.324324324324,0.0810810810811];1;439.0;-0.0353356041414;1869;12;0.11;0.5;52.21;16.5;75.13999999999999;15.0;26.5;17.5;3.43;0.0;1.48;0.29;1.43;0.67;4.45;3.0;6.25
11286;zone22;6247.397837456437;3329.661273309237;0.0;zone22;S01010224;40;1036;727;469;[0.405405,0.540541,0.054054];[0.592593,0.274074,0.133333];[0.418803,0.504274,0.076923];[0.768421,0.202632,0.028947];[0.506097560976,0.140243902439,0.268292682927,0.0853658536585];1;1004.0;0.614259332793;973;84;0.08;1.05;43.777;22.825;65.668;12.075;23.625;15.0;3.199;0.0;1.247;0.125;1.6629999999999998;0.45499999999999996;2.322;4.35;5.75
11286;zone23;7827.985844039554;4105.4701191949;0.0;zone23;S01010225;33;812;636;431;[0.25,0.634615,0.115385];[0.469072,0.43299,0.097938];[0.54023,0.413793,0.045977];[0.672065,0.234818,0.093117];[0.385185185185,0.125925925926,0.325925925926,0.162962962963];1;1006.0;0.616572011517;1627;63;0.07515151515151515;1.3333333333333333;48.10545454545454;26.848484848484848;66.23272727272729;10.909090909090908;22.90909090909091;16.484848484848484;1.9127272727272728;0.0;2.5333333333333337;0.0;2.549090909090908;0.3369696969696969;2.374545454545455;4.757575757575758;6.515151515151516
11286;zone24;7040.363001382077;4481.052780471187;0.0;zone24;S01010226;40;816;565;394;[0.454545,0.242424,0.30303];[0.715385,0.2,0.084615];[0.540541,0.405405,0.054054];[0.766917,0.18797,0.045113];[0.503355704698,0.201342281879,0.221476510067,0.0738255033557];2;422.0;-0.0548014077425;1283;132;0.124;1.15;47.353;36.175;70.47399999999998;11.375;23.1;16.2;4.622999999999999;0.0;4.509;0.007;1.5450000000000002;0.387;2.013;4.95;10.2
11286;zone25;6847.772309074456;4638.663588163389;0.0;zone25;S01010227;39;692;454;294;[0.413793,0.413793,0.172414];[0.704545,0.238636,0.056818];[0.654545,0.345455,0.0];[0.810606,0.159091,0.030303];[0.672268907563,0.0924369747899,0.159663865546,0.0756302521008];4;0.0;-0.540229885057;1101;170;0.1682051282051282;1.2820512820512822;40.79692307692307;42.48717948717949;70.31282051282052;11.128205128205128;23.0;13.76923076923077;5.333333333333332;0.0;5.713846153846154;0.06256410256410257;1.7528205128205125;0.32410256410256405;2.0420512820512817;5.512820512820513;12.307692307692308
11286;zone26;8241.816993110848;4572.457656401622;0.0;zone26;S01010229;30;1016;787;508;[0.1,0.625,0.275];[0.350877,0.350877,0.298246];[0.348315,0.477528,0.174157];[0.565217,0.310559,0.124224];[0.420731707317,0.213414634146,0.292682926829,0.0731707317073];1;395.0;-0.0859445809966;1244;54;0.068;0.7333333333333333;39.23866666666666;20.633333333333333;61.10933333333333;11.733333333333333;23.066666666666666;13.166666666666666;1.8586666666666667;0.0;2.132;0.04666666666666666;1.609333333333333;0.4320000000000001;2.493333333333333;2.7666666666666666;5.166666666666667
11286;zone27;7458.320056766788;4680.341251240345;0.0;zone27;S01010230;24;1005;772;577;[0.314286,0.628571,0.057143];[0.703883,0.296117,0.0];[0.727273,0.218182,0.054545];[0.71831,0.24507,0.03662];[0.517857142857,0.136904761905,0.267857142857,0.077380952381];1;846.0;0.433218203459;808;61;0.095;0.875;35.22166666666667;33.541666666666664;63.39333333333332;11.333333333333334;23.208333333333332;12.166666666666666;2.275;0.0;4.191666666666666;0.05833333333333333;2.3316666666666666;0.4366666666666666;2.386666666666667;3.625;8.458333333333334
11286;zone28;7569.802990100143;4917.458811240416;0.0;zone28;S01010232;37;1074;792;485;[0.457143,0.485714,0.057143];[0.557292,0.338542,0.104167];[0.492063,0.333333,0.174603];[0.654229,0.251244,0.094527];[0.470297029703,0.153465346535,0.306930693069,0.0693069306931];1;771.0;0.347049794199;969;82;0.08864864864864865;1.3513513513513513;44.215135135135135;27.62162162162162;68.73189189189189;11.621621621621621;23.513513513513512;14.972972972972974;2.001081081081081;0.0;3.332972972972973;0.00972972972972973;2.353513513513513;0.48972972972972967;2.547027027027027;6.027027027027027;7.162162162162162
11286;zone29;7830.713068379679;4879.746446724283;0.0;zone29;S01010233;33;970;705;476;[0.275,0.625,0.1];[0.655629,0.245033,0.099338];[0.52809,0.426966,0.044944];[0.771505,0.212366,0.016129];[0.587209302326,0.093023255814,0.261627906977,0.0581395348837];1;284.0;-0.213781821634;1432;59;0.06787878787878789;1.4242424242424243;52.875151515151515;27.545454545454547;68.75757575757575;11.090909090909092;23.03030303030303;17.90909090909091;1.8836363636363636;0.0;2.8496969696969696;0.04848484848484848;2.5006060606060605;0.4145454545454546;2.287272727272727;5.0;6.787878787878788
11286;zone30;6473.383843181837;4954.519765957263;0.0;zone30;S01010261;6;2551;2373;526;[0.666667,0.270833,0.0625];[0.675841,0.281346,0.042813];[0.75,0.25,0.0];[0.824468,0.164894,0.010638];[0.41,0.06,0.41,0.12];3;176.0;-0.337679921334;1940;10;0.06666666666666667;1.3333333333333333;66.86;30.5;75.48666666666666;12.333333333333334;24.333333333333332;22.5;1.4733333333333334;0.0;1.46;0.22666666666666668;4.54;0.3466666666666667;2.2666666666666666;4.333333333333333;7.166666666666667
11286;zone31;4930.642193689802;4959.449818932565;0.0;zone31;S01010266;3;555;474;237;[0.320755,0.556604,0.122642];[0.677273,0.254545,0.068182];[0.5,0.461538,0.038462];[0.534247,0.30137,0.164384];[0.141176470588,0.0588235294118,0.4,0.4];3;536.0;0.0761386922126;1277;2;0.02666666666666667;1.3333333333333333;42.54666666666667;29.666666666666668;68.49333333333333;12.333333333333334;24.0;15.0;1.8533333333333335;0.0;0.88;0.24;4.373333333333333;0.6666666666666666;2.6533333333333338;4.666666666666667;7.0
11286;zone32;5712.5549897826;4979.400336637217;0.0;zone32;S01010270;4;1153;972;817;[0.389831,0.533898,0.076271];[0.70255,0.252125,0.045326];[0.714286,0.272727,0.012987];[0.771552,0.228448,0.0];[0.125,0.0909090909091,0.454545454545,0.329545454545];1;871.0;0.461200629557;1631;5;0.04;2.25;63.89;19.5;72.9;10.5;22.5;22.25;1.9699999999999998;0.0;0.8600000000000001;0.01;1.84;0.52;1.92;8.75;4.25
11286;zone33;3394.0723536088512;4934.677182292946;0.0;zone33;S01010282;13;976;841;645;[0.438776,0.520408,0.040816];[0.545732,0.405488,0.04878];[0.521277,0.382979,0.095745];[0.712707,0.232044,0.055249];[0.190954773869,0.070351758794,0.35175879397,0.386934673367];2;350.0;-0.137812028107;1316;16;0.04923076923076923;1.9230769230769231;50.12;27.076923076923077;73.17846153846155;11.384615384615385;24.153846153846153;16.692307692307693;0.8584615384615384;0.0;5.966153846153846;0.7046153846153846;0.8184615384615385;0.4369230769230769;2.2369230769230772;8.153846153846153;7.923076923076923
11286;zone34;4385.789287498423;4835.237486850067;0.0;zone34;S01010289;15;771;687;380;[0.130952,0.511905,0.357143];[0.262911,0.502347,0.234742];[0.178571,0.464286,0.357143];[0.410256,0.435897,0.153846];[0.058064516129,0.0322580645161,0.245161290323,0.664516129032];5;259.0;-0.241396294863;1386;45;0.11733333333333333;1.4666666666666666;46.41333333333332;44.266666666666666;63.44266666666666;8.6;21.666666666666668;15.8;2.146666666666667;0.0;3.5146666666666664;0.7919999999999999;2.6959999999999997;0.19733333333333333;1.602666666666667;4.533333333333333;8.666666666666666
11286;zone35;4401.5375624188455;4669.062022109911;0.0;zone35;S01010290;13;546;485;278;[0.198198,0.603604,0.198198];[0.485944,0.449799,0.064257];[0.555556,0.444444,0.0];[0.435897,0.512821,0.051282];[0.10752688172,0.0430107526882,0.494623655914,0.354838709677];3;353.0;-0.133686757747;1459;46;0.13230769230769232;0.6923076923076923;51.073846153846155;47.23076923076923;77.59076923076924;12.0;24.692307692307693;17.307692307692307;4.424615384615384;0.0;7.6000000000000005;0.6984615384615385;2.68;0.3661538461538462;3.4646153846153847;2.6923076923076925;14.846153846153847
11286;zone36;4119.983651650423;4281.100418217042;0.0;zone36;S01010291;12;1075;975;481;[0.405594,0.447552,0.146853];[0.627907,0.277132,0.094961];[0.415094,0.433962,0.150943];[0.562963,0.325926,0.111111];[0.197080291971,0.0729927007299,0.445255474453,0.284671532847];3;438.0;-0.0363924713322;1134;32;0.1;2.0;48.413333333333334;36.25;68.91333333333333;9.25;22.416666666666668;16.5;1.8066666666666666;0.0;6.743333333333332;0.3966666666666667;1.9433333333333334;0.4166666666666667;1.8066666666666666;6.0;10.25
11286;zone37;4399.731076226201;4291.6703625917;0.0;zone37;S01010292;10;890;831;409;[0.348214,0.508929,0.142857];[0.477169,0.420091,0.10274];[0.339286,0.446429,0.214286];[0.55814,0.383721,0.05814];[0.128378378378,0.0540540540541,0.398648648649,0.418918918919];4;323.0;-0.168488563048;1178;29;0.116;1.6;48.792;37.2;67.56799999999998;9.2;22.0;16.6;3.3240000000000003;0.0;5.371999999999999;0.22000000000000003;1.28;0.348;2.3999999999999995;5.0;9.7
11286;zone38;4514.690807242894;4541.15458266895;0.0;zone38;S01010293;16;839;723;373;[0.51773,0.35461,0.12766];[0.635389,0.262735,0.101877];[0.446809,0.319149,0.234043];[0.514286,0.392857,0.092857];[0.242424242424,0.0606060606061,0.393939393939,0.30303030303];3;290.0;-0.205814991507;1098;61;0.1425;1.4375;47.199999999999996;38.75;70.2025;10.8125;22.5;16.0;3.0050000000000003;0.0;5.3925;0.305;1.8275;0.49250000000000005;2.0625;6.125;10.0625
11286;zone39;4541.7482834333705;4418.565122351524;0.0;zone39;S01010294;13;690;631;275;[0.242105,0.526316,0.231579];[0.650873,0.214464,0.134663];[0.583333,0.208333,0.208333];[0.414894,0.489362,0.095745];[0.164835164835,0.043956043956,0.494505494505,0.296703296703];4;440.0;-0.0342259463805;1212;52;0.15384615384615385;1.5384615384615385;51.04;48.0;71.6246153846154;10.076923076923077;22.23076923076923;17.615384615384617;3.4769230769230766;0.0;4.821538461538461;0.7476923076923078;3.4092307692307693;0.2738461538461539;1.4984615384615383;5.6923076923076925;12.0
11286;zone40;4766.8646917667475;4574.50133624035;0.0;zone40;S01010295;18;974;870;427;[0.384615,0.391026,0.224359];[0.604555,0.310559,0.084886];[0.428571,0.285714,0.285714];[0.390728,0.516556,0.092715];[0.212765957447,0.113475177305,0.297872340426,0.375886524823];4;529.0;0.0680145754747;1178;53;0.1111111111111111;1.8333333333333333;48.5311111111111;40.94444444444444;70.17555555555558;10.222222222222221;22.11111111111111;16.5;1.9222222222222223;0.0;6.862222222222223;0.62;1.5288888888888887;0.2111111111111111;1.7022222222222223;6.388888888888889;10.5
11286;zone41;4647.752341766679;4736.091736240359;0.0;zone41;S01010296;16;664;560;291;[0.294118,0.423529,0.282353];[0.520913,0.368821,0.110266];[0.375,0.375,0.25];[0.475524,0.391608,0.132867];[0.282828282828,0.111111111111,0.363636363636,0.242424242424];2;856.0;0.444094443477;987;39;0.095;1.5;36.580000000000005;28.75;64.2675;11.6875;22.75;12.1875;1.715;0.0;2.93;0.68;2.1699999999999995;0.30750000000000005;2.2750000000000004;5.875;7.0
11286;zone42;5522.849421766708;4411.996091240393;0.0;zone42;S01010297;7;1066;894;676;[0.582609,0.382609,0.034783];[0.691824,0.245283,0.062893];[0.540541,0.333333,0.126126];[0.681275,0.270916,0.047809];[0.260563380282,0.140845070423,0.37323943662,0.225352112676];1;504.0;0.0391758595379;980;16;0.09142857142857143;0.8571428571428571;26.908571428571427;21.714285714285715;53.02285714285715;9.571428571428571;21.428571428571427;9.285714285714286;2.3657142857142857;0.0;1.2685714285714285;0.1542857142857143;1.5428571428571427;0.5714285714285714;2.742857142857143;2.142857142857143;4.714285714285714
11286;zone43;4706.481893689814;4143.807995855712;0.0;zone43;S01010298;12;880;677;515;[0.308943,0.479675,0.211382];[0.581395,0.356589,0.062016];[0.539683,0.396825,0.063492];[0.744828,0.193103,0.062069];[0.227272727273,0.0984848484848,0.371212121212,0.30303030303];1;486.0;0.0190902878356;970;24;0.07333333333333333;1.8333333333333333;39.36666666666667;28.333333333333332;67.60666666666667;11.833333333333334;23.083333333333332;13.5;2.57;0.0;3.246666666666666;0.8133333333333334;1.3966666666666667;0.35000000000000003;1.5933333333333335;7.666666666666667;7.5
11286;zone44;4885.424673909578;4209.645754097502;0.0;zone44;S01010299;4;536;404;292;[0.3,0.54,0.16];[0.556701,0.340206,0.103093];[0.458333,0.520833,0.020833];[0.584906,0.283019,0.132075];[0.428571428571,0.0857142857143,0.285714285714,0.2];1;375.0;-0.10827530326;722;9;0.09;3.5;31.4;23.75;76.66;13.75;25.0;10.75;3.08;0.0;0.7;0.0;4.5;0.56;1.48;14.5;7.75
11286;zone45;4883.397012115578;4340.414778682246;0.0;zone45;S01010300;21;934;764;478;[0.460784,0.411765,0.127451];[0.664653,0.238671,0.096677];[0.632353,0.323529,0.044118];[0.606383,0.329787,0.06383];[0.3046875,0.125,0.3515625,0.21875];2;513.0;0.0498225801839;604;68;0.1219047619047619;0.8095238095238095;34.27809523809523;31.857142857142858;65.69714285714288;12.761904761904763;24.095238095238095;11.285714285714286;2.5238095238095237;0.0;1.7695238095238097;0.5447619047619048;3.836190476190476;0.6076190476190477;2.596190476190477;3.9047619047619047;8.095238095238095
11286;zone46;5144.66081966521;4032.769083704074;0.0;zone46;S01010301;6;522;457;283;[0.292683,0.597561,0.109756];[0.57563,0.315126,0.109244];[0.222222,0.703704,0.074074];[0.561798,0.393258,0.044944];[0.214285714286,0.0612244897959,0.459183673469,0.265306122449];4;490.0;0.0232745011966;1469;21;0.14;2.3333333333333335;55.919999999999995;42.666666666666664;77.89333333333333;11.166666666666666;23.166666666666668;19.166666666666668;3.1933333333333334;0.0;1.12;0.39999999999999997;5.026666666666666;0.37333333333333335;1.3866666666666667;10.833333333333334;9.166666666666666
11286;zone47;5165.568789180556;4297.038752619699;0.0;zone47;S01010302;24;669;495;388;[0.65625,0.28125,0.0625];[0.6,0.356522,0.043478];[0.716981,0.226415,0.056604];[0.801802,0.18018,0.018018];[0.582417582418,0.0769230769231,0.263736263736,0.0769230769231];1;392.0;-0.0896499889057;1614;61;0.09666666666666666;1.2916666666666667;52.70333333333334;31.916666666666668;68.34499999999998;10.416666666666666;22.75;18.041666666666668;2.6899999999999995;0.0;0.8950000000000001;0.2416666666666667;3.376666666666667;0.34666666666666673;2.47;5.416666666666667;6.666666666666667
11286;zone48;5241.140616766716;4139.402270499609;0.0;zone48;S01010303;33;579;387;250;[0.692308,0.153846,0.153846];[0.56701,0.298969,0.134021];[0.630435,0.282609,0.086957];[0.658879,0.285047,0.056075];[0.58407079646,0.106194690265,0.274336283186,0.0353982300885];1;415.0;-0.0627120940391;1774;115;0.1321212121212121;1.0909090909090908;54.6109090909091;32.84848484848485;67.15151515151514;10.212121212121213;22.242424242424242;18.606060606060606;3.5842424242424245;0.0;1.156363636363636;0.26666666666666666;2.7078787878787884;0.43030303030303035;2.2618181818181813;3.9393939393939394;7.242424242424242
11286;zone49;4853.647576226233;3833.123065294377;0.0;zone49;S01010304;12;542;456;332;[0.323529,0.514706,0.161765];[0.635135,0.25,0.114865];[0.477273,0.522727,0.0];[0.829268,0.109756,0.060976];[0.372340425532,0.0425531914894,0.297872340426,0.287234042553];1;804.0;0.384523850516;1783;35;0.11333333333333333;1.8333333333333333;63.38;26.0;72.87666666666667;10.75;22.416666666666668;21.416666666666668;3.3200000000000003;0.0;1.11;0.39333333333333337;2.0333333333333337;0.3500000000000001;2.02;7.083333333333333;6.166666666666667
11286;zone50;4697.410406890209;3639.1027396354093;0.0;zone50;S01010305;7;807;694;478;[0.36036,0.468468,0.171171];[0.553191,0.33617,0.110638];[0.409639,0.301205,0.289157];[0.589888,0.337079,0.073034];[0.198529411765,0.0735294117647,0.382352941176,0.345588235294];1;223.0;-0.28282788147;741;18;0.09714285714285714;1.4285714285714286;39.857142857142854;30.857142857142858;61.451428571428565;10.571428571428571;22.428571428571427;13.428571428571429;3.48;0.0;2.051428571428571;1.3085714285714285;0.6;0.2971428571428571;2.165714285714286;3.857142857142857;6.857142857142857
11286;zone51;4591.3082521834585;3868.367573740388;0.0;zone51;S01010306;13;752;675;449;[0.35625,0.56875,0.075];[0.570588,0.355882,0.073529];[0.283019,0.566038,0.150943];[0.650943,0.330189,0.018868];[0.165680473373,0.0473372781065,0.479289940828,0.307692307692];2;238.0;-0.265781391166;914;46;0.13538461538461538;2.0;49.85538461538461;38.46153846153846;77.4707692307692;12.153846153846153;24.0;17.384615384615383;4.363076923076923;0.0;1.9292307692307689;2.4615384615384617;0.7630769230769232;0.47076923076923083;1.6799999999999997;10.384615384615385;8.923076923076923
11286;zone52;4503.72067559025;3742.2957906521283;0.0;zone52;S01010307;9;821;732;428;[0.189922,0.577519,0.232558];[0.407407,0.487654,0.104938];[0.346154,0.538462,0.115385];[0.71875,0.234375,0.046875];[0.0681818181818,0.0568181818182,0.375,0.5];5;319.0;-0.172537833795;449;31;0.1288888888888889;2.0;45.582222222222214;44.666666666666664;76.71111111111111;12.222222222222221;24.11111111111111;15.444444444444445;4.128888888888889;0.0;2.6800000000000006;4.293333333333333;0.6266666666666666;0.6400000000000001;1.7955555555555556;9.11111111111111;11.222222222222221
11286;zone53;4364.519870735056;4047.768725526131;0.0;zone53;S01010308;9;975;858;480;[0.285714,0.54007,0.174216];[0.511936,0.384615,0.103448];[0.254902,0.411765,0.333333];[0.648352,0.307692,0.043956];[0.0970873786408,0.0631067961165,0.359223300971,0.480582524272];4;257.0;-0.244477582955;1460;21;0.09333333333333334;2.5555555555555554;51.471111111111114;30.77777777777778;71.23555555555555;9.777777777777779;22.444444444444443;17.666666666666668;1.8800000000000001;0.0;3.3777777777777778;1.4533333333333336;0.9022222222222224;0.4222222222222223;1.5155555555555555;9.88888888888889;7.222222222222222
11286;zone54;5381.88771051669;3636.3205112402793;0.0;zone54;S01010309;4;419;356;264;[0.333333,0.25,0.416667];[0.478873,0.422535,0.098592];[0.352941,0.382353,0.264706];[0.705882,0.24183,0.052288];[0.365853658537,0.170731707317,0.390243902439,0.0731707317073];1;0.0;-0.540229885057;2153;8;0.07;1.5;52.99;24.75;64.75999999999999;10.25;22.0;18.25;1.85;0.0;1.9100000000000001;0.11;1.54;0.07;1.8000000000000003;5.25;5.0
11286;zone55;5657.373406240428;3625.6586165034923;0.0;zone55;S01010310;13;706;540;381;[0.333333,0.238095,0.428571];[0.565517,0.337931,0.096552];[0.54902,0.27451,0.176471];[0.715415,0.256917,0.027668];[0.484848484848,0.151515151515,0.318181818182,0.0454545454545];1;574.0;0.120406534162;845;26;0.07384615384615385;1.4615384615384615;50.44615384615385;28.076923076923077;65.76923076923077;10.153846153846153;22.384615384615383;17.23076923076923;2.1076923076923078;0.0;0.5753846153846154;0.48000000000000004;2.649230769230769;0.396923076923077;2.0461538461538464;6.153846153846154;5.384615384615385
11286;zone56;5685.425126382168;3318.6970593171873;0.0;zone56;S01010311;22;721;556;351;[0.411765,0.352941,0.235294];[0.472222,0.453704,0.074074];[0.571429,0.404762,0.02381];[0.717949,0.271062,0.010989];[0.565217391304,0.121739130435,0.269565217391,0.0434782608696];1;1534.0;1.22364271569;1642;39;0.06727272727272728;1.1818181818181819;52.83818181818182;28.772727272727273;67.31090909090909;10.136363636363637;22.40909090909091;17.863636363636363;1.6272727272727274;0.0;3.4309090909090902;0.05454545454545454;2.4218181818181814;0.3527272727272728;2.2199999999999998;5.181818181818182;7.090909090909091
11286;zone57;5466.52613028024;3072.1402274564575;0.0;zone57;S01010312;34;868;647;425;[0.117647,0.823529,0.058824];[0.754386,0.22807,0.017544];[0.407407,0.444444,0.148148];[0.804945,0.153846,0.041209];[0.586956521739,0.115942028986,0.268115942029,0.0289855072464];1;685.0;0.247477927043;1651;52;0.05882352941176471;1.5588235294117647;57.4964705882353;25.11764705882353;68.42352941176469;10.264705882352942;22.61764705882353;19.558823529411764;1.505882352941176;0.0;2.463529411764706;0.0611764705882353;2.356470588235294;0.3411764705882353;2.0294117647058827;5.470588235294118;5.882352941176471
11286;zone58;5251.7403530303945;3502.549209042501;0.0;zone58;S01010313;16;654;529;356;[0.428571,0.285714,0.285714];[0.6,0.333333,0.066667];[0.433735,0.481928,0.084337];[0.739623,0.162264,0.098113];[0.648351648352,0.131868131868,0.175824175824,0.043956043956];1;565.0;0.109617915218;2142;36;0.09;1.5625;56.77;21.5625;73.13250000000002;12.3125;23.5625;19.6875;2.45;0.0;2.3274999999999997;0.065;1.7900000000000003;0.42000000000000004;2.3674999999999993;6.25;6.125
11286;zone59;4840.312157862589;3385.4448126102257;0.0;zone59;S01010314;21;1248;1034;550;[0.358209,0.507463,0.134328];[0.514493,0.333333,0.152174];[0.5,0.326923,0.173077];[0.636,0.324,0.04];[0.316901408451,0.133802816901,0.401408450704,0.147887323944];1;637.0;0.192402372167;1155;48;0.08952380952380952;1.1428571428571428;40.01333333333334;27.333333333333332;66.92380952380952;12.380952380952381;23.857142857142858;13.476190476190476;3.059047619047619;0.0;3.5142857142857147;0.8666666666666666;0.779047619047619;0.5085714285714287;2.1428571428571423;4.666666666666667;7.809523809523809
11286;zone60;4536.293429266749;2504.1273706154316;0.0;zone60;S01010315;43;911;678;409;[0.180723,0.554217,0.26506];[0.252632,0.457895,0.289474];[0.208333,0.5,0.291667];[0.55144,0.345679,0.102881];[0.308176100629,0.169811320755,0.358490566038,0.163522012579];2;382.0;-0.100954860853;1612;130;0.12;1.255813953488372;43.90139534883721;29.790697674418606;64.80744186046513;10.511627906976743;22.46511627906977;14.86046511627907;2.3293023255813954;0.0;2.937674418604651;0.0;2.45953488372093;0.35813953488372097;2.143255813953488;4.953488372093023;7.27906976744186
11286;zone61;4589.6619547948285;2943.195659127726;0.0;zone61;S01010316;25;512;414;304;[0.392157,0.529412,0.078431];[0.62931,0.37069,0.0];[0.439024,0.560976,0.0];[0.775401,0.224599,0.0];[0.439252336449,0.102803738318,0.252336448598,0.205607476636];1;481.0;0.0128180141103;1417;65;0.104;1.16;52.2464;32.16;71.1456;11.68;23.32;17.84;2.464;0.0;3.9967999999999995;0.1184;2.5488000000000004;0.47040000000000015;2.2144;4.88;8.56
11286;zone63;4421.5566371748755;3071.026327566895;0.0;zone63;S01010318;12;1588;1497;304;[0.5,0.456522,0.043478];[0.469799,0.47651,0.053691];[0.310345,0.37931,0.310345];[0.678571,0.285714,0.035714];[0.36,0.14,0.34,0.16];3;317.0;-0.175110645645;1080;43;0.13666666666666666;1.25;53.72666666666666;46.0;75.27333333333333;10.583333333333334;23.416666666666668;18.333333333333332;4.97;0.0;6.456666666666667;0.9366666666666666;1.3266666666666664;0.42;1.9766666666666663;5.083333333333333;13.333333333333334
11286;zone64;4173.240913470097;2893.8040771744095;0.0;zone64;S01010319;9;711;624;407;[0.258741,0.608392,0.132867];[0.383399,0.486166,0.130435];[0.439394,0.212121,0.348485];[0.530769,0.384615,0.084615];[0.171974522293,0.0700636942675,0.471337579618,0.286624203822];2;473.0;0.00423719084943;1405;24;0.10666666666666667;2.6666666666666665;46.01777777777777;27.666666666666668;68.91555555555556;10.222222222222221;22.22222222222222;15.777777777777779;3.3066666666666666;0.0;1.3377777777777777;0.16444444444444442;1.8711111111111112;0.4844444444444444;1.1555555555555557;10.11111111111111;6.111111111111111
11286;zone65;3940.1918462749595;2900.8899784533987;0.0;zone65;S01010320;4;675;594;437;[0.257813,0.523438,0.21875];[0.61753,0.298805,0.083665];[0.526316,0.22807,0.245614];[0.805085,0.169492,0.025424];[0.172185430464,0.0662251655629,0.443708609272,0.317880794702];1;646.0;0.202453315259;1189;13;0.13;1.0;44.52;38.0;70.89999999999999;11.75;24.25;15.0;2.41;0.0;3.5199999999999996;1.3900000000000001;3.66;0.55;1.5299999999999998;4.75;10.5
11286;zone66;3905.8658739096163;2664.6669636212755;0.0;zone66;S01010321;7;837;634;432;[0.401709,0.555556,0.042735];[0.54717,0.433962,0.018868];[0.45122,0.439024,0.109756];[0.666667,0.271186,0.062147];[0.212328767123,0.0958904109589,0.390410958904,0.301369863014];1;1019.0;0.631764531736;1937;13;0.07428571428571429;1.4285714285714286;52.47428571428572;31.0;73.68571428571428;12.714285714285714;23.714285714285715;17.571428571428573;4.988571428571428;0.0;3.365714285714286;0.14857142857142858;1.5371428571428574;0.2571428571428572;1.6857142857142857;6.285714285714286;9.428571428571429
11286;zone67;3630.3978644730896;3132.1651121578075;0.0;zone67;S01010322;9;1028;914;549;[0.174419,0.549419,0.276163];[0.412399,0.471698,0.115903];[0.298507,0.38806,0.313433];[0.647059,0.323529,0.029412];[0.057268722467,0.0352422907489,0.449339207048,0.458149779736];5;124.0;-0.397569575369;1467;28;0.12444444444444444;2.5555555555555554;48.72444444444446;33.44444444444444;73.9022222222222;10.555555555555555;23.0;16.555555555555557;3.8400000000000003;0.0;4.4622222222222225;0.7955555555555557;0.9155555555555556;0.3777777777777778;1.3955555555555559;9.88888888888889;9.555555555555555
11286;zone68;6208.193116766784;3072.425066795916;0.0;zone68;S01010323;4;603;466;377;[0.555556,0.444444,0.0];[0.657143,0.271429,0.071429];[0.642857,0.321429,0.035714];[0.793651,0.166667,0.039683];[0.578431372549,0.166666666667,0.235294117647,0.0196078431373];1;970.0;0.57559463238;1077;9;0.09;2.0;62.64;23.75;80.84;11.25;24.25;21.5;7.2;0.0;1.0299999999999998;0.0;0.5800000000000001;0.28;2.21;10.5;8.0
11286;zone69;6517.651722029823;2240.572579661372;0.0;zone69;S01010324;6;759;566;403;[0.142857,0.571429,0.285714];[0.298077,0.490385,0.211538];[0.333333,0.530864,0.135802];[0.401674,0.414226,0.1841];[0.569620253165,0.101265822785,0.291139240506,0.0379746835443];1;407.0;-0.0721601679586;1293;9;0.06;1.6666666666666667;41.18666666666667;23.0;67.36;12.166666666666666;23.333333333333332;14.166666666666666;1.486666666666667;0.0;0.52;0.0;3.1666666666666665;0.49333333333333335;2.3866666666666667;7.5;4.666666666666667
11286;zone70;6038.016041009105;2402.8415869980217;0.0;zone70;S01010325;18;939;666;501;[0.263158,0.368421,0.368421];[0.383838,0.525253,0.090909];[0.253623,0.615942,0.130435];[0.451362,0.463035,0.085603];[0.545454545455,0.238636363636,0.193181818182,0.0227272727273];1;225.0;-0.281126582053;1574;35;0.07333333333333333;1.1111111111111112;38.94;27.72222222222222;65.12444444444444;12.5;23.555555555555557;13.11111111111111;2.3888888888888893;0.0;0.9088888888888889;0.0;3.6555555555555554;0.5111111111111112;2.1533333333333333;4.611111111111111;6.555555555555555
11286;zone71;5272.359331052501;2740.775131541117;0.0;zone71;S01010326;39;987;707;494;[0.526316,0.368421,0.105263];[0.522523,0.333333,0.144144];[0.492188,0.3125,0.195313];[0.723514,0.224806,0.05168];[0.54375,0.16875,0.23125,0.05625];1;1389.0;1.05701743376;1010;99;0.09538461538461539;1.4615384615384615;48.10256410256411;29.666666666666668;69.2574358974359;11.051282051282051;23.076923076923077;16.307692307692307;2.062564102564103;0.0;5.325128205128205;0.05948717948717949;1.6646153846153846;0.3569230769230769;2.26974358974359;5.282051282051282;8.615384615384615
11286;zone72;4970.167032608406;2501.795090448298;0.0;zone72;S01010327;34;982;660;362;[0.031746,0.507937,0.460317];[0.372881,0.432203,0.194915];[0.289063,0.328125,0.382813];[0.516892,0.347973,0.135135];[0.416184971098,0.21387283237,0.236994219653,0.132947976879];1;470.0;0.000335688704598;927;63;0.06823529411764706;1.8529411764705883;41.144705882352945;25.735294117647058;64.84588235294119;10.0;22.264705882352942;14.058823529411764;1.6682352941176468;0.0;4.94;0.0;1.0882352941176467;0.35647058823529404;2.0282352941176462;6.5;7.235294117647059
11286;zone73;5975.307390960257;2677.5485166167286;0.0;zone73;S01010328;24;969;706;445;[0.16129,0.5,0.33871];[0.27044,0.471698,0.257862];[0.192547,0.434783,0.372671];[0.338983,0.432203,0.228814];[0.309352517986,0.258992805755,0.280575539568,0.151079136691];2;457.0;-0.0138550124678;1866;65;0.10833333333333334;1.125;43.725;30.208333333333332;63.16166666666667;10.5;22.333333333333332;14.875;2.838333333333333;0.0;0.975;0.0;2.981666666666667;0.4316666666666667;2.273333333333334;4.083333333333333;6.333333333333333
