cycle;name;location.x;location.y;location.z;name;dataZone;nm_children;pop;over16;nm_hh;AB_car_prob;C1_car_prob;C2_car_prob;DE_car_prob;prob_social;simd;crimeRate;norm_crime;avg_dis_sh;neigh_play;daily_play_per_child;avg_FSA;avg_walk;daily_OD;zone_mvpa;mvpa_home;mvpa_sc;mvpa_road;mvpa_play_field;mvpa_home_garden;mvpa_park;mvpa_PG;mvpa_amenity;mvpa_shops;mvpa_F_home;mvpa_fsa;mvpa_OD
11286;zone0;8448.90275962388;2625.4515469546564;0.0;zone0;S01010195;19;531;390;212;[0.0,0.481481,0.518519];[0.261538,0.646154,0.092308];[0.12,0.59,0.29];[0.447368,0.368421,0.184211];[0.418918918919,0.283783783784,0.202702702703,0.0945945945946];1;0.0;-0.540229885057;1033;29;0.06105263157894737;1.263157894736842;34.760000000000005;20.473684210526315;56.66736842105262;10.210526315789474;21.736842105263158;11.736842105263158;0.47368421052631576;0.0;2.0778947368421057;0.0;1.898947368421053;0.3115789473684211;2.5831578947368428;4.105263157894737;4.0
11286;zone1;8656.736904000718;2165.9902346445633;0.0;zone1;S01010198;18;1027;748;394;[0.058824,0.529412,0.411765];[0.305785,0.561983,0.132231];[0.219858,0.496454,0.283688];[0.523179,0.331126,0.145695];[0.48623853211,0.229357798165,0.266055045872,0.0183486238532];1;1609.0;1.3102524676;1224;31;0.06444444444444444;0.6666666666666666;35.80444444444444;19.5;60.14666666666666;12.38888888888889;23.22222222222222;12.0;0.6177777777777779;0.0;1.7577777777777777;0.0;2.906666666666667;0.5133333333333333;2.997777777777778;2.111111111111111;4.722222222222222
11286;zone2;8537.588755655543;3024.028900129281;0.0;zone2;S01010201;22;643;453;253;[0.0,0.47619,0.52381];[0.270833,0.3125,0.416667];[0.088,0.48,0.432];[0.296552,0.434483,0.268966];[0.365853658537,0.292682926829,0.292682926829,0.0487804878049];2;219.0;-0.28762447053;912;52;0.0890909090909091;1.5454545454545454;36.23090909090909;30.181818181818183;63.0909090909091;10.636363636363637;22.636363636363637;12.136363636363637;1.0745454545454547;0.0;3.101818181818182;0.02727272727272727;3.532727272727273;0.4018181818181818;1.8672727272727274;5.954545454545454;7.363636363636363
11286;zone3;8059.42097232239;3767.666522351409;0.0;zone3;S01010203;30;671;504;260;[0.090909,0.363636,0.545455];[0.263804,0.460123,0.276074];[0.094828,0.422414,0.482759];[0.183824,0.375,0.441176];[0.272727272727,0.218181818182,0.363636363636,0.145454545455];3;215.0;-0.292668818285;1941;43;0.056;1.6333333333333333;37.58533333333333;24.866666666666667;67.43199999999999;12.4;24.066666666666666;12.666666666666666;1.8973333333333333;0.0;2.209333333333333;0.0;2.8746666666666667;0.36266666666666664;2.208;7.1;6.5
11286;zone4;8368.288440296214;3565.498290652094;0.0;zone4;S01010204;30;800;589;381;[0.272727,0.727273,0.0];[0.627451,0.27451,0.098039];[0.444444,0.533333,0.022222];[0.600619,0.321981,0.077399];[0.595041322314,0.157024793388,0.239669421488,0.00826446280992];1;497.0;0.0317745673598;1274;65;0.08533333333333333;1.2333333333333334;36.41599999999999;28.9;64.46666666666667;11.533333333333333;23.166666666666668;12.333333333333334;1.4146666666666663;0.0;2.762666666666666;0.11466666666666667;3.2653333333333334;0.4373333333333333;2.2653333333333334;5.466666666666667;7.066666666666666
11286;zone5;8034.229745798958;3515.110462853287;0.0;zone5;S01010205;15;658;534;355;[0.411765,0.117647,0.470588];[0.465116,0.457364,0.077519];[0.317757,0.588785,0.093458];[0.593458,0.280374,0.126168];[0.466666666667,0.2,0.3,0.0333333333333];1;925.0;0.523434132086;1485;30;0.08;1.0666666666666667;51.519999999999996;30.066666666666666;68.91466666666665;11.266666666666667;23.266666666666666;17.6;1.5679999999999998;0.0;2.853333333333333;0.0;3.2373333333333334;0.4213333333333333;2.7626666666666666;4.333333333333333;7.066666666666666
11286;zone6;7457.064719570519;3739.055375726369;0.0;zone6;S01010208;18;903;745;565;[0.30137,0.589041,0.109589];[0.48062,0.457364,0.062016];[0.272727,0.613636,0.113636];[0.66055,0.270642,0.068807];[0.233333333333,0.133333333333,0.461111111111,0.172222222222];1;603.0;0.153385979085;1446;17;0.03555555555555556;1.7222222222222223;46.45333333333333;27.72222222222222;71.98;12.555555555555555;23.88888888888889;15.5;2.1044444444444443;0.0;1.8955555555555559;0.0;3.408888888888889;0.3777777777777779;2.0933333333333333;8.38888888888889;7.055555555555555
11286;zone7;7917.838214725937;1939.334458859395;0.0;zone7;S01010209;24;966;677;468;[0.172414,0.586207,0.241379];[0.333333,0.414966,0.251701];[0.381944,0.458333,0.159722];[0.545852,0.336245,0.117904];[0.337931034483,0.248275862069,0.303448275862,0.110344827586];1;2053.0;1.82052250092;1655;40;0.065;1.2916666666666667;51.583333333333336;23.541666666666668;66.95166666666665;10.75;22.875;17.375;0.55;0.0;3.248333333333333;0.0;2.3366666666666664;0.4466666666666667;2.3783333333333334;5.25;5.666666666666667
11286;zone8;7878.406567747077;2721.2634132011362;0.0;zone8;S01010210;18;885;641;416;[0.173913,0.456522,0.369565];[0.21519,0.5,0.28481];[0.189781,0.386861,0.423358];[0.422111,0.442211,0.135678];[0.394736842105,0.236842105263,0.254385964912,0.114035087719];1;344.0;-0.144253829852;1311;41;0.08888888888888889;1.6111111111111112;37.775555555555556;22.61111111111111;60.74888888888889;10.722222222222221;22.5;12.722222222222221;0.9666666666666666;0.0;2.382222222222222;0.0;1.8888888888888888;0.32888888888888895;2.046666666666666;5.444444444444445;4.833333333333333
11286;zone9;7785.599648345685;3201.783800714137;0.0;zone9;S01010211;22;858;634;452;[0.147059,0.705882,0.147059];[0.384615,0.452991,0.162393];[0.469565,0.4,0.130435];[0.722656,0.226563,0.050781];[0.473214285714,0.169642857143,0.285714285714,0.0714285714286];1;430.0;-0.0456985893816;1056;36;0.06;1.7272727272727273;38.663636363636364;24.636363636363637;67.32909090909092;12.272727272727273;23.545454545454547;13.136363636363637;1.4127272727272724;0.0;2.334545454545454;0.04545454545454546;3.0418181818181824;0.4636363636363636;2.1000000000000005;7.2727272727272725;6.2727272727272725
11286;zone10;7580.688680869333;3097.127786881416;0.0;zone10;S01010212;49;1083;779;559;[0.233333,0.633333,0.133333];[0.594771,0.339869,0.065359];[0.465517,0.405172,0.12931];[0.712821,0.269231,0.017949];[0.566037735849,0.138364779874,0.22641509434,0.0691823899371];1;1473.0;1.15298517036;1209;105;0.08326530612244898;1.2653061224489797;51.42612244897959;28.06122448979592;66.52163265306122;10.387755102040817;22.591836734693878;17.448979591836736;1.4718367346938774;0.0;2.5346938775510206;0.0;2.844897959183673;0.37714285714285717;2.3771428571428572;4.6938775510204085;6.387755102040816
11286;zone11;8065.177293237223;3111.5884965344962;0.0;zone11;S01010213;13;924;657;476;[0.105263,0.684211,0.210526];[0.382609,0.547826,0.069565];[0.218543,0.556291,0.225166];[0.467925,0.483019,0.049057];[0.451327433628,0.221238938053,0.274336283186,0.0530973451327];1;247.0;-0.255840453357;777;27;0.07692307692307693;1.0769230769230769;23.04615384615385;20.692307692307693;59.86769230769231;13.0;23.46153846153846;7.538461538461538;0.6;0.0;2.4553846153846157;0.01846153846153846;2.769230769230769;0.45538461538461544;3.270769230769231;4.538461538461538;5.538461538461538
11286;zone12;7144.994858230166;1947.4125453867302;0.0;zone12;S01010214;27;967;717;396;[0.098592,0.28169,0.619718];[0.197531,0.438272,0.364198];[0.173333,0.493333,0.333333];[0.237069,0.487069,0.275862];[0.361344537815,0.210084033613,0.310924369748,0.117647058824];3;176.0;-0.337854473183;1853;37;0.05333333333333334;1.2592592592592593;43.48148148148148;25.48148148148148;65.28592592592592;11.407407407407407;23.0;14.62962962962963;1.8962962962962961;0.0;2.074074074074074;0.0;2.9422222222222225;0.4740740740740741;2.2311111111111113;4.962962962962963;6.407407407407407
11286;zone13;7013.590150664996;2618.495528189446;0.0;zone13;S01010215;24;850;608;492;[0.571429,0.285714,0.142857];[0.5,0.431373,0.068627];[0.382609,0.391304,0.226087];[0.678571,0.269841,0.051587];[0.467289719626,0.140186915888,0.345794392523,0.0467289719626];1;547.0;0.0886083430805;622;56;0.09166666666666666;0.9166666666666666;32.93833333333334;31.0;62.20833333333332;11.708333333333334;23.208333333333332;10.958333333333334;1.2449999999999999;0.0;2.5650000000000004;0.0;3.926666666666666;0.3483333333333334;2.541666666666667;4.0;7.208333333333333
11286;zone14;7332.222205807836;2329.961970144465;0.0;zone14;S01010216;15;621;464;361;[0.6,0.4,0.0];[0.597701,0.356322,0.045977];[0.409091,0.439394,0.151515];[0.709544,0.273859,0.016598];[0.5,0.163265306122,0.265306122449,0.0714285714286];1;600.0;0.150092344085;1303;31;0.07466666666666667;1.4666666666666666;55.70933333333333;24.8;67.35466666666667;10.333333333333334;22.2;19.2;1.024;0.0;2.6640000000000006;0.0;2.52;0.2773333333333333;2.3680000000000003;5.066666666666666;5.733333333333333
11286;zone15;7299.833172322251;2625.8610945736937;0.0;zone15;S01010217;33;817;598;406;[0.16129,0.516129,0.322581];[0.565517,0.4,0.034483];[0.5,0.431373,0.068627];[0.702703,0.283784,0.013514];[0.541935483871,0.0967741935484,0.296774193548,0.0645161290323];1;1060.0;0.679274950851;1008;73;0.08242424242424243;1.7575757575757576;43.62787878787878;27.12121212121212;67.77575757575757;11.515151515151516;23.151515151515152;15.030303030303031;0.9018181818181817;0.0;2.353939393939393;0.0;3.3660606060606066;0.2884848484848485;2.075151515151515;7.363636363636363;6.0606060606060606
11286;zone16;7142.953643082513;3018.5401822929393;0.0;zone16;S01010218;31;1018;790;587;[0.425532,0.404255,0.170213];[0.392523,0.453271,0.154206];[0.358209,0.492537,0.149254];[0.589124,0.335347,0.075529];[0.424657534247,0.109589041096,0.369863013699,0.0958904109589];1;557.0;0.101026678737;568;47;0.05548387096774193;1.1612903225806452;32.81032258064516;24.129032258064516;60.07354838709677;11.451612903225806;22.93548387096774;10.96774193548387;0.7625806451612903;0.0;1.9754838709677423;0.0;2.9470967741935477;0.3909677419354838;2.4322580645161294;4.67741935483871;5.193548387096774
11286;zone17;6738.8937706128745;4298.8917997019325;0.0;zone17;S01010219;21;503;382;274;[0.695652,0.304348,0.0];[0.758621,0.215517,0.025862];[0.761905,0.166667,0.071429];[0.781609,0.195402,0.022989];[0.41935483871,0.0752688172043,0.408602150538,0.0967741935484];2;184.0;-0.327838932938;1555;41;0.0761904761904762;1.8095238095238095;67.83047619047619;31.61904761904762;76.68571428571428;9.952380952380953;22.80952380952381;23.38095238095238;3.8361904761904757;0.0;4.289523809523808;0.00952380952380952;1.4895238095238095;0.2323809523809524;2.03047619047619;6.809523809523809;9.238095238095237
11286;zone18;5915.780765415368;4211.222876105162;0.0;zone18;S01010220;7;476;433;279;[0.181159,0.608696,0.210145];[0.404255,0.531915,0.06383];[0.227273,0.704545,0.068182];[0.448276,0.482759,0.068966];[0.154545454545,0.0636363636364,0.318181818182,0.463636363636];5;267.0;-0.232306706325;1202;19;0.10857142857142857;1.7142857142857142;42.925714285714285;24.714285714285715;70.40571428571428;12.285714285714286;23.714285714285715;15.0;4.017142857142857;0.0;3.5657142857142863;0.03428571428571429;1.2;0.6457142857142858;1.9257142857142857;6.142857142857143;8.285714285714286
11286;zone19;6341.0811208317455;3913.8398648988496;0.0;zone19;S01010221;13;546;394;260;[0.6,0.4,0.0];[0.557377,0.409836,0.032787];[0.538462,0.323077,0.138462];[0.699387,0.257669,0.042945];[0.609375,0.140625,0.203125,0.046875];1;635.0;0.19005459739;1148;23;0.06461538461538462;1.1538461538461537;40.71076923076923;18.0;65.03076923076924;12.461538461538462;23.76923076923077;13.76923076923077;2.492307692307693;0.0;2.0523076923076924;0.02461538461538462;0.8923076923076922;0.38461538461538464;2.7076923076923074;4.615384615384615;4.769230769230769
11286;zone20;7001.213463613622;4053.9957950241624;0.0;zone20;S01010222;15;492;414;285;[0.142857,0.5,0.357143];[0.432432,0.459459,0.108108];[0.348624,0.522936,0.12844];[0.747899,0.235294,0.016807];[0.345238095238,0.214285714286,0.309523809524,0.130952380952];1;377.0;-0.105830277325;1737;25;0.06666666666666667;1.6;38.40533333333333;22.8;62.35733333333333;11.133333333333333;22.266666666666666;12.866666666666667;2.0959999999999996;0.0;2.0799999999999996;0.0;1.864;0.43466666666666676;2.226666666666667;5.466666666666667;5.6
11286;zone21;6986.8418912765155;3434.1450308482026;0.0;zone21;S01010223;4;556;462;337;[0.076923,0.538462,0.384615];[0.567797,0.330508,0.101695];[0.472222,0.444444,0.083333];[0.584699,0.36612,0.04918];[0.432432432432,0.162162162162,0.324324324324,0.0810810810811];1;439.0;-0.0353356041414;1788;5;0.05;1.75;64.08;18.5;85.24;15.0;26.25;21.75;1.48;0.0;1.77;0.05;2.9000000000000004;0.51;3.27;10.5;5.75
11286;zone22;6247.397837456437;3329.661273309237;0.0;zone22;S01010224;40;1036;727;469;[0.405405,0.540541,0.054054];[0.592593,0.274074,0.133333];[0.418803,0.504274,0.076923];[0.768421,0.202632,0.028947];[0.506097560976,0.140243902439,0.268292682927,0.0853658536585];1;1004.0;0.614259332793;976;72;0.068;1.625;47.011;17.575;67.843;11.9;23.475;15.925;3.102;0.0;1.306;0.044;0.817;0.389;2.6209999999999996;6.425;4.85
11286;zone23;7827.985844039554;4105.4701191949;0.0;zone23;S01010225;33;812;636;431;[0.25,0.634615,0.115385];[0.469072,0.43299,0.097938];[0.54023,0.413793,0.045977];[0.672065,0.234818,0.093117];[0.385185185185,0.125925925926,0.325925925926,0.162962962963];1;1006.0;0.616572011517;1656;59;0.07151515151515152;1.393939393939394;52.556363636363635;26.78787878787879;67.49939393939393;10.454545454545455;22.90909090909091;18.03030303030303;2.0109090909090908;0.0;2.9478787878787873;0.00484848484848485;2.398787878787878;0.40969696969696956;2.3115151515151515;4.303030303030303;6.818181818181818
11286;zone24;7040.363001382077;4481.052780471187;0.0;zone24;S01010226;40;816;565;394;[0.454545,0.242424,0.30303];[0.715385,0.2,0.084615];[0.540541,0.405405,0.054054];[0.766917,0.18797,0.045113];[0.503355704698,0.201342281879,0.221476510067,0.0738255033557];2;422.0;-0.0548014077425;938;123;0.119;1.45;42.542000000000016;36.35;70.25800000000001;11.15;23.2;14.4;5.479;0.0;4.165000000000001;0.096;1.3829999999999998;0.39500000000000013;2.2880000000000003;5.975;10.65
11286;zone25;6847.772309074456;4638.663588163389;0.0;zone25;S01010227;39;692;454;294;[0.413793,0.413793,0.172414];[0.704545,0.238636,0.056818];[0.654545,0.345455,0.0];[0.810606,0.159091,0.030303];[0.672268907563,0.0924369747899,0.159663865546,0.0756302521008];4;0.0;-0.540229885057;1094;173;0.1682051282051282;1.3333333333333333;42.52102564102563;43.64102564102564;71.53948717948718;10.974358974358974;23.05128205128205;14.487179487179487;4.873846153846153;0.0;6.605128205128206;0.10358974358974359;1.6502564102564103;0.40717948717948715;2.301538461538461;5.384615384615385;12.692307692307692
11286;zone26;8241.816993110848;4572.457656401622;0.0;zone26;S01010229;30;1016;787;508;[0.1,0.625,0.275];[0.350877,0.350877,0.298246];[0.348315,0.477528,0.174157];[0.565217,0.310559,0.124224];[0.420731707317,0.213414634146,0.292682926829,0.0731707317073];1;395.0;-0.0859445809966;1145;42;0.056;1.2;40.33066666666666;19.9;63.045333333333325;11.833333333333334;23.133333333333333;13.666666666666666;1.7559999999999998;0.0;2.4613333333333336;0.05600000000000001;1.556;0.4213333333333333;2.466666666666667;4.233333333333333;5.366666666666666
11286;zone27;7458.320056766788;4680.341251240345;0.0;zone27;S01010230;24;1005;772;577;[0.314286,0.628571,0.057143];[0.703883,0.296117,0.0];[0.727273,0.218182,0.054545];[0.71831,0.24507,0.03662];[0.517857142857,0.136904761905,0.267857142857,0.077380952381];1;846.0;0.433218203459;973;49;0.08166666666666667;0.9166666666666666;40.688333333333325;34.083333333333336;66.13;11.166666666666666;23.5;13.875;2.7483333333333326;0.0;4.746666666666667;0.10166666666666667;2.4199999999999995;0.4416666666666666;2.6599999999999997;3.0416666666666665;9.583333333333334
11286;zone28;7569.802990100143;4917.458811240416;0.0;zone28;S01010232;37;1074;792;485;[0.457143,0.485714,0.057143];[0.557292,0.338542,0.104167];[0.492063,0.333333,0.174603];[0.654229,0.251244,0.094527];[0.470297029703,0.153465346535,0.306930693069,0.0693069306931];1;771.0;0.347049794199;1010;89;0.09297297297297297;1.2432432432432432;46.52108108108107;28.864864864864863;69.58594594594597;11.837837837837839;23.37837837837838;15.81081081081081;1.9427027027027026;0.0;3.5556756756756758;0.04756756756756757;2.641081081081081;0.4248648648648648;2.462702702702703;5.702702702702703;7.675675675675675
11286;zone29;7830.713068379679;4879.746446724283;0.0;zone29;S01010233;33;970;705;476;[0.275,0.625,0.1];[0.655629,0.245033,0.099338];[0.52809,0.426966,0.044944];[0.771505,0.212366,0.016129];[0.587209302326,0.093023255814,0.261627906977,0.0581395348837];1;284.0;-0.213781821634;1158;80;0.09212121212121212;1.0909090909090908;45.1321212121212;31.454545454545453;66.34424242424244;11.181818181818182;23.0;15.333333333333334;1.4690909090909092;0.0;3.387878787878787;0.15515151515151515;2.8363636363636364;0.3103030303030303;2.1187878787878787;4.818181818181818;7.393939393939394
11286;zone30;6473.383843181837;4954.519765957263;0.0;zone30;S01010261;6;2551;2373;526;[0.666667,0.270833,0.0625];[0.675841,0.281346,0.042813];[0.75,0.25,0.0];[0.824468,0.164894,0.010638];[0.41,0.06,0.41,0.12];3;176.0;-0.337679921334;2131;8;0.05333333333333334;1.3333333333333333;78.19333333333334;48.333333333333336;85.47333333333331;10.166666666666666;24.333333333333332;26.666666666666668;5.586666666666667;0.0;1.9000000000000001;0.24000000000000002;4.1866666666666665;0.43333333333333335;1.8266666666666664;8.5;11.333333333333334
11286;zone31;4930.642193689802;4959.449818932565;0.0;zone31;S01010266;3;555;474;237;[0.320755,0.556604,0.122642];[0.677273,0.254545,0.068182];[0.5,0.461538,0.038462];[0.534247,0.30137,0.164384];[0.141176470588,0.0588235294118,0.4,0.4];3;536.0;0.0761386922126;1090;4;0.05333333333333334;1.6666666666666667;35.800000000000004;35.0;67.45333333333333;10.333333333333334;24.0;12.333333333333334;1.8933333333333333;0.0;4.346666666666667;0.49333333333333335;3.8000000000000003;0.6;1.2533333333333332;6.333333333333333;10.0
11286;zone32;5712.5549897826;4979.400336637217;0.0;zone32;S01010270;4;1153;972;817;[0.389831,0.533898,0.076271];[0.70255,0.252125,0.045326];[0.714286,0.272727,0.012987];[0.771552,0.228448,0.0];[0.125,0.0909090909091,0.454545454545,0.329545454545];1;871.0;0.461200629557;1608;6;0.06;0.75;58.57000000000001;34.0;68.29;10.25;22.75;20.25;2.37;0.0;0.79;0.27;4.1;0.33;2.9099999999999997;2.75;7.0
11286;zone33;3394.0723536088512;4934.677182292946;0.0;zone33;S01010282;13;976;841;645;[0.438776,0.520408,0.040816];[0.545732,0.405488,0.04878];[0.521277,0.382979,0.095745];[0.712707,0.232044,0.055249];[0.190954773869,0.070351758794,0.35175879397,0.386934673367];2;350.0;-0.137812028107;1277;16;0.04615384615384616;1.4615384615384615;45.91692307692308;26.923076923076923;70.64;12.153846153846153;23.615384615384617;16.0;1.6123076923076924;0.0;5.430769230769231;0.5753846153846154;0.8492307692307691;0.35384615384615387;1.886153846153846;6.230769230769231;8.0
11286;zone34;4385.789287498423;4835.237486850067;0.0;zone34;S01010289;15;771;687;380;[0.130952,0.511905,0.357143];[0.262911,0.502347,0.234742];[0.178571,0.464286,0.357143];[0.410256,0.435897,0.153846];[0.058064516129,0.0322580645161,0.245161290323,0.664516129032];5;259.0;-0.241396294863;1457;35;0.09066666666666667;2.6;53.50933333333333;32.2;66.63466666666666;8.8;21.533333333333335;18.133333333333333;1.4853333333333334;0.0;2.7840000000000003;0.8373333333333335;2.048;0.264;1.072;7.666666666666667;6.666666666666667
11286;zone35;4401.5375624188455;4669.062022109911;0.0;zone35;S01010290;13;546;485;278;[0.198198,0.603604,0.198198];[0.485944,0.449799,0.064257];[0.555556,0.444444,0.0];[0.435897,0.512821,0.051282];[0.10752688172,0.0430107526882,0.494623655914,0.354838709677];3;353.0;-0.133686757747;1011;48;0.13846153846153847;1.3076923076923077;39.67076923076924;39.92307692307692;74.49846153846156;12.846153846153847;24.692307692307693;13.384615384615385;3.101538461538461;0.0;6.938461538461539;0.2738461538461539;2.8000000000000003;0.43076923076923074;2.246153846153846;5.923076923076923;12.692307692307692
11286;zone36;4119.983651650423;4281.100418217042;0.0;zone36;S01010291;12;1075;975;481;[0.405594,0.447552,0.146853];[0.627907,0.277132,0.094961];[0.415094,0.433962,0.150943];[0.562963,0.325926,0.111111];[0.197080291971,0.0729927007299,0.445255474453,0.284671532847];3;438.0;-0.0363924713322;1013;29;0.09333333333333334;1.0833333333333333;49.1;36.083333333333336;67.46333333333332;10.25;22.5;16.75;1.7066666666666668;0.0;6.6066666666666665;0.32;1.3299999999999998;0.45;1.9666666666666668;3.9166666666666665;9.5
11286;zone37;4399.731076226201;4291.6703625917;0.0;zone37;S01010292;10;890;831;409;[0.348214,0.508929,0.142857];[0.477169,0.420091,0.10274];[0.339286,0.446429,0.214286];[0.55814,0.383721,0.05814];[0.128378378378,0.0540540540541,0.398648648649,0.418918918919];4;323.0;-0.168488563048;1081;24;0.092;1.8;44.068;27.0;64.308;10.0;22.1;15.0;2.84;0.0;2.2439999999999998;0.45200000000000007;0.7960000000000002;0.4360000000000001;1.6919999999999997;7.1;5.8
11286;zone38;4514.690807242894;4541.15458266895;0.0;zone38;S01010293;16;839;723;373;[0.51773,0.35461,0.12766];[0.635389,0.262735,0.101877];[0.446809,0.319149,0.234043];[0.514286,0.392857,0.092857];[0.242424242424,0.0606060606061,0.393939393939,0.30303030303];3;290.0;-0.205814991507;1179;48;0.1125;2.3125;56.7825;35.3125;75.2725;10.0;22.8125;19.375;2.4574999999999996;0.0;4.585;0.43500000000000005;1.7825;0.42000000000000004;1.1050000000000002;10.5625;8.8125
11286;zone39;4541.7482834333705;4418.565122351524;0.0;zone39;S01010294;13;690;631;275;[0.242105,0.526316,0.231579];[0.650873,0.214464,0.134663];[0.583333,0.208333,0.208333];[0.414894,0.489362,0.095745];[0.164835164835,0.043956043956,0.494505494505,0.296703296703];4;440.0;-0.0342259463805;1061;46;0.13538461538461538;1.6153846153846154;40.54769230769231;42.76923076923077;66.42153846153846;10.23076923076923;22.384615384615383;13.846153846153847;3.824615384615385;0.0;3.9753846153846157;0.5076923076923077;2.753846153846154;0.3230769230769231;1.4984615384615387;5.230769230769231;10.538461538461538
11286;zone40;4766.8646917667475;4574.50133624035;0.0;zone40;S01010295;18;974;870;427;[0.384615,0.391026,0.224359];[0.604555,0.310559,0.084886];[0.428571,0.285714,0.285714];[0.390728,0.516556,0.092715];[0.212765957447,0.113475177305,0.297872340426,0.375886524823];4;529.0;0.0680145754747;1116;49;0.10888888888888888;1.7222222222222223;46.53333333333333;41.77777777777778;69.42888888888889;10.11111111111111;22.166666666666668;15.88888888888889;2.2555555555555555;0.0;6.200000000000001;0.2911111111111111;2.275555555555556;0.3955555555555556;1.7933333333333334;6.222222222222222;10.444444444444445
11286;zone41;4647.752341766679;4736.091736240359;0.0;zone41;S01010296;16;664;560;291;[0.294118,0.423529,0.282353];[0.520913,0.368821,0.110266];[0.375,0.375,0.25];[0.475524,0.391608,0.132867];[0.282828282828,0.111111111111,0.363636363636,0.242424242424];2;856.0;0.444094443477;1097;25;0.06;2.375;40.83;24.1875;66.8625;10.875;22.625;13.75;1.375;0.0;2.845;0.3350000000000001;1.8324999999999998;0.45000000000000007;1.685;9.1875;5.875
11286;zone42;5522.849421766708;4411.996091240393;0.0;zone42;S01010297;7;1066;894;676;[0.582609,0.382609,0.034783];[0.691824,0.245283,0.062893];[0.540541,0.333333,0.126126];[0.681275,0.270916,0.047809];[0.260563380282,0.140845070423,0.37323943662,0.225352112676];1;504.0;0.0391758595379;1367;15;0.08571428571428572;2.0;46.559999999999995;24.571428571428573;61.92571428571428;9.571428571428571;21.571428571428573;15.857142857142858;1.457142857142857;0.0;0.16;0.47428571428571425;2.434285714285714;0.27999999999999997;2.2514285714285713;6.142857142857143;4.0
11286;zone43;4706.481893689814;4143.807995855712;0.0;zone43;S01010298;12;880;677;515;[0.308943,0.479675,0.211382];[0.581395,0.356589,0.062016];[0.539683,0.396825,0.063492];[0.744828,0.193103,0.062069];[0.227272727273,0.0984848484848,0.371212121212,0.30303030303];1;486.0;0.0190902878356;1153;20;0.06333333333333334;1.6666666666666667;35.99;26.0;66.38333333333334;11.833333333333334;23.083333333333332;11.916666666666666;2.91;0.0;3.2733333333333334;0.68;0.8466666666666667;0.25000000000000006;2.066666666666667;7.5;7.25
11286;zone44;4885.424673909578;4209.645754097502;0.0;zone44;S01010299;4;536;404;292;[0.3,0.54,0.16];[0.556701,0.340206,0.103093];[0.458333,0.520833,0.020833];[0.584906,0.283019,0.132075];[0.428571428571,0.0857142857143,0.285714285714,0.2];1;375.0;-0.10827530326;722;17;0.16;1.0;26.64;28.0;69.47;14.0;25.75;9.0;3.3600000000000003;0.0;1.26;0.84;3.8200000000000003;0.27999999999999997;3.5300000000000002;6.0;9.0
11286;zone45;4883.397012115578;4340.414778682246;0.0;zone45;S01010300;21;934;764;478;[0.460784,0.411765,0.127451];[0.664653,0.238671,0.096677];[0.632353,0.323529,0.044118];[0.606383,0.329787,0.06383];[0.3046875,0.125,0.3515625,0.21875];2;513.0;0.0498225801839;604;46;0.08571428571428572;2.0;39.6;23.238095238095237;68.81523809523807;12.714285714285714;23.80952380952381;13.380952380952381;1.868571428571429;0.0;1.2780952380952382;0.5790476190476191;2.253333333333334;0.39047619047619053;1.8476190476190475;8.904761904761905;5.571428571428571
11286;zone46;5144.66081966521;4032.769083704074;0.0;zone46;S01010301;6;522;457;283;[0.292683,0.597561,0.109756];[0.57563,0.315126,0.109244];[0.222222,0.703704,0.074074];[0.561798,0.393258,0.044944];[0.214285714286,0.0612244897959,0.459183673469,0.265306122449];4;490.0;0.0232745011966;1069;19;0.12666666666666668;2.5;34.00666666666667;34.0;70.22666666666667;12.333333333333334;23.5;11.166666666666666;3.426666666666667;0.0;0.8133333333333335;0.4066666666666667;3.106666666666667;0.22666666666666668;1.793333333333333;11.666666666666666;7.333333333333333
11286;zone47;5165.568789180556;4297.038752619699;0.0;zone47;S01010302;24;669;495;388;[0.65625,0.28125,0.0625];[0.6,0.356522,0.043478];[0.716981,0.226415,0.056604];[0.801802,0.18018,0.018018];[0.582417582418,0.0769230769231,0.263736263736,0.0769230769231];1;392.0;-0.0896499889057;1217;46;0.07666666666666666;0.9583333333333334;47.474999999999994;31.416666666666668;66.23166666666668;11.041666666666666;22.791666666666668;16.208333333333332;2.921666666666667;0.0;0.9183333333333333;0.2800000000000001;3.2300000000000004;0.3500000000000001;2.396666666666667;4.375;6.791666666666667
11286;zone48;5241.140616766716;4139.402270499609;0.0;zone48;S01010303;33;579;387;250;[0.692308,0.153846,0.153846];[0.56701,0.298969,0.134021];[0.630435,0.282609,0.086957];[0.658879,0.285047,0.056075];[0.58407079646,0.106194690265,0.274336283186,0.0353982300885];1;415.0;-0.0627120940391;1597;89;0.10424242424242425;1.4848484848484849;46.230303030303034;29.606060606060606;65.58666666666666;10.303030303030303;22.303030303030305;15.606060606060606;4.014545454545455;0.0;0.9139393939393939;0.28;1.953939393939394;0.3527272727272727;1.9478787878787875;6.121212121212121;6.696969696969697
11286;zone49;4853.647576226233;3833.123065294377;0.0;zone49;S01010304;12;542;456;332;[0.323529,0.514706,0.161765];[0.635135,0.25,0.114865];[0.477273,0.522727,0.0];[0.829268,0.109756,0.060976];[0.372340425532,0.0425531914894,0.297872340426,0.287234042553];1;804.0;0.384523850516;1930;18;0.06;0.9166666666666666;65.19333333333334;31.833333333333332;71.44000000000001;10.5;22.75;22.25;3.34;0.0;1.0433333333333332;0.6833333333333335;2.53;0.49000000000000005;2.8333333333333335;3.4166666666666665;7.166666666666667
11286;zone50;4697.410406890209;3639.1027396354093;0.0;zone50;S01010305;7;807;694;478;[0.36036,0.468468,0.171171];[0.553191,0.33617,0.110638];[0.409639,0.301205,0.289157];[0.589888,0.337079,0.073034];[0.198529411765,0.0735294117647,0.382352941176,0.345588235294];1;223.0;-0.28282788147;697;16;0.08571428571428572;1.2857142857142858;43.55428571428572;36.142857142857146;65.82285714285715;10.428571428571429;22.571428571428573;14.714285714285714;4.737142857142857;0.0;1.5257142857142856;1.582857142857143;0.7771428571428572;0.2742857142857143;2.1714285714285713;5.142857142857143;8.142857142857142
11286;zone51;4591.3082521834585;3868.367573740388;0.0;zone51;S01010306;13;752;675;449;[0.35625,0.56875,0.075];[0.570588,0.355882,0.073529];[0.283019,0.566038,0.150943];[0.650943,0.330189,0.018868];[0.165680473373,0.0473372781065,0.479289940828,0.307692307692];2;238.0;-0.265781391166;837;40;0.12;1.6923076923076923;44.387692307692305;37.46153846153846;73.61846153846153;12.615384615384615;23.846153846153847;15.076923076923077;4.941538461538461;0.0;1.8861538461538463;2.4984615384615383;0.956923076923077;0.37846153846153846;1.8892307692307695;7.769230769230769;9.692307692307692
11286;zone52;4503.72067559025;3742.2957906521283;0.0;zone52;S01010307;9;821;732;428;[0.189922,0.577519,0.232558];[0.407407,0.487654,0.104938];[0.346154,0.538462,0.115385];[0.71875,0.234375,0.046875];[0.0681818181818,0.0568181818182,0.375,0.5];5;319.0;-0.172537833795;430;29;0.12444444444444444;2.111111111111111;42.51555555555555;40.22222222222222;75.03999999999999;12.333333333333334;24.333333333333332;14.333333333333334;3.222222222222223;0.0;1.4533333333333331;5.062222222222222;0.6266666666666666;0.5555555555555556;1.3599999999999999;10.0;10.0
11286;zone53;4364.519870735056;4047.768725526131;0.0;zone53;S01010308;9;975;858;480;[0.285714,0.54007,0.174216];[0.511936,0.384615,0.103448];[0.254902,0.411765,0.333333];[0.648352,0.307692,0.043956];[0.0970873786408,0.0631067961165,0.359223300971,0.480582524272];4;257.0;-0.244477582955;1201;26;0.11555555555555555;2.0;52.57333333333334;36.22222222222222;69.6;10.0;22.444444444444443;17.666666666666668;3.1155555555555554;0.0;2.417777777777778;1.5333333333333334;1.862222222222222;0.35111111111111115;1.8355555555555556;6.666666666666667;8.444444444444445
11286;zone54;5381.88771051669;3636.3205112402793;0.0;zone54;S01010309;4;419;356;264;[0.333333,0.25,0.416667];[0.478873,0.422535,0.098592];[0.352941,0.382353,0.264706];[0.705882,0.24183,0.052288];[0.365853658537,0.170731707317,0.390243902439,0.0731707317073];1;0.0;-0.540229885057;2153;13;0.13;2.75;68.0;25.5;73.21000000000001;9.25;22.0;22.75;2.4;0.0;2.0;0.28;1.45;0.42000000000000004;0.6699999999999999;9.75;5.75
11286;zone55;5657.373406240428;3625.6586165034923;0.0;zone55;S01010310;13;706;540;381;[0.333333,0.238095,0.428571];[0.565517,0.337931,0.096552];[0.54902,0.27451,0.176471];[0.715415,0.256917,0.027668];[0.484848484848,0.151515151515,0.318181818182,0.0454545454545];1;574.0;0.120406534162;845;17;0.05230769230769231;1.5384615384615385;45.84615384615384;27.923076923076923;64.50461538461538;10.23076923076923;22.53846153846154;15.615384615384615;1.1815384615384614;0.0;1.6707692307692308;0.47076923076923083;2.5784615384615384;0.3046153846153846;2.541538461538462;5.846153846153846;5.461538461538462
11286;zone56;5685.425126382168;3318.6970593171873;0.0;zone56;S01010311;22;721;556;351;[0.411765,0.352941,0.235294];[0.472222,0.453704,0.074074];[0.571429,0.404762,0.02381];[0.717949,0.271062,0.010989];[0.565217391304,0.121739130435,0.269565217391,0.0434782608696];1;1534.0;1.22364271569;1642;43;0.07272727272727272;1.4090909090909092;62.78363636363636;28.227272727272727;70.37454545454545;10.272727272727273;22.363636363636363;21.40909090909091;1.3490909090909091;0.0;2.6472727272727266;0.19272727272727275;2.554545454545455;0.36909090909090914;2.4654545454545453;5.181818181818182;6.2727272727272725
11286;zone57;5466.52613028024;3072.1402274564575;0.0;zone57;S01010312;34;868;647;425;[0.117647,0.823529,0.058824];[0.754386,0.22807,0.017544];[0.407407,0.444444,0.148148];[0.804945,0.153846,0.041209];[0.586956521739,0.115942028986,0.268115942029,0.0289855072464];1;685.0;0.247477927043;1651;46;0.04941176470588235;1.1764705882352942;57.50588235294117;23.794117647058822;67.08823529411768;10.5;22.58823529411765;19.558823529411764;1.476470588235294;0.0;2.771764705882353;0.05647058823529413;1.8235294117647056;0.37411764705882344;2.6282352941176477;3.5588235294117645;5.705882352941177
11286;zone58;5251.7403530303945;3502.549209042501;0.0;zone58;S01010313;16;654;529;356;[0.428571,0.285714,0.285714];[0.6,0.333333,0.066667];[0.433735,0.481928,0.084337];[0.739623,0.162264,0.098113];[0.648351648352,0.131868131868,0.175824175824,0.043956043956];1;565.0;0.109617915218;2142;33;0.08;1.1875;64.41250000000001;24.0;74.43000000000002;11.9375;23.625;22.375;1.7724999999999997;0.0;3.095;0.1625;1.7625;0.385;2.9900000000000007;4.5625;6.3125
11286;zone59;4840.312157862589;3385.4448126102257;0.0;zone59;S01010314;21;1248;1034;550;[0.358209,0.507463,0.134328];[0.514493,0.333333,0.152174];[0.5,0.326923,0.173077];[0.636,0.324,0.04];[0.316901408451,0.133802816901,0.401408450704,0.147887323944];1;637.0;0.192402372167;1104;36;0.06666666666666667;1.619047619047619;41.21714285714285;28.238095238095237;70.44571428571427;11.904761904761905;24.0;13.904761904761905;2.914285714285714;0.0;3.304761904761905;0.8190476190476188;0.8933333333333332;0.33714285714285724;2.508571428571428;8.0;7.523809523809524
11286;zone60;4536.293429266749;2504.1273706154316;0.0;zone60;S01010315;43;911;678;409;[0.180723,0.554217,0.26506];[0.252632,0.457895,0.289474];[0.208333,0.5,0.291667];[0.55144,0.345679,0.102881];[0.308176100629,0.169811320755,0.358490566038,0.163522012579];2;382.0;-0.100954860853;1601;81;0.07255813953488371;1.697674418604651;48.20279069767442;27.023255813953487;67.3460465116279;10.488372093023257;22.558139534883722;16.46511627906977;3.13953488372093;0.0;2.040930232558139;0.03441860465116279;2.0009302325581397;0.30604651162790686;2.0167441860465116;6.511627906976744;6.813953488372093
11286;zone61;4589.6619547948285;2943.195659127726;0.0;zone61;S01010316;25;512;414;304;[0.392157,0.529412,0.078431];[0.62931,0.37069,0.0];[0.439024,0.560976,0.0];[0.775401,0.224599,0.0];[0.439252336449,0.102803738318,0.252336448598,0.205607476636];1;481.0;0.0128180141103;1417;52;0.08;0.8;44.60800000000001;30.28;67.07679999999999;11.76;23.48;15.08;2.736;0.0;2.9071999999999996;0.2176;2.3631999999999995;0.43360000000000004;2.867199999999999;3.76;7.72
11286;zone63;4421.5566371748755;3071.026327566895;0.0;zone63;S01010318;12;1588;1497;304;[0.5,0.456522,0.043478];[0.469799,0.47651,0.053691];[0.310345,0.37931,0.310345];[0.678571,0.285714,0.035714];[0.36,0.14,0.34,0.16];3;317.0;-0.175110645645;1050;25;0.07666666666666666;1.0;50.73333333333333;40.083333333333336;72.1;10.583333333333334;23.333333333333332;17.416666666666668;6.266666666666668;0.0;4.979999999999999;0.5166666666666667;0.5966666666666668;0.36666666666666675;2.8033333333333332;3.5;11.916666666666666
11286;zone64;4173.240913470097;2893.8040771744095;0.0;zone64;S01010319;9;711;624;407;[0.258741,0.608392,0.132867];[0.383399,0.486166,0.130435];[0.439394,0.212121,0.348485];[0.530769,0.384615,0.084615];[0.171974522293,0.0700636942675,0.471337579618,0.286624203822];2;473.0;0.00423719084943;1494;21;0.08444444444444445;1.6666666666666667;44.13777777777778;30.77777777777778;65.81777777777778;10.222222222222221;22.333333333333332;14.88888888888889;2.8;0.0;2.8444444444444446;0.13333333333333333;1.8533333333333333;0.48888888888888893;1.9066666666666667;6.555555555555555;7.111111111111111
11286;zone65;3940.1918462749595;2900.8899784533987;0.0;zone65;S01010320;4;675;594;437;[0.257813,0.523438,0.21875];[0.61753,0.298805,0.083665];[0.526316,0.22807,0.245614];[0.805085,0.169492,0.025424];[0.172185430464,0.0662251655629,0.443708609272,0.317880794702];1;646.0;0.202453315259;1221;7;0.06;1.0;36.230000000000004;24.5;66.75;13.25;24.25;12.25;4.33;0.0;0.61;0.29000000000000004;2.01;0.59;2.3000000000000003;5.5;6.75
11286;zone66;3905.8658739096163;2664.6669636212755;0.0;zone66;S01010321;7;837;634;432;[0.401709,0.555556,0.042735];[0.54717,0.433962,0.018868];[0.45122,0.439024,0.109756];[0.666667,0.271186,0.062147];[0.212328767123,0.0958904109589,0.390410958904,0.301369863014];1;1019.0;0.631764531736;1920;11;0.06285714285714286;2.142857142857143;51.33714285714286;23.571428571428573;73.18857142857144;12.142857142857142;23.428571428571427;17.428571428571427;2.1485714285714286;0.0;2.6514285714285717;0.05142857142857143;2.045714285714286;0.3885714285714285;2.045714285714286;8.714285714285714;6.285714285714286
11286;zone67;3630.3978644730896;3132.1651121578075;0.0;zone67;S01010322;9;1028;914;549;[0.174419,0.549419,0.276163];[0.412399,0.471698,0.115903];[0.298507,0.38806,0.313433];[0.647059,0.323529,0.029412];[0.057268722467,0.0352422907489,0.449339207048,0.458149779736];5;124.0;-0.397569575369;1467;30;0.1288888888888889;1.7777777777777777;34.75555555555556;35.333333333333336;66.4;11.0;23.11111111111111;11.777777777777779;3.04;0.0;4.026666666666667;0.8;1.4533333333333334;0.6577777777777779;1.7511111111111113;7.111111111111111;9.11111111111111
11286;zone68;6208.193116766784;3072.425066795916;0.0;zone68;S01010323;4;603;466;377;[0.555556,0.444444,0.0];[0.657143,0.271429,0.071429];[0.642857,0.321429,0.035714];[0.793651,0.166667,0.039683];[0.578431372549,0.166666666667,0.235294117647,0.0196078431373];1;970.0;0.57559463238;1077;9;0.09;0.0;50.540000000000006;20.0;68.38;12.75;24.25;17.25;5.9;0.0;0.95;0.0;0.62;0.49;4.870000000000001;0.0;7.0
11286;zone69;6517.651722029823;2240.572579661372;0.0;zone69;S01010324;6;759;566;403;[0.142857,0.571429,0.285714];[0.298077,0.490385,0.211538];[0.333333,0.530864,0.135802];[0.401674,0.414226,0.1841];[0.569620253165,0.101265822785,0.291139240506,0.0379746835443];1;407.0;-0.0721601679586;1585;14;0.09333333333333334;0.6666666666666666;40.9;28.0;64.06666666666668;12.666666666666666;23.833333333333332;13.833333333333334;1.7400000000000002;0.0;1.5133333333333334;0.0;3.146666666666667;0.5866666666666668;2.473333333333333;3.1666666666666665;6.0
11286;zone70;6038.016041009105;2402.8415869980217;0.0;zone70;S01010325;18;939;666;501;[0.263158,0.368421,0.368421];[0.383838,0.525253,0.090909];[0.253623,0.615942,0.130435];[0.451362,0.463035,0.085603];[0.545454545455,0.238636363636,0.193181818182,0.0227272727273];1;225.0;-0.281126582053;1636;33;0.06666666666666667;1.0555555555555556;44.846666666666664;24.77777777777778;66.68444444444444;12.555555555555555;23.444444444444443;14.944444444444445;1.5422222222222224;0.0;1.0333333333333334;0.0;3.3911111111111114;0.6377777777777777;2.5844444444444443;4.833333333333333;5.444444444444445
11286;zone71;5272.359331052501;2740.775131541117;0.0;zone71;S01010326;39;987;707;494;[0.526316,0.368421,0.105263];[0.522523,0.333333,0.144144];[0.492188,0.3125,0.195313];[0.723514,0.224806,0.05168];[0.54375,0.16875,0.23125,0.05625];1;1389.0;1.05701743376;1010;64;0.06358974358974359;1.0256410256410255;44.845128205128205;27.153846153846153;67.14769230769232;11.487179487179487;23.205128205128204;15.076923076923077;1.6605128205128203;0.0;5.0379487179487175;0.02564102564102564;1.2953846153846154;0.4830769230769232;2.928205128205128;4.3076923076923075;7.538461538461538
11286;zone72;4970.167032608406;2501.795090448298;0.0;zone72;S01010327;34;982;660;362;[0.031746,0.507937,0.460317];[0.372881,0.432203,0.194915];[0.289063,0.328125,0.382813];[0.516892,0.347973,0.135135];[0.416184971098,0.21387283237,0.236994219653,0.132947976879];1;470.0;0.000335688704598;926;61;0.06705882352941177;1.5;40.311764705882354;25.58823529411765;63.42823529411765;10.323529411764707;22.323529411764707;13.529411764705882;1.488235294117647;0.0;5.297647058823528;0.0;0.7776470588235294;0.41529411764705865;2.1258823529411766;5.235294117647059;7.0588235294117645
11286;zone73;5975.307390960257;2677.5485166167286;0.0;zone73;S01010328;24;969;706;445;[0.16129,0.5,0.33871];[0.27044,0.471698,0.257862];[0.192547,0.434783,0.372671];[0.338983,0.432203,0.228814];[0.309352517986,0.258992805755,0.280575539568,0.151079136691];2;457.0;-0.0138550124678;1955;59;0.095;1.6666666666666667;46.85999999999999;28.458333333333332;65.42333333333333;10.375;22.25;15.958333333333334;2.1433333333333335;0.0;1.5216666666666667;0.0;3.3266666666666675;0.43166666666666664;2.021666666666667;5.375;6.541666666666667
