cycle;name;location.x;location.y;location.z;name;dataZone;nm_children;pop;over16;nm_hh;AB_car_prob;C1_car_prob;C2_car_prob;DE_car_prob;prob_social;simd;crimeRate;norm_crime;avg_dis_sh;neigh_play;daily_play_per_child;avg_FSA;avg_walk;daily_OD;zone_mvpa;mvpa_home;mvpa_sc;mvpa_road;mvpa_play_field;mvpa_home_garden;mvpa_park;mvpa_PG;mvpa_amenity;mvpa_shops;mvpa_F_home;mvpa_fsa;mvpa_OD
11286;zone0;8448.90275962388;2625.4515469546564;0.0;zone0;S01010195;19;531;390;212;[0.0,0.481481,0.518519];[0.261538,0.646154,0.092308];[0.12,0.59,0.29];[0.447368,0.368421,0.184211];[0.418918918919,0.283783783784,0.202702702703,0.0945945945946];1;0.0;-0.540229885057;1126;25;0.05052631578947368;1.3157894736842106;37.764210526315786;25.36842105263158;58.486315789473686;9.578947368421053;21.736842105263158;12.68421052631579;1.145263157894737;0.0;2.8273684210526313;0.0;2.0842105263157897;0.2968421052631579;2.208421052631579;4.105263157894737;5.578947368421052
11286;zone1;8656.736904000718;2165.9902346445633;0.0;zone1;S01010198;18;1027;748;394;[0.058824,0.529412,0.411765];[0.305785,0.561983,0.132231];[0.219858,0.496454,0.283688];[0.523179,0.331126,0.145695];[0.48623853211,0.229357798165,0.266055045872,0.0183486238532];1;1609.0;1.3102524676;1292;32;0.06888888888888889;1.4444444444444444;28.259999999999994;23.944444444444443;59.82888888888888;12.0;23.27777777777778;9.333333333333334;0.7511111111111112;0.0;1.7533333333333334;0.0;3.0333333333333337;0.2866666666666668;2.1199999999999997;5.666666666666667;5.111111111111111
11286;zone2;8537.588755655543;3024.028900129281;0.0;zone2;S01010201;22;643;453;253;[0.0,0.47619,0.52381];[0.270833,0.3125,0.416667];[0.088,0.48,0.432];[0.296552,0.434483,0.268966];[0.365853658537,0.292682926829,0.292682926829,0.0487804878049];2;219.0;-0.28762447053;990;44;0.07636363636363637;1.2272727272727273;36.800000000000004;31.954545454545453;62.32363636363636;10.818181818181818;22.227272727272727;12.454545454545455;1.2872727272727271;0.0;2.276363636363637;0.04363636363636363;3.8072727272727276;0.3490909090909092;2.3163636363636364;5.045454545454546;7.0
11286;zone3;8059.42097232239;3767.666522351409;0.0;zone3;S01010203;30;671;504;260;[0.090909,0.363636,0.545455];[0.263804,0.460123,0.276074];[0.094828,0.422414,0.482759];[0.183824,0.375,0.441176];[0.272727272727,0.218181818182,0.363636363636,0.145454545455];3;215.0;-0.292668818285;1941;44;0.05466666666666667;1.7666666666666666;39.67333333333334;23.433333333333334;68.06533333333331;12.133333333333333;24.1;13.333333333333334;1.428;0.0;2.3293333333333335;0.0;2.6839999999999997;0.45066666666666677;2.3146666666666667;7.6;5.933333333333334
11286;zone4;8368.288440296214;3565.498290652094;0.0;zone4;S01010204;30;800;589;381;[0.272727,0.727273,0.0];[0.627451,0.27451,0.098039];[0.444444,0.533333,0.022222];[0.600619,0.321981,0.077399];[0.595041322314,0.157024793388,0.239669421488,0.00826446280992];1;497.0;0.0317745673598;1059;51;0.06533333333333333;1.1666666666666667;36.888000000000005;27.566666666666666;63.79333333333334;11.933333333333334;23.133333333333333;12.3;1.1346666666666667;0.0;2.273333333333333;0.01733333333333333;3.3440000000000003;0.4653333333333334;2.3960000000000004;5.066666666666666;6.333333333333333
11286;zone5;8034.229745798958;3515.110462853287;0.0;zone5;S01010205;15;658;534;355;[0.411765,0.117647,0.470588];[0.465116,0.457364,0.077519];[0.317757,0.588785,0.093458];[0.593458,0.280374,0.126168];[0.466666666667,0.2,0.3,0.0333333333333];1;925.0;0.523434132086;1140;18;0.04533333333333334;0.5333333333333333;35.504000000000005;28.8;61.49866666666666;12.133333333333333;23.133333333333333;11.933333333333334;1.3786666666666667;0.0;1.9306666666666665;0.0;3.7679999999999993;0.5226666666666667;3.018666666666667;2.1333333333333333;6.666666666666667
11286;zone6;7457.064719570519;3739.055375726369;0.0;zone6;S01010208;18;903;745;565;[0.30137,0.589041,0.109589];[0.48062,0.457364,0.062016];[0.272727,0.613636,0.113636];[0.66055,0.270642,0.068807];[0.233333333333,0.133333333333,0.461111111111,0.172222222222];1;603.0;0.153385979085;1446;26;0.05111111111111111;1.5;46.23999999999999;22.77777777777778;69.92222222222222;12.0;23.77777777777778;15.722222222222221;1.4977777777777777;0.0;1.6288888888888888;0.0;3.308888888888889;0.3355555555555556;2.4066666666666667;7.555555555555555;6.166666666666667
11286;zone7;7917.838214725937;1939.334458859395;0.0;zone7;S01010209;24;966;677;468;[0.172414,0.586207,0.241379];[0.333333,0.414966,0.251701];[0.381944,0.458333,0.159722];[0.545852,0.336245,0.117904];[0.337931034483,0.248275862069,0.303448275862,0.110344827586];1;2053.0;1.82052250092;1634;34;0.05333333333333334;1.625;49.038333333333334;23.833333333333332;66.40333333333332;10.875;22.666666666666668;16.791666666666668;0.73;0.0;2.453333333333333;0.0;2.5800000000000005;0.33166666666666667;1.8883333333333334;6.25;5.291666666666667
11286;zone8;7878.406567747077;2721.2634132011362;0.0;zone8;S01010210;18;885;641;416;[0.173913,0.456522,0.369565];[0.21519,0.5,0.28481];[0.189781,0.386861,0.423358];[0.422111,0.442211,0.135678];[0.394736842105,0.236842105263,0.254385964912,0.114035087719];1;344.0;-0.144253829852;1283;24;0.04888888888888889;1.3888888888888888;33.791111111111114;23.0;59.739999999999995;11.055555555555555;22.555555555555557;11.277777777777779;1.017777777777778;0.0;1.9266666666666667;0.0;2.52;0.37111111111111117;2.173333333333334;5.111111111111111;4.944444444444445
11286;zone9;7785.599648345685;3201.783800714137;0.0;zone9;S01010211;22;858;634;452;[0.147059,0.705882,0.147059];[0.384615,0.452991,0.162393];[0.469565,0.4,0.130435];[0.722656,0.226563,0.050781];[0.473214285714,0.169642857143,0.285714285714,0.0714285714286];1;430.0;-0.0456985893816;1182;33;0.06;1.6818181818181819;43.13818181818181;24.772727272727273;68.22727272727275;12.227272727272727;23.59090909090909;14.772727272727273;1.4327272727272728;0.0;1.7727272727272732;0.01818181818181818;3.090909090909091;0.35454545454545455;2.3018181818181827;6.7727272727272725;5.909090909090909
11286;zone10;7580.688680869333;3097.127786881416;0.0;zone10;S01010212;49;1083;779;559;[0.233333,0.633333,0.133333];[0.594771,0.339869,0.065359];[0.465517,0.405172,0.12931];[0.712821,0.269231,0.017949];[0.566037735849,0.138364779874,0.22641509434,0.0691823899371];1;1473.0;1.15298517036;1233;85;0.06857142857142857;0.9591836734693877;48.99918367346937;29.448979591836736;64.87265306122448;10.653061224489797;22.571428571428573;16.6734693877551;1.2669387755102044;0.0;2.484897959183673;0.0;3.426122448979591;0.2979591836734694;2.5689795918367344;3.183673469387755;6.673469387755102
11286;zone11;8065.177293237223;3111.5884965344962;0.0;zone11;S01010213;13;924;657;476;[0.105263,0.684211,0.210526];[0.382609,0.547826,0.069565];[0.218543,0.556291,0.225166];[0.467925,0.483019,0.049057];[0.451327433628,0.221238938053,0.274336283186,0.0530973451327];1;247.0;-0.255840453357;841;18;0.05538461538461539;1.0769230769230769;22.98153846153846;27.153846153846153;61.81846153846155;12.923076923076923;23.692307692307693;7.461538461538462;1.793846153846154;0.0;3.7353846153846155;0.0;2.7292307692307696;0.35384615384615387;2.6892307692307686;4.461538461538462;7.6923076923076925
11286;zone12;7144.994858230166;1947.4125453867302;0.0;zone12;S01010214;27;967;717;396;[0.098592,0.28169,0.619718];[0.197531,0.438272,0.364198];[0.173333,0.493333,0.333333];[0.237069,0.487069,0.275862];[0.361344537815,0.210084033613,0.310924369748,0.117647058824];3;176.0;-0.337854473183;1852;46;0.06518518518518518;1.6666666666666667;46.76592592592593;26.48148148148148;67.4962962962963;11.296296296296296;23.0;15.666666666666666;1.6444444444444448;0.0;2.352592592592593;0.0;2.837037037037037;0.3348148148148149;2.155555555555556;6.37037037037037;6.2592592592592595
11286;zone13;7013.590150664996;2618.495528189446;0.0;zone13;S01010215;24;850;608;492;[0.571429,0.285714,0.142857];[0.5,0.431373,0.068627];[0.382609,0.391304,0.226087];[0.678571,0.269841,0.051587];[0.467289719626,0.140186915888,0.345794392523,0.0467289719626];1;547.0;0.0886083430805;622;42;0.06666666666666667;1.4166666666666667;33.26666666666666;25.583333333333332;62.84666666666666;11.833333333333334;23.166666666666668;10.958333333333334;1.1066666666666667;0.0;1.195;0.0;3.833333333333334;0.4016666666666668;2.7533333333333334;5.75;5.708333333333333
11286;zone14;7332.222205807836;2329.961970144465;0.0;zone14;S01010216;15;621;464;361;[0.6,0.4,0.0];[0.597701,0.356322,0.045977];[0.409091,0.439394,0.151515];[0.709544,0.273859,0.016598];[0.5,0.163265306122,0.265306122449,0.0714285714286];1;600.0;0.150092344085;1303;23;0.056;1.1333333333333333;50.92266666666667;28.8;65.34133333333332;10.2;22.266666666666666;17.4;0.808;0.0;2.802666666666667;0.0;2.8800000000000003;0.23200000000000004;2.362666666666667;4.866666666666666;5.933333333333334
11286;zone15;7299.833172322251;2625.8610945736937;0.0;zone15;S01010217;33;817;598;406;[0.16129,0.516129,0.322581];[0.565517,0.4,0.034483];[0.5,0.431373,0.068627];[0.702703,0.283784,0.013514];[0.541935483871,0.0967741935484,0.296774193548,0.0645161290323];1;1060.0;0.679274950851;1008;78;0.08969696969696969;1.1818181818181819;41.143030303030294;31.96969696969697;66.5309090909091;11.666666666666666;23.303030303030305;14.212121212121213;1.4848484848484853;0.0;2.650909090909091;0.0;4.3090909090909095;0.39757575757575747;2.5684848484848484;4.333333333333333;7.9393939393939394
11286;zone16;7142.953643082513;3018.5401822929393;0.0;zone16;S01010218;31;1018;790;587;[0.425532,0.404255,0.170213];[0.392523,0.453271,0.154206];[0.358209,0.492537,0.149254];[0.589124,0.335347,0.075529];[0.424657534247,0.109589041096,0.369863013699,0.0958904109589];1;557.0;0.101026678737;568;42;0.05161290322580645;0.967741935483871;30.04258064516129;25.451612903225808;59.517419354838715;11.612903225806452;22.838709677419356;9.935483870967742;1.1806451612903226;0.0;1.5122580645161294;0.0;3.4245161290322588;0.34838709677419344;2.6787096774193544;4.32258064516129;5.645161290322581
11286;zone17;6738.8937706128745;4298.8917997019325;0.0;zone17;S01010219;21;503;382;274;[0.695652,0.304348,0.0];[0.758621,0.215517,0.025862];[0.761905,0.166667,0.071429];[0.781609,0.195402,0.022989];[0.41935483871,0.0752688172043,0.408602150538,0.0967741935484];2;184.0;-0.327838932938;1478;48;0.08952380952380952;1.5238095238095237;57.399999999999984;29.61904761904762;71.60952380952382;10.571428571428571;22.80952380952381;19.952380952380953;2.426666666666666;0.0;4.028571428571428;0.00952380952380952;1.6419047619047622;0.3047619047619048;2.40952380952381;5.809523809523809;7.619047619047619
11286;zone18;5915.780765415368;4211.222876105162;0.0;zone18;S01010220;7;476;433;279;[0.181159,0.608696,0.210145];[0.404255,0.531915,0.06383];[0.227273,0.704545,0.068182];[0.448276,0.482759,0.068966];[0.154545454545,0.0636363636364,0.318181818182,0.463636363636];5;267.0;-0.232306706325;1365;18;0.09714285714285714;1.8571428571428572;42.817142857142855;26.0;70.42857142857142;12.142857142857142;23.714285714285715;14.714285714285714;4.525714285714285;0.0;3.3771428571428572;0.08;1.0857142857142856;0.34285714285714286;2.0114285714285716;6.857142857142857;8.571428571428571
11286;zone19;6341.0811208317455;3913.8398648988496;0.0;zone19;S01010221;13;546;394;260;[0.6,0.4,0.0];[0.557377,0.409836,0.032787];[0.538462,0.323077,0.138462];[0.699387,0.257669,0.042945];[0.609375,0.140625,0.203125,0.046875];1;635.0;0.19005459739;831;20;0.06153846153846154;1.2307692307692308;44.612307692307695;20.46153846153846;67.56923076923077;12.461538461538462;23.846153846153847;15.076923076923077;4.123076923076923;0.0;1.5230769230769232;0.07076923076923078;0.7907692307692307;0.43692307692307697;2.753846153846154;4.6923076923076925;6.0
11286;zone20;7001.213463613622;4053.9957950241624;0.0;zone20;S01010222;15;492;414;285;[0.142857,0.5,0.357143];[0.432432,0.459459,0.108108];[0.348624,0.522936,0.12844];[0.747899,0.235294,0.016807];[0.345238095238,0.214285714286,0.309523809524,0.130952380952];1;377.0;-0.105830277325;1875;23;0.06133333333333333;1.6;52.03733333333334;26.133333333333333;67.328;10.6;22.4;17.666666666666668;1.8719999999999999;0.0;2.9386666666666668;0.02933333333333333;2.050666666666667;0.4160000000000001;2.2133333333333334;5.333333333333333;6.333333333333333
11286;zone21;6986.8418912765155;3434.1450308482026;0.0;zone21;S01010223;4;556;462;337;[0.076923,0.538462,0.384615];[0.567797,0.330508,0.101695];[0.472222,0.444444,0.083333];[0.584699,0.36612,0.04918];[0.432432432432,0.162162162162,0.324324324324,0.0810810810811];1;439.0;-0.0353356041414;1705;4;0.04;1.75;55.739999999999995;17.5;82.48;16.25;26.25;19.0;2.1399999999999997;0.0;2.73;0.0;1.7599999999999998;0.6000000000000001;2.6500000000000004;9.25;6.0
11286;zone22;6247.397837456437;3329.661273309237;0.0;zone22;S01010224;40;1036;727;469;[0.405405,0.540541,0.054054];[0.592593,0.274074,0.133333];[0.418803,0.504274,0.076923];[0.768421,0.202632,0.028947];[0.506097560976,0.140243902439,0.268292682927,0.0853658536585];1;1004.0;0.614259332793;975;59;0.059;1.325;42.74500000000001;18.75;65.576;11.65;23.5;14.375;3.4880000000000004;0.0;0.942;0.018;1.129;0.414;2.7739999999999996;5.425;5.1
11286;zone23;7827.985844039554;4105.4701191949;0.0;zone23;S01010225;33;812;636;431;[0.25,0.634615,0.115385];[0.469072,0.43299,0.097938];[0.54023,0.413793,0.045977];[0.672065,0.234818,0.093117];[0.385185185185,0.125925925926,0.325925925926,0.162962962963];1;1006.0;0.616572011517;1621;51;0.05939393939393939;1.303030303030303;43.42545454545454;23.151515151515152;63.9309090909091;10.727272727272727;22.87878787878788;14.636363636363637;1.4860606060606063;0.0;2.367272727272727;0.0;2.4521212121212126;0.35878787878787866;2.7515151515151515;4.666666666666667;5.818181818181818
11286;zone24;7040.363001382077;4481.052780471187;0.0;zone24;S01010226;40;816;565;394;[0.454545,0.242424,0.30303];[0.715385,0.2,0.084615];[0.540541,0.405405,0.054054];[0.766917,0.18797,0.045113];[0.503355704698,0.201342281879,0.221476510067,0.0738255033557];2;422.0;-0.0548014077425;1080;92;0.087;1.6;43.791;32.575;70.13;11.225;23.25;14.825;5.246999999999998;0.0;3.8230000000000013;0.047;1.2040000000000002;0.386;2.023;6.375;9.825
11286;zone25;6847.772309074456;4638.663588163389;0.0;zone25;S01010227;39;692;454;294;[0.413793,0.413793,0.172414];[0.704545,0.238636,0.056818];[0.654545,0.345455,0.0];[0.810606,0.159091,0.030303];[0.672268907563,0.0924369747899,0.159663865546,0.0756302521008];4;0.0;-0.540229885057;1198;139;0.13743589743589743;1.5897435897435896;46.670769230769224;39.205128205128204;72.2297435897436;10.974358974358974;22.897435897435898;16.128205128205128;2.6564102564102567;0.0;7.432820512820513;0.06871794871794872;1.7035897435897431;0.43897435897435894;1.7907692307692304;6.410256410256411;11.41025641025641
11286;zone26;8241.816993110848;4572.457656401622;0.0;zone26;S01010229;30;1016;787;508;[0.1,0.625,0.275];[0.350877,0.350877,0.298246];[0.348315,0.477528,0.174157];[0.565217,0.310559,0.124224];[0.420731707317,0.213414634146,0.292682926829,0.0731707317073];1;395.0;-0.0859445809966;1387;44;0.05733333333333333;1.4;40.67733333333334;21.0;64.392;11.733333333333333;23.233333333333334;13.7;1.8440000000000003;0.0;2.4053333333333327;0.0;1.7146666666666661;0.38666666666666655;2.188;5.566666666666666;5.5
11286;zone27;7458.320056766788;4680.341251240345;0.0;zone27;S01010230;24;1005;772;577;[0.314286,0.628571,0.057143];[0.703883,0.296117,0.0];[0.727273,0.218182,0.054545];[0.71831,0.24507,0.03662];[0.517857142857,0.136904761905,0.267857142857,0.077380952381];1;846.0;0.433218203459;782;41;0.065;1.6666666666666667;39.120000000000005;27.208333333333332;66.30333333333334;11.333333333333334;23.125;13.0;2.1083333333333334;0.0;3.438333333333333;0.02833333333333334;1.9983333333333337;0.39166666666666666;2.1733333333333333;6.791666666666667;7.041666666666667
11286;zone28;7569.802990100143;4917.458811240416;0.0;zone28;S01010232;37;1074;792;485;[0.457143,0.485714,0.057143];[0.557292,0.338542,0.104167];[0.492063,0.333333,0.174603];[0.654229,0.251244,0.094527];[0.470297029703,0.153465346535,0.306930693069,0.0693069306931];1;771.0;0.347049794199;931;79;0.08324324324324324;0.972972972972973;41.01621621621622;32.75675675675676;66.95891891891893;11.783783783783784;23.54054054054054;13.81081081081081;2.2237837837837837;0.0;3.5794594594594593;0.07459459459459458;3.2800000000000002;0.3513513513513514;2.425945945945945;4.243243243243243;8.621621621621621
11286;zone29;7830.713068379679;4879.746446724283;0.0;zone29;S01010233;33;970;705;476;[0.275,0.625,0.1];[0.655629,0.245033,0.099338];[0.52809,0.426966,0.044944];[0.771505,0.212366,0.016129];[0.587209302326,0.093023255814,0.261627906977,0.0581395348837];1;284.0;-0.213781821634;1355;46;0.05454545454545454;1.121212121212121;50.74424242424241;30.424242424242426;68.47757575757576;10.93939393939394;22.87878787878788;17.333333333333332;1.8484848484848486;0.0;3.2775757575757574;0.03151515151515152;2.705454545454546;0.43151515151515146;2.505454545454545;4.666666666666667;7.393939393939394
11286;zone30;6473.383843181837;4954.519765957263;0.0;zone30;S01010261;6;2551;2373;526;[0.666667,0.270833,0.0625];[0.675841,0.281346,0.042813];[0.75,0.25,0.0];[0.824468,0.164894,0.010638];[0.41,0.06,0.41,0.12];3;176.0;-0.337679921334;1252;13;0.08;1.1666666666666667;64.32666666666667;35.833333333333336;76.08666666666667;11.833333333333334;24.0;21.833333333333332;2.006666666666667;0.0;2.9466666666666668;0.17333333333333334;4.546666666666666;0.36000000000000004;2.2600000000000002;4.5;9.166666666666666
11286;zone31;4930.642193689802;4959.449818932565;0.0;zone31;S01010266;3;555;474;237;[0.320755,0.556604,0.122642];[0.677273,0.254545,0.068182];[0.5,0.461538,0.038462];[0.534247,0.30137,0.164384];[0.141176470588,0.0588235294118,0.4,0.4];3;536.0;0.0761386922126;1188;7;0.09333333333333334;0.6666666666666666;32.85333333333333;26.666666666666668;63.4;13.333333333333334;23.666666666666668;11.0;0.8666666666666667;0.0;1.9733333333333334;0.44;4.213333333333334;0.37333333333333335;2.5066666666666664;4.0;7.0
11286;zone32;5712.5549897826;4979.400336637217;0.0;zone32;S01010270;4;1153;972;817;[0.389831,0.533898,0.076271];[0.70255,0.252125,0.045326];[0.714286,0.272727,0.012987];[0.771552,0.228448,0.0];[0.125,0.0909090909091,0.454545454545,0.329545454545];1;871.0;0.461200629557;1613;4;0.04;1.5;56.57;25.75;69.21;11.0;23.0;19.0;5.009999999999999;0.0;0.6900000000000001;0.16999999999999998;0.9099999999999999;0.54;2.13;5.5;6.25
11286;zone33;3394.0723536088512;4934.677182292946;0.0;zone33;S01010282;13;976;841;645;[0.438776,0.520408,0.040816];[0.545732,0.405488,0.04878];[0.521277,0.382979,0.095745];[0.712707,0.232044,0.055249];[0.190954773869,0.070351758794,0.35175879397,0.386934673367];2;350.0;-0.137812028107;1313;23;0.06769230769230769;1.9230769230769231;50.76;27.384615384615383;72.8;11.461538461538462;23.76923076923077;17.307692307692307;0.836923076923077;0.0;5.738461538461538;0.44615384615384623;1.2430769230769232;0.4769230769230769;2.2615384615384615;7.384615384615385;7.6923076923076925
11286;zone34;4385.789287498423;4835.237486850067;0.0;zone34;S01010289;15;771;687;380;[0.130952,0.511905,0.357143];[0.262911,0.502347,0.234742];[0.178571,0.464286,0.357143];[0.410256,0.435897,0.153846];[0.058064516129,0.0322580645161,0.245161290323,0.664516129032];5;259.0;-0.241396294863;1658;45;0.11733333333333333;1.8666666666666667;48.30666666666666;36.266666666666666;64.85866666666666;8.866666666666667;21.733333333333334;16.533333333333335;1.944;0.0;4.437333333333332;0.6133333333333334;1.5573333333333332;0.2826666666666667;1.3893333333333333;5.8;8.2
11286;zone35;4401.5375624188455;4669.062022109911;0.0;zone35;S01010290;13;546;485;278;[0.198198,0.603604,0.198198];[0.485944,0.449799,0.064257];[0.555556,0.444444,0.0];[0.435897,0.512821,0.051282];[0.10752688172,0.0430107526882,0.494623655914,0.354838709677];3;353.0;-0.133686757747;1137;34;0.08923076923076922;1.9230769230769231;45.46153846153845;29.384615384615383;74.30461538461537;12.692307692307692;24.53846153846154;15.461538461538462;2.289230769230769;0.0;4.08;0.5476923076923077;1.7076923076923078;0.38461538461538464;2.0123076923076924;9.0;8.153846153846153
11286;zone36;4119.983651650423;4281.100418217042;0.0;zone36;S01010291;12;1075;975;481;[0.405594,0.447552,0.146853];[0.627907,0.277132,0.094961];[0.415094,0.433962,0.150943];[0.562963,0.325926,0.111111];[0.197080291971,0.0729927007299,0.445255474453,0.284671532847];3;438.0;-0.0363924713322;916;30;0.1;1.8333333333333333;47.77;38.166666666666664;71.09333333333333;10.416666666666666;22.583333333333332;16.333333333333332;2.0666666666666664;0.0;7.473333333333333;0.54;0.7033333333333335;0.2833333333333334;1.5866666666666667;7.416666666666667;10.333333333333334
11286;zone37;4399.731076226201;4291.6703625917;0.0;zone37;S01010292;10;890;831;409;[0.348214,0.508929,0.142857];[0.477169,0.420091,0.10274];[0.339286,0.446429,0.214286];[0.55814,0.383721,0.05814];[0.128378378378,0.0540540540541,0.398648648649,0.418918918919];4;323.0;-0.168488563048;1344;22;0.084;2.0;41.096000000000004;33.6;65.25999999999999;9.6;22.2;13.8;3.5040000000000004;0.0;5.312;0.25200000000000006;0.45199999999999996;0.284;1.404;6.6;9.0
11286;zone38;4514.690807242894;4541.15458266895;0.0;zone38;S01010293;16;839;723;373;[0.51773,0.35461,0.12766];[0.635389,0.262735,0.101877];[0.446809,0.319149,0.234043];[0.514286,0.392857,0.092857];[0.242424242424,0.0606060606061,0.393939393939,0.30303030303];3;290.0;-0.205814991507;864;43;0.1075;0.5;36.3975;40.0;63.0675;11.0;22.5;12.6875;3.305;0.0;6.102499999999999;0.53;1.1074999999999997;0.4675;2.3124999999999996;1.5;10.6875
11286;zone39;4541.7482834333705;4418.565122351524;0.0;zone39;S01010294;13;690;631;275;[0.242105,0.526316,0.231579];[0.650873,0.214464,0.134663];[0.583333,0.208333,0.208333];[0.414894,0.489362,0.095745];[0.164835164835,0.043956043956,0.494505494505,0.296703296703];4;440.0;-0.0342259463805;914;34;0.10153846153846154;1.5384615384615385;40.18769230769231;39.69230769230769;65.68307692307692;10.461538461538462;22.307692307692307;13.461538461538462;3.769230769230769;0.0;3.366153846153846;0.13538461538461538;2.5138461538461545;0.2923076923076924;1.6123076923076924;6.153846153846154;9.153846153846153
11286;zone40;4766.8646917667475;4574.50133624035;0.0;zone40;S01010295;18;974;870;427;[0.384615,0.391026,0.224359];[0.604555,0.310559,0.084886];[0.428571,0.285714,0.285714];[0.390728,0.516556,0.092715];[0.212765957447,0.113475177305,0.297872340426,0.375886524823];4;529.0;0.0680145754747;1405;45;0.09111111111111111;1.9444444444444444;47.6311111111111;36.55555555555556;69.50444444444445;10.166666666666666;22.27777777777778;16.38888888888889;2.755555555555556;0.0;4.691111111111111;0.66;1.4288888888888889;0.35111111111111115;1.591111111111111;7.222222222222222;9.055555555555555
11286;zone41;4647.752341766679;4736.091736240359;0.0;zone41;S01010296;16;664;560;291;[0.294118,0.423529,0.282353];[0.520913,0.368821,0.110266];[0.375,0.375,0.25];[0.475524,0.391608,0.132867];[0.282828282828,0.111111111111,0.363636363636,0.242424242424];2;856.0;0.444094443477;1305;32;0.0775;1.5625;39.792500000000004;28.375;65.81250000000001;11.375;23.0;13.5;1.8775000000000002;0.0;3.575;0.6875;1.4799999999999998;0.455;2.11;6.125;7.0625
11286;zone42;5522.849421766708;4411.996091240393;0.0;zone42;S01010297;7;1066;894;676;[0.582609,0.382609,0.034783];[0.691824,0.245283,0.062893];[0.540541,0.333333,0.126126];[0.681275,0.270916,0.047809];[0.260563380282,0.140845070423,0.37323943662,0.225352112676];1;504.0;0.0391758595379;1354;11;0.06285714285714286;1.4285714285714286;46.97142857142857;26.571428571428573;60.54857142857143;9.571428571428571;21.428571428571427;15.857142857142858;1.3314285714285714;0.0;0.12571428571428572;0.14857142857142858;2.565714285714286;0.4742857142857143;2.2342857142857144;5.142857142857143;4.0
11286;zone43;4706.481893689814;4143.807995855712;0.0;zone43;S01010298;12;880;677;515;[0.308943,0.479675,0.211382];[0.581395,0.356589,0.062016];[0.539683,0.396825,0.063492];[0.744828,0.193103,0.062069];[0.227272727273,0.0984848484848,0.371212121212,0.30303030303];1;486.0;0.0190902878356;1072;22;0.07333333333333333;1.5;35.22;24.833333333333332;65.22666666666667;11.833333333333334;23.25;11.833333333333334;2.066666666666667;0.0;3.9100000000000006;0.24;1.32;0.4433333333333333;2.483333333333333;6.0;6.916666666666667
11286;zone44;4885.424673909578;4209.645754097502;0.0;zone44;S01010299;4;536;404;292;[0.3,0.54,0.16];[0.556701,0.340206,0.103093];[0.458333,0.520833,0.020833];[0.584906,0.283019,0.132075];[0.428571428571,0.0857142857143,0.285714285714,0.2];1;375.0;-0.10827530326;722;10;0.1;1.0;35.68;35.75;70.31;14.0;25.25;12.5;4.12;0.0;0.55;0.47;5.369999999999999;0.52;2.5300000000000002;3.25;10.25
11286;zone45;4883.397012115578;4340.414778682246;0.0;zone45;S01010300;21;934;764;478;[0.460784,0.411765,0.127451];[0.664653,0.238671,0.096677];[0.632353,0.323529,0.044118];[0.606383,0.329787,0.06383];[0.3046875,0.125,0.3515625,0.21875];2;513.0;0.0498225801839;604;46;0.08190476190476191;1.1428571428571428;32.8;24.61904761904762;65.2304761904762;12.761904761904763;23.904761904761905;10.904761904761905;1.8914285714285717;0.0;1.4761904761904763;0.17333333333333334;3.108571428571428;0.5866666666666668;2.674285714285715;6.0476190476190474;6.142857142857143
11286;zone46;5144.66081966521;4032.769083704074;0.0;zone46;S01010301;6;522;457;283;[0.292683,0.597561,0.109756];[0.57563,0.315126,0.109244];[0.222222,0.703704,0.074074];[0.561798,0.393258,0.044944];[0.214285714286,0.0612244897959,0.459183673469,0.265306122449];4;490.0;0.0232745011966;1103;16;0.10666666666666667;3.1666666666666665;43.45333333333334;29.166666666666668;75.94000000000001;12.0;23.166666666666668;14.833333333333334;4.64;0.0;1.4733333333333334;0.34;2.066666666666667;0.18666666666666668;1.26;14.0;8.166666666666666
11286;zone47;5165.568789180556;4297.038752619699;0.0;zone47;S01010302;24;669;495;388;[0.65625,0.28125,0.0625];[0.6,0.356522,0.043478];[0.716981,0.226415,0.056604];[0.801802,0.18018,0.018018];[0.582417582418,0.0769230769231,0.263736263736,0.0769230769231];1;392.0;-0.0896499889057;1433;65;0.09833333333333333;1.0;52.160000000000004;29.625;67.32666666666668;11.166666666666666;22.833333333333332;18.0;3.125;0.0;1.0316666666666665;0.15333333333333335;2.7199999999999993;0.33499999999999996;2.465;3.875;6.5
11286;zone48;5241.140616766716;4139.402270499609;0.0;zone48;S01010303;33;579;387;250;[0.692308,0.153846,0.153846];[0.56701,0.298969,0.134021];[0.630435,0.282609,0.086957];[0.658879,0.285047,0.056075];[0.58407079646,0.106194690265,0.274336283186,0.0353982300885];1;415.0;-0.0627120940391;1607;81;0.09333333333333334;1.6666666666666667;45.32242424242424;26.333333333333332;64.9587878787879;10.696969696969697;22.393939393939394;15.363636363636363;3.3296969696969696;0.0;0.7624242424242427;0.2896969696969698;1.7478787878787878;0.3527272727272726;1.938181818181819;6.333333333333333;5.696969696969697
11286;zone49;4853.647576226233;3833.123065294377;0.0;zone49;S01010304;12;542;456;332;[0.323529,0.514706,0.161765];[0.635135,0.25,0.114865];[0.477273,0.522727,0.0];[0.829268,0.109756,0.060976];[0.372340425532,0.0425531914894,0.297872340426,0.287234042553];1;804.0;0.384523850516;2338;25;0.07666666666666666;0.8333333333333334;72.31666666666668;32.666666666666664;73.67666666666666;10.75;22.666666666666668;24.833333333333332;4.159999999999999;0.0;1.3;0.5033333333333334;2.29;0.44;2.256666666666667;2.75;7.75
11286;zone50;4697.410406890209;3639.1027396354093;0.0;zone50;S01010305;7;807;694;478;[0.36036,0.468468,0.171171];[0.553191,0.33617,0.110638];[0.409639,0.301205,0.289157];[0.589888,0.337079,0.073034];[0.198529411765,0.0735294117647,0.382352941176,0.345588235294];1;223.0;-0.28282788147;627;19;0.10857142857142857;0.8571428571428571;40.92;36.57142857142857;61.41142857142857;10.142857142857142;22.285714285714285;13.571428571428571;5.731428571428572;0.0;1.445714285714286;0.5828571428571429;0.777142857142857;0.4685714285714285;2.1142857142857143;2.4285714285714284;8.0
11286;zone51;4591.3082521834585;3868.367573740388;0.0;zone51;S01010306;13;752;675;449;[0.35625,0.56875,0.075];[0.570588,0.355882,0.073529];[0.283019,0.566038,0.150943];[0.650943,0.330189,0.018868];[0.165680473373,0.0473372781065,0.479289940828,0.307692307692];2;238.0;-0.265781391166;805;23;0.07076923076923076;1.3076923076923077;43.07076923076923;37.07692307692308;71.8923076923077;13.153846153846153;23.846153846153847;14.538461538461538;4.495384615384615;0.0;2.6892307692307686;2.2369230769230772;0.870769230769231;0.3692307692307693;2.1015384615384614;5.923076923076923;9.846153846153847
11286;zone52;4503.72067559025;3742.2957906521283;0.0;zone52;S01010307;9;821;732;428;[0.189922,0.577519,0.232558];[0.407407,0.487654,0.104938];[0.346154,0.538462,0.115385];[0.71875,0.234375,0.046875];[0.0681818181818,0.0568181818182,0.375,0.5];5;319.0;-0.172537833795;455;31;0.13777777777777778;2.111111111111111;44.22666666666667;43.333333333333336;76.83999999999999;12.444444444444445;24.11111111111111;15.222222222222221;3.151111111111111;0.0;1.8800000000000001;5.315555555555556;0.56;0.31555555555555564;1.6444444444444446;10.333333333333334;10.444444444444445
11286;zone53;4364.519870735056;4047.768725526131;0.0;zone53;S01010308;9;975;858;480;[0.285714,0.54007,0.174216];[0.511936,0.384615,0.103448];[0.254902,0.411765,0.333333];[0.648352,0.307692,0.043956];[0.0970873786408,0.0631067961165,0.359223300971,0.480582524272];4;257.0;-0.244477582955;1155;33;0.13333333333333333;1.8888888888888888;48.82222222222222;41.333333333333336;69.24;9.222222222222221;22.333333333333332;16.555555555555557;3.9955555555555557;0.0;3.8666666666666663;1.64;0.9733333333333335;0.34666666666666673;1.5911111111111111;7.0;9.88888888888889
11286;zone54;5381.88771051669;3636.3205112402793;0.0;zone54;S01010309;4;419;356;264;[0.333333,0.25,0.416667];[0.478873,0.422535,0.098592];[0.352941,0.382353,0.264706];[0.705882,0.24183,0.052288];[0.365853658537,0.170731707317,0.390243902439,0.0731707317073];1;0.0;-0.540229885057;2153;2;0.02;2.0;45.419999999999995;17.75;62.64;9.5;22.25;15.5;0.88;0.0;0.7;0.02;1.9500000000000002;0.3;2.5;7.25;2.75
11286;zone55;5657.373406240428;3625.6586165034923;0.0;zone55;S01010310;13;706;540;381;[0.333333,0.238095,0.428571];[0.565517,0.337931,0.096552];[0.54902,0.27451,0.176471];[0.715415,0.256917,0.027668];[0.484848484848,0.151515151515,0.318181818182,0.0454545454545];1;574.0;0.120406534162;845;19;0.05846153846153846;1.1538461538461537;44.0123076923077;29.0;62.41230769230769;10.23076923076923;22.23076923076923;14.846153846153847;1.9815384615384615;0.0;1.0553846153846154;0.2584615384615384;2.913846153846154;0.44615384615384607;2.6738461538461538;4.076923076923077;5.846153846153846
11286;zone56;5685.425126382168;3318.6970593171873;0.0;zone56;S01010311;22;721;556;351;[0.411765,0.352941,0.235294];[0.472222,0.453704,0.074074];[0.571429,0.404762,0.02381];[0.717949,0.271062,0.010989];[0.565217391304,0.121739130435,0.269565217391,0.0434782608696];1;1534.0;1.22364271569;1642;26;0.04727272727272727;1.3636363636363635;59.36363636363635;25.0;68.33636363636366;10.181818181818182;22.40909090909091;20.272727272727273;1.541818181818182;0.0;1.614545454545454;0.02727272727272727;2.8436363636363633;0.3963636363636364;2.6127272727272732;4.7272727272727275;5.5
11286;zone57;5466.52613028024;3072.1402274564575;0.0;zone57;S01010312;34;868;647;425;[0.117647,0.823529,0.058824];[0.754386,0.22807,0.017544];[0.407407,0.444444,0.148148];[0.804945,0.153846,0.041209];[0.586956521739,0.115942028986,0.268115942029,0.0289855072464];1;685.0;0.247477927043;1651;49;0.05176470588235294;1.2058823529411764;55.1035294117647;27.61764705882353;66.86941176470589;10.147058823529411;22.5;18.852941176470587;1.4564705882352944;0.0;1.916470588235294;0.03176470588235294;3.1270588235294117;0.3776470588235295;2.343529411764706;4.382352941176471;5.970588235294118
11286;zone58;5251.7403530303945;3502.549209042501;0.0;zone58;S01010313;16;654;529;356;[0.428571,0.285714,0.285714];[0.6,0.333333,0.066667];[0.433735,0.481928,0.084337];[0.739623,0.162264,0.098113];[0.648351648352,0.131868131868,0.175824175824,0.043956043956];1;565.0;0.109617915218;2142;23;0.0575;1.125;60.807500000000005;24.3125;72.64500000000001;12.125;23.625;20.9375;2.435;0.0;1.465;0.07;2.7974999999999994;0.545;2.525;4.5;6.1875
11286;zone59;4840.312157862589;3385.4448126102257;0.0;zone59;S01010314;21;1248;1034;550;[0.358209,0.507463,0.134328];[0.514493,0.333333,0.152174];[0.5,0.326923,0.173077];[0.636,0.324,0.04];[0.316901408451,0.133802816901,0.401408450704,0.147887323944];1;637.0;0.192402372167;1039;42;0.07809523809523809;1.8095238095238095;35.34666666666668;20.61904761904762;66.88380952380952;12.904761904761905;23.857142857142858;11.761904761904763;2.398095238095238;0.0;1.9123809523809523;0.6438095238095238;0.8266666666666667;0.44190476190476197;1.99047619047619;8.380952380952381;5.333333333333333
11286;zone60;4536.293429266749;2504.1273706154316;0.0;zone60;S01010315;43;911;678;409;[0.180723,0.554217,0.26506];[0.252632,0.457895,0.289474];[0.208333,0.5,0.291667];[0.55144,0.345679,0.102881];[0.308176100629,0.169811320755,0.358490566038,0.163522012579];2;382.0;-0.100954860853;1601;99;0.08930232558139535;1.6744186046511629;49.63162790697675;26.627906976744185;66.79069767441861;10.511627906976743;22.488372093023255;16.837209302325583;2.2344186046511627;0.0;1.9767441860465116;0.01581395348837209;2.5172093023255813;0.35906976744186037;2.011162790697674;5.976744186046512;6.255813953488372
11286;zone61;4589.6619547948285;2943.195659127726;0.0;zone61;S01010316;25;512;414;304;[0.392157,0.529412,0.078431];[0.62931,0.37069,0.0];[0.439024,0.560976,0.0];[0.775401,0.224599,0.0];[0.439252336449,0.102803738318,0.252336448598,0.205607476636];1;481.0;0.0128180141103;1417;46;0.0672;1.44;49.73439999999999;26.68;69.9808;11.48;23.48;16.76;2.2048;0.0;3.2351999999999994;0.064;2.1519999999999997;0.4431999999999999;2.9088000000000007;5.52;7.16
11286;zone63;4421.5566371748755;3071.026327566895;0.0;zone63;S01010318;12;1588;1497;304;[0.5,0.456522,0.043478];[0.469799,0.47651,0.053691];[0.310345,0.37931,0.310345];[0.678571,0.285714,0.035714];[0.36,0.14,0.34,0.16];3;317.0;-0.175110645645;1147;32;0.09666666666666666;1.0833333333333333;55.13;38.5;73.58333333333333;11.5;23.416666666666668;19.083333333333332;6.03;0.0;3.436666666666667;0.9166666666666666;0.8166666666666668;0.4033333333333333;2.1633333333333327;4.25;10.666666666666666
11286;zone64;4173.240913470097;2893.8040771744095;0.0;zone64;S01010319;9;711;624;407;[0.258741,0.608392,0.132867];[0.383399,0.486166,0.130435];[0.439394,0.212121,0.348485];[0.530769,0.384615,0.084615];[0.171974522293,0.0700636942675,0.471337579618,0.286624203822];2;473.0;0.00423719084943;1446;20;0.08;1.4444444444444444;49.29777777777778;26.0;66.56444444444443;10.555555555555555;22.666666666666668;17.0;3.04;0.0;0.8044444444444445;0.2088888888888889;2.1466666666666665;0.3866666666666667;2.5422222222222226;5.444444444444445;5.666666666666667
11286;zone65;3940.1918462749595;2900.8899784533987;0.0;zone65;S01010320;4;675;594;437;[0.257813,0.523438,0.21875];[0.61753,0.298805,0.083665];[0.526316,0.22807,0.245614];[0.805085,0.169492,0.025424];[0.172185430464,0.0662251655629,0.443708609272,0.317880794702];1;646.0;0.202453315259;1189;3;0.03;1.75;37.87;19.25;68.62;12.75;24.75;13.75;3.01;0.0;1.08;0.16;1.9;0.45;2.46;7.0;5.75
11286;zone66;3905.8658739096163;2664.6669636212755;0.0;zone66;S01010321;7;837;634;432;[0.401709,0.555556,0.042735];[0.54717,0.433962,0.018868];[0.45122,0.439024,0.109756];[0.666667,0.271186,0.062147];[0.212328767123,0.0958904109589,0.390410958904,0.301369863014];1;1019.0;0.631764531736;1941;14;0.08;0.7142857142857143;50.97142857142857;27.857142857142858;70.02285714285715;12.857142857142858;23.571428571428573;17.714285714285715;3.108571428571429;0.0;1.062857142857143;0.03428571428571429;3.2285714285714286;0.42857142857142855;2.7942857142857145;3.4285714285714284;7.0
11286;zone67;3630.3978644730896;3132.1651121578075;0.0;zone67;S01010322;9;1028;914;549;[0.174419,0.549419,0.276163];[0.412399,0.471698,0.115903];[0.298507,0.38806,0.313433];[0.647059,0.323529,0.029412];[0.057268722467,0.0352422907489,0.449339207048,0.458149779736];5;124.0;-0.397569575369;1537;35;0.13777777777777778;1.6666666666666667;29.853333333333335;33.44444444444444;64.80000000000001;11.444444444444445;23.22222222222222;9.777777777777779;4.568888888888889;0.0;4.315555555555556;0.568888888888889;0.7155555555555555;0.3777777777777778;1.7688888888888892;6.222222222222222;9.777777777777779
11286;zone68;6208.193116766784;3072.425066795916;0.0;zone68;S01010323;4;603;466;377;[0.555556,0.444444,0.0];[0.657143,0.271429,0.071429];[0.642857,0.321429,0.035714];[0.793651,0.166667,0.039683];[0.578431372549,0.166666666667,0.235294117647,0.0196078431373];1;970.0;0.57559463238;1077;6;0.06;2.0;56.739999999999995;17.5;74.10999999999999;11.5;24.25;19.25;5.869999999999999;0.0;0.5900000000000001;0.05;0.32;0.16999999999999998;2.14;8.25;6.5
11286;zone69;6517.651722029823;2240.572579661372;0.0;zone69;S01010324;6;759;566;403;[0.142857,0.571429,0.285714];[0.298077,0.490385,0.211538];[0.333333,0.530864,0.135802];[0.401674,0.414226,0.1841];[0.569620253165,0.101265822785,0.291139240506,0.0379746835443];1;407.0;-0.0721601679586;1305;6;0.03333333333333333;1.6666666666666667;42.18;24.833333333333332;67.2;12.666666666666666;23.666666666666668;13.833333333333334;1.46;0.0;0.98;0.0;3.2999999999999994;0.30666666666666664;2.2600000000000002;7.0;5.333333333333333
11286;zone70;6038.016041009105;2402.8415869980217;0.0;zone70;S01010325;18;939;666;501;[0.263158,0.368421,0.368421];[0.383838,0.525253,0.090909];[0.253623,0.615942,0.130435];[0.451362,0.463035,0.085603];[0.545454545455,0.238636363636,0.193181818182,0.0227272727273];1;225.0;-0.281126582053;1721;34;0.06666666666666667;1.3888888888888888;48.59111111111111;26.555555555555557;69.32444444444444;11.88888888888889;23.5;16.38888888888889;1.8333333333333333;0.0;0.3444444444444444;0.0;4.4044444444444455;0.48444444444444446;2.937777777777778;5.444444444444445;6.111111111111111
11286;zone71;5272.359331052501;2740.775131541117;0.0;zone71;S01010326;39;987;707;494;[0.526316,0.368421,0.105263];[0.522523,0.333333,0.144144];[0.492188,0.3125,0.195313];[0.723514,0.224806,0.05168];[0.54375,0.16875,0.23125,0.05625];1;1389.0;1.05701743376;1010;67;0.06666666666666667;1.0512820512820513;47.94871794871795;28.17948717948718;67.62153846153845;11.512820512820513;23.0;16.17948717948718;1.62051282051282;0.0;4.691282051282052;0.04512820512820513;1.7394871794871791;0.4164102564102565;2.534358974358975;4.230769230769231;7.6923076923076925
11286;zone72;4970.167032608406;2501.795090448298;0.0;zone72;S01010327;34;982;660;362;[0.031746,0.507937,0.460317];[0.372881,0.432203,0.194915];[0.289063,0.328125,0.382813];[0.516892,0.347973,0.135135];[0.416184971098,0.21387283237,0.236994219653,0.132947976879];1;470.0;0.000335688704598;928;41;0.04470588235294118;1.6764705882352942;43.685882352941185;27.147058823529413;65.39058823529412;10.235294117647058;22.264705882352942;14.794117647058824;1.78;0.0;5.364705882352942;0.00352941176470588;0.9482352941176473;0.26117647058823534;2.237647058823529;5.676470588235294;7.588235294117647
11286;zone73;5975.307390960257;2677.5485166167286;0.0;zone73;S01010328;24;969;706;445;[0.16129,0.5,0.33871];[0.27044,0.471698,0.257862];[0.192547,0.434783,0.372671];[0.338983,0.432203,0.228814];[0.309352517986,0.258992805755,0.280575539568,0.151079136691];2;457.0;-0.0138550124678;2092;44;0.07;1.2916666666666667;44.86833333333334;25.875;63.56666666666666;10.541666666666666;22.375;15.125;2.401666666666667;0.0;0.8600000000000002;0.0;2.7300000000000004;0.4616666666666667;2.1116666666666664;5.083333333333333;5.458333333333333
