cycle;name;location.x;location.y;location.z;name;dataZone;nm_children;pop;over16;nm_hh;AB_car_prob;C1_car_prob;C2_car_prob;DE_car_prob;prob_social;simd;crimeRate;norm_crime;avg_dis_sh;neigh_play;daily_play_per_child;avg_FSA;avg_walk;daily_OD;zone_mvpa;mvpa_home;mvpa_sc;mvpa_road;mvpa_play_field;mvpa_home_garden;mvpa_park;mvpa_PG;mvpa_amenity;mvpa_shops;mvpa_F_home;mvpa_fsa;mvpa_OD
11286;zone0;8448.90275962388;2625.4515469546564;0.0;zone0;S01010195;19;531;390;212;[0.0,0.481481,0.518519];[0.261538,0.646154,0.092308];[0.12,0.59,0.29];[0.447368,0.368421,0.184211];[0.418918918919,0.283783783784,0.202702702703,0.0945945945946];1;0.0;-0.540229885057;1108;33;0.06736842105263158;0.8947368421052632;41.25684210526316;28.105263157894736;59.21473684210526;9.68421052631579;21.842105263157894;13.894736842105264;0.9263157894736843;0.0;2.3073684210526317;0.0;2.7621052631578946;0.33473684210526317;2.305263157894737;3.4210526315789473;5.578947368421052
11286;zone1;8656.736904000718;2165.9902346445633;0.0;zone1;S01010198;18;1027;748;394;[0.058824,0.529412,0.411765];[0.305785,0.561983,0.132231];[0.219858,0.496454,0.283688];[0.523179,0.331126,0.145695];[0.48623853211,0.229357798165,0.266055045872,0.0183486238532];1;1609.0;1.3102524676;1312;24;0.04888888888888889;1.3888888888888888;34.82222222222222;20.555555555555557;62.14444444444445;11.833333333333334;23.22222222222222;11.666666666666666;1.328888888888889;0.0;1.2266666666666668;0.00888888888888889;2.6333333333333324;0.44222222222222224;2.46;5.555555555555555;4.777777777777778
11286;zone2;8537.588755655543;3024.028900129281;0.0;zone2;S01010201;22;643;453;253;[0.0,0.47619,0.52381];[0.270833,0.3125,0.416667];[0.088,0.48,0.432];[0.296552,0.434483,0.268966];[0.365853658537,0.292682926829,0.292682926829,0.0487804878049];2;219.0;-0.28762447053;1051;33;0.06;1.4545454545454546;34.82727272727273;30.636363636363637;61.88727272727274;11.090909090909092;22.40909090909091;11.727272727272727;1.1945454545454544;0.0;2.3418181818181814;0.04363636363636364;3.4927272727272722;0.3018181818181818;1.8490909090909091;5.636363636363637;6.5
11286;zone3;8059.42097232239;3767.666522351409;0.0;zone3;S01010203;30;671;504;260;[0.090909,0.363636,0.545455];[0.263804,0.460123,0.276074];[0.094828,0.422414,0.482759];[0.183824,0.375,0.441176];[0.272727272727,0.218181818182,0.363636363636,0.145454545455];3;215.0;-0.292668818285;1941;37;0.04666666666666667;1.9;41.00533333333333;23.0;69.65333333333335;12.166666666666666;24.166666666666668;13.9;1.3293333333333335;0.0;2.362666666666667;0.0;2.880000000000001;0.3693333333333333;2.1586666666666665;8.433333333333334;6.033333333333333
11286;zone4;8368.288440296214;3565.498290652094;0.0;zone4;S01010204;30;800;589;381;[0.272727,0.727273,0.0];[0.627451,0.27451,0.098039];[0.444444,0.533333,0.022222];[0.600619,0.321981,0.077399];[0.595041322314,0.157024793388,0.239669421488,0.00826446280992];1;497.0;0.0317745673598;1136;40;0.05333333333333334;1.6333333333333333;39.56533333333332;25.333333333333332;65.50666666666665;11.9;23.366666666666667;13.433333333333334;1.2786666666666668;0.0;2.0919999999999996;0.068;3.044000000000001;0.28400000000000003;2.3933333333333335;6.133333333333334;5.933333333333334
11286;zone5;8034.229745798958;3515.110462853287;0.0;zone5;S01010205;15;658;534;355;[0.411765,0.117647,0.470588];[0.465116,0.457364,0.077519];[0.317757,0.588785,0.093458];[0.593458,0.280374,0.126168];[0.466666666667,0.2,0.3,0.0333333333333];1;925.0;0.523434132086;1222;21;0.05066666666666667;1.4;37.288;25.666666666666668;64.488;11.933333333333334;23.2;12.2;1.0933333333333335;0.0;2.6826666666666665;0.0;3.1013333333333333;0.5173333333333334;2.5760000000000005;5.4;6.4
11286;zone6;7457.064719570519;3739.055375726369;0.0;zone6;S01010208;18;903;745;565;[0.30137,0.589041,0.109589];[0.48062,0.457364,0.062016];[0.272727,0.613636,0.113636];[0.66055,0.270642,0.068807];[0.233333333333,0.133333333333,0.461111111111,0.172222222222];1;603.0;0.153385979085;1446;24;0.04888888888888889;2.2222222222222223;46.248888888888885;18.61111111111111;70.39111111111112;12.055555555555555;23.77777777777778;15.722222222222221;1.7222222222222223;0.0;2.082222222222222;0.0;2.006666666666666;0.36666666666666675;1.9111111111111105;8.777777777777779;5.388888888888889
11286;zone7;7917.838214725937;1939.334458859395;0.0;zone7;S01010209;24;966;677;468;[0.172414,0.586207,0.241379];[0.333333,0.414966,0.251701];[0.381944,0.458333,0.159722];[0.545852,0.336245,0.117904];[0.337931034483,0.248275862069,0.303448275862,0.110344827586];1;2053.0;1.82052250092;1634;28;0.045;1.5833333333333333;47.195000000000014;20.583333333333332;66.16666666666667;11.041666666666666;22.666666666666668;16.125;0.6533333333333334;0.0;2.595;0.0;1.6833333333333333;0.4050000000000001;2.1300000000000003;7.041666666666667;4.416666666666667
11286;zone8;7878.406567747077;2721.2634132011362;0.0;zone8;S01010210;18;885;641;416;[0.173913,0.456522,0.369565];[0.21519,0.5,0.28481];[0.189781,0.386861,0.423358];[0.422111,0.442211,0.135678];[0.394736842105,0.236842105263,0.254385964912,0.114035087719];1;344.0;-0.144253829852;1301;25;0.05111111111111111;1.2222222222222223;33.826666666666675;18.11111111111111;58.019999999999996;10.944444444444445;22.11111111111111;11.166666666666666;0.8555555555555555;0.0;1.7133333333333334;0.0;2.0422222222222226;0.4066666666666667;2.52;4.333333333333333;4.166666666666667
11286;zone9;7785.599648345685;3201.783800714137;0.0;zone9;S01010211;22;858;634;452;[0.147059,0.705882,0.147059];[0.384615,0.452991,0.162393];[0.469565,0.4,0.130435];[0.722656,0.226563,0.050781];[0.473214285714,0.169642857143,0.285714285714,0.0714285714286];1;430.0;-0.0456985893816;1125;36;0.06545454545454546;1.5454545454545454;40.92545454545455;25.59090909090909;67.46727272727271;11.954545454545455;23.59090909090909;13.909090909090908;1.1618181818181819;0.0;2.9963636363636357;0.0;3.0545454545454542;0.3854545454545455;2.3236363636363637;6.318181818181818;6.7272727272727275
11286;zone10;7580.688680869333;3097.127786881416;0.0;zone10;S01010212;49;1083;779;559;[0.233333,0.633333,0.133333];[0.594771,0.339869,0.065359];[0.465517,0.405172,0.12931];[0.712821,0.269231,0.017949];[0.566037735849,0.138364779874,0.22641509434,0.0691823899371];1;1473.0;1.15298517036;1209;74;0.05551020408163265;1.0204081632653061;47.931428571428576;28.020408163265305;64.43428571428572;10.612244897959183;22.53061224489796;16.183673469387756;1.1755102040816328;0.0;2.3281632653061224;0.0;3.186122448979592;0.4008163265306121;2.382040816326531;3.877551020408163;6.183673469387755
11286;zone11;8065.177293237223;3111.5884965344962;0.0;zone11;S01010213;13;924;657;476;[0.105263,0.684211,0.210526];[0.382609,0.547826,0.069565];[0.218543,0.556291,0.225166];[0.467925,0.483019,0.049057];[0.451327433628,0.221238938053,0.274336283186,0.0530973451327];1;247.0;-0.255840453357;1004;21;0.06461538461538462;1.9230769230769231;33.42153846153847;21.076923076923077;66.88615384615383;12.307692307692308;23.53846153846154;11.461538461538462;0.7230769230769231;0.0;2.166153846153846;0.0;2.353846153846154;0.3661538461538463;2.0461538461538464;9.76923076923077;4.846153846153846
11286;zone12;7144.994858230166;1947.4125453867302;0.0;zone12;S01010214;27;967;717;396;[0.098592,0.28169,0.619718];[0.197531,0.438272,0.364198];[0.173333,0.493333,0.333333];[0.237069,0.487069,0.275862];[0.361344537815,0.210084033613,0.310924369748,0.117647058824];3;176.0;-0.337854473183;1973;50;0.07407407407407407;1.3333333333333333;41.44592592592593;26.814814814814813;64.95851851851852;11.25925925925926;22.925925925925927;14.074074074074074;2.091851851851852;0.0;2.2044444444444444;0.0;2.6088888888888886;0.5022222222222221;1.9451851851851856;5.407407407407407;6.333333333333333
11286;zone13;7013.590150664996;2618.495528189446;0.0;zone13;S01010215;24;850;608;492;[0.571429,0.285714,0.142857];[0.5,0.431373,0.068627];[0.382609,0.391304,0.226087];[0.678571,0.269841,0.051587];[0.467289719626,0.140186915888,0.345794392523,0.0467289719626];1;547.0;0.0886083430805;622;39;0.065;0.875;34.48833333333334;30.5;62.18;11.833333333333334;23.041666666666668;11.541666666666666;0.9250000000000002;0.0;2.3466666666666662;0.0;4.214999999999999;0.48333333333333334;2.6649999999999996;3.2916666666666665;7.083333333333333
11286;zone14;7332.222205807836;2329.961970144465;0.0;zone14;S01010216;15;621;464;361;[0.6,0.4,0.0];[0.597701,0.356322,0.045977];[0.409091,0.439394,0.151515];[0.709544,0.273859,0.016598];[0.5,0.163265306122,0.265306122449,0.0714285714286];1;600.0;0.150092344085;1303;20;0.048;1.7333333333333334;59.66933333333334;23.6;68.47733333333333;10.066666666666666;22.133333333333333;20.333333333333332;0.9599999999999999;0.0;3.0266666666666655;0.0;2.112;0.456;1.8746666666666665;5.666666666666667;5.6
11286;zone15;7299.833172322251;2625.8610945736937;0.0;zone15;S01010217;33;817;598;406;[0.16129,0.516129,0.322581];[0.565517,0.4,0.034483];[0.5,0.431373,0.068627];[0.702703,0.283784,0.013514];[0.541935483871,0.0967741935484,0.296774193548,0.0645161290323];1;1060.0;0.679274950851;1008;37;0.04121212121212121;1.696969696969697;41.15151515151514;26.242424242424242;66.54545454545455;11.727272727272727;23.242424242424242;13.93939393939394;0.9927272727272729;0.0;2.4254545454545453;0.0;3.2157575757575754;0.35757575757575755;2.1648484848484846;6.787878787878788;6.121212121212121
11286;zone16;7142.953643082513;3018.5401822929393;0.0;zone16;S01010218;31;1018;790;587;[0.425532,0.404255,0.170213];[0.392523,0.453271,0.154206];[0.358209,0.492537,0.149254];[0.589124,0.335347,0.075529];[0.424657534247,0.109589041096,0.369863013699,0.0958904109589];1;557.0;0.101026678737;568;51;0.06451612903225806;0.6774193548387096;29.963870967741933;26.838709677419356;57.651612903225804;11.580645161290322;22.967741935483872;10.0;1.1612903225806452;0.0;1.2270967741935486;0.0;3.734193548387098;0.42838709677419357;2.606451612903226;2.4193548387096775;5.612903225806452
11286;zone17;6738.8937706128745;4298.8917997019325;0.0;zone17;S01010219;21;503;382;274;[0.695652,0.304348,0.0];[0.758621,0.215517,0.025862];[0.761905,0.166667,0.071429];[0.781609,0.195402,0.022989];[0.41935483871,0.0752688172043,0.408602150538,0.0967741935484];2;184.0;-0.327838932938;1664;31;0.05523809523809524;1.0476190476190477;55.60761904761906;28.571428571428573;69.16571428571427;10.666666666666666;22.80952380952381;18.761904761904763;3.2819047619047614;0.0;2.7714285714285714;0.01523809523809524;1.4400000000000002;0.36761904761904773;2.137142857142857;5.190476190476191;7.0476190476190474
11286;zone18;5915.780765415368;4211.222876105162;0.0;zone18;S01010220;7;476;433;279;[0.181159,0.608696,0.210145];[0.404255,0.531915,0.06383];[0.227273,0.704545,0.068182];[0.448276,0.482759,0.068966];[0.154545454545,0.0636363636364,0.318181818182,0.463636363636];5;267.0;-0.232306706325;1354;20;0.11428571428571428;1.0;33.50857142857143;27.857142857142858;63.97714285714285;12.571428571428571;23.857142857142858;10.857142857142858;4.6571428571428575;0.0;1.6400000000000001;0.01714285714285714;2.091428571428571;0.37714285714285717;2.3542857142857145;4.142857142857143;7.857142857142857
11286;zone19;6341.0811208317455;3913.8398648988496;0.0;zone19;S01010221;13;546;394;260;[0.6,0.4,0.0];[0.557377,0.409836,0.032787];[0.538462,0.323077,0.138462];[0.699387,0.257669,0.042945];[0.609375,0.140625,0.203125,0.046875];1;635.0;0.19005459739;817;18;0.05538461538461539;0.6923076923076923;40.03692307692307;19.307692307692307;63.13846153846154;12.538461538461538;24.076923076923077;13.23076923076923;3.0861538461538465;0.0;2.1169230769230767;0.0923076923076923;0.8184615384615385;0.48615384615384616;2.9353846153846157;2.3076923076923075;5.6923076923076925
11286;zone20;7001.213463613622;4053.9957950241624;0.0;zone20;S01010222;15;492;414;285;[0.142857,0.5,0.357143];[0.432432,0.459459,0.108108];[0.348624,0.522936,0.12844];[0.747899,0.235294,0.016807];[0.345238095238,0.214285714286,0.309523809524,0.130952380952];1;377.0;-0.105830277325;1839;22;0.05866666666666667;1.4;46.416000000000004;20.0;64.13333333333334;11.066666666666666;22.466666666666665;15.533333333333333;1.4800000000000002;0.0;1.6079999999999999;0.0;1.8586666666666671;0.504;2.6133333333333337;5.2;4.466666666666667
11286;zone21;6986.8418912765155;3434.1450308482026;0.0;zone21;S01010223;4;556;462;337;[0.076923,0.538462,0.384615];[0.567797,0.330508,0.101695];[0.472222,0.444444,0.083333];[0.584699,0.36612,0.04918];[0.432432432432,0.162162162162,0.324324324324,0.0810810810811];1;439.0;-0.0353356041414;1869;3;0.03;1.25;52.37;23.25;81.08000000000001;15.25;26.0;17.5;6.159999999999999;0.0;2.16;0.0;1.2400000000000002;0.8;3.1100000000000003;7.0;9.0
11286;zone22;6247.397837456437;3329.661273309237;0.0;zone22;S01010224;40;1036;727;469;[0.405405,0.540541,0.054054];[0.592593,0.274074,0.133333];[0.418803,0.504274,0.076923];[0.768421,0.202632,0.028947];[0.506097560976,0.140243902439,0.268292682927,0.0853658536585];1;1004.0;0.614259332793;975;53;0.05;1.525;43.12599999999999;18.6;67.185;12.0;23.525;14.725;2.984;0.0;1.629;0.05;1.0279999999999998;0.43999999999999995;2.4069999999999996;6.575;5.2
11286;zone23;7827.985844039554;4105.4701191949;0.0;zone23;S01010225;33;812;636;431;[0.25,0.634615,0.115385];[0.469072,0.43299,0.097938];[0.54023,0.413793,0.045977];[0.672065,0.234818,0.093117];[0.385185185185,0.125925925926,0.325925925926,0.162962962963];1;1006.0;0.616572011517;1662;30;0.03272727272727273;1.8484848484848484;52.933333333333344;21.78787878787879;68.87393939393941;10.515151515151516;22.87878787878788;18.060606060606062;1.9684848484848483;0.0;1.581818181818182;0.0;2.454545454545454;0.32484848484848483;2.230303030303029;6.96969696969697;5.575757575757576
11286;zone24;7040.363001382077;4481.052780471187;0.0;zone24;S01010226;40;816;565;394;[0.454545,0.242424,0.30303];[0.715385,0.2,0.084615];[0.540541,0.405405,0.054054];[0.766917,0.18797,0.045113];[0.503355704698,0.201342281879,0.221476510067,0.0738255033557];2;422.0;-0.0548014077425;1111;62;0.059;1.225;42.479;28.2;66.69899999999998;11.45;23.15;14.4;4.123;0.0;2.9070000000000005;0.013;1.3940000000000003;0.3559999999999999;2.379;4.8;7.95
11286;zone25;6847.772309074456;4638.663588163389;0.0;zone25;S01010227;39;692;454;294;[0.413793,0.413793,0.172414];[0.704545,0.238636,0.056818];[0.654545,0.345455,0.0];[0.810606,0.159091,0.030303];[0.672268907563,0.0924369747899,0.159663865546,0.0756302521008];4;0.0;-0.540229885057;1258;78;0.07897435897435898;1.1794871794871795;49.89641025641025;40.87179487179487;72.20820512820514;11.333333333333334;23.153846153846153;16.82051282051282;4.867692307692308;0.0;4.748717948717948;0.0;2.3087179487179497;0.46051282051282055;2.0174358974358975;4.897435897435898;11.487179487179487
11286;zone26;8241.816993110848;4572.457656401622;0.0;zone26;S01010229;30;1016;787;508;[0.1,0.625,0.275];[0.350877,0.350877,0.298246];[0.348315,0.477528,0.174157];[0.565217,0.310559,0.124224];[0.420731707317,0.213414634146,0.292682926829,0.0731707317073];1;395.0;-0.0859445809966;1359;32;0.04133333333333333;1.8;43.211999999999996;17.066666666666666;65.04533333333333;11.6;22.933333333333334;14.633333333333333;1.2026666666666666;0.0;1.4546666666666668;0.01333333333333333;1.8826666666666667;0.3426666666666666;2.1333333333333333;6.933333333333334;4.066666666666666
11286;zone27;7458.320056766788;4680.341251240345;0.0;zone27;S01010230;24;1005;772;577;[0.314286,0.628571,0.057143];[0.703883,0.296117,0.0];[0.727273,0.218182,0.054545];[0.71831,0.24507,0.03662];[0.517857142857,0.136904761905,0.267857142857,0.077380952381];1;846.0;0.433218203459;1188;25;0.03833333333333333;1.2916666666666667;43.975;26.666666666666668;66.59166666666668;11.25;23.416666666666668;14.833333333333334;2.328333333333333;0.0;2.435;0.00833333333333333;2.5783333333333336;0.3283333333333334;2.2366666666666664;5.375;6.958333333333333
11286;zone28;7569.802990100143;4917.458811240416;0.0;zone28;S01010232;37;1074;792;485;[0.457143,0.485714,0.057143];[0.557292,0.338542,0.104167];[0.492063,0.333333,0.174603];[0.654229,0.251244,0.094527];[0.470297029703,0.153465346535,0.306930693069,0.0693069306931];1;771.0;0.347049794199;1249;49;0.05081081081081081;0.5945945945945946;44.05837837837839;29.27027027027027;66.62594594594597;12.243243243243244;23.54054054054054;15.027027027027026;2.151351351351351;0.0;2.8108108108108114;0.0;3.2778378378378377;0.5135135135135134;3.141621621621621;2.4594594594594597;7.8108108108108105
11286;zone29;7830.713068379679;4879.746446724283;0.0;zone29;S01010233;33;970;705;476;[0.275,0.625,0.1];[0.655629,0.245033,0.099338];[0.52809,0.426966,0.044944];[0.771505,0.212366,0.016129];[0.587209302326,0.093023255814,0.261627906977,0.0581395348837];1;284.0;-0.213781821634;1179;52;0.06060606060606061;0.9696969696969697;45.642424242424234;28.424242424242426;64.79030303030304;11.303030303030303;22.939393939393938;15.272727272727273;1.901818181818182;0.0;1.8593939393939392;0.0303030303030303;3.1503030303030304;0.35515151515151516;2.7393939393939397;3.515151515151515;6.484848484848484
11286;zone30;6473.383843181837;4954.519765957263;0.0;zone30;S01010261;6;2551;2373;526;[0.666667,0.270833,0.0625];[0.675841,0.281346,0.042813];[0.75,0.25,0.0];[0.824468,0.164894,0.010638];[0.41,0.06,0.41,0.12];3;176.0;-0.337679921334;1509;13;0.08666666666666667;1.0;62.38666666666666;38.833333333333336;74.71333333333334;11.333333333333334;23.833333333333332;22.0;3.173333333333334;0.0;1.6466666666666667;0.18000000000000002;4.5;0.39999999999999997;2.38;3.8333333333333335;9.0
11286;zone31;4930.642193689802;4959.449818932565;0.0;zone31;S01010266;3;555;474;237;[0.320755,0.556604,0.122642];[0.677273,0.254545,0.068182];[0.5,0.461538,0.038462];[0.534247,0.30137,0.164384];[0.141176470588,0.0588235294118,0.4,0.4];3;536.0;0.0761386922126;1277;2;0.02666666666666667;0.6666666666666666;35.74666666666667;26.666666666666668;62.44;12.333333333333334;24.0;11.333333333333334;1.8;0.0;1.4933333333333334;0.44;3.4666666666666663;0.5333333333333333;2.6933333333333334;2.0;6.666666666666667
11286;zone32;5712.5549897826;4979.400336637217;0.0;zone32;S01010270;4;1153;972;817;[0.389831,0.533898,0.076271];[0.70255,0.252125,0.045326];[0.714286,0.272727,0.012987];[0.771552,0.228448,0.0];[0.125,0.0909090909091,0.454545454545,0.329545454545];1;871.0;0.461200629557;1602;3;0.03;1.25;55.58;19.0;67.72;11.0;23.0;19.5;2.64;0.0;0.87;0.05;1.3399999999999999;0.22;2.5500000000000003;4.75;4.25
11286;zone33;3394.0723536088512;4934.677182292946;0.0;zone33;S01010282;13;976;841;645;[0.438776,0.520408,0.040816];[0.545732,0.405488,0.04878];[0.521277,0.382979,0.095745];[0.712707,0.232044,0.055249];[0.190954773869,0.070351758794,0.35175879397,0.386934673367];2;350.0;-0.137812028107;1360;21;0.06153846153846154;1.6153846153846154;51.02153846153846;28.923076923076923;72.7476923076923;11.923076923076923;24.076923076923077;17.153846153846153;1.56;0.0;5.5076923076923086;0.6092307692307692;1.2369230769230768;0.35076923076923083;1.4523076923076923;6.923076923076923;8.461538461538462
11286;zone34;4385.789287498423;4835.237486850067;0.0;zone34;S01010289;15;771;687;380;[0.130952,0.511905,0.357143];[0.262911,0.502347,0.234742];[0.178571,0.464286,0.357143];[0.410256,0.435897,0.153846];[0.058064516129,0.0322580645161,0.245161290323,0.664516129032];5;259.0;-0.241396294863;1555;31;0.08;2.2666666666666666;43.85066666666667;33.53333333333333;62.18133333333333;9.6;21.2;14.8;1.7653333333333334;0.0;2.368;1.237333333333333;1.5466666666666664;0.28800000000000003;0.9173333333333332;6.6;6.466666666666667
11286;zone35;4401.5375624188455;4669.062022109911;0.0;zone35;S01010290;13;546;485;278;[0.198198,0.603604,0.198198];[0.485944,0.449799,0.064257];[0.555556,0.444444,0.0];[0.435897,0.512821,0.051282];[0.10752688172,0.0430107526882,0.494623655914,0.354838709677];3;353.0;-0.133686757747;1178;21;0.05846153846153846;1.7692307692307692;41.93230769230768;31.23076923076923;73.25538461538461;13.076923076923077;24.384615384615383;14.461538461538462;1.6738461538461538;0.0;3.5723076923076915;0.8738461538461539;2.7292307692307696;0.4984615384615385;1.5784615384615381;8.307692307692308;8.384615384615385
11286;zone36;4119.983651650423;4281.100418217042;0.0;zone36;S01010291;12;1075;975;481;[0.405594,0.447552,0.146853];[0.627907,0.277132,0.094961];[0.415094,0.433962,0.150943];[0.562963,0.325926,0.111111];[0.197080291971,0.0729927007299,0.445255474453,0.284671532847];3;438.0;-0.0363924713322;907;26;0.08666666666666667;1.3333333333333333;42.216666666666676;37.25;63.32666666666666;10.166666666666666;22.083333333333332;14.25;1.0233333333333332;0.0;4.46;2.1733333333333333;0.6666666666666666;0.25;1.7300000000000002;4.666666666666667;7.75
11286;zone37;4399.731076226201;4291.6703625917;0.0;zone37;S01010292;10;890;831;409;[0.348214,0.508929,0.142857];[0.477169,0.420091,0.10274];[0.339286,0.446429,0.214286];[0.55814,0.383721,0.05814];[0.128378378378,0.0540540540541,0.398648648649,0.418918918919];4;323.0;-0.168488563048;1041;18;0.072;1.3;41.75200000000001;39.7;62.152;9.7;21.7;13.9;1.936;0.0;4.087999999999999;1.292;1.748;0.296;1.7080000000000002;4.4;8.7
11286;zone38;4514.690807242894;4541.15458266895;0.0;zone38;S01010293;16;839;723;373;[0.51773,0.35461,0.12766];[0.635389,0.262735,0.101877];[0.446809,0.319149,0.234043];[0.514286,0.392857,0.092857];[0.242424242424,0.0606060606061,0.393939393939,0.30303030303];3;290.0;-0.205814991507;1081;25;0.06;1.625;46.425;33.5;66.31750000000002;10.625;22.4375;15.6875;1.6975000000000002;0.0;2.9974999999999996;0.8975000000000001;1.9474999999999998;0.4650000000000001;2.035;5.8125;7.0625
11286;zone39;4541.7482834333705;4418.565122351524;0.0;zone39;S01010294;13;690;631;275;[0.242105,0.526316,0.231579];[0.650873,0.214464,0.134663];[0.583333,0.208333,0.208333];[0.414894,0.489362,0.095745];[0.164835164835,0.043956043956,0.494505494505,0.296703296703];4;440.0;-0.0342259463805;1309;20;0.06153846153846154;2.230769230769231;43.56923076923076;32.46153846153846;67.41846153846156;9.923076923076923;22.23076923076923;14.76923076923077;1.5784615384615384;0.0;3.0369230769230766;0.9046153846153846;1.5846153846153845;0.28;1.5353846153846151;9.76923076923077;6.6923076923076925
11286;zone40;4766.8646917667475;4574.50133624035;0.0;zone40;S01010295;18;974;870;427;[0.384615,0.391026,0.224359];[0.604555,0.310559,0.084886];[0.428571,0.285714,0.285714];[0.390728,0.516556,0.092715];[0.212765957447,0.113475177305,0.297872340426,0.375886524823];4;529.0;0.0680145754747;1168;45;0.1;1.4444444444444444;47.406666666666666;38.5;67.28888888888889;10.277777777777779;22.166666666666668;15.833333333333334;2.086666666666667;0.0;4.5377777777777775;1.248888888888889;1.4444444444444444;0.32;1.8822222222222225;5.722222222222222;8.722222222222221
11286;zone41;4647.752341766679;4736.091736240359;0.0;zone41;S01010296;16;664;560;291;[0.294118,0.423529,0.282353];[0.520913,0.368821,0.110266];[0.375,0.375,0.25];[0.475524,0.391608,0.132867];[0.282828282828,0.111111111111,0.363636363636,0.242424242424];2;856.0;0.444094443477;1569;31;0.0775;1.625;46.1425;30.25;66.27250000000001;10.9375;22.5625;15.4375;2.1725000000000003;0.0;2.5875;1.0625;1.755;0.6399999999999998;1.9074999999999998;5.25;7.1875
11286;zone42;5522.849421766708;4411.996091240393;0.0;zone42;S01010297;7;1066;894;676;[0.582609,0.382609,0.034783];[0.691824,0.245283,0.062893];[0.540541,0.333333,0.126126];[0.681275,0.270916,0.047809];[0.260563380282,0.140845070423,0.37323943662,0.225352112676];1;504.0;0.0391758595379;647;10;0.05714285714285714;1.0;26.39428571428571;27.142857142857142;53.17142857142857;9.428571428571429;21.142857142857142;8.714285714285714;2.1314285714285712;0.0;1.977142857142857;0.24000000000000002;1.6171428571428572;0.34857142857142864;2.36;3.2857142857142856;5.428571428571429
11286;zone43;4706.481893689814;4143.807995855712;0.0;zone43;S01010298;12;880;677;515;[0.308943,0.479675,0.211382];[0.581395,0.356589,0.062016];[0.539683,0.396825,0.063492];[0.744828,0.193103,0.062069];[0.227272727273,0.0984848484848,0.371212121212,0.30303030303];1;486.0;0.0190902878356;1331;22;0.07333333333333333;1.8333333333333333;41.39666666666667;25.666666666666668;68.21333333333332;11.833333333333334;23.083333333333332;13.75;3.286666666666667;0.0;3.523333333333333;0.6233333333333333;0.52;0.48666666666666675;1.8066666666666669;7.416666666666667;7.666666666666667
11286;zone44;4885.424673909578;4209.645754097502;0.0;zone44;S01010299;4;536;404;292;[0.3,0.54,0.16];[0.556701,0.340206,0.103093];[0.458333,0.520833,0.020833];[0.584906,0.283019,0.132075];[0.428571428571,0.0857142857143,0.285714285714,0.2];1;375.0;-0.10827530326;722;5;0.05;2.75;38.709999999999994;21.0;75.84;14.0;25.5;13.0;3.7199999999999998;0.0;0.18;0.19;3.18;0.09;2.81;11.25;6.75
11286;zone45;4883.397012115578;4340.414778682246;0.0;zone45;S01010300;21;934;764;478;[0.460784,0.411765,0.127451];[0.664653,0.238671,0.096677];[0.632353,0.323529,0.044118];[0.606383,0.329787,0.06383];[0.3046875,0.125,0.3515625,0.21875];2;513.0;0.0498225801839;604;27;0.04952380952380953;1.6666666666666667;34.561904761904756;26.61904761904762;67.35619047619045;12.666666666666666;24.0;11.666666666666666;1.8190476190476188;0.0;1.8266666666666667;0.49523809523809537;2.7123809523809523;0.36190476190476195;2.125714285714286;7.904761904761905;6.380952380952381
11286;zone46;5144.66081966521;4032.769083704074;0.0;zone46;S01010301;6;522;457;283;[0.292683,0.597561,0.109756];[0.57563,0.315126,0.109244];[0.222222,0.703704,0.074074];[0.561798,0.393258,0.044944];[0.214285714286,0.0612244897959,0.459183673469,0.265306122449];4;490.0;0.0232745011966;1158;8;0.05333333333333334;3.1666666666666665;39.913333333333334;32.5;74.73333333333333;11.166666666666666;23.333333333333332;13.5;3.6733333333333333;0.0;0.94;0.3066666666666667;4.093333333333334;0.47333333333333333;0.7600000000000001;14.333333333333334;8.5
11286;zone47;5165.568789180556;4297.038752619699;0.0;zone47;S01010302;24;669;495;388;[0.65625,0.28125,0.0625];[0.6,0.356522,0.043478];[0.716981,0.226415,0.056604];[0.801802,0.18018,0.018018];[0.582417582418,0.0769230769231,0.263736263736,0.0769230769231];1;392.0;-0.0896499889057;1499;25;0.04166666666666666;1.2083333333333333;55.595;26.875;68.12166666666666;11.083333333333334;22.875;18.75;2.2350000000000003;0.0;0.5566666666666666;0.24166666666666672;2.9466666666666668;0.4183333333333334;2.475;4.75;5.458333333333333
11286;zone48;5241.140616766716;4139.402270499609;0.0;zone48;S01010303;33;579;387;250;[0.692308,0.153846,0.153846];[0.56701,0.298969,0.134021];[0.630435,0.282609,0.086957];[0.658879,0.285047,0.056075];[0.58407079646,0.106194690265,0.274336283186,0.0353982300885];1;415.0;-0.0627120940391;1619;49;0.05818181818181818;1.393939393939394;46.375757575757575;28.060606060606062;65.04606060606062;10.636363636363637;22.484848484848484;15.757575757575758;3.0339393939393946;0.0;0.9248484848484845;0.3939393939393939;2.122424242424242;0.416969696969697;1.9515151515151512;5.606060606060606;6.0606060606060606
11286;zone49;4853.647576226233;3833.123065294377;0.0;zone49;S01010304;12;542;456;332;[0.323529,0.514706,0.161765];[0.635135,0.25,0.114865];[0.477273,0.522727,0.0];[0.829268,0.109756,0.060976];[0.372340425532,0.0425531914894,0.297872340426,0.287234042553];1;804.0;0.384523850516;1388;11;0.03666666666666667;1.8333333333333333;53.94333333333335;24.583333333333332;70.63333333333334;11.25;22.833333333333332;18.5;2.2133333333333334;0.0;1.03;0.4400000000000001;2.05;0.13;2.2600000000000002;8.0;5.25
11286;zone50;4697.410406890209;3639.1027396354093;0.0;zone50;S01010305;7;807;694;478;[0.36036,0.468468,0.171171];[0.553191,0.33617,0.110638];[0.409639,0.301205,0.289157];[0.589888,0.337079,0.073034];[0.198529411765,0.0735294117647,0.382352941176,0.345588235294];1;223.0;-0.28282788147;644;8;0.04571428571428571;1.0;32.994285714285716;26.857142857142858;58.26857142857143;10.571428571428571;22.285714285714285;11.285714285714286;3.7085714285714286;0.0;1.062857142857143;1.1314285714285715;0.47428571428571425;0.35428571428571426;1.8514285714285716;4.142857142857143;6.0
11286;zone51;4591.3082521834585;3868.367573740388;0.0;zone51;S01010306;13;752;675;449;[0.35625,0.56875,0.075];[0.570588,0.355882,0.073529];[0.283019,0.566038,0.150943];[0.650943,0.330189,0.018868];[0.165680473373,0.0473372781065,0.479289940828,0.307692307692];2;238.0;-0.265781391166;800;27;0.08307692307692308;1.6153846153846154;41.913846153846144;32.46153846153846;72.23692307692308;12.692307692307692;23.923076923076923;14.0;3.181538461538462;0.0;2.332307692307692;2.3907692307692305;0.5446153846153846;0.396923076923077;2.289230769230769;8.615384615384615;8.0
11286;zone52;4503.72067559025;3742.2957906521283;0.0;zone52;S01010307;9;821;732;428;[0.189922,0.577519,0.232558];[0.407407,0.487654,0.104938];[0.346154,0.538462,0.115385];[0.71875,0.234375,0.046875];[0.0681818181818,0.0568181818182,0.375,0.5];5;319.0;-0.172537833795;480;28;0.12;1.4444444444444444;38.38222222222222;47.0;73.06222222222222;13.222222222222221;24.22222222222222;12.88888888888889;4.311111111111111;0.0;2.0399999999999996;4.608888888888889;0.9466666666666667;0.3777777777777778;1.9911111111111113;6.666666666666667;11.333333333333334
11286;zone53;4364.519870735056;4047.768725526131;0.0;zone53;S01010308;9;975;858;480;[0.285714,0.54007,0.174216];[0.511936,0.384615,0.103448];[0.254902,0.411765,0.333333];[0.648352,0.307692,0.043956];[0.0970873786408,0.0631067961165,0.359223300971,0.480582524272];4;257.0;-0.244477582955;1179;15;0.06222222222222222;1.6666666666666667;42.440000000000005;33.111111111111114;65.54222222222222;10.555555555555555;22.555555555555557;14.88888888888889;2.942222222222222;0.0;1.9066666666666667;1.6355555555555557;1.2933333333333332;0.5688888888888889;2.1377777777777776;5.333333333333333;7.222222222222222
11286;zone54;5381.88771051669;3636.3205112402793;0.0;zone54;S01010309;4;419;356;264;[0.333333,0.25,0.416667];[0.478873,0.422535,0.098592];[0.352941,0.382353,0.264706];[0.705882,0.24183,0.052288];[0.365853658537,0.170731707317,0.390243902439,0.0731707317073];1;0.0;-0.540229885057;2153;6;0.06;1.25;44.08;25.5;61.92;10.0;22.25;14.5;2.4699999999999998;0.0;1.52;0.24000000000000002;2.13;0.3;2.56;4.25;6.0
11286;zone55;5657.373406240428;3625.6586165034923;0.0;zone55;S01010310;13;706;540;381;[0.333333,0.238095,0.428571];[0.565517,0.337931,0.096552];[0.54902,0.27451,0.176471];[0.715415,0.256917,0.027668];[0.484848484848,0.151515151515,0.318181818182,0.0454545454545];1;574.0;0.120406534162;845;19;0.05846153846153846;1.1538461538461537;42.87384615384615;26.846153846153847;62.673846153846135;10.846153846153847;22.307692307692307;14.615384615384615;1.9815384615384615;0.0;1.5692307692307694;0.3015384615384616;2.1538461538461537;0.38153846153846155;2.556923076923077;4.230769230769231;5.538461538461538
11286;zone56;5685.425126382168;3318.6970593171873;0.0;zone56;S01010311;22;721;556;351;[0.411765,0.352941,0.235294];[0.472222,0.453704,0.074074];[0.571429,0.404762,0.02381];[0.717949,0.271062,0.010989];[0.565217391304,0.121739130435,0.269565217391,0.0434782608696];1;1534.0;1.22364271569;1642;37;0.06727272727272728;0.9545454545454546;58.45636363636363;28.181818181818183;67.28363636363635;10.318181818181818;22.272727272727273;20.045454545454547;1.9290909090909094;0.0;1.929090909090909;0.17272727272727273;2.4745454545454546;0.34727272727272734;2.5436363636363635;3.6818181818181817;5.954545454545454
11286;zone57;5466.52613028024;3072.1402274564575;0.0;zone57;S01010312;34;868;647;425;[0.117647,0.823529,0.058824];[0.754386,0.22807,0.017544];[0.407407,0.444444,0.148148];[0.804945,0.153846,0.041209];[0.586956521739,0.115942028986,0.268115942029,0.0289855072464];1;685.0;0.247477927043;1651;53;0.05882352941176471;1.3235294117647058;55.170588235294126;24.38235294117647;67.34470588235294;10.235294117647058;22.470588235294116;18.823529411764707;1.7858823529411767;0.0;2.0494117647058827;0.05529411764705882;2.351764705882353;0.2764705882352942;2.390588235294118;5.088235294117647;5.794117647058823
11286;zone58;5251.7403530303945;3502.549209042501;0.0;zone58;S01010313;16;654;529;356;[0.428571,0.285714,0.285714];[0.6,0.333333,0.066667];[0.433735,0.481928,0.084337];[0.739623,0.162264,0.098113];[0.648351648352,0.131868131868,0.175824175824,0.043956043956];1;565.0;0.109617915218;2142;23;0.0575;1.5;63.57000000000001;23.375;76.67750000000001;11.75;23.625;22.25;3.09;0.0;1.8850000000000002;0.095;2.1149999999999998;0.27249999999999996;2.38;7.3125;6.875
11286;zone59;4840.312157862589;3385.4448126102257;0.0;zone59;S01010314;21;1248;1034;550;[0.358209,0.507463,0.134328];[0.514493,0.333333,0.152174];[0.5,0.326923,0.173077];[0.636,0.324,0.04];[0.316901408451,0.133802816901,0.401408450704,0.147887323944];1;637.0;0.192402372167;1075;28;0.05142857142857143;1.5238095238095237;42.41333333333334;27.285714285714285;70.07809523809523;12.476190476190476;23.80952380952381;14.285714285714286;2.780952380952381;0.0;3.620952380952381;0.7238095238095238;0.8838095238095237;0.40952380952380957;2.201904761904762;6.904761904761905;7.571428571428571
11286;zone60;4536.293429266749;2504.1273706154316;0.0;zone60;S01010315;43;911;678;409;[0.180723,0.554217,0.26506];[0.252632,0.457895,0.289474];[0.208333,0.5,0.291667];[0.55144,0.345679,0.102881];[0.308176100629,0.169811320755,0.358490566038,0.163522012579];2;382.0;-0.100954860853;1612;85;0.07534883720930233;1.302325581395349;45.09116279069767;27.488372093023255;64.49581395348838;10.581395348837209;22.41860465116279;15.325581395348838;3.2613953488372096;0.0;1.6576744186046513;0.02232558139534884;1.8930232558139533;0.3441860465116278;2.2213953488372096;4.953488372093023;6.325581395348837
11286;zone61;4589.6619547948285;2943.195659127726;0.0;zone61;S01010316;25;512;414;304;[0.392157,0.529412,0.078431];[0.62931,0.37069,0.0];[0.439024,0.560976,0.0];[0.775401,0.224599,0.0];[0.439252336449,0.102803738318,0.252336448598,0.205607476636];1;481.0;0.0128180141103;1417;24;0.0384;1.6;50.417600000000014;23.88;69.9264;11.88;23.48;17.24;2.0959999999999996;0.0;1.9999999999999998;0.1184;2.4031999999999996;0.40480000000000005;1.72;6.96;6.16
11286;zone63;4421.5566371748755;3071.026327566895;0.0;zone63;S01010318;12;1588;1497;304;[0.5,0.456522,0.043478];[0.469799,0.47651,0.053691];[0.310345,0.37931,0.310345];[0.678571,0.285714,0.035714];[0.36,0.14,0.34,0.16];3;317.0;-0.175110645645;1050;18;0.05666666666666666;1.4166666666666667;54.74666666666666;35.416666666666664;73.21333333333335;10.833333333333334;23.416666666666668;18.666666666666668;5.24;0.0;4.666666666666667;0.5300000000000001;0.21;0.4000000000000001;1.93;5.333333333333333;10.166666666666666
11286;zone64;4173.240913470097;2893.8040771744095;0.0;zone64;S01010319;9;711;624;407;[0.258741,0.608392,0.132867];[0.383399,0.486166,0.130435];[0.439394,0.212121,0.348485];[0.530769,0.384615,0.084615];[0.171974522293,0.0700636942675,0.471337579618,0.286624203822];2;473.0;0.00423719084943;1494;17;0.07111111111111111;1.8888888888888888;45.75555555555555;30.77777777777778;67.96444444444445;10.222222222222221;22.22222222222222;16.0;4.404444444444445;0.0;1.4088888888888889;0.2577777777777778;1.4844444444444447;0.29333333333333333;1.671111111111111;8.333333333333334;7.0
11286;zone65;3940.1918462749595;2900.8899784533987;0.0;zone65;S01010320;4;675;594;437;[0.257813,0.523438,0.21875];[0.61753,0.298805,0.083665];[0.526316,0.22807,0.245614];[0.805085,0.169492,0.025424];[0.172185430464,0.0662251655629,0.443708609272,0.317880794702];1;646.0;0.202453315259;1157;4;0.04;3.25;52.72;16.75;77.02;12.0;24.0;17.25;2.25;0.0;0.78;0.13;2.12;0.56;1.24;14.25;4.75
11286;zone66;3905.8658739096163;2664.6669636212755;0.0;zone66;S01010321;7;837;634;432;[0.401709,0.555556,0.042735];[0.54717,0.433962,0.018868];[0.45122,0.439024,0.109756];[0.666667,0.271186,0.062147];[0.212328767123,0.0958904109589,0.390410958904,0.301369863014];1;1019.0;0.631764531736;1924;5;0.02857142857142857;1.5714285714285714;44.84000000000001;22.571428571428573;68.62285714285714;12.714285714285714;23.571428571428573;15.285714285714286;3.1485714285714286;0.0;1.2799999999999998;0.18857142857142856;2.16;0.5942857142857143;1.8914285714285712;6.142857142857143;6.142857142857143
11286;zone67;3630.3978644730896;3132.1651121578075;0.0;zone67;S01010322;9;1028;914;549;[0.174419,0.549419,0.276163];[0.412399,0.471698,0.115903];[0.298507,0.38806,0.313433];[0.647059,0.323529,0.029412];[0.057268722467,0.0352422907489,0.449339207048,0.458149779736];5;124.0;-0.397569575369;1466;18;0.07555555555555556;2.4444444444444446;35.93777777777778;25.666666666666668;68.0488888888889;11.333333333333334;23.22222222222222;12.444444444444445;2.8266666666666667;0.0;3.5466666666666664;0.2977777777777778;1.3155555555555556;0.32;1.3599999999999999;9.555555555555555;7.444444444444445
11286;zone68;6208.193116766784;3072.425066795916;0.0;zone68;S01010323;4;603;466;377;[0.555556,0.444444,0.0];[0.657143,0.271429,0.071429];[0.642857,0.321429,0.035714];[0.793651,0.166667,0.039683];[0.578431372549,0.166666666667,0.235294117647,0.0196078431373];1;970.0;0.57559463238;1077;4;0.04;0.0;53.06;33.5;71.07;11.75;24.25;17.25;7.22;0.0;2.36;0.23;1.18;0.6900000000000001;4.1;0.0;10.5
11286;zone69;6517.651722029823;2240.572579661372;0.0;zone69;S01010324;6;759;566;403;[0.142857,0.571429,0.285714];[0.298077,0.490385,0.211538];[0.333333,0.530864,0.135802];[0.401674,0.414226,0.1841];[0.569620253165,0.101265822785,0.291139240506,0.0379746835443];1;407.0;-0.0721601679586;1512;7;0.04666666666666667;0.6666666666666666;45.10666666666666;26.166666666666668;66.0;12.166666666666666;23.666666666666668;15.5;1.36;0.0;0.6266666666666666;0.0;3.986666666666667;0.5533333333333333;2.8400000000000003;3.8333333333333335;5.5
11286;zone70;6038.016041009105;2402.8415869980217;0.0;zone70;S01010325;18;939;666;501;[0.263158,0.368421,0.368421];[0.383838,0.525253,0.090909];[0.253623,0.615942,0.130435];[0.451362,0.463035,0.085603];[0.545454545455,0.238636363636,0.193181818182,0.0227272727273];1;225.0;-0.281126582053;1817;16;0.03555555555555556;1.0555555555555556;38.33555555555556;26.22222222222222;64.36444444444444;12.222222222222221;23.333333333333332;13.11111111111111;2.482222222222222;0.0;0.6466666666666666;0.0;3.4177777777777774;0.5622222222222224;2.7266666666666666;4.055555555555555;6.166666666666667
11286;zone71;5272.359331052501;2740.775131541117;0.0;zone71;S01010326;39;987;707;494;[0.526316,0.368421,0.105263];[0.522523,0.333333,0.144144];[0.492188,0.3125,0.195313];[0.723514,0.224806,0.05168];[0.54375,0.16875,0.23125,0.05625];1;1389.0;1.05701743376;1010;45;0.04512820512820513;1.7179487179487178;51.367179487179484;23.58974358974359;69.67897435897434;11.153846153846153;23.102564102564102;17.307692307692307;1.6605128205128203;0.0;4.043076923076921;0.01333333333333333;1.2625641025641023;0.36923076923076925;2.0205128205128204;7.0256410256410255;6.487179487179487
11286;zone72;4970.167032608406;2501.795090448298;0.0;zone72;S01010327;34;982;660;362;[0.031746,0.507937,0.460317];[0.372881,0.432203,0.194915];[0.289063,0.328125,0.382813];[0.516892,0.347973,0.135135];[0.416184971098,0.21387283237,0.236994219653,0.132947976879];1;470.0;0.000335688704598;928;36;0.04235294117647059;1.588235294117647;38.86352941176471;26.352941176470587;63.272941176470596;10.117647058823529;22.205882352941178;13.352941176470589;1.2176470588235293;0.0;6.022352941176469;0.01647058823529412;0.8788235294117647;0.2976470588235295;1.8576470588235294;5.588235294117647;7.617647058823529
11286;zone73;5975.307390960257;2677.5485166167286;0.0;zone73;S01010328;24;969;706;445;[0.16129,0.5,0.33871];[0.27044,0.471698,0.257862];[0.192547,0.434783,0.372671];[0.338983,0.432203,0.228814];[0.309352517986,0.258992805755,0.280575539568,0.151079136691];2;457.0;-0.0138550124678;1857;40;0.065;1.4166666666666667;44.76499999999999;28.208333333333332;64.46833333333332;11.083333333333334;22.541666666666668;15.083333333333334;2.7566666666666664;0.0;0.8133333333333331;0.005;2.8533333333333335;0.405;2.0333333333333328;5.083333333333333;5.875
