cycle;name;location.x;location.y;location.z;name;dataZone;nm_children;pop;over16;nm_hh;AB_car_prob;C1_car_prob;C2_car_prob;DE_car_prob;prob_social;simd;crimeRate;norm_crime;avg_dis_sh;neigh_play;daily_play_per_child;avg_FSA;avg_walk;daily_OD;zone_mvpa;mvpa_home;mvpa_sc;mvpa_road;mvpa_play_field;mvpa_home_garden;mvpa_park;mvpa_PG;mvpa_amenity;mvpa_shops;mvpa_F_home;mvpa_fsa;mvpa_OD
11286;zone0;8448.90275962388;2625.4515469546564;0.0;zone0;S01010195;19;531;390;212;[0.0,0.481481,0.518519];[0.261538,0.646154,0.092308];[0.12,0.59,0.29];[0.447368,0.368421,0.184211];[0.418918918919,0.283783783784,0.202702702703,0.0945945945946];1;0.0;-0.540229885057;977;45;0.08842105263157894;0.9473684210526315;34.68;29.63157894736842;57.52210526315789;9.736842105263158;21.63157894736842;11.68421052631579;1.1410526315789473;0.0;3.103157894736842;0.0;2.492631578947369;0.39368421052631586;2.494736842105263;3.1052631578947367;6.2631578947368425
11286;zone1;8656.736904000718;2165.9902346445633;0.0;zone1;S01010198;18;1027;748;394;[0.058824,0.529412,0.411765];[0.305785,0.561983,0.132231];[0.219858,0.496454,0.283688];[0.523179,0.331126,0.145695];[0.48623853211,0.229357798165,0.266055045872,0.0183486238532];1;1609.0;1.3102524676;1192;20;0.04;1.8888888888888888;34.437777777777775;19.166666666666668;63.27333333333334;11.722222222222221;23.166666666666668;11.833333333333334;1.0066666666666668;0.0;2.0777777777777775;0.0;1.862222222222222;0.42888888888888893;2.0444444444444447;7.166666666666667;4.388888888888889
11286;zone2;8537.588755655543;3024.028900129281;0.0;zone2;S01010201;22;643;453;253;[0.0,0.47619,0.52381];[0.270833,0.3125,0.416667];[0.088,0.48,0.432];[0.296552,0.434483,0.268966];[0.365853658537,0.292682926829,0.292682926829,0.0487804878049];2;219.0;-0.28762447053;934;44;0.07454545454545454;1.6818181818181819;35.587272727272726;29.227272727272727;63.01636363636364;11.0;22.272727272727273;11.909090909090908;0.8563636363636365;0.0;3.8036363636363646;0.0;2.545454545454545;0.3327272727272728;1.9854545454545458;6.454545454545454;6.681818181818182
11286;zone3;8059.42097232239;3767.666522351409;0.0;zone3;S01010203;30;671;504;260;[0.090909,0.363636,0.545455];[0.263804,0.460123,0.276074];[0.094828,0.422414,0.482759];[0.183824,0.375,0.441176];[0.272727272727,0.218181818182,0.363636363636,0.145454545455];3;215.0;-0.292668818285;1941;82;0.1;1.3333333333333333;40.58533333333334;29.5;68.68933333333331;12.1;24.066666666666666;13.766666666666667;1.74;0.0;2.676;0.0;3.6786666666666665;0.41866666666666663;2.2533333333333334;6.233333333333333;7.666666666666667
11286;zone4;8368.288440296214;3565.498290652094;0.0;zone4;S01010204;30;800;589;381;[0.272727,0.727273,0.0];[0.627451,0.27451,0.098039];[0.444444,0.533333,0.022222];[0.600619,0.321981,0.077399];[0.595041322314,0.157024793388,0.239669421488,0.00826446280992];1;497.0;0.0317745673598;1239;74;0.09466666666666666;1.1666666666666667;39.477333333333334;27.1;64.78133333333332;11.733333333333333;23.2;13.3;1.2266666666666668;0.0;2.496;0.0;3.2373333333333334;0.4053333333333333;2.6293333333333333;4.966666666666667;6.433333333333334
11286;zone5;8034.229745798958;3515.110462853287;0.0;zone5;S01010205;15;658;534;355;[0.411765,0.117647,0.470588];[0.465116,0.457364,0.077519];[0.317757,0.588785,0.093458];[0.593458,0.280374,0.126168];[0.466666666667,0.2,0.3,0.0333333333333];1;925.0;0.523434132086;1181;33;0.088;1.2666666666666666;43.72;27.933333333333334;66.96800000000002;11.6;23.2;15.0;1.4213333333333336;0.0;2.578666666666666;0.0;3.162666666666667;0.41600000000000004;2.5146666666666664;5.4;6.733333333333333
11286;zone6;7457.064719570519;3739.055375726369;0.0;zone6;S01010208;18;903;745;565;[0.30137,0.589041,0.109589];[0.48062,0.457364,0.062016];[0.272727,0.613636,0.113636];[0.66055,0.270642,0.068807];[0.233333333333,0.133333333333,0.461111111111,0.172222222222];1;603.0;0.153385979085;1446;25;0.05333333333333334;1.4444444444444444;39.111111111111114;21.88888888888889;66.62666666666668;12.555555555555555;23.77777777777778;13.555555555555555;1.1955555555555557;0.0;1.8955555555555559;0.0;2.7933333333333334;0.3555555555555557;2.3933333333333326;6.222222222222222;5.333333333333333
11286;zone7;7917.838214725937;1939.334458859395;0.0;zone7;S01010209;24;966;677;468;[0.172414,0.586207,0.241379];[0.333333,0.414966,0.251701];[0.381944,0.458333,0.159722];[0.545852,0.336245,0.117904];[0.337931034483,0.248275862069,0.303448275862,0.110344827586];1;2053.0;1.82052250092;1655;42;0.06;1.625;45.72333333333333;24.833333333333332;66.185;10.5;22.625;15.666666666666666;0.9383333333333335;0.0;1.905;0.0;2.8033333333333332;0.26500000000000007;2.079999999999999;7.5;5.166666666666667
11286;zone8;7878.406567747077;2721.2634132011362;0.0;zone8;S01010210;18;885;641;416;[0.173913,0.456522,0.369565];[0.21519,0.5,0.28481];[0.189781,0.386861,0.423358];[0.422111,0.442211,0.135678];[0.394736842105,0.236842105263,0.254385964912,0.114035087719];1;344.0;-0.144253829852;1141;35;0.07333333333333333;1.5;35.85555555555555;23.055555555555557;60.73333333333335;10.777777777777779;22.22222222222222;12.222222222222221;0.7444444444444446;0.0;2.9888888888888894;0.0;1.9444444444444444;0.43111111111111117;2.2044444444444444;5.555555555555555;5.166666666666667
11286;zone9;7785.599648345685;3201.783800714137;0.0;zone9;S01010211;22;858;634;452;[0.147059,0.705882,0.147059];[0.384615,0.452991,0.162393];[0.469565,0.4,0.130435];[0.722656,0.226563,0.050781];[0.473214285714,0.169642857143,0.285714285714,0.0714285714286];1;430.0;-0.0456985893816;1048;53;0.09454545454545454;2.272727272727273;43.1109090909091;23.318181818181817;69.89636363636363;11.590909090909092;23.681818181818183;14.772727272727273;1.7690909090909093;0.0;2.0145454545454546;0.0;2.690909090909091;0.26545454545454555;1.9;9.363636363636363;5.954545454545454
11286;zone10;7580.688680869333;3097.127786881416;0.0;zone10;S01010212;49;1083;779;559;[0.233333,0.633333,0.133333];[0.594771,0.339869,0.065359];[0.465517,0.405172,0.12931];[0.712821,0.269231,0.017949];[0.566037735849,0.138364779874,0.22641509434,0.0691823899371];1;1473.0;1.15298517036;1251;100;0.08;1.163265306122449;50.15020408163266;29.918367346938776;66.74204081632654;10.551020408163266;22.79591836734694;17.0;1.3420408163265307;0.0;2.53795918367347;0.0;3.2612244897959193;0.3322448979591836;2.528979591836734;4.591836734693878;6.653061224489796
11286;zone11;8065.177293237223;3111.5884965344962;0.0;zone11;S01010213;13;924;657;476;[0.105263,0.684211,0.210526];[0.382609,0.547826,0.069565];[0.218543,0.556291,0.225166];[0.467925,0.483019,0.049057];[0.451327433628,0.221238938053,0.274336283186,0.0530973451327];1;247.0;-0.255840453357;1056;24;0.07384615384615385;1.5384615384615385;27.575384615384614;21.846153846153847;64.55384615384615;12.76923076923077;23.692307692307693;9.384615384615385;0.9784615384615385;0.0;2.92;0.0;2.4553846153846157;0.40615384615384625;2.3784615384615386;8.076923076923077;5.846153846153846
11286;zone12;7144.994858230166;1947.4125453867302;0.0;zone12;S01010214;27;967;717;396;[0.098592,0.28169,0.619718];[0.197531,0.438272,0.364198];[0.173333,0.493333,0.333333];[0.237069,0.487069,0.275862];[0.361344537815,0.210084033613,0.310924369748,0.117647058824];3;176.0;-0.337854473183;1890;75;0.10962962962962963;0.9629629629629629;48.629629629629626;30.703703703703702;67.68592592592593;10.851851851851851;22.85185185185185;16.703703703703702;1.9555555555555555;0.0;3.635555555555556;0.0;2.8325925925925928;0.42666666666666664;2.8903703703703707;3.814814814814815;7.925925925925926
11286;zone13;7013.590150664996;2618.495528189446;0.0;zone13;S01010215;24;850;608;492;[0.571429,0.285714,0.142857];[0.5,0.431373,0.068627];[0.382609,0.391304,0.226087];[0.678571,0.269841,0.051587];[0.467289719626,0.140186915888,0.345794392523,0.0467289719626];1;547.0;0.0886083430805;622;61;0.1;1.125;34.71166666666666;29.166666666666668;63.11666666666667;11.5;23.208333333333332;11.833333333333334;1.2233333333333332;0.0;2.1750000000000003;0.0;4.215000000000001;0.52;2.4516666666666667;4.333333333333333;7.125
11286;zone14;7332.222205807836;2329.961970144465;0.0;zone14;S01010216;15;621;464;361;[0.6,0.4,0.0];[0.597701,0.356322,0.045977];[0.409091,0.439394,0.151515];[0.709544,0.273859,0.016598];[0.5,0.163265306122,0.265306122449,0.0714285714286];1;600.0;0.150092344085;1303;22;0.056;1.4666666666666666;51.192;25.6;65.26933333333334;10.266666666666667;22.266666666666666;17.066666666666666;1.3786666666666667;0.0;1.7973333333333332;0.0;2.8426666666666662;0.3466666666666668;2.0533333333333337;5.333333333333333;5.533333333333333
11286;zone15;7299.833172322251;2625.8610945736937;0.0;zone15;S01010217;33;817;598;406;[0.16129,0.516129,0.322581];[0.565517,0.4,0.034483];[0.5,0.431373,0.068627];[0.702703,0.283784,0.013514];[0.541935483871,0.0967741935484,0.296774193548,0.0645161290323];1;1060.0;0.679274950851;1008;92;0.10787878787878788;0.8787878787878788;38.162424242424244;32.42424242424242;64.85696969696968;11.878787878787879;23.181818181818183;12.909090909090908;1.282424242424242;0.0;2.7272727272727266;0.0;4.258181818181817;0.4896969696969696;2.6981818181818182;3.727272727272727;7.757575757575758
11286;zone16;7142.953643082513;3018.5401822929393;0.0;zone16;S01010218;31;1018;790;587;[0.425532,0.404255,0.170213];[0.392523,0.453271,0.154206];[0.358209,0.492537,0.149254];[0.589124,0.335347,0.075529];[0.424657534247,0.109589041096,0.369863013699,0.0958904109589];1;557.0;0.101026678737;568;67;0.08258064516129032;1.032258064516129;32.05161290322581;28.0;60.32903225806451;11.258064516129032;22.677419354838708;10.774193548387096;1.2916129032258066;0.0;1.632258064516129;0.0;3.601290322580646;0.3999999999999999;2.3238709677419354;4.612903225806452;5.967741935483871
11286;zone17;6738.8937706128745;4298.8917997019325;0.0;zone17;S01010219;21;503;382;274;[0.695652,0.304348,0.0];[0.758621,0.215517,0.025862];[0.761905,0.166667,0.071429];[0.781609,0.195402,0.022989];[0.41935483871,0.0752688172043,0.408602150538,0.0967741935484];2;184.0;-0.327838932938;1502;73;0.13142857142857142;1.3333333333333333;54.476190476190474;33.76190476190476;70.09714285714283;10.238095238095237;22.761904761904763;18.523809523809526;2.7333333333333334;0.0;3.8514285714285705;0.08;2.0914285714285716;0.3866666666666667;2.125714285714286;5.476190476190476;8.285714285714286
11286;zone18;5915.780765415368;4211.222876105162;0.0;zone18;S01010220;7;476;433;279;[0.181159,0.608696,0.210145];[0.404255,0.531915,0.06383];[0.227273,0.704545,0.068182];[0.448276,0.482759,0.068966];[0.154545454545,0.0636363636364,0.318181818182,0.463636363636];5;267.0;-0.232306706325;1441;15;0.08;1.7142857142857142;48.41142857142857;35.857142857142854;75.38285714285713;11.714285714285714;23.857142857142858;16.571428571428573;3.7485714285714287;0.0;3.954285714285714;0.3657142857142857;2.451428571428572;0.45142857142857146;1.84;9.0;10.142857142857142
11286;zone19;6341.0811208317455;3913.8398648988496;0.0;zone19;S01010221;13;546;394;260;[0.6,0.4,0.0];[0.557377,0.409836,0.032787];[0.538462,0.323077,0.138462];[0.699387,0.257669,0.042945];[0.609375,0.140625,0.203125,0.046875];1;635.0;0.19005459739;944;26;0.08;0.6923076923076923;39.93846153846154;22.384615384615383;64.67076923076924;12.461538461538462;23.76923076923077;13.307692307692308;3.1630769230769227;0.0;2.2892307692307696;0.20307692307692304;1.2584615384615385;0.3876923076923078;3.175384615384615;2.8461538461538463;6.615384615384615
11286;zone20;7001.213463613622;4053.9957950241624;0.0;zone20;S01010222;15;492;414;285;[0.142857,0.5,0.357143];[0.432432,0.459459,0.108108];[0.348624,0.522936,0.12844];[0.747899,0.235294,0.016807];[0.345238095238,0.214285714286,0.309523809524,0.130952380952];1;377.0;-0.105830277325;1813;23;0.056;2.3333333333333335;47.93866666666667;22.2;67.06933333333333;10.6;22.266666666666666;16.466666666666665;1.3813333333333333;0.0;2.034666666666667;0.0;2.1973333333333334;0.30400000000000005;1.8666666666666665;8.4;5.066666666666666
11286;zone21;6986.8418912765155;3434.1450308482026;0.0;zone21;S01010223;4;556;462;337;[0.076923,0.538462,0.384615];[0.567797,0.330508,0.101695];[0.472222,0.444444,0.083333];[0.584699,0.36612,0.04918];[0.432432432432,0.162162162162,0.324324324324,0.0810810810811];1;439.0;-0.0353356041414;1979;3;0.03;2.25;61.7;16.25;87.02000000000001;15.5;26.5;21.0;1.08;0.0;3.17;0.0;1.98;0.4;2.68;12.5;5.75
11286;zone22;6247.397837456437;3329.661273309237;0.0;zone22;S01010224;40;1036;727;469;[0.405405,0.540541,0.054054];[0.592593,0.274074,0.133333];[0.418803,0.504274,0.076923];[0.768421,0.202632,0.028947];[0.506097560976,0.140243902439,0.268292682927,0.0853658536585];1;1004.0;0.614259332793;975;64;0.062;1.15;41.730000000000004;19.5;65.062;12.075;23.45;14.1;3.162;0.0;1.7880000000000003;0.089;0.817;0.403;2.817000000000001;4.6;5.325
11286;zone23;7827.985844039554;4105.4701191949;0.0;zone23;S01010225;33;812;636;431;[0.25,0.634615,0.115385];[0.469072,0.43299,0.097938];[0.54023,0.413793,0.045977];[0.672065,0.234818,0.093117];[0.385185185185,0.125925925926,0.325925925926,0.162962962963];1;1006.0;0.616572011517;1602;56;0.06666666666666667;1.6363636363636365;46.84363636363635;22.484848484848484;65.90060606060605;10.636363636363637;22.848484848484848;16.060606060606062;1.766060606060606;0.0;2.3903030303030306;0.0;2.003636363636364;0.4327272727272727;2.1187878787878787;5.878787878787879;5.666666666666667
11286;zone24;7040.363001382077;4481.052780471187;0.0;zone24;S01010226;40;816;565;394;[0.454545,0.242424,0.30303];[0.715385,0.2,0.084615];[0.540541,0.405405,0.054054];[0.766917,0.18797,0.045113];[0.503355704698,0.201342281879,0.221476510067,0.0738255033557];2;422.0;-0.0548014077425;1096;137;0.128;1.0;46.01299999999999;36.75;69.828;11.275;23.275;15.775;5.210999999999999;0.0;3.7239999999999993;0.039;1.847;0.35999999999999993;2.517;4.175;10.4
11286;zone25;6847.772309074456;4638.663588163389;0.0;zone25;S01010227;39;692;454;294;[0.413793,0.413793,0.172414];[0.704545,0.238636,0.056818];[0.654545,0.345455,0.0];[0.810606,0.159091,0.030303];[0.672268907563,0.0924369747899,0.159663865546,0.0756302521008];4;0.0;-0.540229885057;1029;175;0.17435897435897435;1.2820512820512822;41.16923076923077;45.15384615384615;71.3097435897436;11.102564102564102;23.025641025641026;14.128205128205128;4.6061538461538465;0.0;6.356923076923077;0.14461538461538462;2.2748717948717947;0.3343589743589743;2.122051282051282;5.512820512820513;12.974358974358974
11286;zone26;8241.816993110848;4572.457656401622;0.0;zone26;S01010229;30;1016;787;508;[0.1,0.625,0.275];[0.350877,0.350877,0.298246];[0.348315,0.477528,0.174157];[0.565217,0.310559,0.124224];[0.420731707317,0.213414634146,0.292682926829,0.0731707317073];1;395.0;-0.0859445809966;1414;53;0.068;1.0666666666666667;45.864;23.733333333333334;65.02666666666667;11.433333333333334;23.0;15.766666666666667;1.5133333333333332;0.0;2.3026666666666666;0.024;2.370666666666666;0.38533333333333336;2.1653333333333324;4.533333333333333;5.766666666666667
11286;zone27;7458.320056766788;4680.341251240345;0.0;zone27;S01010230;24;1005;772;577;[0.314286,0.628571,0.057143];[0.703883,0.296117,0.0];[0.727273,0.218182,0.054545];[0.71831,0.24507,0.03662];[0.517857142857,0.136904761905,0.267857142857,0.077380952381];1;846.0;0.433218203459;999;55;0.09166666666666666;1.125;38.62666666666666;26.583333333333332;64.89833333333333;11.541666666666666;23.208333333333332;13.125;2.15;0.0;3.8799999999999994;0.05833333333333333;1.9883333333333335;0.35833333333333334;2.4816666666666674;4.333333333333333;7.708333333333333
11286;zone28;7569.802990100143;4917.458811240416;0.0;zone28;S01010232;37;1074;792;485;[0.457143,0.485714,0.057143];[0.557292,0.338542,0.104167];[0.492063,0.333333,0.174603];[0.654229,0.251244,0.094527];[0.470297029703,0.153465346535,0.306930693069,0.0693069306931];1;771.0;0.347049794199;1047;83;0.08432432432432432;0.8648648648648649;43.76432432432432;33.027027027027025;68.14054054054054;11.783783783783784;23.45945945945946;15.18918918918919;1.8389189189189188;0.0;3.796756756756757;0.11027027027027027;3.4172972972972975;0.35459459459459447;2.7621621621621624;3.864864864864865;8.64864864864865
11286;zone29;7830.713068379679;4879.746446724283;0.0;zone29;S01010233;33;970;705;476;[0.275,0.625,0.1];[0.655629,0.245033,0.099338];[0.52809,0.426966,0.044944];[0.771505,0.212366,0.016129];[0.587209302326,0.093023255814,0.261627906977,0.0581395348837];1;284.0;-0.213781821634;1138;81;0.09090909090909091;1.2424242424242424;48.01090909090909;29.545454545454547;67.23878787878789;11.06060606060606;23.12121212121212;16.575757575757574;1.4036363636363633;0.0;2.164848484848485;0.06666666666666667;3.6690909090909094;0.39393939393939387;2.2666666666666666;4.9393939393939394;6.757575757575758
11286;zone30;6473.383843181837;4954.519765957263;0.0;zone30;S01010261;6;2551;2373;526;[0.666667,0.270833,0.0625];[0.675841,0.281346,0.042813];[0.75,0.25,0.0];[0.824468,0.164894,0.010638];[0.41,0.06,0.41,0.12];3;176.0;-0.337679921334;2131;9;0.05333333333333334;0.16666666666666666;74.01333333333334;44.666666666666664;79.08666666666666;11.166666666666666;24.166666666666668;25.333333333333332;6.066666666666666;0.0;2.066666666666667;0.10000000000000002;4.04;0.2866666666666667;3.4066666666666667;0.6666666666666666;11.833333333333334
11286;zone31;4930.642193689802;4959.449818932565;0.0;zone31;S01010266;3;555;474;237;[0.320755,0.556604,0.122642];[0.677273,0.254545,0.068182];[0.5,0.461538,0.038462];[0.534247,0.30137,0.164384];[0.141176470588,0.0588235294118,0.4,0.4];3;536.0;0.0761386922126;1180;8;0.10666666666666667;2.0;42.50666666666667;28.0;70.83999999999999;12.0;23.666666666666668;14.666666666666666;0.7599999999999999;0.0;2.1333333333333333;0.3866666666666667;3.92;0.64;2.453333333333333;8.0;6.666666666666667
11286;zone32;5712.5549897826;4979.400336637217;0.0;zone32;S01010270;4;1153;972;817;[0.389831,0.533898,0.076271];[0.70255,0.252125,0.045326];[0.714286,0.272727,0.012987];[0.771552,0.228448,0.0];[0.125,0.0909090909091,0.454545454545,0.329545454545];1;871.0;0.461200629557;1602;5;0.05;2.75;77.78;28.0;78.8;9.5;22.5;25.5;2.11;0.0;1.2999999999999998;0.0;3.0700000000000003;0.36000000000000004;1.2999999999999998;11.0;6.0
11286;zone33;3394.0723536088512;4934.677182292946;0.0;zone33;S01010282;13;976;841;645;[0.438776,0.520408,0.040816];[0.545732,0.405488,0.04878];[0.521277,0.382979,0.095745];[0.712707,0.232044,0.055249];[0.190954773869,0.070351758794,0.35175879397,0.386934673367];2;350.0;-0.137812028107;1361;18;0.05538461538461539;1.5384615384615385;49.85230769230769;26.76923076923077;72.22153846153846;11.461538461538462;23.846153846153847;16.615384615384617;1.6399999999999997;0.0;5.461538461538462;0.5261538461538462;1.0215384615384615;0.36307692307692313;2.6153846153846154;6.769230769230769;8.23076923076923
11286;zone34;4385.789287498423;4835.237486850067;0.0;zone34;S01010289;15;771;687;380;[0.130952,0.511905,0.357143];[0.262911,0.502347,0.234742];[0.178571,0.464286,0.357143];[0.410256,0.435897,0.153846];[0.058064516129,0.0322580645161,0.245161290323,0.664516129032];5;259.0;-0.241396294863;1410;47;0.12;2.2666666666666666;39.41866666666667;34.06666666666667;61.52800000000001;9.066666666666666;21.533333333333335;13.133333333333333;1.7226666666666668;0.0;2.8;0.9333333333333333;2.4693333333333336;0.12800000000000003;1.632;6.466666666666667;7.533333333333333
11286;zone35;4401.5375624188455;4669.062022109911;0.0;zone35;S01010290;13;546;485;278;[0.198198,0.603604,0.198198];[0.485944,0.449799,0.064257];[0.555556,0.444444,0.0];[0.435897,0.512821,0.051282];[0.10752688172,0.0430107526882,0.494623655914,0.354838709677];3;353.0;-0.133686757747;1096;47;0.14461538461538462;2.0;45.75076923076923;35.84615384615385;75.05846153846154;12.153846153846153;24.153846153846153;15.153846153846153;2.3169230769230773;0.0;3.7138461538461547;1.28;2.4953846153846153;0.4215384615384616;2.0676923076923077;9.538461538461538;9.307692307692308
11286;zone36;4119.983651650423;4281.100418217042;0.0;zone36;S01010291;12;1075;975;481;[0.405594,0.447552,0.146853];[0.627907,0.277132,0.094961];[0.415094,0.433962,0.150943];[0.562963,0.325926,0.111111];[0.197080291971,0.0729927007299,0.445255474453,0.284671532847];3;438.0;-0.0363924713322;944;32;0.10333333333333333;1.8333333333333333;43.82;33.166666666666664;65.85666666666667;10.25;22.5;15.0;1.5866666666666667;0.0;3.32;2.0399999999999996;1.0533333333333332;0.4366666666666667;1.8066666666666666;6.083333333333333;7.583333333333333
11286;zone37;4399.731076226201;4291.6703625917;0.0;zone37;S01010292;10;890;831;409;[0.348214,0.508929,0.142857];[0.477169,0.420091,0.10274];[0.339286,0.446429,0.214286];[0.55814,0.383721,0.05814];[0.128378378378,0.0540540540541,0.398648648649,0.418918918919];4;323.0;-0.168488563048;1045;31;0.116;1.7;36.132000000000005;32.2;61.22399999999999;9.7;21.9;12.1;2.1;0.0;3.0759999999999996;0.6280000000000001;1.2;0.352;1.672;6.7;6.4
11286;zone38;4514.690807242894;4541.15458266895;0.0;zone38;S01010293;16;839;723;373;[0.51773,0.35461,0.12766];[0.635389,0.262735,0.101877];[0.446809,0.319149,0.234043];[0.514286,0.392857,0.092857];[0.242424242424,0.0606060606061,0.393939393939,0.30303030303];3;290.0;-0.205814991507;1150;62;0.1525;1.375;49.9775;38.6875;68.27;10.25;22.5;16.9375;2.7549999999999994;0.0;3.3899999999999992;0.89;2.2224999999999997;0.4275000000000001;1.785;5.1875;8.75
11286;zone39;4541.7482834333705;4418.565122351524;0.0;zone39;S01010294;13;690;631;275;[0.242105,0.526316,0.231579];[0.650873,0.214464,0.134663];[0.583333,0.208333,0.208333];[0.414894,0.489362,0.095745];[0.164835164835,0.043956043956,0.494505494505,0.296703296703];4;440.0;-0.0342259463805;965;48;0.13846153846153847;0.7692307692307693;42.75384615384615;44.53846153846154;63.86153846153847;9.923076923076923;22.46153846153846;14.461538461538462;2.2369230769230772;0.0;2.2399999999999998;1.6492307692307693;3.7292307692307696;0.3107692307692307;2.276923076923077;2.8461538461538463;9.307692307692308
11286;zone40;4766.8646917667475;4574.50133624035;0.0;zone40;S01010295;18;974;870;427;[0.384615,0.391026,0.224359];[0.604555,0.310559,0.084886];[0.428571,0.285714,0.285714];[0.390728,0.516556,0.092715];[0.212765957447,0.113475177305,0.297872340426,0.375886524823];4;529.0;0.0680145754747;1272;44;0.09555555555555556;2.2222222222222223;46.42444444444445;35.166666666666664;69.3577777777778;10.333333333333334;22.27777777777778;15.722222222222221;1.531111111111111;0.0;3.842222222222222;1.1955555555555553;1.7866666666666664;0.20000000000000004;1.5666666666666667;9.0;7.833333333333333
11286;zone41;4647.752341766679;4736.091736240359;0.0;zone41;S01010296;16;664;560;291;[0.294118,0.423529,0.282353];[0.520913,0.368821,0.110266];[0.375,0.375,0.25];[0.475524,0.391608,0.132867];[0.282828282828,0.111111111111,0.363636363636,0.242424242424];2;856.0;0.444094443477;1160;47;0.11;1.0;40.247499999999995;35.3125;64.665;11.1875;22.6875;13.5625;1.795;0.0;3.85;1.1449999999999998;2.2049999999999996;0.32500000000000007;2.37;3.9375;8.5625
11286;zone42;5522.849421766708;4411.996091240393;0.0;zone42;S01010297;7;1066;894;676;[0.582609,0.382609,0.034783];[0.691824,0.245283,0.062893];[0.540541,0.333333,0.126126];[0.681275,0.270916,0.047809];[0.260563380282,0.140845070423,0.37323943662,0.225352112676];1;504.0;0.0391758595379;1082;19;0.10857142857142857;1.0;47.18285714285714;31.857142857142858;59.70285714285715;9.428571428571429;21.571428571428573;16.0;1.0628571428571427;0.0;1.165714285714286;0.19999999999999998;3.371428571428571;0.3828571428571429;2.182857142857143;3.0;5.285714285714286
11286;zone43;4706.481893689814;4143.807995855712;0.0;zone43;S01010298;12;880;677;515;[0.308943,0.479675,0.211382];[0.581395,0.356589,0.062016];[0.539683,0.396825,0.063492];[0.744828,0.193103,0.062069];[0.227272727273,0.0984848484848,0.371212121212,0.30303030303];1;486.0;0.0190902878356;1061;30;0.1;1.0833333333333333;40.10666666666667;27.583333333333332;66.19000000000001;12.583333333333334;23.083333333333332;13.25;2.46;0.0;3.5033333333333325;0.7400000000000001;1.21;0.4666666666666666;2.1;5.166666666666667;7.5
11286;zone44;4885.424673909578;4209.645754097502;0.0;zone44;S01010299;4;536;404;292;[0.3,0.54,0.16];[0.556701,0.340206,0.103093];[0.458333,0.520833,0.020833];[0.584906,0.283019,0.132075];[0.428571428571,0.0857142857143,0.285714285714,0.2];1;375.0;-0.10827530326;722;10;0.1;1.0;33.44;27.5;69.8;14.75;25.25;11.0;4.640000000000001;0.0;1.4500000000000002;0.5900000000000001;3.72;0.85;2.7800000000000002;3.5;10.0
11286;zone45;4883.397012115578;4340.414778682246;0.0;zone45;S01010300;21;934;764;478;[0.460784,0.411765,0.127451];[0.664653,0.238671,0.096677];[0.632353,0.323529,0.044118];[0.606383,0.329787,0.06383];[0.3046875,0.125,0.3515625,0.21875];2;513.0;0.0498225801839;604;56;0.09523809523809523;1.2380952380952381;36.760000000000005;27.666666666666668;67.27238095238096;12.619047619047619;24.047619047619047;12.761904761904763;2.4742857142857146;0.0;1.860952380952381;0.3295238095238095;3.203809523809524;0.4152380952380953;2.499047619047619;5.333333333333333;7.476190476190476
11286;zone46;5144.66081966521;4032.769083704074;0.0;zone46;S01010301;6;522;457;283;[0.292683,0.597561,0.109756];[0.57563,0.315126,0.109244];[0.222222,0.703704,0.074074];[0.561798,0.393258,0.044944];[0.214285714286,0.0612244897959,0.459183673469,0.265306122449];4;490.0;0.0232745011966;2122;30;0.18666666666666668;1.5;60.63333333333333;43.833333333333336;75.91333333333334;11.0;23.0;20.666666666666668;4.633333333333333;0.0;1.3133333333333332;0.5933333333333334;4.76;0.35333333333333333;2.6199999999999997;5.0;10.833333333333334
11286;zone47;5165.568789180556;4297.038752619699;0.0;zone47;S01010302;24;669;495;388;[0.65625,0.28125,0.0625];[0.6,0.356522,0.043478];[0.716981,0.226415,0.056604];[0.801802,0.18018,0.018018];[0.582417582418,0.0769230769231,0.263736263736,0.0769230769231];1;392.0;-0.0896499889057;1439;62;0.1;1.1666666666666667;49.97833333333333;28.333333333333332;66.97666666666666;10.708333333333334;22.916666666666668;17.083333333333332;2.9333333333333336;0.0;1.2166666666666663;0.27166666666666667;2.351666666666667;0.4216666666666668;2.2550000000000003;5.208333333333333;6.208333333333333
11286;zone48;5241.140616766716;4139.402270499609;0.0;zone48;S01010303;33;579;387;250;[0.692308,0.153846,0.153846];[0.56701,0.298969,0.134021];[0.630435,0.282609,0.086957];[0.658879,0.285047,0.056075];[0.58407079646,0.106194690265,0.274336283186,0.0353982300885];1;415.0;-0.0627120940391;1402;95;0.11272727272727273;1.4848484848484849;43.14060606060605;29.78787878787879;64.84969696969696;10.424242424242424;22.424242424242426;14.666666666666666;3.5236363636363643;0.0;1.5272727272727273;0.5139393939393939;2.0399999999999996;0.35636363636363644;1.8642424242424245;5.787878787878788;7.181818181818182
11286;zone49;4853.647576226233;3833.123065294377;0.0;zone49;S01010304;12;542;456;332;[0.323529,0.514706,0.161765];[0.635135,0.25,0.114865];[0.477273,0.522727,0.0];[0.829268,0.109756,0.060976];[0.372340425532,0.0425531914894,0.297872340426,0.287234042553];1;804.0;0.384523850516;1963;34;0.10333333333333333;1.1666666666666667;68.86;34.25;74.73333333333333;10.333333333333334;22.833333333333332;23.333333333333332;4.466666666666666;0.0;1.7433333333333332;0.8166666666666665;1.9333333333333336;0.29333333333333333;2.313333333333333;4.916666666666667;8.5
11286;zone50;4697.410406890209;3639.1027396354093;0.0;zone50;S01010305;7;807;694;478;[0.36036,0.468468,0.171171];[0.553191,0.33617,0.110638];[0.409639,0.301205,0.289157];[0.589888,0.337079,0.073034];[0.198529411765,0.0735294117647,0.382352941176,0.345588235294];1;223.0;-0.28282788147;697;19;0.10285714285714286;1.1428571428571428;46.565714285714286;35.285714285714285;64.25142857142858;9.714285714285714;22.428571428571427;15.571428571428571;4.337142857142857;0.0;1.2685714285714285;2.0742857142857143;0.49714285714285705;0.17714285714285713;2.52;3.857142857142857;7.571428571428571
11286;zone51;4591.3082521834585;3868.367573740388;0.0;zone51;S01010306;13;752;675;449;[0.35625,0.56875,0.075];[0.570588,0.355882,0.073529];[0.283019,0.566038,0.150943];[0.650943,0.330189,0.018868];[0.165680473373,0.0473372781065,0.479289940828,0.307692307692];2;238.0;-0.265781391166;910;37;0.1076923076923077;2.076923076923077;44.83076923076923;32.46153846153846;74.68307692307691;12.692307692307692;24.076923076923077;15.153846153846153;4.6984615384615385;0.0;2.316923076923077;1.809230769230769;0.6523076923076923;0.37230769230769234;1.843076923076923;9.153846153846153;8.923076923076923
11286;zone52;4503.72067559025;3742.2957906521283;0.0;zone52;S01010307;9;821;732;428;[0.189922,0.577519,0.232558];[0.407407,0.487654,0.104938];[0.346154,0.538462,0.115385];[0.71875,0.234375,0.046875];[0.0681818181818,0.0568181818182,0.375,0.5];5;319.0;-0.172537833795;400;47;0.2;1.5555555555555556;42.111111111111114;54.44444444444444;75.69777777777779;12.222222222222221;24.22222222222222;14.666666666666666;4.768888888888888;0.0;2.0088888888888885;6.199999999999999;0.76;0.39999999999999997;2.2000000000000006;6.444444444444445;13.333333333333334
11286;zone53;4364.519870735056;4047.768725526131;0.0;zone53;S01010308;9;975;858;480;[0.285714,0.54007,0.174216];[0.511936,0.384615,0.103448];[0.254902,0.411765,0.333333];[0.648352,0.307692,0.043956];[0.0970873786408,0.0631067961165,0.359223300971,0.480582524272];4;257.0;-0.244477582955;1308;31;0.13333333333333333;1.7777777777777777;44.25333333333333;34.666666666666664;66.6711111111111;10.222222222222221;22.333333333333332;15.0;2.911111111111111;0.0;1.8533333333333333;1.5688888888888888;1.8177777777777777;0.28444444444444444;1.2711111111111113;7.777777777777778;7.666666666666667
11286;zone54;5381.88771051669;3636.3205112402793;0.0;zone54;S01010309;4;419;356;264;[0.333333,0.25,0.416667];[0.478873,0.422535,0.098592];[0.352941,0.382353,0.264706];[0.705882,0.24183,0.052288];[0.365853658537,0.170731707317,0.390243902439,0.0731707317073];1;0.0;-0.540229885057;2153;7;0.07;2.0;60.739999999999995;21.5;67.78999999999999;10.25;22.0;20.5;1.5899999999999999;0.0;0.25;0.47000000000000003;1.5999999999999999;0.30000000000000004;1.27;8.0;3.25
11286;zone55;5657.373406240428;3625.6586165034923;0.0;zone55;S01010310;13;706;540;381;[0.333333,0.238095,0.428571];[0.565517,0.337931,0.096552];[0.54902,0.27451,0.176471];[0.715415,0.256917,0.027668];[0.484848484848,0.151515151515,0.318181818182,0.0454545454545];1;574.0;0.120406534162;845;18;0.05538461538461539;1.0769230769230769;47.76923076923077;24.307692307692307;63.255384615384614;10.23076923076923;22.153846153846153;16.153846153846153;1.286153846153846;0.0;1.4215384615384616;1.4400000000000002;0.996923076923077;0.28;2.796923076923077;4.615384615384615;4.6923076923076925
11286;zone56;5685.425126382168;3318.6970593171873;0.0;zone56;S01010311;22;721;556;351;[0.411765,0.352941,0.235294];[0.472222,0.453704,0.074074];[0.571429,0.404762,0.02381];[0.717949,0.271062,0.010989];[0.565217391304,0.121739130435,0.269565217391,0.0434782608696];1;1534.0;1.22364271569;1642;46;0.07636363636363637;1.2727272727272727;56.0890909090909;25.90909090909091;67.10181818181817;10.454545454545455;22.454545454545453;19.09090909090909;1.6636363636363634;0.0;2.332727272727272;0.2872727272727273;1.970909090909091;0.3218181818181819;2.334545454545454;4.363636363636363;5.7272727272727275
11286;zone57;5466.52613028024;3072.1402274564575;0.0;zone57;S01010312;34;868;647;425;[0.117647,0.823529,0.058824];[0.754386,0.22807,0.017544];[0.407407,0.444444,0.148148];[0.804945,0.153846,0.041209];[0.586956521739,0.115942028986,0.268115942029,0.0289855072464];1;685.0;0.247477927043;1651;65;0.07529411764705882;0.9117647058823529;54.52823529411764;28.676470588235293;66.13882352941178;10.441176470588236;22.529411764705884;18.529411764705884;1.6094117647058823;0.0;1.9141176470588235;0.25411764705882356;2.8458823529411768;0.4129411764705882;2.736470588235294;3.2058823529411766;6.088235294117647
11286;zone58;5251.7403530303945;3502.549209042501;0.0;zone58;S01010313;16;654;529;356;[0.428571,0.285714,0.285714];[0.6,0.333333,0.066667];[0.433735,0.481928,0.084337];[0.739623,0.162264,0.098113];[0.648351648352,0.131868131868,0.175824175824,0.043956043956];1;565.0;0.109617915218;2142;31;0.075;1.125;62.11500000000001;27.4375;74.0375;12.0;23.5625;21.4375;1.9075;0.0;2.3825000000000003;0.2775;2.8300000000000005;0.4625000000000001;2.6475;4.625;7.0
11286;zone59;4840.312157862589;3385.4448126102257;0.0;zone59;S01010314;21;1248;1034;550;[0.358209,0.507463,0.134328];[0.514493,0.333333,0.152174];[0.5,0.326923,0.173077];[0.636,0.324,0.04];[0.316901408451,0.133802816901,0.401408450704,0.147887323944];1;637.0;0.192402372167;1112;51;0.09523809523809523;1.2857142857142858;37.48952380952381;28.095238095238095;66.75047619047619;12.380952380952381;23.952380952380953;12.571428571428571;2.9714285714285715;0.0;2.95047619047619;1.1885714285714286;0.9123809523809524;0.39428571428571435;2.318095238095238;5.380952380952381;7.619047619047619
11286;zone60;4536.293429266749;2504.1273706154316;0.0;zone60;S01010315;43;911;678;409;[0.180723,0.554217,0.26506];[0.252632,0.457895,0.289474];[0.208333,0.5,0.291667];[0.55144,0.345679,0.102881];[0.308176100629,0.169811320755,0.358490566038,0.163522012579];2;382.0;-0.100954860853;1612;116;0.10325581395348837;1.3255813953488371;42.13116279069767;26.88372093023256;64.07813953488372;10.813953488372093;22.674418604651162;14.418604651162791;2.933953488372093;0.0;1.8195348837209304;0.04372093023255814;1.9237209302325584;0.3423255813953488;2.3516279069767436;5.069767441860465;6.325581395348837
11286;zone61;4589.6619547948285;2943.195659127726;0.0;zone61;S01010316;25;512;414;304;[0.392157,0.529412,0.078431];[0.62931,0.37069,0.0];[0.439024,0.560976,0.0];[0.775401,0.224599,0.0];[0.439252336449,0.102803738318,0.252336448598,0.205607476636];1;481.0;0.0128180141103;1417;64;0.096;1.32;49.550399999999996;28.24;68.9152;11.8;23.36;16.48;2.8144;0.0;2.1424000000000003;0.20800000000000002;2.5504000000000002;0.4144;2.1664000000000003;5.32;7.2
11286;zone63;4421.5566371748755;3071.026327566895;0.0;zone63;S01010318;12;1588;1497;304;[0.5,0.456522,0.043478];[0.469799,0.47651,0.053691];[0.310345,0.37931,0.310345];[0.678571,0.285714,0.035714];[0.36,0.14,0.34,0.16];3;317.0;-0.175110645645;1050;31;0.1;1.75;52.43333333333333;38.25;74.91000000000001;10.916666666666666;23.5;18.0;6.2366666666666655;0.0;4.37;0.2833333333333333;0.6133333333333334;0.30333333333333334;1.5833333333333333;7.333333333333333;11.0
11286;zone64;4173.240913470097;2893.8040771744095;0.0;zone64;S01010319;9;711;624;407;[0.258741,0.608392,0.132867];[0.383399,0.486166,0.130435];[0.439394,0.212121,0.348485];[0.530769,0.384615,0.084615];[0.171974522293,0.0700636942675,0.471337579618,0.286624203822];2;473.0;0.00423719084943;1446;19;0.08;1.4444444444444444;45.53777777777778;33.77777777777778;66.42666666666668;10.333333333333334;22.555555555555557;15.222222222222221;4.08;0.0;2.7288888888888887;0.03555555555555556;1.9377777777777776;0.27111111111111114;2.0622222222222226;5.555555555555555;8.11111111111111
11286;zone65;3940.1918462749595;2900.8899784533987;0.0;zone65;S01010320;4;675;594;437;[0.257813,0.523438,0.21875];[0.61753,0.298805,0.083665];[0.526316,0.22807,0.245614];[0.805085,0.169492,0.025424];[0.172185430464,0.0662251655629,0.443708609272,0.317880794702];1;646.0;0.202453315259;1199;4;0.04;1.0;42.25;29.25;68.8;12.25;24.25;14.0;5.949999999999999;0.0;1.9100000000000001;0.79;0.5;0.41000000000000003;2.86;4.5;8.75
11286;zone66;3905.8658739096163;2664.6669636212755;0.0;zone66;S01010321;7;837;634;432;[0.401709,0.555556,0.042735];[0.54717,0.433962,0.018868];[0.45122,0.439024,0.109756];[0.666667,0.271186,0.062147];[0.212328767123,0.0958904109589,0.390410958904,0.301369863014];1;1019.0;0.631764531736;1941;13;0.06285714285714286;3.142857142857143;64.74857142857142;18.714285714285715;80.07428571428571;11.714285714285714;23.571428571428573;22.428571428571427;1.5371428571428574;0.0;1.0857142857142859;0.04;2.5942857142857148;0.29714285714285715;1.8171428571428572;13.142857142857142;4.714285714285714
11286;zone67;3630.3978644730896;3132.1651121578075;0.0;zone67;S01010322;9;1028;914;549;[0.174419,0.549419,0.276163];[0.412399,0.471698,0.115903];[0.298507,0.38806,0.313433];[0.647059,0.323529,0.029412];[0.057268722467,0.0352422907489,0.449339207048,0.458149779736];5;124.0;-0.397569575369;1485;31;0.1288888888888889;2.0;35.879999999999995;31.11111111111111;66.80444444444444;11.444444444444445;23.333333333333332;11.666666666666666;3.115555555555556;0.0;3.586666666666667;0.8533333333333333;0.8933333333333332;0.1688888888888889;1.6888888888888889;8.222222222222221;8.0
11286;zone68;6208.193116766784;3072.425066795916;0.0;zone68;S01010323;4;603;466;377;[0.555556,0.444444,0.0];[0.657143,0.271429,0.071429];[0.642857,0.321429,0.035714];[0.793651,0.166667,0.039683];[0.578431372549,0.166666666667,0.235294117647,0.0196078431373];1;970.0;0.57559463238;1077;6;0.06;1.75;58.69;19.5;75.95;12.0;24.0;20.0;2.79;0.0;2.06;0.0;1.33;0.27;2.14;9.5;5.5
11286;zone69;6517.651722029823;2240.572579661372;0.0;zone69;S01010324;6;759;566;403;[0.142857,0.571429,0.285714];[0.298077,0.490385,0.211538];[0.333333,0.530864,0.135802];[0.401674,0.414226,0.1841];[0.569620253165,0.101265822785,0.291139240506,0.0379746835443];1;407.0;-0.0721601679586;1464;17;0.10666666666666667;0.6666666666666666;41.67333333333334;29.5;65.14;12.166666666666666;23.5;14.5;2.026666666666667;0.0;0.6533333333333333;0.0;4.3533333333333335;0.48666666666666675;3.3466666666666662;2.5;6.666666666666667
11286;zone70;6038.016041009105;2402.8415869980217;0.0;zone70;S01010325;18;939;666;501;[0.263158,0.368421,0.368421];[0.383838,0.525253,0.090909];[0.253623,0.615942,0.130435];[0.451362,0.463035,0.085603];[0.545454545455,0.238636363636,0.193181818182,0.0227272727273];1;225.0;-0.281126582053;1559;39;0.08444444444444445;1.2777777777777777;45.61555555555555;30.11111111111111;68.20444444444443;12.333333333333334;23.38888888888889;15.555555555555555;1.8599999999999999;0.0;0.7377777777777776;0.0;4.755555555555556;0.4155555555555555;2.386666666666667;5.111111111111111;6.833333333333333
11286;zone71;5272.359331052501;2740.775131541117;0.0;zone71;S01010326;39;987;707;494;[0.526316,0.368421,0.105263];[0.522523,0.333333,0.144144];[0.492188,0.3125,0.195313];[0.723514,0.224806,0.05168];[0.54375,0.16875,0.23125,0.05625];1;1389.0;1.05701743376;1008;79;0.08102564102564103;1.358974358974359;49.0379487179487;29.53846153846154;69.74871794871794;10.923076923076923;23.0;16.487179487179485;1.6728205128205127;0.0;5.268717948717947;0.06051282051282052;1.8164102564102558;0.3630769230769231;2.3630769230769233;5.82051282051282;8.307692307692308
11286;zone72;4970.167032608406;2501.795090448298;0.0;zone72;S01010327;34;982;660;362;[0.031746,0.507937,0.460317];[0.372881,0.432203,0.194915];[0.289063,0.328125,0.382813];[0.516892,0.347973,0.135135];[0.416184971098,0.21387283237,0.236994219653,0.132947976879];1;470.0;0.000335688704598;928;65;0.07647058823529412;1.5;40.94235294117647;25.11764705882353;63.11411764705881;10.147058823529411;22.294117647058822;13.852941176470589;1.3352941176470592;0.0;5.399999999999999;0.02;0.6494117647058824;0.24823529411764705;2.104705882352942;5.352941176470588;6.970588235294118
11286;zone73;5975.307390960257;2677.5485166167286;0.0;zone73;S01010328;24;969;706;445;[0.16129,0.5,0.33871];[0.27044,0.471698,0.257862];[0.192547,0.434783,0.372671];[0.338983,0.432203,0.228814];[0.309352517986,0.258992805755,0.280575539568,0.151079136691];2;457.0;-0.0138550124678;1850;61;0.09666666666666666;1.0416666666666667;44.86666666666667;33.791666666666664;62.98499999999999;10.291666666666666;22.375;15.166666666666666;1.748333333333333;0.0;1.3916666666666664;0.0;4.374999999999999;0.3983333333333334;2.401666666666667;3.2083333333333335;7.041666666666667
