cycle;name;location.x;location.y;location.z;name;dataZone;nm_children;pop;over16;nm_hh;AB_car_prob;C1_car_prob;C2_car_prob;DE_car_prob;prob_social;simd;crimeRate;norm_crime;avg_dis_sh;neigh_play;daily_play_per_child;avg_FSA;avg_walk;daily_OD;zone_mvpa;mvpa_home;mvpa_sc;mvpa_road;mvpa_play_field;mvpa_home_garden;mvpa_park;mvpa_PG;mvpa_amenity;mvpa_shops;mvpa_F_home;mvpa_fsa;mvpa_OD
11286;zone0;8448.90275962388;2625.4515469546564;0.0;zone0;S01010195;19;531;390;212;[0.0,0.481481,0.518519];[0.261538,0.646154,0.092308];[0.12,0.59,0.29];[0.447368,0.368421,0.184211];[0.418918918919,0.283783783784,0.202702702703,0.0945945945946];1;0.0;-0.540229885057;1039;23;0.04210526315789474;1.894736842105263;35.69263157894736;19.157894736842106;75.70315789473686;11.263157894736842;35.89473684210526;12.052631578947368;0.9157894736842105;0.0;2.090526315789474;0.0;1.9642105263157892;0.3789473684210527;2.092631578947368;7.315789473684211;4.421052631578948
11286;zone1;8656.736904000718;2165.9902346445633;0.0;zone1;S01010198;18;1027;748;394;[0.058824,0.529412,0.411765];[0.305785,0.561983,0.132231];[0.219858,0.496454,0.283688];[0.523179,0.331126,0.145695];[0.48623853211,0.229357798165,0.266055045872,0.0183486238532];1;1609.0;1.3102524676;1183;23;0.04888888888888889;0.7777777777777778;35.80444444444444;26.77777777777778;73.58222222222224;11.61111111111111;36.111111111111114;12.0;1.4311111111111112;0.0;1.8688888888888888;0.06222222222222223;3.2533333333333343;0.35333333333333333;2.1511111111111116;3.0;6.0
11286;zone2;8537.588755655543;3024.028900129281;0.0;zone2;S01010201;22;643;453;253;[0.0,0.47619,0.52381];[0.270833,0.3125,0.416667];[0.088,0.48,0.432];[0.296552,0.434483,0.268966];[0.365853658537,0.292682926829,0.292682926829,0.0487804878049];2;219.0;-0.28762447053;903;56;0.1;1.3181818181818181;27.099999999999998;30.681818181818183;74.18727272727271;11.590909090909092;36.77272727272727;8.909090909090908;1.5163636363636364;0.0;2.3018181818181813;0.09818181818181819;3.4090909090909096;0.4;2.3054545454545456;5.090909090909091;6.681818181818182
11286;zone3;8059.42097232239;3767.666522351409;0.0;zone3;S01010203;30;671;504;260;[0.090909,0.363636,0.545455];[0.263804,0.460123,0.276074];[0.094828,0.422414,0.482759];[0.183824,0.375,0.441176];[0.272727272727,0.218181818182,0.363636363636,0.145454545455];3;215.0;-0.292668818285;1969;51;0.064;1.6666666666666667;45.71733333333335;26.8;83.32666666666668;11.6;38.03333333333333;15.5;1.3880000000000003;0.0;2.7213333333333334;0.0;3.064;0.3133333333333334;1.8480000000000003;7.133333333333334;6.7
11286;zone4;8368.288440296214;3565.498290652094;0.0;zone4;S01010204;30;800;589;381;[0.272727,0.727273,0.0];[0.627451,0.27451,0.098039];[0.444444,0.533333,0.022222];[0.600619,0.321981,0.077399];[0.595041322314,0.157024793388,0.239669421488,0.00826446280992];1;497.0;0.0317745673598;1122;42;0.05333333333333334;1.6666666666666667;37.86933333333332;23.966666666666665;74.384;10.966666666666667;35.1;12.833333333333334;0.7893333333333334;0.0;1.5040000000000002;0.0;3.145333333333333;0.36933333333333335;1.9893333333333336;5.833333333333333;5.033333333333333
11286;zone5;8034.229745798958;3515.110462853287;0.0;zone5;S01010205;15;658;534;355;[0.411765,0.117647,0.470588];[0.465116,0.457364,0.077519];[0.317757,0.588785,0.093458];[0.593458,0.280374,0.126168];[0.466666666667,0.2,0.3,0.0333333333333];1;925.0;0.523434132086;1508;29;0.07466666666666667;1.0;46.546666666666674;28.666666666666668;80.07733333333334;11.6;36.46666666666667;15.866666666666667;1.621333333333333;0.0;2.986666666666667;0.0;3.0533333333333332;0.3573333333333334;2.432;3.933333333333333;7.066666666666666
11286;zone6;7457.064719570519;3739.055375726369;0.0;zone6;S01010208;18;903;745;565;[0.30137,0.589041,0.109589];[0.48062,0.457364,0.062016];[0.272727,0.613636,0.113636];[0.66055,0.270642,0.068807];[0.233333333333,0.133333333333,0.461111111111,0.172222222222];1;603.0;0.153385979085;1329;26;0.05555555555555555;1.4444444444444444;38.364444444444445;21.444444444444443;69.79777777777775;9.38888888888889;33.111111111111114;12.88888888888889;1.4955555555555557;0.0;1.1044444444444446;0.0;2.0622222222222226;0.39555555555555566;1.9844444444444445;5.611111111111111;4.111111111111111
11286;zone7;7917.838214725937;1939.334458859395;0.0;zone7;S01010209;24;966;677;468;[0.172414,0.586207,0.241379];[0.333333,0.414966,0.251701];[0.381944,0.458333,0.159722];[0.545852,0.336245,0.117904];[0.337931034483,0.248275862069,0.303448275862,0.110344827586];1;2053.0;1.82052250092;1754;28;0.04666666666666667;2.2083333333333335;49.02333333333332;20.041666666666668;77.9216666666667;10.166666666666666;34.541666666666664;16.791666666666668;1.0966666666666667;0.0;1.7116666666666662;0.0;1.8166666666666667;0.4050000000000001;1.6866666666666668;7.875;4.083333333333333
11286;zone8;7878.406567747077;2721.2634132011362;0.0;zone8;S01010210;18;885;641;416;[0.173913,0.456522,0.369565];[0.21519,0.5,0.28481];[0.189781,0.386861,0.423358];[0.422111,0.442211,0.135678];[0.394736842105,0.236842105263,0.254385964912,0.114035087719];1;344.0;-0.144253829852;1386;23;0.04666666666666667;1.2777777777777777;32.791111111111114;22.166666666666668;77.66222222222221;12.722222222222221;37.72222222222222;10.61111111111111;1.0333333333333334;0.0;2.2311111111111113;0.0;2.6066666666666665;0.39111111111111124;2.2777777777777777;6.111111111111111;5.388888888888889
11286;zone9;7785.599648345685;3201.783800714137;0.0;zone9;S01010211;22;858;634;452;[0.147059,0.705882,0.147059];[0.384615,0.452991,0.162393];[0.469565,0.4,0.130435];[0.722656,0.226563,0.050781];[0.473214285714,0.169642857143,0.285714285714,0.0714285714286];1;430.0;-0.0456985893816;965;35;0.06181818181818182;0.7727272727272727;34.30727272727273;26.545454545454547;68.06363636363635;9.772727272727273;33.27272727272727;11.454545454545455;0.8436363636363636;0.0;2.5436363636363635;0.00545454545454545;2.398181818181818;0.48000000000000004;2.5472727272727274;3.1363636363636362;5.2272727272727275
11286;zone10;7580.688680869333;3097.127786881416;0.0;zone10;S01010212;49;1083;779;559;[0.233333,0.633333,0.133333];[0.594771,0.339869,0.065359];[0.465517,0.405172,0.12931];[0.712821,0.269231,0.017949];[0.566037735849,0.138364779874,0.22641509434,0.0691823899371];1;1473.0;1.15298517036;1130;93;0.07102040816326531;1.4285714285714286;42.551020408163254;24.693877551020407;78.5208163265306;11.285714285714286;36.51020408163265;14.46938775510204;1.1159183673469388;0.0;2.020408163265307;0.0;2.924081632653061;0.42367346938775513;2.2971428571428567;5.816326530612245;5.63265306122449
11286;zone11;8065.177293237223;3111.5884965344962;0.0;zone11;S01010213;13;924;657;476;[0.105263,0.684211,0.210526];[0.382609,0.547826,0.069565];[0.218543,0.556291,0.225166];[0.467925,0.483019,0.049057];[0.451327433628,0.221238938053,0.274336283186,0.0530973451327];1;247.0;-0.255840453357;926;30;0.08615384615384615;1.2307692307692308;28.77846153846154;24.153846153846153;66.99692307692308;10.538461538461538;33.61538461538461;9.538461538461538;0.7261538461538463;0.0;2.1507692307692308;0.03692307692307692;2.332307692307692;0.37846153846153846;2.3876923076923076;3.8461538461538463;4.6923076923076925
11286;zone12;7144.994858230166;1947.4125453867302;0.0;zone12;S01010214;27;967;717;396;[0.098592,0.28169,0.619718];[0.197531,0.438272,0.364198];[0.173333,0.493333,0.333333];[0.237069,0.487069,0.275862];[0.361344537815,0.210084033613,0.310924369748,0.117647058824];3;176.0;-0.337854473183;1772;41;0.05925925925925926;1.8148148148148149;43.324444444444445;26.25925925925926;83.82962962962962;11.37037037037037;38.2962962962963;14.592592592592593;3.745185185185185;0.0;2.3955555555555557;0.0;1.8414814814814817;0.2740740740740741;2.154074074074074;7.333333333333333;7.518518518518518
11286;zone13;7013.590150664996;2618.495528189446;0.0;zone13;S01010215;24;850;608;492;[0.571429,0.285714,0.142857];[0.5,0.431373,0.068627];[0.382609,0.391304,0.226087];[0.678571,0.269841,0.051587];[0.467289719626,0.140186915888,0.345794392523,0.0467289719626];1;547.0;0.0886083430805;546;43;0.06666666666666667;1.5;35.22833333333334;22.083333333333332;78.0616666666667;12.041666666666666;37.958333333333336;11.916666666666666;1.2966666666666666;0.0;1.0483333333333333;0.0;3.1683333333333334;0.47166666666666673;2.561666666666666;5.916666666666667;5.083333333333333
11286;zone14;7332.222205807836;2329.961970144465;0.0;zone14;S01010216;15;621;464;361;[0.6,0.4,0.0];[0.597701,0.356322,0.045977];[0.409091,0.439394,0.151515];[0.709544,0.273859,0.016598];[0.5,0.163265306122,0.265306122449,0.0714285714286];1;600.0;0.150092344085;1290;17;0.04266666666666667;1.0;52.26933333333333;28.733333333333334;81.05866666666665;11.0;36.46666666666667;17.6;1.5706666666666669;0.0;2.749333333333333;0.0;3.192;0.5173333333333334;2.3626666666666667;3.933333333333333;7.066666666666666
11286;zone15;7299.833172322251;2625.8610945736937;0.0;zone15;S01010217;33;817;598;406;[0.16129,0.516129,0.322581];[0.565517,0.4,0.034483];[0.5,0.431373,0.068627];[0.702703,0.283784,0.013514];[0.541935483871,0.0967741935484,0.296774193548,0.0645161290323];1;1060.0;0.679274950851;980;69;0.07757575757575758;1.8181818181818181;39.95878787878788;27.636363636363637;79.43030303030305;10.878787878787879;36.57575757575758;13.424242424242424;0.7854545454545453;0.0;2.31030303030303;0.0;3.4218181818181823;0.4133333333333333;1.8230303030303032;7.96969696969697;5.96969696969697
11286;zone16;7142.953643082513;3018.5401822929393;0.0;zone16;S01010218;31;1018;790;587;[0.425532,0.404255,0.170213];[0.392523,0.453271,0.154206];[0.358209,0.492537,0.149254];[0.589124,0.335347,0.075529];[0.424657534247,0.109589041096,0.369863013699,0.0958904109589];1;557.0;0.101026678737;506;45;0.05419354838709677;1.5806451612903225;34.89032258064516;27.774193548387096;78.94967741935481;11.870967741935484;37.41935483870968;11.451612903225806;1.0941935483870968;0.0;1.6141935483870966;0.0;3.6967741935483875;0.4335483870967742;2.498064516129033;6.967741935483871;5.838709677419355
11286;zone17;6738.8937706128745;4298.8917997019325;0.0;zone17;S01010219;21;503;382;274;[0.695652,0.304348,0.0];[0.758621,0.215517,0.025862];[0.761905,0.166667,0.071429];[0.781609,0.195402,0.022989];[0.41935483871,0.0752688172043,0.408602150538,0.0967741935484];2;184.0;-0.327838932938;1612;41;0.06666666666666667;1.4761904761904763;66.71809523809523;29.19047619047619;92.28;11.380952380952381;38.333333333333336;22.714285714285715;4.641904761904762;0.0;3.411428571428572;0.0;1.217142857142857;0.3638095238095238;2.116190476190476;6.428571428571429;8.904761904761905
11286;zone18;5915.780765415368;4211.222876105162;0.0;zone18;S01010220;7;476;433;279;[0.181159,0.608696,0.210145];[0.404255,0.531915,0.06383];[0.227273,0.704545,0.068182];[0.448276,0.482759,0.068966];[0.154545454545,0.0636363636364,0.318181818182,0.463636363636];5;267.0;-0.232306706325;1323;10;0.05714285714285714;1.0;29.91428571428571;26.0;83.66857142857143;13.857142857142858;39.714285714285715;10.285714285714286;4.36;0.0;3.051428571428571;0.4114285714285714;1.0799999999999998;0.48571428571428577;2.2971428571428576;6.285714285714286;8.285714285714286
11286;zone19;6341.0811208317455;3913.8398648988496;0.0;zone19;S01010221;13;546;394;260;[0.6,0.4,0.0];[0.557377,0.409836,0.032787];[0.538462,0.323077,0.138462];[0.699387,0.257669,0.042945];[0.609375,0.140625,0.203125,0.046875];1;635.0;0.19005459739;1110;23;0.06461538461538462;0.8461538461538461;38.97230769230769;18.46153846153846;74.39999999999999;11.153846153846153;35.76923076923077;13.076923076923077;2.6523076923076916;0.0;1.7507692307692309;0.06153846153846154;0.7538461538461539;0.36615384615384616;2.7507692307692313;4.538461538461538;4.923076923076923
11286;zone20;7001.213463613622;4053.9957950241624;0.0;zone20;S01010222;15;492;414;285;[0.142857,0.5,0.357143];[0.432432,0.459459,0.108108];[0.348624,0.522936,0.12844];[0.747899,0.235294,0.016807];[0.345238095238,0.214285714286,0.309523809524,0.130952380952];1;377.0;-0.105830277325;1717;23;0.06133333333333333;1.8;46.477333333333334;20.0;84.648;12.133333333333333;38.4;15.866666666666667;2.522666666666667;0.0;1.274666666666667;0.032;1.6693333333333333;0.32800000000000007;2.5360000000000005;8.133333333333333;5.0
11286;zone21;6986.8418912765155;3434.1450308482026;0.0;zone21;S01010223;4;556;462;337;[0.076923,0.538462,0.384615];[0.567797,0.330508,0.101695];[0.472222,0.444444,0.083333];[0.584699,0.36612,0.04918];[0.432432432432,0.162162162162,0.324324324324,0.0810810810811];1;439.0;-0.0353356041414;1874;9;0.08;0.75;65.55;31.0;74.03999999999999;7.5;30.75;22.75;2.9;0.0;2.7199999999999998;0.21;1.2000000000000002;0.31;1.9700000000000002;2.0;6.5
11286;zone22;6247.397837456437;3329.661273309237;0.0;zone22;S01010224;40;1036;727;469;[0.405405,0.540541,0.054054];[0.592593,0.274074,0.133333];[0.418803,0.504274,0.076923];[0.768421,0.202632,0.028947];[0.506097560976,0.140243902439,0.268292682927,0.0853658536585];1;1004.0;0.614259332793;857;66;0.066;1.375;38.837;17.85;75.84199999999998;11.9;36.225;13.2;1.7570000000000001;0.0;1.0240000000000002;0.11499999999999999;1.5210000000000004;0.34499999999999986;2.605000000000001;5.4;3.925
11286;zone23;7827.985844039554;4105.4701191949;0.0;zone23;S01010225;33;812;636;431;[0.25,0.634615,0.115385];[0.469072,0.43299,0.097938];[0.54023,0.413793,0.045977];[0.672065,0.234818,0.093117];[0.385185185185,0.125925925926,0.325925925926,0.162962962963];1;1006.0;0.616572011517;1773;59;0.07151515151515152;1.696969696969697;54.83757575757575;24.87878787878788;83.52242424242424;10.727272727272727;36.696969696969695;18.666666666666668;2.0715151515151513;0.0;1.6206060606060608;0.0;2.7066666666666666;0.3781818181818182;1.8884848484848489;6.878787878787879;6.03030303030303
11286;zone24;7040.363001382077;4481.052780471187;0.0;zone24;S01010226;40;816;565;394;[0.454545,0.242424,0.30303];[0.715385,0.2,0.084615];[0.540541,0.405405,0.054054];[0.766917,0.18797,0.045113];[0.503355704698,0.201342281879,0.221476510067,0.0738255033557];2;422.0;-0.0548014077425;1355;125;0.12;1.025;54.23600000000001;36.275;80.86399999999998;9.65;34.825;18.475;4.124999999999999;0.0;3.839;0.044;1.9649999999999999;0.304;2.311999999999999;3.475;9.525
11286;zone25;6847.772309074456;4638.663588163389;0.0;zone25;S01010227;39;692;454;294;[0.413793,0.413793,0.172414];[0.704545,0.238636,0.056818];[0.654545,0.345455,0.0];[0.810606,0.159091,0.030303];[0.672268907563,0.0924369747899,0.159663865546,0.0756302521008];4;0.0;-0.540229885057;1027;136;0.13538461538461538;1.0769230769230769;46.62051282051282;43.35897435897436;83.19589743589742;10.487179487179487;35.61538461538461;15.923076923076923;5.622564102564103;0.0;5.2676923076923075;0.06256410256410257;1.5415384615384613;0.3435897435897436;2.195897435897436;4.487179487179487;12.025641025641026
11286;zone26;8241.816993110848;4572.457656401622;0.0;zone26;S01010229;30;1016;787;508;[0.1,0.625,0.275];[0.350877,0.350877,0.298246];[0.348315,0.477528,0.174157];[0.565217,0.310559,0.124224];[0.420731707317,0.213414634146,0.292682926829,0.0731707317073];1;395.0;-0.0859445809966;1181;33;0.04266666666666667;0.8;35.806666666666665;16.9;73.824;11.933333333333334;36.56666666666667;11.933333333333334;1.7000000000000004;0.0;1.8866666666666672;0.03333333333333333;1.3226666666666667;0.5773333333333335;2.7973333333333334;3.4;4.366666666666666
11286;zone27;7458.320056766788;4680.341251240345;0.0;zone27;S01010230;24;1005;772;577;[0.314286,0.628571,0.057143];[0.703883,0.296117,0.0];[0.727273,0.218182,0.054545];[0.71831,0.24507,0.03662];[0.517857142857,0.136904761905,0.267857142857,0.077380952381];1;846.0;0.433218203459;904;37;0.05333333333333334;0.9166666666666666;35.945;28.541666666666668;75.43666666666667;11.333333333333334;35.625;12.208333333333334;1.9066666666666665;0.0;4.123333333333334;0.00166666666666667;1.7250000000000003;0.44500000000000006;2.4899999999999998;3.9583333333333335;7.333333333333333
11286;zone28;7569.802990100143;4917.458811240416;0.0;zone28;S01010232;37;1074;792;485;[0.457143,0.485714,0.057143];[0.557292,0.338542,0.104167];[0.492063,0.333333,0.174603];[0.654229,0.251244,0.094527];[0.470297029703,0.153465346535,0.306930693069,0.0693069306931];1;771.0;0.347049794199;982;57;0.05945945945945946;1.3783783783783783;37.25513513513514;25.216216216216218;76.94702702702702;11.378378378378379;36.37837837837838;12.783783783783784;1.634594594594595;0.0;2.3859459459459464;0.02486486486486486;2.501621621621622;0.37405405405405406;2.3589189189189184;5.4324324324324325;6.027027027027027
11286;zone29;7830.713068379679;4879.746446724283;0.0;zone29;S01010233;33;970;705;476;[0.275,0.625,0.1];[0.655629,0.245033,0.099338];[0.52809,0.426966,0.044944];[0.771505,0.212366,0.016129];[0.587209302326,0.093023255814,0.261627906977,0.0581395348837];1;284.0;-0.213781821634;1354;47;0.05454545454545454;1.303030303030303;49.78666666666667;28.0;83.13212121212122;11.575757575757576;37.18181818181818;17.09090909090909;1.7866666666666668;0.0;2.557575757575757;0.05696969696969697;2.88;0.406060606060606;2.5806060606060615;5.303030303030303;6.818181818181818
11286;zone30;6473.383843181837;4954.519765957263;0.0;zone30;S01010261;6;2551;2373;526;[0.666667,0.270833,0.0625];[0.675841,0.281346,0.042813];[0.75,0.25,0.0];[0.824468,0.164894,0.010638];[0.41,0.06,0.41,0.12];3;176.0;-0.337679921334;2145;11;0.06666666666666667;1.1666666666666667;81.14;30.666666666666668;91.13333333333333;11.0;36.333333333333336;28.333333333333332;3.84;0.0;1.3066666666666666;0.0;2.8466666666666662;0.31333333333333335;2.146666666666667;3.3333333333333335;7.333333333333333
11286;zone31;4930.642193689802;4959.449818932565;0.0;zone31;S01010266;3;555;474;237;[0.320755,0.556604,0.122642];[0.677273,0.254545,0.068182];[0.5,0.461538,0.038462];[0.534247,0.30137,0.164384];[0.141176470588,0.0588235294118,0.4,0.4];3;536.0;0.0761386922126;1129;6;0.08;2.0;33.53333333333333;30.666666666666668;85.82666666666667;13.333333333333334;39.666666666666664;11.333333333333334;1.32;0.0;3.3200000000000003;0.64;2.8533333333333335;0.5066666666666666;2.16;9.0;7.666666666666667
11286;zone32;5712.5549897826;4979.400336637217;0.0;zone32;S01010270;4;1153;972;817;[0.389831,0.533898,0.076271];[0.70255,0.252125,0.045326];[0.714286,0.272727,0.012987];[0.771552,0.228448,0.0];[0.125,0.0909090909091,0.454545454545,0.329545454545];1;871.0;0.461200629557;1641;5;0.05;0.75;68.48;27.75;77.42;8.0;32.5;23.75;2.62;0.0;0.96;0.0;2.27;0.44999999999999996;2.5700000000000003;2.5;5.25
11286;zone33;3394.0723536088512;4934.677182292946;0.0;zone33;S01010282;13;976;841;645;[0.438776,0.520408,0.040816];[0.545732,0.405488,0.04878];[0.521277,0.382979,0.095745];[0.712707,0.232044,0.055249];[0.190954773869,0.070351758794,0.35175879397,0.386934673367];2;350.0;-0.137812028107;1335;17;0.04923076923076923;1.5384615384615385;51.596923076923076;30.76923076923077;92.30153846153847;12.307692307692308;40.15384615384615;17.76923076923077;1.2092307692307693;0.0;7.766153846153847;0.5261538461538462;0.6307692307692309;0.38769230769230767;2.2061538461538457;7.6923076923076925;9.692307692307692
11286;zone34;4385.789287498423;4835.237486850067;0.0;zone34;S01010289;15;771;687;380;[0.130952,0.511905,0.357143];[0.262911,0.502347,0.234742];[0.178571,0.464286,0.357143];[0.410256,0.435897,0.153846];[0.058064516129,0.0322580645161,0.245161290323,0.664516129032];5;259.0;-0.241396294863;1583;43;0.112;2.0;36.282666666666664;37.86666666666667;87.50666666666666;11.8;38.733333333333334;12.133333333333333;2.930666666666667;0.0;6.482666666666668;1.101333333333333;1.5626666666666666;0.5146666666666666;1.789333333333333;8.533333333333333;11.8
11286;zone35;4401.5375624188455;4669.062022109911;0.0;zone35;S01010290;13;546;485;278;[0.198198,0.603604,0.198198];[0.485944,0.449799,0.064257];[0.555556,0.444444,0.0];[0.435897,0.512821,0.051282];[0.10752688172,0.0430107526882,0.494623655914,0.354838709677];3;353.0;-0.133686757747;1226;32;0.09846153846153846;1.5384615384615385;44.61846153846154;29.384615384615383;78.49230769230768;10.307692307692308;35.15384615384615;15.153846153846153;1.7876923076923075;0.0;4.880000000000001;0.4061538461538462;1.0307692307692307;0.39076923076923087;1.516923076923077;6.153846153846154;7.461538461538462
11286;zone36;4119.983651650423;4281.100418217042;0.0;zone36;S01010291;12;1075;975;481;[0.405594,0.447552,0.146853];[0.627907,0.277132,0.094961];[0.415094,0.433962,0.150943];[0.562963,0.325926,0.111111];[0.197080291971,0.0729927007299,0.445255474453,0.284671532847];3;438.0;-0.0363924713322;1088;20;0.06666666666666667;1.3333333333333333;42.77333333333333;34.0;79.39666666666666;10.666666666666666;35.0;14.5;1.6133333333333335;0.0;7.156666666666666;0.30333333333333334;0.7233333333333333;0.4033333333333334;2.0966666666666667;5.166666666666667;9.333333333333334
11286;zone37;4399.731076226201;4291.6703625917;0.0;zone37;S01010292;10;890;831;409;[0.348214,0.508929,0.142857];[0.477169,0.420091,0.10274];[0.339286,0.446429,0.214286];[0.55814,0.383721,0.05814];[0.128378378378,0.0540540540541,0.398648648649,0.418918918919];4;323.0;-0.168488563048;1170;34;0.128;1.9;43.751999999999995;39.6;86.58;10.8;36.4;15.1;3.6439999999999997;0.0;7.820000000000002;0.26;0.724;0.41600000000000004;1.7240000000000002;7.8;12.0
11286;zone38;4514.690807242894;4541.15458266895;0.0;zone38;S01010293;16;839;723;373;[0.51773,0.35461,0.12766];[0.635389,0.262735,0.101877];[0.446809,0.319149,0.234043];[0.514286,0.392857,0.092857];[0.242424242424,0.0606060606061,0.393939393939,0.30303030303];3;290.0;-0.205814991507;972;36;0.0875;1.5;41.482499999999995;36.6875;85.355;11.4375;38.0625;14.0625;2.6525;0.0;6.2275;0.4525;1.6150000000000002;0.3275;1.6350000000000005;7.0625;10.375
11286;zone39;4541.7482834333705;4418.565122351524;0.0;zone39;S01010294;13;690;631;275;[0.242105,0.526316,0.231579];[0.650873,0.214464,0.134663];[0.583333,0.208333,0.208333];[0.414894,0.489362,0.095745];[0.164835164835,0.043956043956,0.494505494505,0.296703296703];4;440.0;-0.0342259463805;995;19;0.05846153846153846;1.1538461538461537;38.75692307692307;33.76923076923077;80.39384615384614;11.538461538461538;37.30769230769231;13.076923076923077;3.209230769230769;0.0;4.781538461538461;0.5907692307692308;1.3815384615384616;0.40923076923076923;1.8246153846153845;4.230769230769231;9.538461538461538
11286;zone40;4766.8646917667475;4574.50133624035;0.0;zone40;S01010295;18;974;870;427;[0.384615,0.391026,0.224359];[0.604555,0.310559,0.084886];[0.428571,0.285714,0.285714];[0.390728,0.516556,0.092715];[0.212765957447,0.113475177305,0.297872340426,0.375886524823];4;529.0;0.0680145754747;1057;41;0.08888888888888889;1.6111111111111112;44.800000000000004;37.388888888888886;90.07111111111112;12.0;39.166666666666664;15.055555555555555;2.5444444444444447;0.0;7.028888888888888;0.4666666666666667;1.751111111111111;0.23777777777777778;1.9688888888888887;8.11111111111111;11.277777777777779
11286;zone41;4647.752341766679;4736.091736240359;0.0;zone41;S01010296;16;664;560;291;[0.294118,0.423529,0.282353];[0.520913,0.368821,0.110266];[0.375,0.375,0.25];[0.475524,0.391608,0.132867];[0.282828282828,0.111111111111,0.363636363636,0.242424242424];2;856.0;0.444094443477;1513;37;0.0875;0.6875;43.58;36.3125;81.2875;11.125;37.375;14.9375;2.8975;0.0;5.3425;0.54;1.9224999999999999;0.465;2.54;2.6875;10.1875
11286;zone42;5522.849421766708;4411.996091240393;0.0;zone42;S01010297;7;1066;894;676;[0.582609,0.382609,0.034783];[0.691824,0.245283,0.062893];[0.540541,0.333333,0.126126];[0.681275,0.270916,0.047809];[0.260563380282,0.140845070423,0.37323943662,0.225352112676];1;504.0;0.0391758595379;1071;17;0.09714285714285714;1.1428571428571428;28.257142857142856;20.428571428571427;76.90857142857143;12.857142857142858;39.142857142857146;9.428571428571429;1.4114285714285713;0.0;1.4742857142857146;0.17714285714285719;2.262857142857143;0.4685714285714285;2.5714285714285716;5.428571428571429;4.857142857142857
11286;zone43;4706.481893689814;4143.807995855712;0.0;zone43;S01010298;12;880;677;515;[0.308943,0.479675,0.211382];[0.581395,0.356589,0.062016];[0.539683,0.396825,0.063492];[0.744828,0.193103,0.062069];[0.227272727273,0.0984848484848,0.371212121212,0.30303030303];1;486.0;0.0190902878356;1214;26;0.08666666666666667;1.6666666666666667;42.60333333333333;25.833333333333332;85.43;12.416666666666666;38.083333333333336;14.5;2.4966666666666666;0.0;4.1066666666666665;0.5166666666666667;0.81;0.40666666666666673;1.8533333333333333;8.416666666666666;7.416666666666667
11286;zone44;4885.424673909578;4209.645754097502;0.0;zone44;S01010299;4;536;404;292;[0.3,0.54,0.16];[0.556701,0.340206,0.103093];[0.458333,0.520833,0.020833];[0.584906,0.283019,0.132075];[0.428571428571,0.0857142857143,0.285714285714,0.2];1;375.0;-0.10827530326;667;9;0.09;1.25;36.06;31.75;76.15;10.75;36.0;12.0;2.3499999999999996;0.0;2.3200000000000003;0.48;2.24;0.2;1.8200000000000003;5.75;7.0
11286;zone45;4883.397012115578;4340.414778682246;0.0;zone45;S01010300;21;934;764;478;[0.460784,0.411765,0.127451];[0.664653,0.238671,0.096677];[0.632353,0.323529,0.044118];[0.606383,0.329787,0.06383];[0.3046875,0.125,0.3515625,0.21875];2;513.0;0.0498225801839;589;55;0.10285714285714286;1.7619047619047619;35.22666666666666;30.238095238095237;84.26095238095238;12.761904761904763;39.0;11.80952380952381;2.3161904761904757;0.0;2.173333333333333;0.4304761904761906;3.163809523809524;0.45523809523809516;1.8552380952380956;8.238095238095237;7.666666666666667
11286;zone46;5144.66081966521;4032.769083704074;0.0;zone46;S01010301;6;522;457;283;[0.292683,0.597561,0.109756];[0.57563,0.315126,0.109244];[0.222222,0.703704,0.074074];[0.561798,0.393258,0.044944];[0.214285714286,0.0612244897959,0.459183673469,0.265306122449];4;490.0;0.0232745011966;1407;27;0.18;1.0;40.913333333333334;52.5;75.04;9.0;33.333333333333336;14.166666666666666;7.14;0.0;1.8733333333333333;0.14666666666666667;3.0133333333333336;0.20666666666666667;1.7066666666666663;3.1666666666666665;11.666666666666666
11286;zone47;5165.568789180556;4297.038752619699;0.0;zone47;S01010302;24;669;495;388;[0.65625,0.28125,0.0625];[0.6,0.356522,0.043478];[0.716981,0.226415,0.056604];[0.801802,0.18018,0.018018];[0.582417582418,0.0769230769231,0.263736263736,0.0769230769231];1;392.0;-0.0896499889057;1456;48;0.075;1.375;46.57499999999999;26.416666666666668;74.98666666666666;9.916666666666666;34.375;15.75;2.5833333333333335;0.0;0.5949999999999999;0.12166666666666666;2.548333333333334;0.37166666666666676;2.0250000000000004;5.083333333333333;5.333333333333333
11286;zone48;5241.140616766716;4139.402270499609;0.0;zone48;S01010303;33;579;387;250;[0.692308,0.153846,0.153846];[0.56701,0.298969,0.134021];[0.630435,0.282609,0.086957];[0.658879,0.285047,0.056075];[0.58407079646,0.106194690265,0.274336283186,0.0353982300885];1;415.0;-0.0627120940391;1475;84;0.09454545454545454;0.7272727272727273;49.563636363636355;28.939393939393938;79.83272727272728;11.545454545454545;36.18181818181818;16.90909090909091;3.995151515151515;0.0;1.2303030303030305;0.20363636363636364;1.6993939393939392;0.44;2.387878787878788;3.484848484848485;6.636363636363637
11286;zone49;4853.647576226233;3833.123065294377;0.0;zone49;S01010304;12;542;456;332;[0.323529,0.514706,0.161765];[0.635135,0.25,0.114865];[0.477273,0.522727,0.0];[0.829268,0.109756,0.060976];[0.372340425532,0.0425531914894,0.297872340426,0.287234042553];1;804.0;0.384523850516;1703;17;0.05333333333333334;1.5833333333333333;59.076666666666675;22.75;87.48333333333333;11.75;38.583333333333336;19.916666666666668;3.4033333333333338;0.0;0.92;0.32666666666666666;1.84;0.3433333333333333;3.016666666666667;5.666666666666667;6.083333333333333
11286;zone50;4697.410406890209;3639.1027396354093;0.0;zone50;S01010305;7;807;694;478;[0.36036,0.468468,0.171171];[0.553191,0.33617,0.110638];[0.409639,0.301205,0.289157];[0.589888,0.337079,0.073034];[0.198529411765,0.0735294117647,0.382352941176,0.345588235294];1;223.0;-0.28282788147;539;12;0.05714285714285714;1.5714285714285714;38.714285714285715;30.714285714285715;74.43999999999998;9.571428571428571;34.0;13.0;5.817142857142857;0.0;1.6228571428571428;0.38285714285714284;0.5828571428571429;0.18857142857142856;1.7428571428571427;5.714285714285714;8.142857142857142
11286;zone51;4591.3082521834585;3868.367573740388;0.0;zone51;S01010306;13;752;675;449;[0.35625,0.56875,0.075];[0.570588,0.355882,0.073529];[0.283019,0.566038,0.150943];[0.650943,0.330189,0.018868];[0.165680473373,0.0473372781065,0.479289940828,0.307692307692];2;238.0;-0.265781391166;870;22;0.06461538461538462;2.3076923076923075;45.12307692307692;29.0;82.52615384615385;11.461538461538462;35.46153846153846;15.307692307692308;4.495384615384616;0.0;2.624615384615385;0.28615384615384615;0.8276923076923077;0.38461538461538464;1.2215384615384615;8.846153846153847;7.6923076923076925
11286;zone52;4503.72067559025;3742.2957906521283;0.0;zone52;S01010307;9;821;732;428;[0.189922,0.577519,0.232558];[0.407407,0.487654,0.104938];[0.346154,0.538462,0.115385];[0.71875,0.234375,0.046875];[0.0681818181818,0.0568181818182,0.375,0.5];5;319.0;-0.172537833795;469;20;0.08888888888888889;2.7777777777777777;47.702222222222225;38.666666666666664;84.91555555555556;9.444444444444445;34.77777777777778;16.22222222222222;7.697777777777778;0.0;1.4355555555555555;0.7111111111111111;0.4222222222222222;0.2666666666666667;0.8755555555555556;11.333333333333334;9.777777777777779
11286;zone53;4364.519870735056;4047.768725526131;0.0;zone53;S01010308;9;975;858;480;[0.285714,0.54007,0.174216];[0.511936,0.384615,0.103448];[0.254902,0.411765,0.333333];[0.648352,0.307692,0.043956];[0.0970873786408,0.0631067961165,0.359223300971,0.480582524272];4;257.0;-0.244477582955;1211;28;0.11555555555555555;1.6666666666666667;60.85777777777777;46.111111111111114;88.10222222222222;9.666666666666666;36.111111111111114;20.666666666666668;2.84;0.0;6.017777777777777;0.9600000000000001;2.026666666666667;0.3422222222222222;1.3155555555555556;6.666666666666667;11.333333333333334
11286;zone54;5381.88771051669;3636.3205112402793;0.0;zone54;S01010309;4;419;356;264;[0.333333,0.25,0.416667];[0.478873,0.422535,0.098592];[0.352941,0.382353,0.264706];[0.705882,0.24183,0.052288];[0.365853658537,0.170731707317,0.390243902439,0.0731707317073];1;0.0;-0.540229885057;1799;7;0.06;0.75;63.39;19.5;79.0;11.0;35.5;22.25;1.5699999999999998;0.0;0.81;0.31;1.7000000000000002;0.45999999999999996;2.07;2.0;3.75
11286;zone55;5657.373406240428;3625.6586165034923;0.0;zone55;S01010310;13;706;540;381;[0.333333,0.238095,0.428571];[0.565517,0.337931,0.096552];[0.54902,0.27451,0.176471];[0.715415,0.256917,0.027668];[0.484848484848,0.151515151515,0.318181818182,0.0454545454545];1;574.0;0.120406534162;806;13;0.04;1.3846153846153846;46.43692307692307;21.846153846153847;72.32615384615384;9.538461538461538;34.0;15.76923076923077;1.04;0.0;0.9753846153846154;1.1415384615384616;0.8307692307692308;0.2646153846153846;2.556923076923077;4.769230769230769;3.5384615384615383
11286;zone56;5685.425126382168;3318.6970593171873;0.0;zone56;S01010311;22;721;556;351;[0.411765,0.352941,0.235294];[0.472222,0.453704,0.074074];[0.571429,0.404762,0.02381];[0.717949,0.271062,0.010989];[0.565217391304,0.121739130435,0.269565217391,0.0434782608696];1;1534.0;1.22364271569;1609;40;0.07090909090909091;1.1363636363636365;52.7490909090909;25.40909090909091;81.95636363636363;10.454545454545455;36.68181818181818;18.181818181818183;1.4563636363636363;0.0;3.525454545454545;0.19090909090909094;1.8472727272727276;0.2672727272727273;2.5454545454545463;5.045454545454546;6.545454545454546
11286;zone57;5466.52613028024;3072.1402274564575;0.0;zone57;S01010312;34;868;647;425;[0.117647,0.823529,0.058824];[0.754386,0.22807,0.017544];[0.407407,0.444444,0.148148];[0.804945,0.153846,0.041209];[0.586956521739,0.115942028986,0.268115942029,0.0289855072464];1;685.0;0.247477927043;1640;65;0.07176470588235294;0.8529411764705882;61.01529411764706;27.11764705882353;79.44352941176473;10.117647058823529;34.529411764705884;20.735294117647058;1.7435294117647058;0.0;2.354117647058823;0.05647058823529412;2.068235294117647;0.33999999999999997;2.4329411764705884;3.2941176470588234;5.705882352941177
11286;zone58;5251.7403530303945;3502.549209042501;0.0;zone58;S01010313;16;654;529;356;[0.428571,0.285714,0.285714];[0.6,0.333333,0.066667];[0.433735,0.481928,0.084337];[0.739623,0.162264,0.098113];[0.648351648352,0.131868131868,0.175824175824,0.043956043956];1;565.0;0.109617915218;2148;31;0.075;0.8125;61.22749999999999;28.75;82.60249999999999;10.9375;36.0;20.625;2.3449999999999998;0.0;2.9875000000000003;0.12249999999999998;1.8074999999999997;0.4600000000000001;2.6575;3.25;6.75
11286;zone59;4840.312157862589;3385.4448126102257;0.0;zone59;S01010314;21;1248;1034;550;[0.358209,0.507463,0.134328];[0.514493,0.333333,0.152174];[0.5,0.326923,0.173077];[0.636,0.324,0.04];[0.316901408451,0.133802816901,0.401408450704,0.147887323944];1;637.0;0.192402372167;1182;38;0.07047619047619047;1.380952380952381;40.62857142857143;26.142857142857142;75.56;10.095238095238095;34.95238095238095;13.714285714285714;3.5142857142857147;0.0;2.0666666666666664;0.1142857142857143;1.0838095238095238;0.31428571428571433;2.076190476190477;5.9523809523809526;6.285714285714286
11286;zone60;4536.293429266749;2504.1273706154316;0.0;zone60;S01010315;43;911;678;409;[0.180723,0.554217,0.26506];[0.252632,0.457895,0.289474];[0.208333,0.5,0.291667];[0.55144,0.345679,0.102881];[0.308176100629,0.169811320755,0.358490566038,0.163522012579];2;382.0;-0.100954860853;1629;76;0.06790697674418604;1.3953488372093024;43.173953488372085;25.953488372093023;78.61209302325581;10.930232558139535;36.348837209302324;14.604651162790697;2.3144186046511623;0.0;2.516279069767442;0.04744186046511628;1.9618604651162788;0.34976744186046516;2.1488372093023256;5.790697674418604;6.348837209302325
11286;zone61;4589.6619547948285;2943.195659127726;0.0;zone61;S01010316;25;512;414;304;[0.392157,0.529412,0.078431];[0.62931,0.37069,0.0];[0.439024,0.560976,0.0];[0.775401,0.224599,0.0];[0.439252336449,0.102803738318,0.252336448598,0.205607476636];1;481.0;0.0128180141103;1274;55;0.088;1.6;50.8464;27.16;88.90719999999999;12.48;39.44;17.4;2.5759999999999996;0.0;3.732800000000001;0.0768;2.0224;0.29600000000000004;2.3648000000000007;6.96;8.04
11286;zone63;4421.5566371748755;3071.026327566895;0.0;zone63;S01010318;12;1588;1497;304;[0.5,0.456522,0.043478];[0.469799,0.47651,0.053691];[0.310345,0.37931,0.310345];[0.678571,0.285714,0.035714];[0.36,0.14,0.34,0.16];3;317.0;-0.175110645645;1104;34;0.10333333333333333;1.1666666666666667;47.00666666666667;33.833333333333336;83.50333333333333;10.833333333333334;36.916666666666664;16.083333333333332;5.473333333333333;0.0;3.9899999999999998;0.26666666666666666;0.8233333333333334;0.29000000000000004;2.736666666666667;4.333333333333333;10.083333333333334
11286;zone64;4173.240913470097;2893.8040771744095;0.0;zone64;S01010319;9;711;624;407;[0.258741,0.608392,0.132867];[0.383399,0.486166,0.130435];[0.439394,0.212121,0.348485];[0.530769,0.384615,0.084615];[0.171974522293,0.0700636942675,0.471337579618,0.286624203822];2;473.0;0.00423719084943;1457;21;0.08444444444444445;1.1111111111111112;35.66222222222222;32.888888888888886;87.65333333333335;13.777777777777779;40.77777777777778;12.0;5.9911111111111115;0.0;2.3200000000000003;0.02666666666666666;2.902222222222222;0.6844444444444444;2.1555555555555554;5.333333333333333;10.777777777777779
11286;zone65;3940.1918462749595;2900.8899784533987;0.0;zone65;S01010320;4;675;594;437;[0.257813,0.523438,0.21875];[0.61753,0.298805,0.083665];[0.526316,0.22807,0.245614];[0.805085,0.169492,0.025424];[0.172185430464,0.0662251655629,0.443708609272,0.317880794702];1;646.0;0.202453315259;1268;3;0.03;3.25;49.51;17.0;73.82;8.5;31.5;17.0;2.8200000000000003;0.0;0.9099999999999999;0.07;0.45999999999999996;0.22000000000000003;0.9;9.75;3.75
11286;zone66;3905.8658739096163;2664.6669636212755;0.0;zone66;S01010321;7;837;634;432;[0.401709,0.555556,0.042735];[0.54717,0.433962,0.018868];[0.45122,0.439024,0.109756];[0.666667,0.271186,0.062147];[0.212328767123,0.0958904109589,0.390410958904,0.301369863014];1;1019.0;0.631764531736;1706;14;0.06857142857142857;2.4285714285714284;72.75999999999999;25.428571428571427;90.38857142857144;9.714285714285714;36.0;25.285714285714285;3.52;0.0;1.7485714285714287;0.04;1.1199999999999999;0.32;1.0971428571428572;9.857142857142858;6.142857142857143
11286;zone67;3630.3978644730896;3132.1651121578075;0.0;zone67;S01010322;9;1028;914;549;[0.174419,0.549419,0.276163];[0.412399,0.471698,0.115903];[0.298507,0.38806,0.313433];[0.647059,0.323529,0.029412];[0.057268722467,0.0352422907489,0.449339207048,0.458149779736];5;124.0;-0.397569575369;1258;31;0.13777777777777778;1.5555555555555556;30.275555555555556;34.0;75.65777777777777;10.444444444444445;35.888888888888886;10.11111111111111;3.0844444444444448;0.0;3.9911111111111115;0.6222222222222222;1.4666666666666666;0.4044444444444445;1.76;6.0;8.777777777777779
11286;zone68;6208.193116766784;3072.425066795916;0.0;zone68;S01010323;4;603;466;377;[0.555556,0.444444,0.0];[0.657143,0.271429,0.071429];[0.642857,0.321429,0.035714];[0.793651,0.166667,0.039683];[0.578431372549,0.166666666667,0.235294117647,0.0196078431373];1;970.0;0.57559463238;1135;3;0.03;1.5;31.26;22.5;83.08000000000001;14.5;39.5;10.25;5.7700000000000005;0.0;1.0;0.0;0.8600000000000001;0.49000000000000005;1.8599999999999999;7.0;7.25
11286;zone69;6517.651722029823;2240.572579661372;0.0;zone69;S01010324;6;759;566;403;[0.142857,0.571429,0.285714];[0.298077,0.490385,0.211538];[0.333333,0.530864,0.135802];[0.401674,0.414226,0.1841];[0.569620253165,0.101265822785,0.291139240506,0.0379746835443];1;407.0;-0.0721601679586;1969;6;0.04;0.6666666666666666;24.593333333333334;20.5;61.35333333333333;9.666666666666666;32.833333333333336;7.833333333333333;1.0066666666666666;0.0;1.366666666666667;0.0;2.146666666666667;0.39999999999999997;2.4533333333333336;2.0;4.0
11286;zone70;6038.016041009105;2402.8415869980217;0.0;zone70;S01010325;18;939;666;501;[0.263158,0.368421,0.368421];[0.383838,0.525253,0.090909];[0.253623,0.615942,0.130435];[0.451362,0.463035,0.085603];[0.545454545455,0.238636363636,0.193181818182,0.0227272727273];1;225.0;-0.281126582053;1563;39;0.08444444444444445;1.3888888888888888;39.23111111111112;25.666666666666668;78.66;12.222222222222221;37.388888888888886;12.88888888888889;1.9755555555555553;0.0;1.208888888888889;0.0;3.2800000000000002;0.4177777777777778;2.3933333333333326;5.388888888888889;5.777777777777778
11286;zone71;5272.359331052501;2740.775131541117;0.0;zone71;S01010326;39;987;707;494;[0.526316,0.368421,0.105263];[0.522523,0.333333,0.144144];[0.492188,0.3125,0.195313];[0.723514,0.224806,0.05168];[0.54375,0.16875,0.23125,0.05625];1;1389.0;1.05701743376;992;71;0.07179487179487179;0.9743589743589743;43.49230769230769;26.435897435897434;75.35384615384616;10.538461538461538;34.53846153846154;14.692307692307692;1.2964102564102569;0.0;4.766153846153846;0.03794871794871795;1.3107692307692305;0.4605128205128206;2.4615384615384617;3.5384615384615383;6.897435897435898
11286;zone72;4970.167032608406;2501.795090448298;0.0;zone72;S01010327;34;982;660;362;[0.031746,0.507937,0.460317];[0.372881,0.432203,0.194915];[0.289063,0.328125,0.382813];[0.516892,0.347973,0.135135];[0.416184971098,0.21387283237,0.236994219653,0.132947976879];1;470.0;0.000335688704598;986;62;0.06941176470588235;1.0294117647058822;41.95647058823529;25.5;79.56941176470588;11.5;36.76470588235294;14.294117647058824;2.0799999999999996;0.0;4.857647058823529;0.00823529411764706;0.8976470588235295;0.4011764705882352;2.6588235294117646;4.352941176470588;7.4411764705882355
11286;zone73;5975.307390960257;2677.5485166167286;0.0;zone73;S01010328;24;969;706;445;[0.16129,0.5,0.33871];[0.27044,0.471698,0.257862];[0.192547,0.434783,0.372671];[0.338983,0.432203,0.228814];[0.309352517986,0.258992805755,0.280575539568,0.151079136691];2;457.0;-0.0138550124678;2147;37;0.05833333333333333;1.9166666666666667;27.69;19.583333333333332;71.25499999999998;10.458333333333334;35.458333333333336;9.125;1.2299999999999998;0.0;0.9349999999999999;0.0;2.375;0.31;1.6583333333333334;7.75;4.125
