cycle;name;location.x;location.y;location.z;name;dataZone;nm_children;pop;over16;nm_hh;AB_car_prob;C1_car_prob;C2_car_prob;DE_car_prob;prob_social;simd;crimeRate;norm_crime;avg_dis_sh;neigh_play;daily_play_per_child;avg_FSA;avg_walk;daily_OD;zone_mvpa;mvpa_home;mvpa_sc;mvpa_road;mvpa_play_field;mvpa_home_garden;mvpa_park;mvpa_PG;mvpa_amenity;mvpa_shops;mvpa_F_home;mvpa_fsa;mvpa_OD
11286;zone0;8448.90275962388;2625.4515469546564;0.0;zone0;S01010195;19;531;390;212;[0.0,0.481481,0.518519];[0.261538,0.646154,0.092308];[0.12,0.59,0.29];[0.447368,0.368421,0.184211];[0.418918918919,0.283783783784,0.202702702703,0.0945945945946];1;0.0;-0.540229885057;983;27;0.05263157894736842;1.1578947368421053;34.62736842105262;24.94736842105263;73.73684210526316;10.789473684210526;35.63157894736842;11.68421052631579;0.8084210526315789;0.0;3.869473684210526;0.0;2.1052631578947363;0.3031578947368421;2.656842105263158;4.105263157894737;6.2631578947368425
11286;zone1;8656.736904000718;2165.9902346445633;0.0;zone1;S01010198;18;1027;748;394;[0.058824,0.529412,0.411765];[0.305785,0.561983,0.132231];[0.219858,0.496454,0.283688];[0.523179,0.331126,0.145695];[0.48623853211,0.229357798165,0.266055045872,0.0183486238532];1;1609.0;1.3102524676;1213;24;0.05333333333333334;1.2777777777777777;43.802222222222234;30.666666666666668;77.9088888888889;10.444444444444445;35.611111111111114;14.666666666666666;1.1488888888888888;0.0;3.393333333333333;0.05777777777777778;3.146666666666667;0.33111111111111113;2.5733333333333333;4.722222222222222;7.333333333333333
11286;zone2;8537.588755655543;3024.028900129281;0.0;zone2;S01010201;22;643;453;253;[0.0,0.47619,0.52381];[0.270833,0.3125,0.416667];[0.088,0.48,0.432];[0.296552,0.434483,0.268966];[0.365853658537,0.292682926829,0.292682926829,0.0487804878049];2;219.0;-0.28762447053;1046;38;0.06545454545454546;1.3636363636363635;27.13818181818182;23.363636363636363;77.56545454545454;12.818181818181818;38.36363636363637;9.0;1.694545454545455;0.0;2.643636363636363;0.0;2.2418181818181817;0.45454545454545464;2.4054545454545457;6.181818181818182;6.045454545454546
11286;zone3;8059.42097232239;3767.666522351409;0.0;zone3;S01010203;30;671;504;260;[0.090909,0.363636,0.545455];[0.263804,0.460123,0.276074];[0.094828,0.422414,0.482759];[0.183824,0.375,0.441176];[0.272727272727,0.218181818182,0.363636363636,0.145454545455];3;215.0;-0.292668818285;1932;82;0.10533333333333333;1.0333333333333334;50.49733333333334;34.13333333333333;81.84266666666666;10.766666666666667;36.5;17.2;2.1693333333333333;0.0;2.9999999999999996;0.0;3.5533333333333332;0.4186666666666667;2.4933333333333327;4.1;8.166666666666666
11286;zone4;8368.288440296214;3565.498290652094;0.0;zone4;S01010204;30;800;589;381;[0.272727,0.727273,0.0];[0.627451,0.27451,0.098039];[0.444444,0.533333,0.022222];[0.600619,0.321981,0.077399];[0.595041322314,0.157024793388,0.239669421488,0.00826446280992];1;497.0;0.0317745673598;1377;59;0.07466666666666667;1.3;38.803999999999995;27.766666666666666;76.85200000000002;11.066666666666666;36.166666666666664;12.833333333333334;1.4253333333333336;0.0;2.457333333333333;0.03066666666666667;3.013333333333333;0.32133333333333336;2.664;5.133333333333334;6.466666666666667
11286;zone5;8034.229745798958;3515.110462853287;0.0;zone5;S01010205;15;658;534;355;[0.411765,0.117647,0.470588];[0.465116,0.457364,0.077519];[0.317757,0.588785,0.093458];[0.593458,0.280374,0.126168];[0.466666666667,0.2,0.3,0.0333333333333];1;925.0;0.523434132086;1179;17;0.04266666666666667;1.0666666666666667;44.09866666666665;29.2;71.512;9.066666666666666;33.46666666666667;14.6;0.9333333333333335;0.0;3.416;0.0;2.4133333333333336;0.2533333333333333;2.666666666666667;3.066666666666667;6.333333333333333
11286;zone6;7457.064719570519;3739.055375726369;0.0;zone6;S01010208;18;903;745;565;[0.30137,0.589041,0.109589];[0.48062,0.457364,0.062016];[0.272727,0.613636,0.113636];[0.66055,0.270642,0.068807];[0.233333333333,0.133333333333,0.461111111111,0.172222222222];1;603.0;0.153385979085;1314;27;0.05555555555555555;1.7777777777777777;50.559999999999995;25.38888888888889;88.65777777777778;12.5;39.333333333333336;16.944444444444443;1.7288888888888891;0.0;2.328888888888889;0.0;3.3022222222222224;0.4844444444444444;2.1866666666666665;7.944444444444445;7.0
11286;zone7;7917.838214725937;1939.334458859395;0.0;zone7;S01010209;24;966;677;468;[0.172414,0.586207,0.241379];[0.333333,0.414966,0.251701];[0.381944,0.458333,0.159722];[0.545852,0.336245,0.117904];[0.337931034483,0.248275862069,0.303448275862,0.110344827586];1;2053.0;1.82052250092;1589;31;0.05;1.0833333333333333;46.306666666666665;28.0;77.40499999999999;10.375;35.541666666666664;15.916666666666666;0.9283333333333333;0.0;3.2833333333333337;0.0;2.538333333333333;0.43166666666666664;2.4149999999999996;4.291666666666667;6.25
11286;zone8;7878.406567747077;2721.2634132011362;0.0;zone8;S01010210;18;885;641;416;[0.173913,0.456522,0.369565];[0.21519,0.5,0.28481];[0.189781,0.386861,0.423358];[0.422111,0.442211,0.135678];[0.394736842105,0.236842105263,0.254385964912,0.114035087719];1;344.0;-0.144253829852;1408;35;0.07777777777777778;1.1666666666666667;41.05555555555554;26.0;69.26888888888888;9.722222222222221;32.166666666666664;13.88888888888889;0.8422222222222223;0.0;2.6377777777777776;0.0;2.266666666666667;0.27777777777777785;1.9955555555555557;3.8333333333333335;5.277777777777778
11286;zone9;7785.599648345685;3201.783800714137;0.0;zone9;S01010211;22;858;634;452;[0.147059,0.705882,0.147059];[0.384615,0.452991,0.162393];[0.469565,0.4,0.130435];[0.722656,0.226563,0.050781];[0.473214285714,0.169642857143,0.285714285714,0.0714285714286];1;430.0;-0.0456985893816;1202;30;0.05090909090909091;1.2272727272727273;37.47090909090909;22.136363636363637;72.66545454545454;10.5;34.59090909090909;12.727272727272727;1.5781818181818184;0.0;2.547272727272727;0.0;1.4418181818181819;0.2618181818181819;2.1163636363636362;5.363636363636363;5.090909090909091
11286;zone10;7580.688680869333;3097.127786881416;0.0;zone10;S01010212;49;1083;779;559;[0.233333,0.633333,0.133333];[0.594771,0.339869,0.065359];[0.465517,0.405172,0.12931];[0.712821,0.269231,0.017949];[0.566037735849,0.138364779874,0.22641509434,0.0691823899371];1;1473.0;1.15298517036;1185;82;0.0653061224489796;1.2653061224489797;44.96979591836735;28.489795918367346;76.5330612244898;10.326530612244898;34.83673469387755;15.326530612244898;1.4563265306122448;0.0;2.442448979591837;0.0;2.906122448979591;0.343673469387755;2.278367346938776;4.836734693877551;6.428571428571429
11286;zone11;8065.177293237223;3111.5884965344962;0.0;zone11;S01010213;13;924;657;476;[0.105263,0.684211,0.210526];[0.382609,0.547826,0.069565];[0.218543,0.556291,0.225166];[0.467925,0.483019,0.049057];[0.451327433628,0.221238938053,0.274336283186,0.0530973451327];1;247.0;-0.255840453357;938;30;0.08615384615384615;1.3846153846153846;40.78769230769231;26.307692307692307;74.03076923076922;10.615384615384615;34.69230769230769;13.846153846153847;0.8338461538461538;0.0;2.5323076923076924;0.0;2.713846153846154;0.4676923076923077;2.123076923076923;4.538461538461538;5.615384615384615
11286;zone12;7144.994858230166;1947.4125453867302;0.0;zone12;S01010214;27;967;717;396;[0.098592,0.28169,0.619718];[0.197531,0.438272,0.364198];[0.173333,0.493333,0.333333];[0.237069,0.487069,0.275862];[0.361344537815,0.210084033613,0.310924369748,0.117647058824];3;176.0;-0.337854473183;1875;64;0.08888888888888889;1.2222222222222223;48.194074074074074;31.925925925925927;79.85185185185183;10.481481481481481;35.81481481481482;16.444444444444443;2.2414814814814816;0.0;3.177777777777778;0.0;3.068148148148148;0.3481481481481481;2.432592592592593;4.222222222222222;8.11111111111111
11286;zone13;7013.590150664996;2618.495528189446;0.0;zone13;S01010215;24;850;608;492;[0.571429,0.285714,0.142857];[0.5,0.431373,0.068627];[0.382609,0.391304,0.226087];[0.678571,0.269841,0.051587];[0.467289719626,0.140186915888,0.345794392523,0.0467289719626];1;547.0;0.0886083430805;734;49;0.07833333333333334;1.4583333333333333;38.20666666666667;28.125;80.13166666666667;11.541666666666666;37.791666666666664;13.041666666666666;1.4400000000000002;0.0;2.2733333333333334;0.0;3.841666666666667;0.48833333333333345;2.56;5.583333333333333;7.041666666666667
11286;zone14;7332.222205807836;2329.961970144465;0.0;zone14;S01010216;15;621;464;361;[0.6,0.4,0.0];[0.597701,0.356322,0.045977];[0.409091,0.439394,0.151515];[0.709544,0.273859,0.016598];[0.5,0.163265306122,0.265306122449,0.0714285714286];1;600.0;0.150092344085;1323;35;0.088;0.9333333333333333;47.448;27.266666666666666;85.30133333333333;13.133333333333333;39.46666666666667;16.2;1.4266666666666667;0.0;3.576;0.0;2.8933333333333326;0.608;2.3840000000000003;4.066666666666666;7.4
11286;zone15;7299.833172322251;2625.8610945736937;0.0;zone15;S01010217;33;817;598;406;[0.16129,0.516129,0.322581];[0.565517,0.4,0.034483];[0.5,0.431373,0.068627];[0.702703,0.283784,0.013514];[0.541935483871,0.0967741935484,0.296774193548,0.0645161290323];1;1060.0;0.679274950851;1004;56;0.06545454545454546;1.4848484848484849;40.4969696969697;26.21212121212121;75.4957575757576;10.757575757575758;35.666666666666664;13.606060606060606;1.1236363636363635;0.0;1.892121212121212;0.0;2.9769696969696966;0.4375757575757575;2.0545454545454547;5.212121212121212;5.515151515151516
11286;zone16;7142.953643082513;3018.5401822929393;0.0;zone16;S01010218;31;1018;790;587;[0.425532,0.404255,0.170213];[0.392523,0.453271,0.154206];[0.358209,0.492537,0.149254];[0.589124,0.335347,0.075529];[0.424657534247,0.109589041096,0.369863013699,0.0958904109589];1;557.0;0.101026678737;606;51;0.06193548387096774;1.3870967741935485;40.57806451612902;28.580645161290324;82.50709677419354;12.161290322580646;38.645161290322584;13.838709677419354;1.033548387096774;0.0;1.8683870967741938;0.0;4.039999999999999;0.39225806451612905;2.3574193548387092;6.451612903225806;6.451612903225806
11286;zone17;6738.8937706128745;4298.8917997019325;0.0;zone17;S01010219;21;503;382;274;[0.695652,0.304348,0.0];[0.758621,0.215517,0.025862];[0.761905,0.166667,0.071429];[0.781609,0.195402,0.022989];[0.41935483871,0.0752688172043,0.408602150538,0.0967741935484];2;184.0;-0.327838932938;1312;45;0.08190476190476191;0.8571428571428571;49.365714285714276;32.57142857142857;76.88;9.904761904761905;34.80952380952381;16.714285714285715;2.9733333333333327;0.0;4.179047619047619;0.00952380952380952;1.6457142857142852;0.3504761904761905;2.1542857142857144;2.4761904761904763;8.333333333333334
11286;zone18;5915.780765415368;4211.222876105162;0.0;zone18;S01010220;7;476;433;279;[0.181159,0.608696,0.210145];[0.404255,0.531915,0.06383];[0.227273,0.704545,0.068182];[0.448276,0.482759,0.068966];[0.154545454545,0.0636363636364,0.318181818182,0.463636363636];5;267.0;-0.232306706325;1529;10;0.05714285714285714;2.2857142857142856;34.83428571428571;23.285714285714285;67.5942857142857;8.714285714285714;31.428571428571427;12.428571428571429;1.4342857142857142;0.0;3.0057142857142862;0.1542857142857143;0.6457142857142858;0.13142857142857142;1.2514285714285713;6.428571428571429;4.714285714285714
11286;zone19;6341.0811208317455;3913.8398648988496;0.0;zone19;S01010221;13;546;394;260;[0.6,0.4,0.0];[0.557377,0.409836,0.032787];[0.538462,0.323077,0.138462];[0.699387,0.257669,0.042945];[0.609375,0.140625,0.203125,0.046875];1;635.0;0.19005459739;834;11;0.03384615384615385;2.1538461538461537;49.63384615384616;15.76923076923077;84.31692307692308;12.0;38.0;16.846153846153847;2.9661538461538464;0.0;2.0676923076923073;0.04;0.2953846153846154;0.44000000000000006;1.8000000000000003;8.0;4.846153846153846
11286;zone20;7001.213463613622;4053.9957950241624;0.0;zone20;S01010222;15;492;414;285;[0.142857,0.5,0.357143];[0.432432,0.459459,0.108108];[0.348624,0.522936,0.12844];[0.747899,0.235294,0.016807];[0.345238095238,0.214285714286,0.309523809524,0.130952380952];1;377.0;-0.105830277325;1866;22;0.056;0.9333333333333333;48.13333333333333;24.866666666666667;75.37333333333332;10.0;35.4;16.266666666666666;1.368;0.0;2.682666666666667;0.0;1.7013333333333334;0.37600000000000006;2.322666666666666;3.6;5.266666666666667
11286;zone21;6986.8418912765155;3434.1450308482026;0.0;zone21;S01010223;4;556;462;337;[0.076923,0.538462,0.384615];[0.567797,0.330508,0.101695];[0.472222,0.444444,0.083333];[0.584699,0.36612,0.04918];[0.432432432432,0.162162162162,0.324324324324,0.0810810810811];1;439.0;-0.0353356041414;2005;12;0.12;0.5;51.19;25.5;76.0;10.75;35.0;17.0;2.5599999999999996;0.0;1.44;0.0;2.05;0.27;3.13;2.0;5.5
11286;zone22;6247.397837456437;3329.661273309237;0.0;zone22;S01010224;40;1036;727;469;[0.405405,0.540541,0.054054];[0.592593,0.274074,0.133333];[0.418803,0.504274,0.076923];[0.768421,0.202632,0.028947];[0.506097560976,0.140243902439,0.268292682927,0.0853658536585];1;1004.0;0.614259332793;1094;66;0.063;1.625;51.215999999999994;20.375;83.88699999999999;11.7;37.725;17.15;3.2270000000000003;0.0;1.3700000000000003;0.004;1.316;0.3710000000000001;2.192;7.025;5.475
11286;zone23;7827.985844039554;4105.4701191949;0.0;zone23;S01010225;33;812;636;431;[0.25,0.634615,0.115385];[0.469072,0.43299,0.097938];[0.54023,0.413793,0.045977];[0.672065,0.234818,0.093117];[0.385185185185,0.125925925926,0.325925925926,0.162962962963];1;1006.0;0.616572011517;1572;47;0.05575757575757576;1.6363636363636365;41.91878787878789;19.727272727272727;78.59151515151514;11.515151515151516;36.75757575757576;14.030303030303031;2.026666666666667;0.0;1.9236363636363643;0.0;1.6048484848484843;0.47393939393939394;2.1163636363636362;6.303030303030303;5.121212121212121
11286;zone24;7040.363001382077;4481.052780471187;0.0;zone24;S01010226;40;816;565;394;[0.454545,0.242424,0.30303];[0.715385,0.2,0.084615];[0.540541,0.405405,0.054054];[0.766917,0.18797,0.045113];[0.503355704698,0.201342281879,0.221476510067,0.0738255033557];2;422.0;-0.0548014077425;1000;108;0.104;1.15;44.411000000000016;34.875;83.28999999999999;11.425;36.925;14.95;5.122999999999999;0.0;4.464;0.072;1.2080000000000002;0.44299999999999995;2.1539999999999995;4.925;10.35
11286;zone25;6847.772309074456;4638.663588163389;0.0;zone25;S01010227;39;692;454;294;[0.413793,0.413793,0.172414];[0.704545,0.238636,0.056818];[0.654545,0.345455,0.0];[0.810606,0.159091,0.030303];[0.672268907563,0.0924369747899,0.159663865546,0.0756302521008];4;0.0;-0.540229885057;1225;126;0.12717948717948718;1.0256410256410255;49.7723076923077;41.38461538461539;82.36717948717947;10.051282051282051;35.23076923076923;16.897435897435898;4.25948717948718;0.0;6.056410256410258;0.01538461538461539;1.5251282051282051;0.321025641025641;2.2194871794871798;4.205128205128205;11.384615384615385
11286;zone26;8241.816993110848;4572.457656401622;0.0;zone26;S01010229;30;1016;787;508;[0.1,0.625,0.275];[0.350877,0.350877,0.298246];[0.348315,0.477528,0.174157];[0.565217,0.310559,0.124224];[0.420731707317,0.213414634146,0.292682926829,0.0731707317073];1;395.0;-0.0859445809966;1168;49;0.06266666666666666;1.2;40.93866666666666;20.5;78.29333333333334;11.666666666666666;37.13333333333333;14.0;2.1533333333333333;0.0;1.948;0.0;1.4626666666666666;0.4293333333333334;2.424;5.433333333333334;5.133333333333334
11286;zone27;7458.320056766788;4680.341251240345;0.0;zone27;S01010230;24;1005;772;577;[0.314286,0.628571,0.057143];[0.703883,0.296117,0.0];[0.727273,0.218182,0.054545];[0.71831,0.24507,0.03662];[0.517857142857,0.136904761905,0.267857142857,0.077380952381];1;846.0;0.433218203459;1114;52;0.08166666666666667;1.125;44.79833333333334;29.583333333333332;87.55333333333333;13.208333333333334;39.666666666666664;15.416666666666666;2.191666666666667;0.0;5.923333333333331;0.04166666666666666;1.8783333333333332;0.4566666666666668;2.285;4.833333333333333;9.583333333333334
11286;zone28;7569.802990100143;4917.458811240416;0.0;zone28;S01010232;37;1074;792;485;[0.457143,0.485714,0.057143];[0.557292,0.338542,0.104167];[0.492063,0.333333,0.174603];[0.654229,0.251244,0.094527];[0.470297029703,0.153465346535,0.306930693069,0.0693069306931];1;771.0;0.347049794199;1034;75;0.08;1.6486486486486487;40.036756756756766;27.64864864864865;78.77189189189191;11.162162162162161;36.351351351351354;13.621621621621621;1.2724324324324323;0.0;2.9589189189189193;0.04;2.7675675675675673;0.37945945945945947;1.7924324324324326;6.54054054054054;6.54054054054054
11286;zone29;7830.713068379679;4879.746446724283;0.0;zone29;S01010233;33;970;705;476;[0.275,0.625,0.1];[0.655629,0.245033,0.099338];[0.52809,0.426966,0.044944];[0.771505,0.212366,0.016129];[0.587209302326,0.093023255814,0.261627906977,0.0581395348837];1;284.0;-0.213781821634;1225;55;0.06545454545454546;1.4242424242424243;47.619393939393944;28.848484848484848;77.67878787878789;10.121212121212121;34.93939393939394;16.12121212121212;1.1333333333333333;0.0;2.573333333333334;0.07151515151515152;2.793939393939394;0.29939393939393943;2.0751515151515147;5.787878787878788;6.121212121212121
11286;zone30;6473.383843181837;4954.519765957263;0.0;zone30;S01010261;6;2551;2373;526;[0.666667,0.270833,0.0625];[0.675841,0.281346,0.042813];[0.75,0.25,0.0];[0.824468,0.164894,0.010638];[0.41,0.06,0.41,0.12];3;176.0;-0.337679921334;2315;7;0.04666666666666667;1.1666666666666667;90.78666666666668;29.333333333333332;95.04666666666667;10.5;37.666666666666664;31.0;4.913333333333333;0.0;0.48;0.04;2.5866666666666664;0.23333333333333336;2.5333333333333337;3.3333333333333335;7.5
11286;zone31;4930.642193689802;4959.449818932565;0.0;zone31;S01010266;3;555;474;237;[0.320755,0.556604,0.122642];[0.677273,0.254545,0.068182];[0.5,0.461538,0.038462];[0.534247,0.30137,0.164384];[0.141176470588,0.0588235294118,0.4,0.4];3;536.0;0.0761386922126;1045;2;0.02666666666666667;3.3333333333333335;43.74666666666667;19.666666666666668;84.54666666666667;11.333333333333334;37.666666666666664;14.333333333333334;1.1333333333333333;0.0;1.5733333333333333;0.29333333333333333;1.8399999999999999;0.3466666666666667;0.5866666666666668;13.333333333333334;4.333333333333333
11286;zone32;5712.5549897826;4979.400336637217;0.0;zone32;S01010270;4;1153;972;817;[0.389831,0.533898,0.076271];[0.70255,0.252125,0.045326];[0.714286,0.272727,0.012987];[0.771552,0.228448,0.0];[0.125,0.0909090909091,0.454545454545,0.329545454545];1;871.0;0.461200629557;1717;6;0.06;2.25;75.88000000000001;24.75;91.03999999999999;10.25;37.0;25.5;2.04;0.0;1.27;0.0;2.5599999999999996;0.24;1.28;9.5;5.25
11286;zone33;3394.0723536088512;4934.677182292946;0.0;zone33;S01010282;13;976;841;645;[0.438776,0.520408,0.040816];[0.545732,0.405488,0.04878];[0.521277,0.382979,0.095745];[0.712707,0.232044,0.055249];[0.190954773869,0.070351758794,0.35175879397,0.386934673367];2;350.0;-0.137812028107;1369;19;0.05538461538461539;2.230769230769231;53.076923076923066;26.384615384615383;81.09846153846154;9.461538461538462;33.92307692307692;18.0;1.658461538461538;0.0;5.378461538461538;0.21230769230769234;0.2492307692307692;0.26153846153846155;1.7446153846153847;8.0;7.0
11286;zone34;4385.789287498423;4835.237486850067;0.0;zone34;S01010289;15;771;687;380;[0.130952,0.511905,0.357143];[0.262911,0.502347,0.234742];[0.178571,0.464286,0.357143];[0.410256,0.435897,0.153846];[0.058064516129,0.0322580645161,0.245161290323,0.664516129032];5;259.0;-0.241396294863;1187;45;0.11466666666666667;1.8;45.2;42.53333333333333;86.80266666666667;10.666666666666666;37.4;15.266666666666667;1.728;0.0;5.469333333333335;1.3813333333333333;2.3360000000000003;0.3013333333333334;1.6586666666666665;8.933333333333334;10.533333333333333
11286;zone35;4401.5375624188455;4669.062022109911;0.0;zone35;S01010290;13;546;485;278;[0.198198,0.603604,0.198198];[0.485944,0.449799,0.064257];[0.555556,0.444444,0.0];[0.435897,0.512821,0.051282];[0.10752688172,0.0430107526882,0.494623655914,0.354838709677];3;353.0;-0.133686757747;1091;46;0.13538461538461538;1.5384615384615385;36.32923076923077;36.23076923076923;77.73846153846154;11.076923076923077;36.07692307692308;11.923076923076923;1.3138461538461537;0.0;4.516923076923077;0.9600000000000001;2.538461538461538;0.44307692307692315;1.5230769230769228;5.6923076923076925;8.923076923076923
11286;zone36;4119.983651650423;4281.100418217042;0.0;zone36;S01010291;12;1075;975;481;[0.405594,0.447552,0.146853];[0.627907,0.277132,0.094961];[0.415094,0.433962,0.150943];[0.562963,0.325926,0.111111];[0.197080291971,0.0729927007299,0.445255474453,0.284671532847];3;438.0;-0.0363924713322;1270;29;0.09;1.25;48.57999999999999;36.166666666666664;82.79666666666667;10.916666666666666;36.5;16.0;2.396666666666667;0.0;4.680000000000001;1.23;1.6866666666666665;0.3333333333333334;2.0933333333333337;5.166666666666667;9.333333333333334
11286;zone37;4399.731076226201;4291.6703625917;0.0;zone37;S01010292;10;890;831;409;[0.348214,0.508929,0.142857];[0.477169,0.420091,0.10274];[0.339286,0.446429,0.214286];[0.55814,0.383721,0.05814];[0.128378378378,0.0540540540541,0.398648648649,0.418918918919];4;323.0;-0.168488563048;1074;23;0.084;2.1;44.124;32.2;79.38;9.8;34.5;14.7;1.2799999999999998;0.0;5.108;0.7799999999999999;1.024;0.4640000000000001;1.3559999999999999;8.7;7.7
11286;zone38;4514.690807242894;4541.15458266895;0.0;zone38;S01010293;16;839;723;373;[0.51773,0.35461,0.12766];[0.635389,0.262735,0.101877];[0.446809,0.319149,0.234043];[0.514286,0.392857,0.092857];[0.242424242424,0.0606060606061,0.393939393939,0.30303030303];3;290.0;-0.205814991507;805;55;0.1275;1.0625;32.20250000000001;42.125;72.67;9.9375;34.4375;10.875;1.8399999999999996;0.0;4.544999999999999;0.5225000000000001;2.7199999999999998;0.3625;1.8275;3.8125;9.125
11286;zone39;4541.7482834333705;4418.565122351524;0.0;zone39;S01010294;13;690;631;275;[0.242105,0.526316,0.231579];[0.650873,0.214464,0.134663];[0.583333,0.208333,0.208333];[0.414894,0.489362,0.095745];[0.164835164835,0.043956043956,0.494505494505,0.296703296703];4;440.0;-0.0342259463805;915;36;0.1076923076923077;2.0;44.65846153846154;38.07692307692308;84.09846153846154;10.76923076923077;37.38461538461539;15.461538461538462;2.298461538461538;0.0;2.458461538461538;0.8523076923076922;3.6769230769230767;0.46769230769230774;1.5169230769230768;7.538461538461538;8.846153846153847
11286;zone40;4766.8646917667475;4574.50133624035;0.0;zone40;S01010295;18;974;870;427;[0.384615,0.391026,0.224359];[0.604555,0.310559,0.084886];[0.428571,0.285714,0.285714];[0.390728,0.516556,0.092715];[0.212765957447,0.113475177305,0.297872340426,0.375886524823];4;529.0;0.0680145754747;1045;56;0.11777777777777777;1.5555555555555556;44.093333333333334;41.0;81.99555555555554;10.944444444444445;35.666666666666664;14.777777777777779;1.7622222222222226;0.0;6.551111111111113;0.8133333333333334;1.9888888888888887;0.3444444444444445;1.7399999999999995;5.555555555555555;10.777777777777779
11286;zone41;4647.752341766679;4736.091736240359;0.0;zone41;S01010296;16;664;560;291;[0.294118,0.423529,0.282353];[0.520913,0.368821,0.110266];[0.375,0.375,0.25];[0.475524,0.391608,0.132867];[0.282828282828,0.111111111111,0.363636363636,0.242424242424];2;856.0;0.444094443477;1172;47;0.11;1.5;47.582499999999996;39.6875;76.22749999999999;8.875;33.4375;16.125;1.5775;0.0;4.2025;0.6675;2.5525;0.315;1.6475;4.875;8.6875
11286;zone42;5522.849421766708;4411.996091240393;0.0;zone42;S01010297;7;1066;894;676;[0.582609,0.382609,0.034783];[0.691824,0.245283,0.062893];[0.540541,0.333333,0.126126];[0.681275,0.270916,0.047809];[0.260563380282,0.140845070423,0.37323943662,0.225352112676];1;504.0;0.0391758595379;1348;8;0.04571428571428571;0.2857142857142857;41.84571428571429;22.857142857142858;81.55999999999999;13.0;39.857142857142854;14.0;2.857142857142857;0.0;2.005714285714286;0.18857142857142858;2.302857142857143;0.5542857142857143;3.2399999999999998;1.8571428571428572;7.0
11286;zone43;4706.481893689814;4143.807995855712;0.0;zone43;S01010298;12;880;677;515;[0.308943,0.479675,0.211382];[0.581395,0.356589,0.062016];[0.539683,0.396825,0.063492];[0.744828,0.193103,0.062069];[0.227272727273,0.0984848484848,0.371212121212,0.30303030303];1;486.0;0.0190902878356;1195;21;0.07;2.3333333333333335;61.95666666666667;30.416666666666668;102.92333333333333;13.25;42.333333333333336;21.25;2.0966666666666667;0.0;5.840000000000001;0.42666666666666675;2.39;0.4033333333333333;1.5033333333333332;11.75;10.25
11286;zone44;4885.424673909578;4209.645754097502;0.0;zone44;S01010299;4;536;404;292;[0.3,0.54,0.16];[0.556701,0.340206,0.103093];[0.458333,0.520833,0.020833];[0.584906,0.283019,0.132075];[0.428571428571,0.0857142857143,0.285714285714,0.2];1;375.0;-0.10827530326;835;2;0.02;2.0;43.35;23.0;72.97;9.0;32.5;14.25;1.85;0.0;1.1500000000000001;0.65;0.94;0.45000000000000007;2.1799999999999997;7.75;4.0
11286;zone45;4883.397012115578;4340.414778682246;0.0;zone45;S01010300;21;934;764;478;[0.460784,0.411765,0.127451];[0.664653,0.238671,0.096677];[0.632353,0.323529,0.044118];[0.606383,0.329787,0.06383];[0.3046875,0.125,0.3515625,0.21875];2;513.0;0.0498225801839;614;43;0.08190476190476191;1.8571428571428572;37.41904761904762;23.19047619047619;74.22666666666667;10.523809523809524;34.42857142857143;12.523809523809524;1.8819047619047617;0.0;2.005714285714286;0.2361904761904762;1.417142857142857;0.41333333333333333;1.6780952380952385;7.142857142857143;5.0476190476190474
11286;zone46;5144.66081966521;4032.769083704074;0.0;zone46;S01010301;6;522;457;283;[0.292683,0.597561,0.109756];[0.57563,0.315126,0.109244];[0.222222,0.703704,0.074074];[0.561798,0.393258,0.044944];[0.214285714286,0.0612244897959,0.459183673469,0.265306122449];4;490.0;0.0232745011966;1077;13;0.08666666666666667;1.8333333333333333;31.766666666666666;32.5;75.64666666666668;10.166666666666666;36.0;10.666666666666666;2.706666666666667;0.0;0.5533333333333333;0.08;4.2266666666666675;0.3933333333333333;1.9266666666666667;7.5;7.166666666666667
11286;zone47;5165.568789180556;4297.038752619699;0.0;zone47;S01010302;24;669;495;388;[0.65625,0.28125,0.0625];[0.6,0.356522,0.043478];[0.716981,0.226415,0.056604];[0.801802,0.18018,0.018018];[0.582417582418,0.0769230769231,0.263736263736,0.0769230769231];1;392.0;-0.0896499889057;1563;42;0.06833333333333333;1.5416666666666667;50.416666666666664;27.416666666666668;82.49666666666667;11.583333333333334;36.375;17.125;2.525;0.0;0.84;0.18500000000000003;3.1100000000000008;0.36166666666666664;2.155;6.416666666666667;6.208333333333333
11286;zone48;5241.140616766716;4139.402270499609;0.0;zone48;S01010303;33;579;387;250;[0.692308,0.153846,0.153846];[0.56701,0.298969,0.134021];[0.630435,0.282609,0.086957];[0.658879,0.285047,0.056075];[0.58407079646,0.106194690265,0.274336283186,0.0353982300885];1;415.0;-0.0627120940391;1358;64;0.07515151515151515;1.2424242424242424;43.0618181818182;24.545454545454547;77.30060606060606;10.969696969696969;36.0;14.636363636363637;2.7830303030303036;0.0;0.7575757575757576;0.25696969696969696;1.940606060606061;0.4218181818181818;2.72;5.151515151515151;5.303030303030303
11286;zone49;4853.647576226233;3833.123065294377;0.0;zone49;S01010304;12;542;456;332;[0.323529,0.514706,0.161765];[0.635135,0.25,0.114865];[0.477273,0.522727,0.0];[0.829268,0.109756,0.060976];[0.372340425532,0.0425531914894,0.297872340426,0.287234042553];1;804.0;0.384523850516;1180;24;0.07666666666666666;1.4166666666666667;52.02333333333333;29.833333333333332;83.86666666666666;11.333333333333334;36.5;17.5;4.250000000000001;0.0;1.3399999999999999;0.21333333333333335;2.5533333333333332;0.4133333333333334;2.1999999999999997;5.75;7.75
11286;zone50;4697.410406890209;3639.1027396354093;0.0;zone50;S01010305;7;807;694;478;[0.36036,0.468468,0.171171];[0.553191,0.33617,0.110638];[0.409639,0.301205,0.289157];[0.589888,0.337079,0.073034];[0.198529411765,0.0735294117647,0.382352941176,0.345588235294];1;223.0;-0.28282788147;744;14;0.08;1.0;49.91428571428571;39.285714285714285;86.5657142857143;11.0;38.142857142857146;17.142857142857142;5.685714285714285;0.0;1.7542857142857142;2.302857142857143;0.9600000000000001;0.37142857142857144;3.154285714285714;4.285714285714286;10.142857142857142
11286;zone51;4591.3082521834585;3868.367573740388;0.0;zone51;S01010306;13;752;675;449;[0.35625,0.56875,0.075];[0.570588,0.355882,0.073529];[0.283019,0.566038,0.150943];[0.650943,0.330189,0.018868];[0.165680473373,0.0473372781065,0.479289940828,0.307692307692];2;238.0;-0.265781391166;671;30;0.08923076923076922;1.2307692307692308;40.49230769230769;31.692307692307693;89.09846153846155;13.307692307692308;41.23076923076923;13.692307692307692;4.412307692307691;0.0;2.5015384615384617;1.6184615384615384;1.766153846153846;0.4584615384615385;2.698461538461539;5.615384615384615;9.923076923076923
11286;zone52;4503.72067559025;3742.2957906521283;0.0;zone52;S01010307;9;821;732;428;[0.189922,0.577519,0.232558];[0.407407,0.487654,0.104938];[0.346154,0.538462,0.115385];[0.71875,0.234375,0.046875];[0.0681818181818,0.0568181818182,0.375,0.5];5;319.0;-0.172537833795;457;18;0.08;1.2222222222222223;37.61777777777778;42.55555555555556;81.93777777777778;11.555555555555555;38.55555555555556;12.444444444444445;3.204444444444444;0.0;2.1644444444444444;4.675555555555556;0.42666666666666664;0.47555555555555556;2.24;4.666666666666667;10.11111111111111
11286;zone53;4364.519870735056;4047.768725526131;0.0;zone53;S01010308;9;975;858;480;[0.285714,0.54007,0.174216];[0.511936,0.384615,0.103448];[0.254902,0.411765,0.333333];[0.648352,0.307692,0.043956];[0.0970873786408,0.0631067961165,0.359223300971,0.480582524272];4;257.0;-0.244477582955;1150;20;0.08444444444444445;2.0;53.67555555555556;32.333333333333336;85.4888888888889;10.444444444444445;36.666666666666664;18.333333333333332;3.2;0.0;2.5999999999999996;1.4977777777777777;0.8177777777777778;0.5155555555555557;1.5422222222222224;8.11111111111111;7.666666666666667
11286;zone54;5381.88771051669;3636.3205112402793;0.0;zone54;S01010309;4;419;356;264;[0.333333,0.25,0.416667];[0.478873,0.422535,0.098592];[0.352941,0.382353,0.264706];[0.705882,0.24183,0.052288];[0.365853658537,0.170731707317,0.390243902439,0.0731707317073];1;0.0;-0.540229885057;2383;10;0.1;2.25;64.56;17.5;86.25;11.25;36.5;22.5;1.3599999999999999;0.0;0.81;0.35;1.58;0.09;1.4200000000000002;8.5;3.75
11286;zone55;5657.373406240428;3625.6586165034923;0.0;zone55;S01010310;13;706;540;381;[0.333333,0.238095,0.428571];[0.565517,0.337931,0.096552];[0.54902,0.27451,0.176471];[0.715415,0.256917,0.027668];[0.484848484848,0.151515151515,0.318181818182,0.0454545454545];1;574.0;0.120406534162;853;13;0.04;2.0;47.29230769230769;23.846153846153847;87.41846153846154;12.461538461538462;38.53846153846154;16.153846153846153;1.5538461538461539;0.0;1.0830769230769233;0.4523076923076923;2.966153846153845;0.44615384615384623;2.0707692307692307;9.76923076923077;5.615384615384615
11286;zone56;5685.425126382168;3318.6970593171873;0.0;zone56;S01010311;22;721;556;351;[0.411765,0.352941,0.235294];[0.472222,0.453704,0.074074];[0.571429,0.404762,0.02381];[0.717949,0.271062,0.010989];[0.565217391304,0.121739130435,0.269565217391,0.0434782608696];1;1534.0;1.22364271569;1765;34;0.06;1.5;58.2490909090909;23.181818181818183;84.00363636363636;11.409090909090908;36.59090909090909;19.90909090909091;1.330909090909091;0.0;1.8036363636363633;0.02181818181818182;2.5509090909090903;0.46727272727272734;2.498181818181818;5.818181818181818;5.2727272727272725
11286;zone57;5466.52613028024;3072.1402274564575;0.0;zone57;S01010312;34;868;647;425;[0.117647,0.823529,0.058824];[0.754386,0.22807,0.017544];[0.407407,0.444444,0.148148];[0.804945,0.153846,0.041209];[0.586956521739,0.115942028986,0.268115942029,0.0289855072464];1;685.0;0.247477927043;1676;53;0.0611764705882353;1.3235294117647058;63.46823529411765;27.441176470588236;85.3835294117647;10.676470588235293;36.35294117647059;21.705882352941178;1.5752941176470585;0.0;2.2811764705882354;0.05647058823529412;3.0411764705882347;0.39999999999999997;2.392941176470588;5.0588235294117645;6.411764705882353
11286;zone58;5251.7403530303945;3502.549209042501;0.0;zone58;S01010313;16;654;529;356;[0.428571,0.285714,0.285714];[0.6,0.333333,0.066667];[0.433735,0.481928,0.084337];[0.739623,0.162264,0.098113];[0.648351648352,0.131868131868,0.175824175824,0.043956043956];1;565.0;0.109617915218;2126;18;0.045;0.8125;77.245;29.8125;94.0775;12.0;38.5625;26.5;2.74;0.0;2.95;0.0525;2.9225000000000003;0.35999999999999993;2.9399999999999995;3.375;8.1875
11286;zone59;4840.312157862589;3385.4448126102257;0.0;zone59;S01010314;21;1248;1034;550;[0.358209,0.507463,0.134328];[0.514493,0.333333,0.152174];[0.5,0.326923,0.173077];[0.636,0.324,0.04];[0.316901408451,0.133802816901,0.401408450704,0.147887323944];1;637.0;0.192402372167;1212;30;0.05333333333333334;1.5714285714285714;42.64571428571429;24.523809523809526;82.15619047619047;11.666666666666666;37.476190476190474;14.523809523809524;4.333333333333334;0.0;2.8304761904761904;0.420952380952381;0.48380952380952374;0.47809523809523824;2.2285714285714278;5.809523809523809;7.714285714285714
11286;zone60;4536.293429266749;2504.1273706154316;0.0;zone60;S01010315;43;911;678;409;[0.180723,0.554217,0.26506];[0.252632,0.457895,0.289474];[0.208333,0.5,0.291667];[0.55144,0.345679,0.102881];[0.308176100629,0.169811320755,0.358490566038,0.163522012579];2;382.0;-0.100954860853;1619;95;0.0827906976744186;1.2790697674418605;43.362790697674406;27.209302325581394;80.08837209302324;11.209302325581396;37.093023255813954;14.86046511627907;3.0697674418604652;0.0;2.27906976744186;0.00186046511627907;1.9711627906976743;0.38790697674418595;2.368372093023256;5.162790697674419;6.790697674418604
11286;zone61;4589.6619547948285;2943.195659127726;0.0;zone61;S01010316;25;512;414;304;[0.392157,0.529412,0.078431];[0.62931,0.37069,0.0];[0.439024,0.560976,0.0];[0.775401,0.224599,0.0];[0.439252336449,0.102803738318,0.252336448598,0.205607476636];1;481.0;0.0128180141103;1333;52;0.0816;0.96;49.6416;29.76;74.208;9.44;33.08;16.96;2.2672;0.0;2.7712;0.04;2.0303999999999998;0.3104000000000001;2.2847999999999997;3.24;6.64
11286;zone63;4421.5566371748755;3071.026327566895;0.0;zone63;S01010318;12;1588;1497;304;[0.5,0.456522,0.043478];[0.469799,0.47651,0.053691];[0.310345,0.37931,0.310345];[0.678571,0.285714,0.035714];[0.36,0.14,0.34,0.16];3;317.0;-0.175110645645;1187;28;0.09;1.5;56.080000000000005;38.416666666666664;92.67666666666668;11.333333333333334;39.5;19.25;4.946666666666666;0.0;5.603333333333333;0.6666666666666666;0.86;0.3500000000000001;2.306666666666667;6.083333333333333;11.583333333333334
11286;zone64;4173.240913470097;2893.8040771744095;0.0;zone64;S01010319;9;711;624;407;[0.258741,0.608392,0.132867];[0.383399,0.486166,0.130435];[0.439394,0.212121,0.348485];[0.530769,0.384615,0.084615];[0.171974522293,0.0700636942675,0.471337579618,0.286624203822];2;473.0;0.00423719084943;1464;19;0.07555555555555556;1.7777777777777777;32.21777777777778;28.666666666666668;83.14222222222223;12.666666666666666;38.666666666666664;10.666666666666666;5.044444444444444;0.0;2.511111111111111;0.31555555555555553;1.3688888888888888;0.28;1.7955555555555551;8.11111111111111;8.777777777777779
11286;zone65;3940.1918462749595;2900.8899784533987;0.0;zone65;S01010320;4;675;594;437;[0.257813,0.523438,0.21875];[0.61753,0.298805,0.083665];[0.526316,0.22807,0.245614];[0.805085,0.169492,0.025424];[0.172185430464,0.0662251655629,0.443708609272,0.317880794702];1;646.0;0.202453315259;1199;7;0.07;1.5;48.36;43.25;95.73;13.0;40.5;16.25;6.17;0.0;2.4000000000000004;1.25;2.92;0.15;1.47;9.75;12.25
11286;zone66;3905.8658739096163;2664.6669636212755;0.0;zone66;S01010321;7;837;634;432;[0.401709,0.555556,0.042735];[0.54717,0.433962,0.018868];[0.45122,0.439024,0.109756];[0.666667,0.271186,0.062147];[0.212328767123,0.0958904109589,0.390410958904,0.301369863014];1;1019.0;0.631764531736;1734;11;0.06285714285714286;2.857142857142857;48.611428571428576;22.714285714285715;81.30285714285715;9.714285714285714;35.714285714285715;16.714285714285715;2.3885714285714283;0.0;2.154285714285714;0.4342857142857143;1.2914285714285714;0.30857142857142866;0.7085714285714285;10.142857142857142;5.857142857142857
11286;zone67;3630.3978644730896;3132.1651121578075;0.0;zone67;S01010322;9;1028;914;549;[0.174419,0.549419,0.276163];[0.412399,0.471698,0.115903];[0.298507,0.38806,0.313433];[0.647059,0.323529,0.029412];[0.057268722467,0.0352422907489,0.449339207048,0.458149779736];5;124.0;-0.397569575369;1525;29;0.12;1.0;50.582222222222214;43.22222222222222;83.85777777777777;10.666666666666666;35.333333333333336;17.666666666666668;4.626666666666667;0.0;5.982222222222223;0.4933333333333334;0.9688888888888888;0.3066666666666667;1.8044444444444443;4.222222222222222;11.555555555555555
11286;zone68;6208.193116766784;3072.425066795916;0.0;zone68;S01010323;4;603;466;377;[0.555556,0.444444,0.0];[0.657143,0.271429,0.071429];[0.642857,0.321429,0.035714];[0.793651,0.166667,0.039683];[0.578431372549,0.166666666667,0.235294117647,0.0196078431373];1;970.0;0.57559463238;982;10;0.1;0.75;41.769999999999996;25.0;67.86;9.25;32.5;13.75;4.34;0.0;0.02;0.13;1.09;0.45000000000000007;2.39;2.5;5.25
11286;zone69;6517.651722029823;2240.572579661372;0.0;zone69;S01010324;6;759;566;403;[0.142857,0.571429,0.285714];[0.298077,0.490385,0.211538];[0.333333,0.530864,0.135802];[0.401674,0.414226,0.1841];[0.569620253165,0.101265822785,0.291139240506,0.0379746835443];1;407.0;-0.0721601679586;1921;10;0.06666666666666667;1.8333333333333333;49.79333333333333;26.166666666666668;76.34666666666668;8.666666666666666;33.666666666666664;16.833333333333332;1.3333333333333333;0.0;2.2133333333333334;0.0;2.1733333333333333;0.32;1.6466666666666665;7.5;5.166666666666667
11286;zone70;6038.016041009105;2402.8415869980217;0.0;zone70;S01010325;18;939;666;501;[0.263158,0.368421,0.368421];[0.383838,0.525253,0.090909];[0.253623,0.615942,0.130435];[0.451362,0.463035,0.085603];[0.545454545455,0.238636363636,0.193181818182,0.0227272727273];1;225.0;-0.281126582053;1639;37;0.08222222222222222;1.2222222222222223;34.23333333333334;24.38888888888889;80.72;12.833333333333334;39.05555555555556;11.61111111111111;2.213333333333333;0.0;1.2155555555555557;0.0;3.097777777777778;0.40222222222222226;2.4577777777777774;6.055555555555555;6.0
11286;zone71;5272.359331052501;2740.775131541117;0.0;zone71;S01010326;39;987;707;494;[0.526316,0.368421,0.105263];[0.522523,0.333333,0.144144];[0.492188,0.3125,0.195313];[0.723514,0.224806,0.05168];[0.54375,0.16875,0.23125,0.05625];1;1389.0;1.05701743376;1046;53;0.05230769230769231;1.435897435897436;50.91282051282053;25.846153846153847;80.39282051282049;10.461538461538462;35.48717948717949;17.512820512820515;1.5835897435897437;0.0;4.275897435897437;0.04;1.3158974358974356;0.4441025641025641;2.271794871794872;5.282051282051282;6.743589743589744
11286;zone72;4970.167032608406;2501.795090448298;0.0;zone72;S01010327;34;982;660;362;[0.031746,0.507937,0.460317];[0.372881,0.432203,0.194915];[0.289063,0.328125,0.382813];[0.516892,0.347973,0.135135];[0.416184971098,0.21387283237,0.236994219653,0.132947976879];1;470.0;0.000335688704598;1024;64;0.07294117647058823;1.7647058823529411;45.08823529411765;26.147058823529413;80.7670588235294;11.029411764705882;36.205882352941174;15.411764705882353;1.9011764705882348;0.0;5.069411764705881;0.0;1.0517647058823527;0.42941176470588244;1.8447058823529405;6.176470588235294;7.588235294117647
11286;zone73;5975.307390960257;2677.5485166167286;0.0;zone73;S01010328;24;969;706;445;[0.16129,0.5,0.33871];[0.27044,0.471698,0.257862];[0.192547,0.434783,0.372671];[0.338983,0.432203,0.228814];[0.309352517986,0.258992805755,0.280575539568,0.151079136691];2;457.0;-0.0138550124678;2192;48;0.08;1.125;35.06833333333333;28.25;75.84666666666668;11.25;36.291666666666664;11.666666666666666;2.47;0.0;1.86;0.0;2.733333333333334;0.44500000000000006;2.313333333333333;5.25;6.583333333333333
11286;zone74;4421.847657862615;2232.0860934321454;0.0;zone74;S01010329;21;573;435;290;[0.368421,0.263158,0.368421];[0.341176,0.470588,0.188235];[0.255814,0.465116,0.27907];[0.52,0.354286,0.125714];[0.438356164384,0.191780821918,0.27397260274,0.0958904109589];2;105.0;-0.418628586414;1706;22;0.0380952380952381;1.6666666666666667;54.60380952380952;24.047619047619047;85.02476190476189;11.0;37.666666666666664;18.238095238095237;3.6533333333333338;0.0;1.6152380952380954;0.00380952380952381;2.125714285714286;0.5733333333333333;1.8495238095238093;6.523809523809524;6.904761904761905
