cycle;name;location.x;location.y;location.z;name;dataZone;nm_children;pop;over16;nm_hh;AB_car_prob;C1_car_prob;C2_car_prob;DE_car_prob;prob_social;simd;crimeRate;norm_crime;avg_dis_sh;neigh_play;daily_play_per_child;avg_FSA;avg_walk;daily_OD;zone_mvpa;mvpa_home;mvpa_sc;mvpa_road;mvpa_play_field;mvpa_home_garden;mvpa_park;mvpa_PG;mvpa_amenity;mvpa_shops;mvpa_F_home;mvpa_fsa;mvpa_OD
11286;zone0;8448.90275962388;2625.4515469546564;0.0;zone0;S01010195;19;531;390;212;[0.0,0.481481,0.518519];[0.261538,0.646154,0.092308];[0.12,0.59,0.29];[0.447368,0.368421,0.184211];[0.418918918919,0.283783783784,0.202702702703,0.0945945945946];1;0.0;-0.540229885057;1043;28;0.05473684210526316;1.368421052631579;36.74947368421052;20.94736842105263;81.33684210526317;13.210526315789474;39.31578947368421;12.210526315789474;1.0273684210526315;0.0;2.4084210526315792;0.08;2.3410526315789477;0.3852631578947369;2.303157894736842;6.052631578947368;5.315789473684211
11286;zone1;8656.736904000718;2165.9902346445633;0.0;zone1;S01010198;18;1027;748;394;[0.058824,0.529412,0.411765];[0.305785,0.561983,0.132231];[0.219858,0.496454,0.283688];[0.523179,0.331126,0.145695];[0.48623853211,0.229357798165,0.266055045872,0.0183486238532];1;1609.0;1.3102524676;1369;25;0.05333333333333334;1.3333333333333333;41.513333333333335;24.055555555555557;81.37555555555555;11.944444444444445;38.888888888888886;13.722222222222221;1.1377777777777776;0.0;2.175555555555556;0.0911111111111111;3.0022222222222226;0.4666666666666668;2.24;5.666666666666667;5.777777777777778
11286;zone2;8537.588755655543;3024.028900129281;0.0;zone2;S01010201;22;643;453;253;[0.0,0.47619,0.52381];[0.270833,0.3125,0.416667];[0.088,0.48,0.432];[0.296552,0.434483,0.268966];[0.365853658537,0.292682926829,0.292682926829,0.0487804878049];2;219.0;-0.28762447053;793;50;0.08545454545454545;1.5;35.88;29.545454545454547;84.18727272727273;13.136363636363637;40.0;11.954545454545455;1.0363636363636362;0.0;3.332727272727273;0.06181818181818182;3.6745454545454534;0.5399999999999998;2.2800000000000002;6.318181818181818;7.636363636363637
11286;zone3;8059.42097232239;3767.666522351409;0.0;zone3;S01010203;30;671;504;260;[0.090909,0.363636,0.545455];[0.263804,0.460123,0.276074];[0.094828,0.422414,0.482759];[0.183824,0.375,0.441176];[0.272727272727,0.218181818182,0.363636363636,0.145454545455];3;215.0;-0.292668818285;2003;62;0.07733333333333334;1.4333333333333333;32.074666666666666;25.833333333333332;76.89866666666668;11.7;37.166666666666664;10.6;1.8653333333333337;0.0;2.3293333333333335;0.0;2.697333333333334;0.5693333333333334;2.194666666666666;5.933333333333334;6.433333333333334
11286;zone4;8368.288440296214;3565.498290652094;0.0;zone4;S01010204;30;800;589;381;[0.272727,0.727273,0.0];[0.627451,0.27451,0.098039];[0.444444,0.533333,0.022222];[0.600619,0.321981,0.077399];[0.595041322314,0.157024793388,0.239669421488,0.00826446280992];1;497.0;0.0317745673598;1371;48;0.06;1.3333333333333333;41.02266666666666;22.4;72.32400000000001;10.0;34.36666666666667;13.666666666666666;0.7893333333333333;0.0;1.8626666666666665;0.01466666666666667;2.5293333333333337;0.3413333333333334;2.2680000000000002;4.6;4.733333333333333
11286;zone5;8034.229745798958;3515.110462853287;0.0;zone5;S01010205;15;658;534;355;[0.411765,0.117647,0.470588];[0.465116,0.457364,0.077519];[0.317757,0.588785,0.093458];[0.593458,0.280374,0.126168];[0.466666666667,0.2,0.3,0.0333333333333];1;925.0;0.523434132086;1240;32;0.08266666666666667;1.5333333333333334;45.84266666666666;29.0;79.88533333333335;10.666666666666666;36.2;15.333333333333334;1.4213333333333331;0.0;2.509333333333333;0.0;3.4959999999999996;0.4;1.9813333333333338;6.066666666666666;7.066666666666666
11286;zone6;7457.064719570519;3739.055375726369;0.0;zone6;S01010208;18;903;745;565;[0.30137,0.589041,0.109589];[0.48062,0.457364,0.062016];[0.272727,0.613636,0.113636];[0.66055,0.270642,0.068807];[0.233333333333,0.133333333333,0.461111111111,0.172222222222];1;603.0;0.153385979085;1393;18;0.04;1.7777777777777777;44.72888888888888;22.88888888888889;83.07777777777775;11.88888888888889;38.388888888888886;15.166666666666666;1.3644444444444446;0.0;1.5933333333333333;0.0;3.231111111111111;0.2466666666666667;2.233333333333334;7.055555555555555;5.722222222222222
11286;zone7;7917.838214725937;1939.334458859395;0.0;zone7;S01010209;24;966;677;468;[0.172414,0.586207,0.241379];[0.333333,0.414966,0.251701];[0.381944,0.458333,0.159722];[0.545852,0.336245,0.117904];[0.337931034483,0.248275862069,0.303448275862,0.110344827586];1;2053.0;1.82052250092;1705;43;0.06666666666666667;1.5416666666666667;46.89833333333333;28.041666666666668;78.05833333333332;10.25;35.041666666666664;16.041666666666668;0.9633333333333333;0.0;3.1650000000000005;0.0;2.5816666666666674;0.38666666666666666;1.8150000000000004;6.083333333333333;6.166666666666667
11286;zone8;7878.406567747077;2721.2634132011362;0.0;zone8;S01010210;18;885;641;416;[0.173913,0.456522,0.369565];[0.21519,0.5,0.28481];[0.189781,0.386861,0.423358];[0.422111,0.442211,0.135678];[0.394736842105,0.236842105263,0.254385964912,0.114035087719];1;344.0;-0.144253829852;1078;36;0.07777777777777778;1.0;32.96222222222222;21.166666666666668;71.96444444444444;11.222222222222221;35.388888888888886;11.0;1.3599999999999999;0.0;3.691111111111111;0.0;1.231111111111111;0.4555555555555556;2.384444444444445;3.4444444444444446;5.722222222222222
11286;zone9;7785.599648345685;3201.783800714137;0.0;zone9;S01010211;22;858;634;452;[0.147059,0.705882,0.147059];[0.384615,0.452991,0.162393];[0.469565,0.4,0.130435];[0.722656,0.226563,0.050781];[0.473214285714,0.169642857143,0.285714285714,0.0714285714286];1;430.0;-0.0456985893816;934;29;0.05090909090909091;1.4090909090909092;41.599999999999994;24.272727272727273;75.6109090909091;11.409090909090908;35.40909090909091;13.909090909090908;1.830909090909091;0.0;2.1181818181818177;0.0;2.110909090909091;0.3236363636363637;2.0163636363636366;4.863636363636363;5.590909090909091
11286;zone10;7580.688680869333;3097.127786881416;0.0;zone10;S01010212;49;1083;779;559;[0.233333,0.633333,0.133333];[0.594771,0.339869,0.065359];[0.465517,0.405172,0.12931];[0.712821,0.269231,0.017949];[0.566037735849,0.138364779874,0.22641509434,0.0691823899371];1;1473.0;1.15298517036;1094;76;0.05959183673469388;1.3265306122448979;48.742857142857154;27.816326530612244;82.04979591836735;11.387755102040817;36.775510204081634;16.612244897959183;1.6326530612244898;0.0;2.4457142857142853;0.0;3.4048979591836734;0.4187755102040816;2.266938775510204;5.510204081632653;7.0
11286;zone11;8065.177293237223;3111.5884965344962;0.0;zone11;S01010213;13;924;657;476;[0.105263,0.684211,0.210526];[0.382609,0.547826,0.069565];[0.218543,0.556291,0.225166];[0.467925,0.483019,0.049057];[0.451327433628,0.221238938053,0.274336283186,0.0530973451327];1;247.0;-0.255840453357;834;22;0.06769230769230769;1.1538461538461537;35.421538461538454;27.923076923076923;71.08615384615383;10.384615384615385;33.76923076923077;11.923076923076923;0.9384615384615385;0.0;1.9384615384615385;0.0;2.8400000000000003;0.3384615384615385;2.3200000000000003;4.846153846153846;5.3076923076923075
11286;zone12;7144.994858230166;1947.4125453867302;0.0;zone12;S01010214;27;967;717;396;[0.098592,0.28169,0.619718];[0.197531,0.438272,0.364198];[0.173333,0.493333,0.333333];[0.237069,0.487069,0.275862];[0.361344537815,0.210084033613,0.310924369748,0.117647058824];3;176.0;-0.337854473183;1863;57;0.08296296296296296;1.4074074074074074;42.14222222222223;27.925925925925927;84.27407407407408;12.666666666666666;39.111111111111114;14.25925925925926;2.340740740740741;0.0;2.3718518518518517;0.0;3.4370370370370376;0.4281481481481481;2.0281481481481483;5.888888888888889;7.666666666666667
11286;zone13;7013.590150664996;2618.495528189446;0.0;zone13;S01010215;24;850;608;492;[0.571429,0.285714,0.142857];[0.5,0.431373,0.068627];[0.382609,0.391304,0.226087];[0.678571,0.269841,0.051587];[0.467289719626,0.140186915888,0.345794392523,0.0467289719626];1;547.0;0.0886083430805;641;43;0.06833333333333333;1.1666666666666667;35.571666666666665;26.541666666666668;73.83833333333332;11.25;35.75;11.916666666666666;0.9616666666666666;0.0;2.19;0.0;3.0500000000000003;0.35500000000000004;2.4233333333333333;4.166666666666667;5.75
11286;zone14;7332.222205807836;2329.961970144465;0.0;zone14;S01010216;15;621;464;361;[0.6,0.4,0.0];[0.597701,0.356322,0.045977];[0.409091,0.439394,0.151515];[0.709544,0.273859,0.016598];[0.5,0.163265306122,0.265306122449,0.0714285714286];1;600.0;0.150092344085;1319;16;0.04266666666666667;0.8666666666666667;50.976000000000006;27.8;77.456;10.6;35.0;17.533333333333335;1.3733333333333337;0.0;2.2933333333333334;0.0;3.066666666666667;0.47200000000000014;2.768;2.8666666666666667;6.2
11286;zone15;7299.833172322251;2625.8610945736937;0.0;zone15;S01010217;33;817;598;406;[0.16129,0.516129,0.322581];[0.565517,0.4,0.034483];[0.5,0.431373,0.068627];[0.702703,0.283784,0.013514];[0.541935483871,0.0967741935484,0.296774193548,0.0645161290323];1;1060.0;0.679274950851;991;68;0.08;0.7878787878787878;36.260606060606065;33.54545454545455;72.5030303030303;10.636363636363637;34.81818181818182;12.242424242424242;1.4448484848484848;0.0;2.690909090909091;0.0;3.56969696969697;0.3187878787878788;2.255757575757576;2.727272727272727;7.090909090909091
11286;zone16;7142.953643082513;3018.5401822929393;0.0;zone16;S01010218;31;1018;790;587;[0.425532,0.404255,0.170213];[0.392523,0.453271,0.154206];[0.358209,0.492537,0.149254];[0.589124,0.335347,0.075529];[0.424657534247,0.109589041096,0.369863013699,0.0958904109589];1;557.0;0.101026678737;499;56;0.07096774193548387;1.6774193548387097;33.86064516129032;27.193548387096776;70.38967741935485;9.64516129032258;33.67741935483871;11.451612903225806;1.0038709677419353;0.0;1.4929032258064516;0.0;3.1354838709677426;0.4129032258064517;1.8541935483870964;6.032258064516129;5.096774193548387
11286;zone17;6738.8937706128745;4298.8917997019325;0.0;zone17;S01010219;21;503;382;274;[0.695652,0.304348,0.0];[0.758621,0.215517,0.025862];[0.761905,0.166667,0.071429];[0.781609,0.195402,0.022989];[0.41935483871,0.0752688172043,0.408602150538,0.0967741935484];2;184.0;-0.327838932938;1594;46;0.0838095238095238;0.9047619047619048;60.26666666666667;35.42857142857143;84.41333333333333;9.571428571428571;35.666666666666664;20.714285714285715;3.512380952380952;0.0;4.396190476190476;0.16761904761904764;1.9466666666666665;0.4;2.3657142857142857;3.857142857142857;9.571428571428571
11286;zone18;5915.780765415368;4211.222876105162;0.0;zone18;S01010220;7;476;433;279;[0.181159,0.608696,0.210145];[0.404255,0.531915,0.06383];[0.227273,0.704545,0.068182];[0.448276,0.482759,0.068966];[0.154545454545,0.0636363636364,0.318181818182,0.463636363636];5;267.0;-0.232306706325;1307;20;0.11428571428571428;2.2857142857142856;36.81142857142857;23.142857142857142;94.66285714285713;14.857142857142858;42.142857142857146;12.428571428571429;2.931428571428572;0.0;3.0342857142857143;0.49714285714285716;1.3657142857142859;0.2742857142857143;2.1028571428571428;13.285714285714286;7.142857142857143
11286;zone19;6341.0811208317455;3913.8398648988496;0.0;zone19;S01010221;13;546;394;260;[0.6,0.4,0.0];[0.557377,0.409836,0.032787];[0.538462,0.323077,0.138462];[0.699387,0.257669,0.042945];[0.609375,0.140625,0.203125,0.046875];1;635.0;0.19005459739;964;18;0.05230769230769231;1.0;43.79384615384616;20.23076923076923;80.06153846153846;12.307692307692308;37.69230769230769;14.846153846153847;3.464615384615385;0.0;1.2430769230769232;0.1353846153846154;0.8953846153846154;0.4184615384615385;2.781538461538462;4.461538461538462;5.461538461538462
11286;zone20;7001.213463613622;4053.9957950241624;0.0;zone20;S01010222;15;492;414;285;[0.142857,0.5,0.357143];[0.432432,0.459459,0.108108];[0.348624,0.522936,0.12844];[0.747899,0.235294,0.016807];[0.345238095238,0.214285714286,0.309523809524,0.130952380952];1;377.0;-0.105830277325;1816;20;0.05333333333333334;1.1333333333333333;52.31733333333333;23.933333333333334;81.70666666666666;11.2;36.86666666666667;17.6;1.3146666666666669;0.0;2.144;0.0;2.845333333333333;0.3253333333333333;2.474666666666667;5.4;5.8
11286;zone21;6986.8418912765155;3434.1450308482026;0.0;zone21;S01010223;4;556;462;337;[0.076923,0.538462,0.384615];[0.567797,0.330508,0.101695];[0.472222,0.444444,0.083333];[0.584699,0.36612,0.04918];[0.432432432432,0.162162162162,0.324324324324,0.0810810810811];1;439.0;-0.0353356041414;1683;3;0.03;0.0;41.57;30.75;70.56;10.5;33.0;14.25;2.55;0.0;2.3099999999999996;0.09;2.38;0.59;3.4299999999999997;0.0;7.0
11286;zone22;6247.397837456437;3329.661273309237;0.0;zone22;S01010224;40;1036;727;469;[0.405405,0.540541,0.054054];[0.592593,0.274074,0.133333];[0.418803,0.504274,0.076923];[0.768421,0.202632,0.028947];[0.506097560976,0.140243902439,0.268292682927,0.0853658536585];1;1004.0;0.614259332793;973;58;0.058;1.425;46.105999999999995;19.725;78.558;11.05;36.525;15.6;2.4579999999999997;0.0;1.6620000000000001;0.042;1.493;0.35199999999999987;2.249999999999999;5.325;5.225
11286;zone23;7827.985844039554;4105.4701191949;0.0;zone23;S01010225;33;812;636;431;[0.25,0.634615,0.115385];[0.469072,0.43299,0.097938];[0.54023,0.413793,0.045977];[0.672065,0.234818,0.093117];[0.385185185185,0.125925925926,0.325925925926,0.162962962963];1;1006.0;0.616572011517;1707;62;0.07151515151515152;0.696969696969697;63.13696969696969;30.575757575757574;87.36969696969695;11.454545454545455;38.0;21.484848484848484;2.0351515151515156;0.0;2.9090909090909096;0.0;3.3600000000000003;0.3733333333333333;2.8266666666666667;3.242424242424242;7.878787878787879
11286;zone24;7040.363001382077;4481.052780471187;0.0;zone24;S01010226;40;816;565;394;[0.454545,0.242424,0.30303];[0.715385,0.2,0.084615];[0.540541,0.405405,0.054054];[0.766917,0.18797,0.045113];[0.503355704698,0.201342281879,0.221476510067,0.0738255033557];2;422.0;-0.0548014077425;1239;115;0.108;0.925;49.266000000000005;33.575;84.237;11.55;37.725;16.65;4.247;0.0;4.295;0.05300000000000001;1.493;0.555;2.383;3.6;9.6
11286;zone25;6847.772309074456;4638.663588163389;0.0;zone25;S01010227;39;692;454;294;[0.413793,0.413793,0.172414];[0.704545,0.238636,0.056818];[0.654545,0.345455,0.0];[0.810606,0.159091,0.030303];[0.672268907563,0.0924369747899,0.159663865546,0.0756302521008];4;0.0;-0.540229885057;1219;132;0.12512820512820513;1.2307692307692308;54.88820512820512;40.69230769230769;84.35179487179485;9.897435897435898;35.58974358974359;18.71794871794872;4.381538461538461;0.0;5.233846153846154;0.03487179487179487;1.6707692307692308;0.403076923076923;2.161025641025641;4.641025641025641;10.743589743589743
11286;zone26;8241.816993110848;4572.457656401622;0.0;zone26;S01010229;30;1016;787;508;[0.1,0.625,0.275];[0.350877,0.350877,0.298246];[0.348315,0.477528,0.174157];[0.565217,0.310559,0.124224];[0.420731707317,0.213414634146,0.292682926829,0.0731707317073];1;395.0;-0.0859445809966;1240;55;0.07066666666666667;1.2333333333333334;39.73866666666666;21.133333333333333;78.68399999999998;12.3;37.53333333333333;13.566666666666666;1.5173333333333334;0.0;2.32;0.02533333333333333;1.8853333333333333;0.30133333333333334;2.3826666666666663;5.1;5.3
11286;zone27;7458.320056766788;4680.341251240345;0.0;zone27;S01010230;24;1005;772;577;[0.314286,0.628571,0.057143];[0.703883,0.296117,0.0];[0.727273,0.218182,0.054545];[0.71831,0.24507,0.03662];[0.517857142857,0.136904761905,0.267857142857,0.077380952381];1;846.0;0.433218203459;924;48;0.07666666666666666;1.0;40.64833333333334;29.125;81.24500000000002;11.958333333333334;37.916666666666664;14.166666666666666;2.0733333333333333;0.0;3.5399999999999996;0.02333333333333333;2.6566666666666667;0.3833333333333333;2.725;4.208333333333333;7.791666666666667
11286;zone28;7569.802990100143;4917.458811240416;0.0;zone28;S01010232;37;1074;792;485;[0.457143,0.485714,0.057143];[0.557292,0.338542,0.104167];[0.492063,0.333333,0.174603];[0.654229,0.251244,0.094527];[0.470297029703,0.153465346535,0.306930693069,0.0693069306931];1;771.0;0.347049794199;969;90;0.09513513513513513;1.3513513513513513;41.8227027027027;30.594594594594593;80.22270270270269;11.054054054054054;37.0;14.054054054054054;1.8832432432432433;0.0;2.834594594594595;0.06270270270270271;3.154594594594595;0.375135135135135;2.036756756756757;5.891891891891892;7.405405405405405
11286;zone29;7830.713068379679;4879.746446724283;0.0;zone29;S01010233;33;970;705;476;[0.275,0.625,0.1];[0.655629,0.245033,0.099338];[0.52809,0.426966,0.044944];[0.771505,0.212366,0.016129];[0.587209302326,0.093023255814,0.261627906977,0.0581395348837];1;284.0;-0.213781821634;1215;40;0.04484848484848485;1.0909090909090908;54.279999999999994;30.181818181818183;83.45454545454547;11.151515151515152;37.03030303030303;18.636363636363637;1.7709090909090908;0.0;2.803636363636364;0.07272727272727274;2.9333333333333322;0.32727272727272727;2.6484848484848484;4.333333333333333;7.151515151515151
11286;zone30;6473.383843181837;4954.519765957263;0.0;zone30;S01010261;6;2551;2373;526;[0.666667,0.270833,0.0625];[0.675841,0.281346,0.042813];[0.75,0.25,0.0];[0.824468,0.164894,0.010638];[0.41,0.06,0.41,0.12];3;176.0;-0.337679921334;2301;8;0.05333333333333334;1.6666666666666667;96.8;27.833333333333332;89.18;7.833333333333333;33.166666666666664;33.5;1.1866666666666668;0.0;1.18;0.12;2.56;0.18000000000000002;1.8800000000000001;5.666666666666667;4.5
11286;zone31;4930.642193689802;4959.449818932565;0.0;zone31;S01010266;3;555;474;237;[0.320755,0.556604,0.122642];[0.677273,0.254545,0.068182];[0.5,0.461538,0.038462];[0.534247,0.30137,0.164384];[0.141176470588,0.0588235294118,0.4,0.4];3;536.0;0.0761386922126;1012;10;0.10666666666666667;1.0;48.413333333333334;33.666666666666664;76.64;10.333333333333334;34.666666666666664;16.333333333333332;1.2266666666666668;0.0;3.813333333333334;0.41333333333333333;2.2133333333333334;0.52;1.4533333333333334;3.3333333333333335;7.333333333333333
11286;zone32;5712.5549897826;4979.400336637217;0.0;zone32;S01010270;4;1153;972;817;[0.389831,0.533898,0.076271];[0.70255,0.252125,0.045326];[0.714286,0.272727,0.012987];[0.771552,0.228448,0.0];[0.125,0.0909090909091,0.454545454545,0.329545454545];1;871.0;0.461200629557;1148;3;0.03;1.5;44.14;19.5;77.96;11.0;34.5;15.25;2.6399999999999997;0.0;1.9600000000000002;0.38;0.52;0.65;2.84;6.25;5.0
11286;zone33;3394.0723536088512;4934.677182292946;0.0;zone33;S01010282;13;976;841;645;[0.438776,0.520408,0.040816];[0.545732,0.405488,0.04878];[0.521277,0.382979,0.095745];[0.712707,0.232044,0.055249];[0.190954773869,0.070351758794,0.35175879397,0.386934673367];2;350.0;-0.137812028107;1372;24;0.07076923076923076;1.3076923076923077;51.83384615384617;31.076923076923077;88.30153846153846;12.692307692307692;38.61538461538461;17.692307692307693;2.996923076923077;0.0;5.3753846153846165;0.5938461538461539;1.1353846153846154;0.513846153846154;1.9907692307692306;4.846153846153846;9.615384615384615
11286;zone34;4385.789287498423;4835.237486850067;0.0;zone34;S01010289;15;771;687;380;[0.130952,0.511905,0.357143];[0.262911,0.502347,0.234742];[0.178571,0.464286,0.357143];[0.410256,0.435897,0.153846];[0.058064516129,0.0322580645161,0.245161290323,0.664516129032];5;259.0;-0.241396294863;1215;40;0.10666666666666667;2.1333333333333333;49.11733333333334;41.0;85.952;10.133333333333333;36.53333333333333;16.866666666666667;3.616;0.0;4.362666666666667;0.8186666666666668;1.88;0.3573333333333334;1.3093333333333335;8.6;10.133333333333333
11286;zone35;4401.5375624188455;4669.062022109911;0.0;zone35;S01010290;13;546;485;278;[0.198198,0.603604,0.198198];[0.485944,0.449799,0.064257];[0.555556,0.444444,0.0];[0.435897,0.512821,0.051282];[0.10752688172,0.0430107526882,0.494623655914,0.354838709677];3;353.0;-0.133686757747;1111;37;0.1076923076923077;1.9230769230769231;38.5323076923077;37.0;88.5076923076923;12.23076923076923;39.15384615384615;12.923076923076923;3.0984615384615384;0.0;5.843076923076922;1.0123076923076924;2.169230769230769;0.4123076923076923;1.9723076923076925;7.846153846153846;11.538461538461538
11286;zone36;4119.983651650423;4281.100418217042;0.0;zone36;S01010291;12;1075;975;481;[0.405594,0.447552,0.146853];[0.627907,0.277132,0.094961];[0.415094,0.433962,0.150943];[0.562963,0.325926,0.111111];[0.197080291971,0.0729927007299,0.445255474453,0.284671532847];3;438.0;-0.0363924713322;810;14;0.04333333333333333;2.25;38.96;27.5;82.42999999999999;11.083333333333334;36.833333333333336;13.0;1.8133333333333335;0.0;5.160000000000001;0.4433333333333334;1.1566666666666667;0.32;1.5166666666666668;9.166666666666666;8.25
11286;zone37;4399.731076226201;4291.6703625917;0.0;zone37;S01010292;10;890;831;409;[0.348214,0.508929,0.142857];[0.477169,0.420091,0.10274];[0.339286,0.446429,0.214286];[0.55814,0.383721,0.05814];[0.128378378378,0.0540540540541,0.398648648649,0.418918918919];4;323.0;-0.168488563048;988;21;0.084;2.9;48.288;27.1;85.42399999999999;10.6;36.6;16.3;3.692;0.0;3.412;0.236;0.852;0.23200000000000004;0.8719999999999999;10.7;7.7
11286;zone38;4514.690807242894;4541.15458266895;0.0;zone38;S01010293;16;839;723;373;[0.51773,0.35461,0.12766];[0.635389,0.262735,0.101877];[0.446809,0.319149,0.234043];[0.514286,0.392857,0.092857];[0.242424242424,0.0606060606061,0.393939393939,0.30303030303];3;290.0;-0.205814991507;1171;38;0.085;1.5;41.20000000000001;32.0625;78.01499999999999;10.6875;35.125;14.0;2.16;0.0;5.215;0.335;1.1025;0.4275000000000001;1.79;5.5625;8.4375
11286;zone39;4541.7482834333705;4418.565122351524;0.0;zone39;S01010294;13;690;631;275;[0.242105,0.526316,0.231579];[0.650873,0.214464,0.134663];[0.583333,0.208333,0.208333];[0.414894,0.489362,0.095745];[0.164835164835,0.043956043956,0.494505494505,0.296703296703];4;440.0;-0.0342259463805;1343;38;0.11384615384615385;1.2307692307692308;54.252307692307674;38.53846153846154;93.52923076923078;12.538461538461538;40.30769230769231;18.153846153846153;4.092307692307693;0.0;4.535384615384615;0.7415384615384615;2.618461538461538;0.3323076923076923;2.4861538461538464;5.769230769230769;11.384615384615385
11286;zone40;4766.8646917667475;4574.50133624035;0.0;zone40;S01010295;18;974;870;427;[0.384615,0.391026,0.224359];[0.604555,0.310559,0.084886];[0.428571,0.285714,0.285714];[0.390728,0.516556,0.092715];[0.212765957447,0.113475177305,0.297872340426,0.375886524823];4;529.0;0.0680145754747;1121;35;0.07333333333333333;2.111111111111111;41.56666666666666;32.166666666666664;79.32;10.0;34.94444444444444;14.0;2.8866666666666667;0.0;3.7333333333333334;0.3244444444444445;1.6111111111111112;0.3555555555555555;1.6177777777777775;7.944444444444445;8.055555555555555
11286;zone41;4647.752341766679;4736.091736240359;0.0;zone41;S01010296;16;664;560;291;[0.294118,0.423529,0.282353];[0.520913,0.368821,0.110266];[0.375,0.375,0.25];[0.475524,0.391608,0.132867];[0.282828282828,0.111111111111,0.363636363636,0.242424242424];2;856.0;0.444094443477;1663;44;0.1025;1.375;45.11749999999999;31.0625;76.54;9.875;35.125;15.25;2.3350000000000004;0.0;3.7825;0.49;1.4400000000000002;0.21000000000000002;1.725;4.75;7.5625
11286;zone42;5522.849421766708;4411.996091240393;0.0;zone42;S01010297;7;1066;894;676;[0.582609,0.382609,0.034783];[0.691824,0.245283,0.062893];[0.540541,0.333333,0.126126];[0.681275,0.270916,0.047809];[0.260563380282,0.140845070423,0.37323943662,0.225352112676];1;504.0;0.0391758595379;1263;19;0.10857142857142857;1.4285714285714286;59.78857142857144;32.857142857142854;75.5657142857143;8.857142857142858;32.142857142857146;20.285714285714285;2.0;0.0;1.0285714285714287;0.3428571428571429;2.691428571428571;0.29714285714285715;1.6514285714285712;4.571428571428571;5.428571428571429
11286;zone43;4706.481893689814;4143.807995855712;0.0;zone43;S01010298;12;880;677;515;[0.308943,0.479675,0.211382];[0.581395,0.356589,0.062016];[0.539683,0.396825,0.063492];[0.744828,0.193103,0.062069];[0.227272727273,0.0984848484848,0.371212121212,0.30303030303];1;486.0;0.0190902878356;1105;17;0.05666666666666666;2.0;50.68666666666667;23.166666666666668;83.51;10.416666666666666;36.916666666666664;17.166666666666668;2.5233333333333334;0.0;2.3233333333333333;0.5766666666666667;1.1900000000000002;0.38333333333333347;2.093333333333333;7.833333333333333;6.166666666666667
11286;zone44;4885.424673909578;4209.645754097502;0.0;zone44;S01010299;4;536;404;292;[0.3,0.54,0.16];[0.556701,0.340206,0.103093];[0.458333,0.520833,0.020833];[0.584906,0.283019,0.132075];[0.428571428571,0.0857142857143,0.285714285714,0.2];1;375.0;-0.10827530326;734;9;0.08;1.5;42.49000000000001;29.0;76.98;10.0;35.25;14.5;2.15;0.0;0.9400000000000001;0.17;3.3000000000000003;0.58;2.14;6.25;6.25
11286;zone45;4883.397012115578;4340.414778682246;0.0;zone45;S01010300;21;934;764;478;[0.460784,0.411765,0.127451];[0.664653,0.238671,0.096677];[0.632353,0.323529,0.044118];[0.606383,0.329787,0.06383];[0.3046875,0.125,0.3515625,0.21875];2;513.0;0.0498225801839;624;56;0.09714285714285714;1.4285714285714286;38.6152380952381;31.952380952380953;76.60380952380952;10.571428571428571;36.0;13.0;3.3066666666666666;0.0;1.9371428571428568;0.30095238095238097;2.4647619047619047;0.4723809523809523;1.7714285714285711;5.190476190476191;7.476190476190476
11286;zone46;5144.66081966521;4032.769083704074;0.0;zone46;S01010301;6;522;457;283;[0.292683,0.597561,0.109756];[0.57563,0.315126,0.109244];[0.222222,0.703704,0.074074];[0.561798,0.393258,0.044944];[0.214285714286,0.0612244897959,0.459183673469,0.265306122449];4;490.0;0.0232745011966;991;23;0.14;0.8333333333333334;42.37333333333333;46.833333333333336;90.32666666666665;13.166666666666666;41.5;14.0;5.0;0.0;2.2266666666666666;1.2333333333333334;4.846666666666667;0.5133333333333333;2.353333333333333;4.0;12.833333333333334
11286;zone47;5165.568789180556;4297.038752619699;0.0;zone47;S01010302;24;669;495;388;[0.65625,0.28125,0.0625];[0.6,0.356522,0.043478];[0.716981,0.226415,0.056604];[0.801802,0.18018,0.018018];[0.582417582418,0.0769230769231,0.263736263736,0.0769230769231];1;392.0;-0.0896499889057;1260;44;0.07;1.8333333333333333;43.87833333333334;28.958333333333332;82.79333333333332;11.583333333333334;37.375;15.041666666666666;2.9133333333333336;0.0;0.8883333333333333;0.35500000000000004;2.9133333333333336;0.38333333333333336;2.001666666666667;7.541666666666667;6.666666666666667
11286;zone48;5241.140616766716;4139.402270499609;0.0;zone48;S01010303;33;579;387;250;[0.692308,0.153846,0.153846];[0.56701,0.298969,0.134021];[0.630435,0.282609,0.086957];[0.658879,0.285047,0.056075];[0.58407079646,0.106194690265,0.274336283186,0.0353982300885];1;415.0;-0.0627120940391;1683;72;0.08363636363636363;1.2424242424242424;59.62666666666666;29.606060606060606;89.95030303030302;12.636363636363637;39.15151515151515;20.242424242424242;3.3733333333333335;0.0;0.9575757575757576;0.3987878787878788;3.2860606060606052;0.37818181818181823;2.5527272727272736;5.242424242424242;7.636363636363637
11286;zone49;4853.647576226233;3833.123065294377;0.0;zone49;S01010304;12;542;456;332;[0.323529,0.514706,0.161765];[0.635135,0.25,0.114865];[0.477273,0.522727,0.0];[0.829268,0.109756,0.060976];[0.372340425532,0.0425531914894,0.297872340426,0.287234042553];1;804.0;0.384523850516;1158;16;0.05333333333333334;1.8333333333333333;43.29;26.166666666666668;83.19333333333334;11.416666666666666;38.0;14.666666666666666;4.523333333333333;0.0;1.0833333333333333;0.5399999999999999;1.0233333333333332;0.4266666666666667;2.0866666666666664;7.75;6.5
11286;zone50;4697.410406890209;3639.1027396354093;0.0;zone50;S01010305;7;807;694;478;[0.36036,0.468468,0.171171];[0.553191,0.33617,0.110638];[0.409639,0.301205,0.289157];[0.589888,0.337079,0.073034];[0.198529411765,0.0735294117647,0.382352941176,0.345588235294];1;223.0;-0.28282788147;629;20;0.11428571428571428;1.0;32.902857142857144;25.428571428571427;77.16571428571429;13.0;37.57142857142857;11.0;4.52;0.0;1.3714285714285714;1.2742857142857142;0.2857142857142857;0.44571428571428573;2.2800000000000002;3.5714285714285716;7.0
11286;zone51;4591.3082521834585;3868.367573740388;0.0;zone51;S01010306;13;752;675;449;[0.35625,0.56875,0.075];[0.570588,0.355882,0.073529];[0.283019,0.566038,0.150943];[0.650943,0.330189,0.018868];[0.165680473373,0.0473372781065,0.479289940828,0.307692307692];2;238.0;-0.265781391166;737;33;0.09846153846153846;1.8461538461538463;44.74769230769231;36.84615384615385;74.92307692307693;9.153846153846153;33.23076923076923;15.23076923076923;3.0707692307692307;0.0;1.7569230769230764;1.9200000000000002;0.6553846153846153;0.31076923076923085;1.5476923076923077;6.153846153846154;6.846153846153846
11286;zone52;4503.72067559025;3742.2957906521283;0.0;zone52;S01010307;9;821;732;428;[0.189922,0.577519,0.232558];[0.407407,0.487654,0.104938];[0.346154,0.538462,0.115385];[0.71875,0.234375,0.046875];[0.0681818181818,0.0568181818182,0.375,0.5];5;319.0;-0.172537833795;473;22;0.09333333333333334;1.7777777777777777;40.94222222222222;46.333333333333336;83.43555555555557;10.666666666666666;36.888888888888886;14.11111111111111;3.5555555555555554;0.0;2.551111111111111;4.248888888888889;0.3955555555555556;0.37333333333333335;1.6933333333333331;7.333333333333333;10.333333333333334
11286;zone53;4364.519870735056;4047.768725526131;0.0;zone53;S01010308;9;975;858;480;[0.285714,0.54007,0.174216];[0.511936,0.384615,0.103448];[0.254902,0.411765,0.333333];[0.648352,0.307692,0.043956];[0.0970873786408,0.0631067961165,0.359223300971,0.480582524272];4;257.0;-0.244477582955;1421;29;0.12444444444444444;1.5555555555555556;49.74666666666668;37.55555555555556;80.28888888888889;9.777777777777779;35.22222222222222;17.11111111111111;3.92;0.0;3.2755555555555556;1.0888888888888888;1.3600000000000003;0.2488888888888889;1.5333333333333332;5.0;9.11111111111111
11286;zone54;5381.88771051669;3636.3205112402793;0.0;zone54;S01010309;4;419;356;264;[0.333333,0.25,0.416667];[0.478873,0.422535,0.098592];[0.352941,0.382353,0.264706];[0.705882,0.24183,0.052288];[0.365853658537,0.170731707317,0.390243902439,0.0731707317073];1;0.0;-0.540229885057;2103;6;0.05;0.75;72.46000000000001;26.5;86.34;10.5;36.75;25.25;2.5300000000000002;0.0;1.48;0.32;2.3899999999999997;0.4;2.1500000000000004;2.75;6.25
11286;zone55;5657.373406240428;3625.6586165034923;0.0;zone55;S01010310;13;706;540;381;[0.333333,0.238095,0.428571];[0.565517,0.337931,0.096552];[0.54902,0.27451,0.176471];[0.715415,0.256917,0.027668];[0.484848484848,0.151515151515,0.318181818182,0.0454545454545];1;574.0;0.120406534162;845;27;0.08;1.0;40.28923076923077;33.23076923076923;80.86769230769231;11.846153846153847;38.07692307692308;13.461538461538462;2.855384615384615;0.0;2.4984615384615383;0.03384615384615385;3.96;0.31076923076923085;2.3138461538461543;3.769230769230769;8.846153846153847
11286;zone56;5685.425126382168;3318.6970593171873;0.0;zone56;S01010311;22;721;556;351;[0.411765,0.352941,0.235294];[0.472222,0.453704,0.074074];[0.571429,0.404762,0.02381];[0.717949,0.271062,0.010989];[0.565217391304,0.121739130435,0.269565217391,0.0434782608696];1;1534.0;1.22364271569;1360;41;0.07454545454545454;1.0;49.68363636363636;27.5;79.60909090909091;10.818181818181818;36.31818181818182;16.954545454545453;2.4563636363636365;0.0;2.858181818181819;0.12000000000000001;2.212727272727273;0.350909090909091;2.4000000000000004;3.590909090909091;7.181818181818182
11286;zone57;5466.52613028024;3072.1402274564575;0.0;zone57;S01010312;34;868;647;425;[0.117647,0.823529,0.058824];[0.754386,0.22807,0.017544];[0.407407,0.444444,0.148148];[0.804945,0.153846,0.041209];[0.586956521739,0.115942028986,0.268115942029,0.0289855072464];1;685.0;0.247477927043;1689;55;0.06235294117647059;1.3529411764705883;66.51529411764706;26.5;85.2729411764706;10.676470588235293;35.794117647058826;22.676470588235293;1.908235294117647;0.0;2.448235294117647;0.03647058823529412;2.7929411764705874;0.36705882352941177;2.12;4.735294117647059;6.764705882352941
11286;zone58;5251.7403530303945;3502.549209042501;0.0;zone58;S01010313;16;654;529;356;[0.428571,0.285714,0.285714];[0.6,0.333333,0.066667];[0.433735,0.481928,0.084337];[0.739623,0.162264,0.098113];[0.648351648352,0.131868131868,0.175824175824,0.043956043956];1;565.0;0.109617915218;2074;23;0.055;1.25;62.91000000000001;24.5625;89.715;11.9375;39.4375;21.3125;2.3975;0.0;2.6225000000000005;0.0175;2.6725;0.5175000000000001;2.3950000000000005;4.8125;7.1875
11286;zone59;4840.312157862589;3385.4448126102257;0.0;zone59;S01010314;21;1248;1034;550;[0.358209,0.507463,0.134328];[0.514493,0.333333,0.152174];[0.5,0.326923,0.173077];[0.636,0.324,0.04];[0.316901408451,0.133802816901,0.401408450704,0.147887323944];1;637.0;0.192402372167;1182;42;0.07428571428571429;1.2380952380952381;54.47428571428573;31.428571428571427;88.83047619047618;11.904761904761905;38.38095238095238;18.666666666666668;4.0285714285714285;0.0;3.5619047619047617;0.7619047619047619;1.0171428571428571;0.3866666666666666;2.420952380952381;6.0;8.904761904761905
11286;zone60;4536.293429266749;2504.1273706154316;0.0;zone60;S01010315;43;911;678;409;[0.180723,0.554217,0.26506];[0.252632,0.457895,0.289474];[0.208333,0.5,0.291667];[0.55144,0.345679,0.102881];[0.308176100629,0.169811320755,0.358490566038,0.163522012579];2;382.0;-0.100954860853;1619;87;0.07627906976744186;1.302325581395349;44.90604651162791;26.790697674418606;81.88930232558138;11.837209302325581;37.97674418604651;15.325581395348838;2.1330232558139532;0.0;2.634418604651163;0.01302325581395349;2.367441860465116;0.49023255813953487;2.122790697674419;5.395348837209302;6.744186046511628
11286;zone61;4589.6619547948285;2943.195659127726;0.0;zone61;S01010316;25;512;414;304;[0.392157,0.529412,0.078431];[0.62931,0.37069,0.0];[0.439024,0.560976,0.0];[0.775401,0.224599,0.0];[0.439252336449,0.102803738318,0.252336448598,0.205607476636];1;481.0;0.0128180141103;1249;37;0.0576;2.24;48.1984;22.16;81.18879999999999;10.44;35.96;16.44;1.8608000000000005;0.0;2.0016;0.0688;1.8719999999999997;0.3120000000000001;1.9007999999999998;8.64;5.4
11286;zone63;4421.5566371748755;3071.026327566895;0.0;zone63;S01010318;12;1588;1497;304;[0.5,0.456522,0.043478];[0.469799,0.47651,0.053691];[0.310345,0.37931,0.310345];[0.678571,0.285714,0.035714];[0.36,0.14,0.34,0.16];3;317.0;-0.175110645645;1086;22;0.07;1.0;43.98666666666667;35.166666666666664;91.00666666666666;13.416666666666666;40.75;15.083333333333334;5.173333333333333;0.0;6.266666666666667;0.19999999999999998;1.1966666666666668;0.39333333333333337;2.4066666666666667;4.5;12.333333333333334
11286;zone64;4173.240913470097;2893.8040771744095;0.0;zone64;S01010319;9;711;624;407;[0.258741,0.608392,0.132867];[0.383399,0.486166,0.130435];[0.439394,0.212121,0.348485];[0.530769,0.384615,0.084615];[0.171974522293,0.0700636942675,0.471337579618,0.286624203822];2;473.0;0.00423719084943;1507;19;0.08;1.6666666666666667;35.86666666666667;20.11111111111111;78.85333333333332;11.555555555555555;37.22222222222222;12.11111111111111;2.5288888888888885;0.0;0.9911111111111109;0.21777777777777776;1.6977777777777776;0.4266666666666667;2.08;8.222222222222221;4.888888888888889
11286;zone65;3940.1918462749595;2900.8899784533987;0.0;zone65;S01010320;4;675;594;437;[0.257813,0.523438,0.21875];[0.61753,0.298805,0.083665];[0.526316,0.22807,0.245614];[0.805085,0.169492,0.025424];[0.172185430464,0.0662251655629,0.443708609272,0.317880794702];1;646.0;0.202453315259;1182;3;0.03;2.0;41.95;24.5;72.80999999999999;9.25;34.5;14.5;2.07;0.0;1.82;0.02;1.35;0.25;1.99;5.5;4.75
11286;zone66;3905.8658739096163;2664.6669636212755;0.0;zone66;S01010321;7;837;634;432;[0.401709,0.555556,0.042735];[0.54717,0.433962,0.018868];[0.45122,0.439024,0.109756];[0.666667,0.271186,0.062147];[0.212328767123,0.0958904109589,0.390410958904,0.301369863014];1;1019.0;0.631764531736;1911;8;0.04571428571428571;2.5714285714285716;68.97714285714287;21.142857142857142;97.2;11.857142857142858;39.857142857142854;23.571428571428573;1.1028571428571428;0.0;2.737142857142857;0.01142857142857143;2.2914285714285714;0.33714285714285713;2.04;11.428571428571429;5.571428571428571
11286;zone67;3630.3978644730896;3132.1651121578075;0.0;zone67;S01010322;9;1028;914;549;[0.174419,0.549419,0.276163];[0.412399,0.471698,0.115903];[0.298507,0.38806,0.313433];[0.647059,0.323529,0.029412];[0.057268722467,0.0352422907489,0.449339207048,0.458149779736];5;124.0;-0.397569575369;1479;34;0.13777777777777778;1.8888888888888888;40.413333333333334;45.888888888888886;90.73333333333333;11.555555555555555;39.22222222222222;13.88888888888889;2.8800000000000003;0.0;7.906666666666666;0.6888888888888888;2.7422222222222223;0.27555555555555555;1.577777777777778;8.11111111111111;13.777777777777779
11286;zone68;6208.193116766784;3072.425066795916;0.0;zone68;S01010323;4;603;466;377;[0.555556,0.444444,0.0];[0.657143,0.271429,0.071429];[0.642857,0.321429,0.035714];[0.793651,0.166667,0.039683];[0.578431372549,0.166666666667,0.235294117647,0.0196078431373];1;970.0;0.57559463238;774;6;0.06;0.75;42.68;27.25;91.28;14.75;43.25;14.5;5.340000000000001;0.0;0.7899999999999999;0.0;3.0;0.52;3.4000000000000004;4.25;8.75
11286;zone69;6517.651722029823;2240.572579661372;0.0;zone69;S01010324;6;759;566;403;[0.142857,0.571429,0.285714];[0.298077,0.490385,0.211538];[0.333333,0.530864,0.135802];[0.401674,0.414226,0.1841];[0.569620253165,0.101265822785,0.291139240506,0.0379746835443];1;407.0;-0.0721601679586;1882;8;0.05333333333333334;1.6666666666666667;28.740000000000006;20.5;79.67333333333333;13.0;38.666666666666664;9.666666666666666;1.58;0.0;0.9333333333333332;0.0;2.9600000000000004;0.28;2.5999999999999996;8.333333333333334;5.166666666666667
11286;zone70;6038.016041009105;2402.8415869980217;0.0;zone70;S01010325;18;939;666;501;[0.263158,0.368421,0.368421];[0.383838,0.525253,0.090909];[0.253623,0.615942,0.130435];[0.451362,0.463035,0.085603];[0.545454545455,0.238636363636,0.193181818182,0.0227272727273];1;225.0;-0.281126582053;1572;29;0.06222222222222222;1.5555555555555556;38.96666666666667;24.5;79.82222222222222;11.555555555555555;37.388888888888886;13.277777777777779;1.517777777777778;0.0;1.151111111111111;0.0;3.5133333333333336;0.26888888888888896;2.062222222222222;7.333333333333333;5.666666666666667
11286;zone71;5272.359331052501;2740.775131541117;0.0;zone71;S01010326;39;987;707;494;[0.526316,0.368421,0.105263];[0.522523,0.333333,0.144144];[0.492188,0.3125,0.195313];[0.723514,0.224806,0.05168];[0.54375,0.16875,0.23125,0.05625];1;1389.0;1.05701743376;989;63;0.05846153846153846;1.1282051282051282;42.88512820512821;25.692307692307693;78.58358974358976;11.179487179487179;36.282051282051285;14.666666666666666;0.9907692307692306;0.0;4.654358974358973;0.02358974358974359;1.7630769230769232;0.46564102564102555;2.666666666666666;4.282051282051282;6.9743589743589745
11286;zone72;4970.167032608406;2501.795090448298;0.0;zone72;S01010327;34;982;660;362;[0.031746,0.507937,0.460317];[0.372881,0.432203,0.194915];[0.289063,0.328125,0.382813];[0.516892,0.347973,0.135135];[0.416184971098,0.21387283237,0.236994219653,0.132947976879];1;470.0;0.000335688704598;929;61;0.06823529411764706;1.8823529411764706;45.835294117647045;24.147058823529413;79.73764705882354;10.558823529411764;35.61764705882353;15.676470588235293;1.3070588235294114;0.0;5.010588235294118;0.04117647058823529;0.7176470588235295;0.42705882352941177;1.928235294117647;6.676470588235294;6.647058823529412
11286;zone73;5975.307390960257;2677.5485166167286;0.0;zone73;S01010328;24;969;706;445;[0.16129,0.5,0.33871];[0.27044,0.471698,0.257862];[0.192547,0.434783,0.372671];[0.338983,0.432203,0.228814];[0.309352517986,0.258992805755,0.280575539568,0.151079136691];2;457.0;-0.0138550124678;1968;57;0.085;1.375;37.489999999999995;29.458333333333332;71.51833333333335;10.125;34.041666666666664;12.666666666666666;1.665;0.0;0.7633333333333333;0.0;3.5466666666666664;0.4166666666666666;1.9416666666666667;4.458333333333333;5.541666666666667
11286;zone74;4421.847657862615;2232.0860934321454;0.0;zone74;S01010329;21;573;435;290;[0.368421,0.263158,0.368421];[0.341176,0.470588,0.188235];[0.255814,0.465116,0.27907];[0.52,0.354286,0.125714];[0.438356164384,0.191780821918,0.27397260274,0.0958904109589];2;105.0;-0.418628586414;1712;30;0.05523809523809524;1.5714285714285714;52.87619047619048;25.904761904761905;83.80761904761906;10.952380952380953;36.666666666666664;18.142857142857142;2.9047619047619047;0.0;2.645714285714286;0.0;1.6419047619047622;0.3561904761904763;2.163809523809524;6.666666666666667;6.714285714285714
