cycle;name;location.x;location.y;location.z;name;dataZone;nm_children;pop;over16;nm_hh;AB_car_prob;C1_car_prob;C2_car_prob;DE_car_prob;prob_social;simd;crimeRate;norm_crime;avg_dis_sh;neigh_play;daily_play_per_child;avg_FSA;avg_walk;daily_OD;zone_mvpa;mvpa_home;mvpa_sc;mvpa_road;mvpa_play_field;mvpa_home_garden;mvpa_park;mvpa_PG;mvpa_amenity;mvpa_shops;mvpa_F_home;mvpa_fsa;mvpa_OD
11286;zone0;8448.90275962388;2625.4515469546564;0.0;zone0;S01010195;19;531;390;212;[0.0,0.481481,0.518519];[0.261538,0.646154,0.092308];[0.12,0.59,0.29];[0.447368,0.368421,0.184211];[0.418918918919,0.283783783784,0.202702702703,0.0945945945946];1;0.0;-0.540229885057;1133;21;0.04421052631578947;1.4210526315789473;41.633684210526305;24.36842105263158;72.25473684210527;10.31578947368421;34.0;13.789473684210526;0.9494736842105262;0.0;2.2336842105263157;0.00842105263157895;2.5473684210526315;0.36631578947368426;1.9663157894736842;4.2105263157894735;5.2105263157894735
11286;zone1;8656.736904000718;2165.9902346445633;0.0;zone1;S01010198;18;1027;748;394;[0.058824,0.529412,0.411765];[0.305785,0.561983,0.132231];[0.219858,0.496454,0.283688];[0.523179,0.331126,0.145695];[0.48623853211,0.229357798165,0.266055045872,0.0183486238532];1;1609.0;1.3102524676;1376;40;0.08666666666666667;1.1666666666666667;36.39777777777778;25.166666666666668;80.35111111111112;12.666666666666666;38.611111111111114;12.11111111111111;1.5822222222222222;0.0;2.5466666666666673;0.14666666666666667;2.86;0.35777777777777786;2.6088888888888886;5.055555555555555;6.666666666666667
11286;zone2;8537.588755655543;3024.028900129281;0.0;zone2;S01010201;22;643;453;253;[0.0,0.47619,0.52381];[0.270833,0.3125,0.416667];[0.088,0.48,0.432];[0.296552,0.434483,0.268966];[0.365853658537,0.292682926829,0.292682926829,0.0487804878049];2;219.0;-0.28762447053;867;51;0.09090909090909091;1.3636363636363635;30.107272727272722;31.681818181818183;71.19636363636364;10.227272727272727;34.54545454545455;9.954545454545455;1.469090909090909;0.0;2.972727272727273;0.03818181818181818;2.8000000000000003;0.3818181818181819;2.1072727272727274;5.0;6.7727272727272725
11286;zone3;8059.42097232239;3767.666522351409;0.0;zone3;S01010203;30;671;504;260;[0.090909,0.363636,0.545455];[0.263804,0.460123,0.276074];[0.094828,0.422414,0.482759];[0.183824,0.375,0.441176];[0.272727272727,0.218181818182,0.363636363636,0.145454545455];3;215.0;-0.292668818285;2041;47;0.06133333333333333;1.3333333333333333;40.047999999999995;28.0;77.36800000000001;11.033333333333333;36.1;13.4;1.4600000000000002;0.0;2.494666666666667;0.0;3.2613333333333343;0.27333333333333343;1.9400000000000006;5.433333333333334;6.7
11286;zone4;8368.288440296214;3565.498290652094;0.0;zone4;S01010204;30;800;589;381;[0.272727,0.727273,0.0];[0.627451,0.27451,0.098039];[0.444444,0.533333,0.022222];[0.600619,0.321981,0.077399];[0.595041322314,0.157024793388,0.239669421488,0.00826446280992];1;497.0;0.0317745673598;1370;50;0.06266666666666666;1.2666666666666666;34.30933333333333;26.066666666666666;73.73200000000001;11.033333333333333;35.63333333333333;11.333333333333334;0.8306666666666666;0.0;2.3826666666666663;0.0;3.070666666666667;0.4253333333333333;2.3266666666666667;4.833333333333333;5.833333333333333
11286;zone5;8034.229745798958;3515.110462853287;0.0;zone5;S01010205;15;658;534;355;[0.411765,0.117647,0.470588];[0.465116,0.457364,0.077519];[0.317757,0.588785,0.093458];[0.593458,0.280374,0.126168];[0.466666666667,0.2,0.3,0.0333333333333];1;925.0;0.523434132086;1175;23;0.05866666666666667;1.2;35.922666666666665;27.466666666666665;75.04266666666666;10.6;35.666666666666664;12.066666666666666;1.6320000000000001;0.0;3.2293333333333334;0.0;2.3946666666666667;0.36800000000000005;1.9600000000000002;5.466666666666667;6.8
11286;zone6;7457.064719570519;3739.055375726369;0.0;zone6;S01010208;18;903;745;565;[0.30137,0.589041,0.109589];[0.48062,0.457364,0.062016];[0.272727,0.613636,0.113636];[0.66055,0.270642,0.068807];[0.233333333333,0.133333333333,0.461111111111,0.172222222222];1;603.0;0.153385979085;1435;25;0.05555555555555555;1.6666666666666667;48.806666666666665;23.27777777777778;82.35777777777778;11.333333333333334;37.166666666666664;16.555555555555557;1.3666666666666667;0.0;2.08;0.0;3.137777777777777;0.2711111111111111;2.235555555555555;6.277777777777778;6.111111111111111
11286;zone7;7917.838214725937;1939.334458859395;0.0;zone7;S01010209;24;966;677;468;[0.172414,0.586207,0.241379];[0.333333,0.414966,0.251701];[0.381944,0.458333,0.159722];[0.545852,0.336245,0.117904];[0.337931034483,0.248275862069,0.303448275862,0.110344827586];1;2053.0;1.82052250092;1704;39;0.065;1.4166666666666667;41.574999999999996;25.166666666666668;75.97166666666668;10.708333333333334;35.041666666666664;14.166666666666666;0.965;0.0;2.8766666666666656;0.0;2.2116666666666664;0.29166666666666674;2.195;5.625;5.5
11286;zone8;7878.406567747077;2721.2634132011362;0.0;zone8;S01010210;18;885;641;416;[0.173913,0.456522,0.369565];[0.21519,0.5,0.28481];[0.189781,0.386861,0.423358];[0.422111,0.442211,0.135678];[0.394736842105,0.236842105263,0.254385964912,0.114035087719];1;344.0;-0.144253829852;1216;26;0.05555555555555555;1.2777777777777777;46.06444444444445;24.666666666666668;82.25999999999998;11.833333333333334;37.888888888888886;15.833333333333334;1.1066666666666667;0.0;2.8422222222222224;0.0;2.911111111111111;0.5177777777777779;2.5200000000000005;5.111111111111111;6.333333333333333
11286;zone9;7785.599648345685;3201.783800714137;0.0;zone9;S01010211;22;858;634;452;[0.147059,0.705882,0.147059];[0.384615,0.452991,0.162393];[0.469565,0.4,0.130435];[0.722656,0.226563,0.050781];[0.473214285714,0.169642857143,0.285714285714,0.0714285714286];1;430.0;-0.0456985893816;947;36;0.06545454545454546;1.5454545454545454;36.943636363636365;24.545454545454547;86.60363636363637;13.409090909090908;40.09090909090909;12.636363636363637;4.212727272727272;0.0;2.401818181818182;0.0;1.9854545454545454;0.37454545454545457;2.62;7.181818181818182;8.090909090909092
11286;zone10;7580.688680869333;3097.127786881416;0.0;zone10;S01010212;49;1083;779;559;[0.233333,0.633333,0.133333];[0.594771,0.339869,0.065359];[0.465517,0.405172,0.12931];[0.712821,0.269231,0.017949];[0.566037735849,0.138364779874,0.22641509434,0.0691823899371];1;1473.0;1.15298517036;1185;113;0.08897959183673469;0.7755102040816326;41.943673469387754;32.0;79.27346938775513;11.775510204081632;37.10204081632653;14.244897959183673;2.1934693877551017;0.0;3.2130612244897954;0.0;3.110204081632652;0.446530612244898;2.5730612244897966;2.938775510204082;8.061224489795919
11286;zone11;8065.177293237223;3111.5884965344962;0.0;zone11;S01010213;13;924;657;476;[0.105263,0.684211,0.210526];[0.382609,0.547826,0.069565];[0.218543,0.556291,0.225166];[0.467925,0.483019,0.049057];[0.451327433628,0.221238938053,0.274336283186,0.0530973451327];1;247.0;-0.255840453357;957;24;0.07384615384615385;0.8461538461538461;26.507692307692306;23.692307692307693;66.72307692307692;11.461538461538462;33.92307692307692;8.615384615384615;0.9476923076923077;0.0;1.7261538461538461;0.0;2.430769230769231;0.18461538461538465;2.4153846153846152;3.076923076923077;4.6923076923076925
11286;zone12;7144.994858230166;1947.4125453867302;0.0;zone12;S01010214;27;967;717;396;[0.098592,0.28169,0.619718];[0.197531,0.438272,0.364198];[0.173333,0.493333,0.333333];[0.237069,0.487069,0.275862];[0.361344537815,0.210084033613,0.310924369748,0.117647058824];3;176.0;-0.337854473183;1765;56;0.08148148148148149;1.2222222222222223;37.33481481481481;26.37037037037037;75.28148148148148;10.88888888888889;36.148148148148145;12.555555555555555;2.0622222222222226;0.0;2.4266666666666663;0.0;2.3703703703703707;0.3081481481481482;2.235555555555555;4.62962962962963;6.296296296296297
11286;zone13;7013.590150664996;2618.495528189446;0.0;zone13;S01010215;24;850;608;492;[0.571429,0.285714,0.142857];[0.5,0.431373,0.068627];[0.382609,0.391304,0.226087];[0.678571,0.269841,0.051587];[0.467289719626,0.140186915888,0.345794392523,0.0467289719626];1;547.0;0.0886083430805;717;45;0.06833333333333333;1.25;36.605;27.458333333333332;73.33;10.5;34.916666666666664;12.291666666666666;1.0866666666666667;0.0;2.123333333333333;0.0;3.0;0.37333333333333346;2.44;4.916666666666667;5.75
11286;zone14;7332.222205807836;2329.961970144465;0.0;zone14;S01010216;15;621;464;361;[0.6,0.4,0.0];[0.597701,0.356322,0.045977];[0.409091,0.439394,0.151515];[0.709544,0.273859,0.016598];[0.5,0.163265306122,0.265306122449,0.0714285714286];1;600.0;0.150092344085;1314;22;0.05866666666666667;1.4666666666666666;54.730666666666664;24.666666666666668;78.00000000000001;9.866666666666667;34.13333333333333;18.733333333333334;0.9733333333333332;0.0;2.176;0.0;2.888;0.3386666666666668;2.146666666666667;5.133333333333334;5.6
11286;zone15;7299.833172322251;2625.8610945736937;0.0;zone15;S01010217;33;817;598;406;[0.16129,0.516129,0.322581];[0.565517,0.4,0.034483];[0.5,0.431373,0.068627];[0.702703,0.283784,0.013514];[0.541935483871,0.0967741935484,0.296774193548,0.0645161290323];1;1060.0;0.679274950851;985;59;0.07151515151515152;1.121212121212121;39.10666666666667;24.424242424242426;68.0751515151515;9.393939393939394;32.36363636363637;12.93939393939394;0.6775757575757575;0.0;2.0496969696969702;0.0;2.2266666666666666;0.3333333333333332;2.2484848484848485;3.9393939393939394;4.545454545454546
11286;zone16;7142.953643082513;3018.5401822929393;0.0;zone16;S01010218;31;1018;790;587;[0.425532,0.404255,0.170213];[0.392523,0.453271,0.154206];[0.358209,0.492537,0.149254];[0.589124,0.335347,0.075529];[0.424657534247,0.109589041096,0.369863013699,0.0958904109589];1;557.0;0.101026678737;653;37;0.04774193548387097;1.8387096774193548;34.309677419354834;23.322580645161292;75.9883870967742;11.387096774193548;35.903225806451616;11.35483870967742;0.6722580645161291;0.0;1.5690322580645162;0.0;3.0606451612903225;0.3870967741935484;2.166451612903226;7.645161290322581;4.870967741935484
11286;zone17;6738.8937706128745;4298.8917997019325;0.0;zone17;S01010219;21;503;382;274;[0.695652,0.304348,0.0];[0.758621,0.215517,0.025862];[0.761905,0.166667,0.071429];[0.781609,0.195402,0.022989];[0.41935483871,0.0752688172043,0.408602150538,0.0967741935484];2;184.0;-0.327838932938;1338;40;0.07238095238095238;1.3333333333333333;58.6647619047619;33.80952380952381;91.47238095238096;11.428571428571429;38.42857142857143;20.0;5.285714285714286;0.0;4.272380952380952;0.01333333333333333;1.662857142857143;0.3428571428571429;1.9790476190476187;6.285714285714286;10.761904761904763
11286;zone18;5915.780765415368;4211.222876105162;0.0;zone18;S01010220;7;476;433;279;[0.181159,0.608696,0.210145];[0.404255,0.531915,0.06383];[0.227273,0.704545,0.068182];[0.448276,0.482759,0.068966];[0.154545454545,0.0636363636364,0.318181818182,0.463636363636];5;267.0;-0.232306706325;1277;10;0.05142857142857143;2.4285714285714284;34.42285714285715;22.857142857142858;80.54285714285713;10.857142857142858;36.0;11.857142857142858;2.914285714285714;0.0;2.9200000000000004;0.12571428571428572;1.1600000000000001;0.2685714285714286;1.3257142857142858;11.285714285714286;6.857142857142857
11286;zone19;6341.0811208317455;3913.8398648988496;0.0;zone19;S01010221;13;546;394;260;[0.6,0.4,0.0];[0.557377,0.409836,0.032787];[0.538462,0.323077,0.138462];[0.699387,0.257669,0.042945];[0.609375,0.140625,0.203125,0.046875];1;635.0;0.19005459739;1030;24;0.07384615384615385;1.1538461538461537;41.37538461538462;17.0;79.28923076923077;12.538461538461538;38.23076923076923;13.76923076923077;2.166153846153846;0.0;2.1815384615384614;0.00307692307692308;0.9600000000000001;0.39076923076923087;2.1015384615384614;5.153846153846154;4.846153846153846
11286;zone20;7001.213463613622;4053.9957950241624;0.0;zone20;S01010222;15;492;414;285;[0.142857,0.5,0.357143];[0.432432,0.459459,0.108108];[0.348624,0.522936,0.12844];[0.747899,0.235294,0.016807];[0.345238095238,0.214285714286,0.309523809524,0.130952380952];1;377.0;-0.105830277325;1816;29;0.072;2.3333333333333335;53.66399999999999;23.4;83.49866666666665;10.066666666666666;35.2;18.466666666666665;2.213333333333333;0.0;1.656;0.0;2.248;0.2720000000000001;1.378666666666667;10.333333333333334;5.666666666666667
11286;zone21;6986.8418912765155;3434.1450308482026;0.0;zone21;S01010223;4;556;462;337;[0.076923,0.538462,0.384615];[0.567797,0.330508,0.101695];[0.472222,0.444444,0.083333];[0.584699,0.36612,0.04918];[0.432432432432,0.162162162162,0.324324324324,0.0810810810811];1;439.0;-0.0353356041414;1723;6;0.06;1.0;45.69;29.5;72.94;9.25;34.0;15.25;3.35;0.0;0.55;0.0;2.4299999999999997;0.28;2.6900000000000004;3.5;5.75
11286;zone22;6247.397837456437;3329.661273309237;0.0;zone22;S01010224;40;1036;727;469;[0.405405,0.540541,0.054054];[0.592593,0.274074,0.133333];[0.418803,0.504274,0.076923];[0.768421,0.202632,0.028947];[0.506097560976,0.140243902439,0.268292682927,0.0853658536585];1;1004.0;0.614259332793;994;54;0.052;1.275;48.940999999999995;22.45;78.53;10.725;35.675;16.55;2.9249999999999994;0.0;1.5890000000000002;0.032;1.7200000000000002;0.336;2.035;5.3;5.825
11286;zone23;7827.985844039554;4105.4701191949;0.0;zone23;S01010225;33;812;636;431;[0.25,0.634615,0.115385];[0.469072,0.43299,0.097938];[0.54023,0.413793,0.045977];[0.672065,0.234818,0.093117];[0.385185185185,0.125925925926,0.325925925926,0.162962962963];1;1006.0;0.616572011517;1619;52;0.06303030303030303;1.6666666666666667;55.45454545454547;24.12121212121212;82.56242424242424;10.666666666666666;36.121212121212125;18.939393939393938;1.9090909090909094;0.0;2.6472727272727274;0.0;2.145454545454546;0.27030303030303043;1.855757575757576;6.242424242424242;6.2727272727272725
11286;zone24;7040.363001382077;4481.052780471187;0.0;zone24;S01010226;40;816;565;394;[0.454545,0.242424,0.30303];[0.715385,0.2,0.084615];[0.540541,0.405405,0.054054];[0.766917,0.18797,0.045113];[0.503355704698,0.201342281879,0.221476510067,0.0738255033557];2;422.0;-0.0548014077425;1089;100;0.097;1.025;49.59100000000001;33.725;87.22100000000002;12.35;38.325;17.025;4.476000000000001;0.0;4.221000000000002;0.012;2.0939999999999994;0.35;2.438;4.1;10.25
11286;zone25;6847.772309074456;4638.663588163389;0.0;zone25;S01010227;39;692;454;294;[0.413793,0.413793,0.172414];[0.704545,0.238636,0.056818];[0.654545,0.345455,0.0];[0.810606,0.159091,0.030303];[0.672268907563,0.0924369747899,0.159663865546,0.0756302521008];4;0.0;-0.540229885057;1105;127;0.12307692307692308;1.2564102564102564;44.528205128205144;43.56410256410256;88.88205128205131;11.564102564102564;38.8974358974359;15.153846153846153;5.681025641025641;0.0;5.817435897435898;0.06358974358974359;2.2543589743589743;0.29948717948717934;2.1866666666666665;5.3076923076923075;13.333333333333334
11286;zone26;8241.816993110848;4572.457656401622;0.0;zone26;S01010229;30;1016;787;508;[0.1,0.625,0.275];[0.350877,0.350877,0.298246];[0.348315,0.477528,0.174157];[0.565217,0.310559,0.124224];[0.420731707317,0.213414634146,0.292682926829,0.0731707317073];1;395.0;-0.0859445809966;1314;33;0.044;1.2666666666666666;43.941333333333326;17.466666666666665;73.80133333333335;10.333333333333334;34.666666666666664;14.9;1.1919999999999997;0.0;1.8573333333333333;0.02;1.368;0.37600000000000006;2.3173333333333335;4.8;3.966666666666667
11286;zone27;7458.320056766788;4680.341251240345;0.0;zone27;S01010230;24;1005;772;577;[0.314286,0.628571,0.057143];[0.703883,0.296117,0.0];[0.727273,0.218182,0.054545];[0.71831,0.24507,0.03662];[0.517857142857,0.136904761905,0.267857142857,0.077380952381];1;846.0;0.433218203459;841;41;0.06833333333333333;1.0;42.621666666666655;31.166666666666668;76.17833333333336;10.25;35.166666666666664;14.5;2.42;0.0;3.2516666666666665;0.00833333333333333;2.476666666666667;0.4000000000000001;2.5816666666666666;3.4166666666666665;7.583333333333333
11286;zone28;7569.802990100143;4917.458811240416;0.0;zone28;S01010232;37;1074;792;485;[0.457143,0.485714,0.057143];[0.557292,0.338542,0.104167];[0.492063,0.333333,0.174603];[0.654229,0.251244,0.094527];[0.470297029703,0.153465346535,0.306930693069,0.0693069306931];1;771.0;0.347049794199;928;69;0.06918918918918919;1.135135135135135;39.55351351351352;29.7027027027027;80.1027027027027;11.756756756756756;37.75675675675676;13.162162162162161;2.0259459459459457;0.0;2.4929729729729737;0.06702702702702702;3.5221621621621626;0.3686486486486486;2.3654054054054043;4.837837837837838;7.594594594594595
11286;zone29;7830.713068379679;4879.746446724283;0.0;zone29;S01010233;33;970;705;476;[0.275,0.625,0.1];[0.655629,0.245033,0.099338];[0.52809,0.426966,0.044944];[0.771505,0.212366,0.016129];[0.587209302326,0.093023255814,0.261627906977,0.0581395348837];1;284.0;-0.213781821634;1185;47;0.05454545454545454;1.9393939393939394;56.31151515151516;23.454545454545453;84.22303030303033;10.666666666666666;36.54545454545455;18.87878787878788;1.6060606060606057;0.0;1.5430303030303032;0.13575757575757577;2.3684848484848486;0.29696969696969705;1.8751515151515157;8.424242424242424;5.151515151515151
11286;zone30;6473.383843181837;4954.519765957263;0.0;zone30;S01010261;6;2551;2373;526;[0.666667,0.270833,0.0625];[0.675841,0.281346,0.042813];[0.75,0.25,0.0];[0.824468,0.164894,0.010638];[0.41,0.06,0.41,0.12];3;176.0;-0.337679921334;1830;8;0.04666666666666667;0.5;70.29333333333334;38.0;80.41333333333333;9.333333333333334;33.333333333333336;23.666666666666668;3.6533333333333338;0.0;0.5;0.13333333333333333;3.14;0.25333333333333335;2.4666666666666663;2.5;6.833333333333333
11286;zone31;4930.642193689802;4959.449818932565;0.0;zone31;S01010266;3;555;474;237;[0.320755,0.556604,0.122642];[0.677273,0.254545,0.068182];[0.5,0.461538,0.038462];[0.534247,0.30137,0.164384];[0.141176470588,0.0588235294118,0.4,0.4];3;536.0;0.0761386922126;1126;4;0.05333333333333334;2.0;30.813333333333333;30.666666666666668;88.0;13.666666666666666;41.0;11.0;1.6933333333333334;0.0;1.373333333333333;0.6266666666666666;5.1066666666666665;0.25333333333333335;2.2399999999999998;10.0;8.333333333333334
11286;zone32;5712.5549897826;4979.400336637217;0.0;zone32;S01010270;4;1153;972;817;[0.389831,0.533898,0.076271];[0.70255,0.252125,0.045326];[0.714286,0.272727,0.012987];[0.771552,0.228448,0.0];[0.125,0.0909090909091,0.454545454545,0.329545454545];1;871.0;0.461200629557;1562;8;0.07;1.25;58.79;27.0;92.77000000000001;11.75;41.25;20.25;5.180000000000001;0.0;0.5;0.24;2.3;0.6399999999999999;2.7199999999999998;5.75;8.0
11286;zone33;3394.0723536088512;4934.677182292946;0.0;zone33;S01010282;13;976;841;645;[0.438776,0.520408,0.040816];[0.545732,0.405488,0.04878];[0.521277,0.382979,0.095745];[0.712707,0.232044,0.055249];[0.190954773869,0.070351758794,0.35175879397,0.386934673367];2;350.0;-0.137812028107;1362;24;0.07384615384615385;1.6923076923076923;53.947692307692314;32.53846153846154;78.93230769230769;9.23076923076923;33.38461538461539;18.53846153846154;0.7692307692307693;0.0;6.92;0.5846153846153846;0.6246153846153847;0.3323076923076923;1.4061538461538463;5.384615384615385;8.307692307692308
11286;zone34;4385.789287498423;4835.237486850067;0.0;zone34;S01010289;15;771;687;380;[0.130952,0.511905,0.357143];[0.262911,0.502347,0.234742];[0.178571,0.464286,0.357143];[0.410256,0.435897,0.153846];[0.058064516129,0.0322580645161,0.245161290323,0.664516129032];5;259.0;-0.241396294863;1253;34;0.08533333333333333;2.066666666666667;42.842666666666666;37.733333333333334;87.08800000000001;10.666666666666666;37.4;14.333333333333334;2.194666666666667;0.0;5.882666666666667;0.9653333333333334;2.2746666666666666;0.30133333333333334;1.7280000000000004;9.4;10.866666666666667
11286;zone35;4401.5375624188455;4669.062022109911;0.0;zone35;S01010290;13;546;485;278;[0.198198,0.603604,0.198198];[0.485944,0.449799,0.064257];[0.555556,0.444444,0.0];[0.435897,0.512821,0.051282];[0.10752688172,0.0430107526882,0.494623655914,0.354838709677];3;353.0;-0.133686757747;773;43;0.12923076923076923;1.0;34.76615384615384;41.30769230769231;78.1846153846154;11.307692307692308;35.84615384615385;12.0;2.633846153846154;0.0;5.96923076923077;1.036923076923077;1.5169230769230775;0.5538461538461539;2.3415384615384616;3.076923076923077;10.615384615384615
11286;zone36;4119.983651650423;4281.100418217042;0.0;zone36;S01010291;12;1075;975;481;[0.405594,0.447552,0.146853];[0.627907,0.277132,0.094961];[0.415094,0.433962,0.150943];[0.562963,0.325926,0.111111];[0.197080291971,0.0729927007299,0.445255474453,0.284671532847];3;438.0;-0.0363924713322;975;21;0.06333333333333334;1.25;36.71333333333333;32.833333333333336;80.17666666666668;11.25;36.5;12.333333333333334;2.0733333333333337;0.0;6.993333333333333;0.3499999999999999;0.56;0.3333333333333334;2.213333333333334;6.0;9.5
11286;zone37;4399.731076226201;4291.6703625917;0.0;zone37;S01010292;10;890;831;409;[0.348214,0.508929,0.142857];[0.477169,0.420091,0.10274];[0.339286,0.446429,0.214286];[0.55814,0.383721,0.05814];[0.128378378378,0.0540540540541,0.398648648649,0.418918918919];4;323.0;-0.168488563048;855;29;0.112;1.8;38.424;37.6;76.952;9.3;33.6;12.7;3.152;0.0;5.500000000000001;0.35600000000000004;1.192;0.39199999999999996;1.256;7.6;9.8
11286;zone38;4514.690807242894;4541.15458266895;0.0;zone38;S01010293;16;839;723;373;[0.51773,0.35461,0.12766];[0.635389,0.262735,0.101877];[0.446809,0.319149,0.234043];[0.514286,0.392857,0.092857];[0.242424242424,0.0606060606061,0.393939393939,0.30303030303];3;290.0;-0.205814991507;1166;44;0.1075;1.0625;50.65249999999999;38.125;86.66749999999999;11.375;37.875;17.125;2.6725000000000003;0.0;6.795;1.08;1.1175;0.3175;2.4450000000000003;4.3125;11.1875
11286;zone39;4541.7482834333705;4418.565122351524;0.0;zone39;S01010294;13;690;631;275;[0.242105,0.526316,0.231579];[0.650873,0.214464,0.134663];[0.583333,0.208333,0.208333];[0.414894,0.489362,0.095745];[0.164835164835,0.043956043956,0.494505494505,0.296703296703];4;440.0;-0.0342259463805;963;37;0.1076923076923077;1.3846153846153846;44.32923076923076;45.15384615384615;75.90461538461537;8.76923076923077;33.61538461538461;14.846153846153847;2.5415384615384613;0.0;6.0030769230769225;0.9230769230769231;1.2184615384615385;0.2861538461538462;1.603076923076923;4.384615384615385;10.23076923076923
11286;zone40;4766.8646917667475;4574.50133624035;0.0;zone40;S01010295;18;974;870;427;[0.384615,0.391026,0.224359];[0.604555,0.310559,0.084886];[0.428571,0.285714,0.285714];[0.390728,0.516556,0.092715];[0.212765957447,0.113475177305,0.297872340426,0.375886524823];4;529.0;0.0680145754747;896;45;0.09333333333333334;1.7222222222222223;43.331111111111106;40.388888888888886;87.12666666666667;11.333333333333334;37.05555555555556;14.61111111111111;2.0977777777777775;0.0;8.69555555555556;0.9266666666666666;0.9044444444444445;0.33777777777777784;2.1555555555555554;7.111111111111111;12.222222222222221
11286;zone41;4647.752341766679;4736.091736240359;0.0;zone41;S01010296;16;664;560;291;[0.294118,0.423529,0.282353];[0.520913,0.368821,0.110266];[0.375,0.375,0.25];[0.475524,0.391608,0.132867];[0.282828282828,0.111111111111,0.363636363636,0.242424242424];2;856.0;0.444094443477;1148;30;0.07;1.5625;54.09;36.625;86.61000000000001;10.875;36.625;18.1875;2.1125000000000003;0.0;6.8475;0.9474999999999999;1.03;0.3975000000000001;1.9100000000000001;6.0;10.625
11286;zone42;5522.849421766708;4411.996091240393;0.0;zone42;S01010297;7;1066;894;676;[0.582609,0.382609,0.034783];[0.691824,0.245283,0.062893];[0.540541,0.333333,0.126126];[0.681275,0.270916,0.047809];[0.260563380282,0.140845070423,0.37323943662,0.225352112676];1;504.0;0.0391758595379;954;9;0.04571428571428571;0.8571428571428571;33.06857142857143;25.571428571428573;74.49714285714286;11.428571428571429;36.857142857142854;11.0;2.4628571428571426;0.0;2.085714285714286;0.2285714285714286;2.531428571428571;0.24571428571428575;2.897142857142857;3.142857142857143;6.857142857142857
11286;zone43;4706.481893689814;4143.807995855712;0.0;zone43;S01010298;12;880;677;515;[0.308943,0.479675,0.211382];[0.581395,0.356589,0.062016];[0.539683,0.396825,0.063492];[0.744828,0.193103,0.062069];[0.227272727273,0.0984848484848,0.371212121212,0.30303030303];1;486.0;0.0190902878356;1048;17;0.05666666666666666;2.1666666666666665;46.52;21.583333333333332;79.77000000000001;10.416666666666666;35.5;16.166666666666668;1.5833333333333333;0.0;3.129999999999999;0.19000000000000003;0.8433333333333333;0.37666666666666676;1.5166666666666664;8.5;5.416666666666667
11286;zone44;4885.424673909578;4209.645754097502;0.0;zone44;S01010299;4;536;404;292;[0.3,0.54,0.16];[0.556701,0.340206,0.103093];[0.458333,0.520833,0.020833];[0.584906,0.283019,0.132075];[0.428571428571,0.0857142857143,0.285714285714,0.2];1;375.0;-0.10827530326;628;6;0.06;0.75;34.32;35.5;92.85;15.0;44.25;11.0;2.63;0.0;1.45;0.0;7.65;0.26;3.3000000000000003;5.0;11.0
11286;zone45;4883.397012115578;4340.414778682246;0.0;zone45;S01010300;21;934;764;478;[0.460784,0.411765,0.127451];[0.664653,0.238671,0.096677];[0.632353,0.323529,0.044118];[0.606383,0.329787,0.06383];[0.3046875,0.125,0.3515625,0.21875];2;513.0;0.0498225801839;648;33;0.06285714285714286;2.1904761904761907;36.78095238095238;23.523809523809526;78.44380952380955;11.333333333333334;35.95238095238095;12.333333333333334;1.8876190476190478;0.0;2.3619047619047615;0.09904761904761905;1.8228571428571432;0.3352380952380952;1.9276190476190476;8.476190476190476;5.761904761904762
11286;zone46;5144.66081966521;4032.769083704074;0.0;zone46;S01010301;6;522;457;283;[0.292683,0.597561,0.109756];[0.57563,0.315126,0.109244];[0.222222,0.703704,0.074074];[0.561798,0.393258,0.044944];[0.214285714286,0.0612244897959,0.459183673469,0.265306122449];4;490.0;0.0232745011966;1007;26;0.16666666666666666;1.1666666666666667;44.74666666666667;45.833333333333336;79.12;10.0;35.0;15.333333333333334;4.733333333333333;0.0;0.5666666666666667;0.7000000000000001;4.260000000000001;0.5066666666666667;1.9266666666666665;4.333333333333333;9.833333333333334
11286;zone47;5165.568789180556;4297.038752619699;0.0;zone47;S01010302;24;669;495;388;[0.65625,0.28125,0.0625];[0.6,0.356522,0.043478];[0.716981,0.226415,0.056604];[0.801802,0.18018,0.018018];[0.582417582418,0.0769230769231,0.263736263736,0.0769230769231];1;392.0;-0.0896499889057;1256;47;0.07833333333333334;1.0416666666666667;50.031666666666666;32.0;85.38833333333334;12.25;38.041666666666664;17.041666666666668;4.334999999999999;0.0;1.545;0.16833333333333333;3.103333333333333;0.3133333333333334;2.7900000000000005;4.166666666666667;8.666666666666666
11286;zone48;5241.140616766716;4139.402270499609;0.0;zone48;S01010303;33;579;387;250;[0.692308,0.153846,0.153846];[0.56701,0.298969,0.134021];[0.630435,0.282609,0.086957];[0.658879,0.285047,0.056075];[0.58407079646,0.106194690265,0.274336283186,0.0353982300885];1;415.0;-0.0627120940391;1561;64;0.07515151515151515;1.5151515151515151;55.97212121212121;27.757575757575758;83.58666666666667;10.757575757575758;36.484848484848484;19.03030303030303;4.012121212121212;0.0;0.6642424242424242;0.3466666666666667;2.366060606060606;0.3381818181818182;2.610909090909091;5.333333333333333;6.878787878787879
11286;zone49;4853.647576226233;3833.123065294377;0.0;zone49;S01010304;12;542;456;332;[0.323529,0.514706,0.161765];[0.635135,0.25,0.114865];[0.477273,0.522727,0.0];[0.829268,0.109756,0.060976];[0.372340425532,0.0425531914894,0.297872340426,0.287234042553];1;804.0;0.384523850516;1336;29;0.09333333333333334;1.1666666666666667;60.46333333333333;28.5;85.83;11.083333333333334;36.583333333333336;21.083333333333332;5.000000000000001;0.0;1.0633333333333332;0.5700000000000002;1.3733333333333333;0.2966666666666667;2.3266666666666667;4.5;7.5
11286;zone50;4697.410406890209;3639.1027396354093;0.0;zone50;S01010305;7;807;694;478;[0.36036,0.468468,0.171171];[0.553191,0.33617,0.110638];[0.409639,0.301205,0.289157];[0.589888,0.337079,0.073034];[0.198529411765,0.0735294117647,0.382352941176,0.345588235294];1;223.0;-0.28282788147;506;10;0.05714285714285714;1.1428571428571428;31.714285714285705;24.857142857142858;80.46285714285715;13.428571428571429;39.142857142857146;10.571428571428571;3.6342857142857143;0.0;1.8628571428571428;1.577142857142857;0.5028571428571428;0.5428571428571428;2.1485714285714286;5.285714285714286;7.142857142857143
11286;zone51;4591.3082521834585;3868.367573740388;0.0;zone51;S01010306;13;752;675;449;[0.35625,0.56875,0.075];[0.570588,0.355882,0.073529];[0.283019,0.566038,0.150943];[0.650943,0.330189,0.018868];[0.165680473373,0.0473372781065,0.479289940828,0.307692307692];2;238.0;-0.265781391166;765;26;0.07692307692307693;2.0;41.60923076923076;31.692307692307693;75.2553846153846;9.615384615384615;34.0;13.923076923076923;2.676923076923077;0.0;1.5784615384615381;1.8461538461538463;0.7999999999999999;0.3384615384615385;1.4584615384615385;7.076923076923077;6.538461538461538
11286;zone52;4503.72067559025;3742.2957906521283;0.0;zone52;S01010307;9;821;732;428;[0.189922,0.577519,0.232558];[0.407407,0.487654,0.104938];[0.346154,0.538462,0.115385];[0.71875,0.234375,0.046875];[0.0681818181818,0.0568181818182,0.375,0.5];5;319.0;-0.172537833795;434;20;0.08444444444444445;2.2222222222222223;39.40888888888889;37.888888888888886;80.12;10.777777777777779;35.333333333333336;13.444444444444445;2.413333333333333;0.0;1.8400000000000003;3.351111111111111;0.6488888888888888;0.4177777777777778;1.0577777777777777;9.11111111111111;7.777777777777778
11286;zone53;4364.519870735056;4047.768725526131;0.0;zone53;S01010308;9;975;858;480;[0.285714,0.54007,0.174216];[0.511936,0.384615,0.103448];[0.254902,0.411765,0.333333];[0.648352,0.307692,0.043956];[0.0970873786408,0.0631067961165,0.359223300971,0.480582524272];4;257.0;-0.244477582955;970;13;0.05333333333333334;2.2222222222222223;50.093333333333334;28.333333333333332;85.22666666666667;10.88888888888889;37.0;16.88888888888889;3.08;0.0;2.097777777777778;1.5555555555555556;0.7911111111111111;0.52;2.0;8.777777777777779;7.0
11286;zone54;5381.88771051669;3636.3205112402793;0.0;zone54;S01010309;4;419;356;264;[0.333333,0.25,0.416667];[0.478873,0.422535,0.098592];[0.352941,0.382353,0.264706];[0.705882,0.24183,0.052288];[0.365853658537,0.170731707317,0.390243902439,0.0731707317073];1;0.0;-0.540229885057;2065;7;0.07;0.75;28.27;23.5;64.88999999999999;10.5;33.0;9.25;2.06;0.0;1.58;0.0;1.6;0.39;2.6;2.25;4.75
11286;zone55;5657.373406240428;3625.6586165034923;0.0;zone55;S01010310;13;706;540;381;[0.333333,0.238095,0.428571];[0.565517,0.337931,0.096552];[0.54902,0.27451,0.176471];[0.715415,0.256917,0.027668];[0.484848484848,0.151515151515,0.318181818182,0.0454545454545];1;574.0;0.120406534162;781;25;0.07692307692307693;1.2307692307692308;45.612307692307695;26.846153846153847;72.45846153846155;9.692307692307692;33.61538461538461;15.692307692307692;1.6153846153846152;0.0;1.1538461538461537;0.5107692307692309;2.0215384615384617;0.21846153846153848;1.947692307692308;4.384615384615385;4.846153846153846
11286;zone56;5685.425126382168;3318.6970593171873;0.0;zone56;S01010311;22;721;556;351;[0.411765,0.352941,0.235294];[0.472222,0.453704,0.074074];[0.571429,0.404762,0.02381];[0.717949,0.271062,0.010989];[0.565217391304,0.121739130435,0.269565217391,0.0434782608696];1;1534.0;1.22364271569;1926;35;0.06363636363636363;1.0454545454545454;60.51272727272727;24.40909090909091;78.16727272727273;9.727272727272727;33.54545454545455;20.863636363636363;1.507272727272727;0.0;2.725454545454546;0.08727272727272728;1.4690909090909094;0.29090909090909095;2.32;3.8636363636363638;5.2727272727272725
11286;zone57;5466.52613028024;3072.1402274564575;0.0;zone57;S01010312;34;868;647;425;[0.117647,0.823529,0.058824];[0.754386,0.22807,0.017544];[0.407407,0.444444,0.148148];[0.804945,0.153846,0.041209];[0.586956521739,0.115942028986,0.268115942029,0.0289855072464];1;685.0;0.247477927043;1690;53;0.05882352941176471;1.7058823529411764;66.99058823529411;24.970588235294116;86.84705882352942;10.176470588235293;36.05882352941177;23.058823529411764;1.5894117647058825;0.0;3.110588235294118;0.09529411764705882;2.0494117647058827;0.3011764705882353;1.8576470588235292;6.676470588235294;6.323529411764706
11286;zone58;5251.7403530303945;3502.549209042501;0.0;zone58;S01010313;16;654;529;356;[0.428571,0.285714,0.285714];[0.6,0.333333,0.066667];[0.433735,0.481928,0.084337];[0.739623,0.162264,0.098113];[0.648351648352,0.131868131868,0.175824175824,0.043956043956];1;565.0;0.109617915218;2114;21;0.0475;0.625;59.827499999999986;26.375;83.09499999999998;11.375;36.5625;20.375;1.8325;0.0;4.0675;0.165;1.5100000000000002;0.4625000000000001;2.64;2.5625;7.0
11286;zone59;4840.312157862589;3385.4448126102257;0.0;zone59;S01010314;21;1248;1034;550;[0.358209,0.507463,0.134328];[0.514493,0.333333,0.152174];[0.5,0.326923,0.173077];[0.636,0.324,0.04];[0.316901408451,0.133802816901,0.401408450704,0.147887323944];1;637.0;0.192402372167;1150;33;0.05904761904761905;1.380952380952381;42.310476190476194;27.666666666666668;81.85333333333332;11.80952380952381;37.80952380952381;14.095238095238095;3.9180952380952383;0.0;3.064761904761905;0.619047619047619;0.7104761904761905;0.5142857142857143;2.163809523809524;5.523809523809524;7.761904761904762
11286;zone60;4536.293429266749;2504.1273706154316;0.0;zone60;S01010315;43;911;678;409;[0.180723,0.554217,0.26506];[0.252632,0.457895,0.289474];[0.208333,0.5,0.291667];[0.55144,0.345679,0.102881];[0.308176100629,0.169811320755,0.358490566038,0.163522012579];2;382.0;-0.100954860853;1638;98;0.08651162790697674;1.8372093023255813;40.75813953488372;28.069767441860463;81.7553488372093;11.325581395348838;37.04651162790697;13.837209302325581;2.1990697674418604;0.0;2.9032558139534883;0.00651162790697674;2.6706976744186046;0.44000000000000006;1.845581395348837;7.488372093023256;7.348837209302325
11286;zone61;4589.6619547948285;2943.195659127726;0.0;zone61;S01010316;25;512;414;304;[0.392157,0.529412,0.078431];[0.62931,0.37069,0.0];[0.439024,0.560976,0.0];[0.775401,0.224599,0.0];[0.439252336449,0.102803738318,0.252336448598,0.205607476636];1;481.0;0.0128180141103;1325;31;0.048;1.8;47.6016;23.2;73.81279999999997;9.56;33.0;16.2;1.4304000000000001;0.0;2.6416000000000004;0.0544;1.4144000000000003;0.3984;1.7104000000000006;5.44;5.08
11286;zone63;4421.5566371748755;3071.026327566895;0.0;zone63;S01010318;12;1588;1497;304;[0.5,0.456522,0.043478];[0.469799,0.47651,0.053691];[0.310345,0.37931,0.310345];[0.678571,0.285714,0.035714];[0.36,0.14,0.34,0.16];3;317.0;-0.175110645645;1232;36;0.11333333333333333;1.25;56.98333333333332;38.916666666666664;89.87333333333333;10.666666666666666;37.416666666666664;19.333333333333332;6.52;0.0;4.513333333333333;0.7066666666666667;0.8233333333333334;0.5100000000000001;1.9733333333333334;5.583333333333333;12.166666666666666
11286;zone64;4173.240913470097;2893.8040771744095;0.0;zone64;S01010319;9;711;624;407;[0.258741,0.608392,0.132867];[0.383399,0.486166,0.130435];[0.439394,0.212121,0.348485];[0.530769,0.384615,0.084615];[0.171974522293,0.0700636942675,0.471337579618,0.286624203822];2;473.0;0.00423719084943;1509;17;0.07111111111111111;1.5555555555555556;44.83111111111111;21.0;78.3111111111111;11.222222222222221;35.888888888888886;14.88888888888889;2.7066666666666666;0.0;1.9555555555555557;0.15555555555555556;0.8755555555555556;0.5822222222222222;2.1866666666666665;6.222222222222222;5.333333333333333
11286;zone65;3940.1918462749595;2900.8899784533987;0.0;zone65;S01010320;4;675;594;437;[0.257813,0.523438,0.21875];[0.61753,0.298805,0.083665];[0.526316,0.22807,0.245614];[0.805085,0.169492,0.025424];[0.172185430464,0.0662251655629,0.443708609272,0.317880794702];1;646.0;0.202453315259;1260;8;0.08;1.0;36.28;31.25;82.77;13.25;38.5;12.25;4.29;0.0;2.81;0.27;1.64;0.24;2.5500000000000003;5.25;8.5
11286;zone66;3905.8658739096163;2664.6669636212755;0.0;zone66;S01010321;7;837;634;432;[0.401709,0.555556,0.042735];[0.54717,0.433962,0.018868];[0.45122,0.439024,0.109756];[0.666667,0.271186,0.062147];[0.212328767123,0.0958904109589,0.390410958904,0.301369863014];1;1019.0;0.631764531736;1865;13;0.07428571428571429;2.0;60.651428571428575;22.142857142857142;79.53714285714285;9.571428571428571;33.42857142857143;20.857142857142858;1.5999999999999999;0.0;1.6342857142857146;0.19428571428571426;0.9028571428571429;0.32;0.9942857142857143;8.142857142857142;4.0
11286;zone67;3630.3978644730896;3132.1651121578075;0.0;zone67;S01010322;9;1028;914;549;[0.174419,0.549419,0.276163];[0.412399,0.471698,0.115903];[0.298507,0.38806,0.313433];[0.647059,0.323529,0.029412];[0.057268722467,0.0352422907489,0.449339207048,0.458149779736];5;124.0;-0.397569575369;1333;26;0.10666666666666667;1.5555555555555556;45.45333333333333;34.44444444444444;76.67111111111112;9.333333333333334;34.22222222222222;15.444444444444445;2.3022222222222224;0.0;4.04;0.41777777777777786;1.7866666666666668;0.2977777777777778;2.128888888888889;5.0;8.222222222222221
11286;zone68;6208.193116766784;3072.425066795916;0.0;zone68;S01010323;4;603;466;377;[0.555556,0.444444,0.0];[0.657143,0.271429,0.071429];[0.642857,0.321429,0.035714];[0.793651,0.166667,0.039683];[0.578431372549,0.166666666667,0.235294117647,0.0196078431373];1;970.0;0.57559463238;775;11;0.11;0.75;40.67;44.0;68.21000000000001;7.25;30.25;13.75;8.08;0.0;1.72;0.0;0.5399999999999999;0.33999999999999997;2.3499999999999996;2.25;9.75
11286;zone69;6517.651722029823;2240.572579661372;0.0;zone69;S01010324;6;759;566;403;[0.142857,0.571429,0.285714];[0.298077,0.490385,0.211538];[0.333333,0.530864,0.135802];[0.401674,0.414226,0.1841];[0.569620253165,0.101265822785,0.291139240506,0.0379746835443];1;407.0;-0.0721601679586;1625;10;0.06666666666666667;0.8333333333333334;53.51999999999999;33.333333333333336;86.19333333333333;12.666666666666666;38.5;17.666666666666668;2.046666666666667;0.0;1.0000000000000002;0.0;4.733333333333333;0.25333333333333335;2.2533333333333334;4.833333333333333;7.0
11286;zone70;6038.016041009105;2402.8415869980217;0.0;zone70;S01010325;18;939;666;501;[0.263158,0.368421,0.368421];[0.383838,0.525253,0.090909];[0.253623,0.615942,0.130435];[0.451362,0.463035,0.085603];[0.545454545455,0.238636363636,0.193181818182,0.0227272727273];1;225.0;-0.281126582053;1382;29;0.06444444444444444;1.2222222222222223;40.45333333333333;24.38888888888889;75.93333333333334;11.944444444444445;35.888888888888886;13.61111111111111;1.2688888888888892;0.0;0.7888888888888891;0.0;3.095555555555555;0.6133333333333335;2.648888888888889;4.388888888888889;4.777777777777778
11286;zone71;5272.359331052501;2740.775131541117;0.0;zone71;S01010326;39;987;707;494;[0.526316,0.368421,0.105263];[0.522523,0.333333,0.144144];[0.492188,0.3125,0.195313];[0.723514,0.224806,0.05168];[0.54375,0.16875,0.23125,0.05625];1;1389.0;1.05701743376;986;71;0.07076923076923076;1.6923076923076923;42.45025641025642;25.41025641025641;80.22153846153846;11.205128205128204;36.64102564102564;14.35897435897436;1.2717948717948717;0.0;5.167179487179488;0.04615384615384616;1.2564102564102564;0.362051282051282;2.0071794871794872;6.153846153846154;7.333333333333333
11286;zone72;4970.167032608406;2501.795090448298;0.0;zone72;S01010327;34;982;660;362;[0.031746,0.507937,0.460317];[0.372881,0.432203,0.194915];[0.289063,0.328125,0.382813];[0.516892,0.347973,0.135135];[0.416184971098,0.21387283237,0.236994219653,0.132947976879];1;470.0;0.000335688704598;984;60;0.07058823529411765;1.4705882352941178;34.69294117647058;24.08823529411765;75.65058823529414;11.117647058823529;35.88235294117647;11.735294117647058;1.3435294117647059;0.0;4.892941176470587;0.02352941176470588;0.8823529411764705;0.33999999999999997;2.1423529411764712;5.705882352941177;6.617647058823529
11286;zone73;5975.307390960257;2677.5485166167286;0.0;zone73;S01010328;24;969;706;445;[0.16129,0.5,0.33871];[0.27044,0.471698,0.257862];[0.192547,0.434783,0.372671];[0.338983,0.432203,0.228814];[0.309352517986,0.258992805755,0.280575539568,0.151079136691];2;457.0;-0.0138550124678;2215;48;0.07666666666666666;1.7916666666666667;49.181666666666665;27.333333333333332;77.19500000000001;9.958333333333334;33.833333333333336;16.666666666666668;2.2266666666666666;0.0;0.85;0.0;2.876666666666667;0.2933333333333334;1.7683333333333333;6.583333333333333;5.458333333333333
