cycle;name;location.x;location.y;location.z;name;dataZone;nm_children;pop;over16;nm_hh;AB_car_prob;C1_car_prob;C2_car_prob;DE_car_prob;prob_social;simd;crimeRate;norm_crime;avg_dis_sh;neigh_play;daily_play_per_child;avg_FSA;avg_walk;daily_OD;zone_mvpa;mvpa_home;mvpa_sc;mvpa_road;mvpa_play_field;mvpa_home_garden;mvpa_park;mvpa_PG;mvpa_amenity;mvpa_shops;mvpa_F_home;mvpa_fsa;mvpa_OD
11286;zone0;8448.90275962388;2625.4515469546564;0.0;zone0;S01010195;19;531;390;212;[0.0,0.481481,0.518519];[0.261538,0.646154,0.092308];[0.12,0.59,0.29];[0.447368,0.368421,0.184211];[0.418918918919,0.283783783784,0.202702702703,0.0945945945946];1;0.0;-0.540229885057;1209;25;0.05263157894736842;1.0;36.37263157894738;25.736842105263158;75.63157894736842;11.368421052631579;36.578947368421055;12.31578947368421;0.8652631578947367;0.0;2.8863157894736844;0.0;2.8084210526315796;0.3663157894736843;2.2357894736842105;4.684210526315789;6.105263157894737
11286;zone1;8656.736904000718;2165.9902346445633;0.0;zone1;S01010198;18;1027;748;394;[0.058824,0.529412,0.411765];[0.305785,0.561983,0.132231];[0.219858,0.496454,0.283688];[0.523179,0.331126,0.145695];[0.48623853211,0.229357798165,0.266055045872,0.0183486238532];1;1609.0;1.3102524676;1252;34;0.07555555555555556;0.7777777777777778;41.666666666666664;27.5;77.47555555555556;11.61111111111111;36.611111111111114;14.277777777777779;1.3644444444444446;0.0;2.904444444444445;0.03333333333333334;3.0222222222222217;0.4911111111111112;2.5955555555555554;3.0;6.777777777777778
11286;zone2;8537.588755655543;3024.028900129281;0.0;zone2;S01010201;22;643;453;253;[0.0,0.47619,0.52381];[0.270833,0.3125,0.416667];[0.088,0.48,0.432];[0.296552,0.434483,0.268966];[0.365853658537,0.292682926829,0.292682926829,0.0487804878049];2;219.0;-0.28762447053;999;50;0.0890909090909091;1.6818181818181819;28.036363636363646;29.318181818181817;78.24545454545454;12.318181818181818;37.5;9.045454545454545;1.1018181818181818;0.0;3.389090909090909;0.13818181818181818;3.3181818181818175;0.35090909090909095;1.667272727272727;7.636363636363637;7.454545454545454
11286;zone3;8059.42097232239;3767.666522351409;0.0;zone3;S01010203;30;671;504;260;[0.090909,0.363636,0.545455];[0.263804,0.460123,0.276074];[0.094828,0.422414,0.482759];[0.183824,0.375,0.441176];[0.272727272727,0.218181818182,0.363636363636,0.145454545455];3;215.0;-0.292668818285;1999;60;0.07733333333333334;1.2666666666666666;39.153333333333336;28.366666666666667;75.64933333333333;10.766666666666667;36.0;13.2;1.3533333333333328;0.0;2.5026666666666673;0.0;2.872;0.3213333333333334;2.3213333333333344;4.533333333333333;6.3
11286;zone4;8368.288440296214;3565.498290652094;0.0;zone4;S01010204;30;800;589;381;[0.272727,0.727273,0.0];[0.627451,0.27451,0.098039];[0.444444,0.533333,0.022222];[0.600619,0.321981,0.077399];[0.595041322314,0.157024793388,0.239669421488,0.00826446280992];1;497.0;0.0317745673598;977;65;0.08;1.0;33.84666666666667;27.833333333333332;79.47733333333333;12.2;39.0;11.433333333333334;1.2133333333333336;0.0;2.869333333333333;0.02266666666666667;3.8880000000000003;0.4066666666666667;2.8306666666666667;3.933333333333333;7.566666666666666
11286;zone5;8034.229745798958;3515.110462853287;0.0;zone5;S01010205;15;658;534;355;[0.411765,0.117647,0.470588];[0.465116,0.457364,0.077519];[0.317757,0.588785,0.093458];[0.593458,0.280374,0.126168];[0.466666666667,0.2,0.3,0.0333333333333];1;925.0;0.523434132086;1097;34;0.09066666666666667;0.6666666666666666;37.29866666666667;34.06666666666667;85.00533333333334;13.333333333333334;40.13333333333333;12.466666666666667;2.293333333333334;0.0;3.450666666666667;0.0;4.066666666666666;0.5733333333333334;2.9360000000000004;4.2;9.4
11286;zone6;7457.064719570519;3739.055375726369;0.0;zone6;S01010208;18;903;745;565;[0.30137,0.589041,0.109589];[0.48062,0.457364,0.062016];[0.272727,0.613636,0.113636];[0.66055,0.270642,0.068807];[0.233333333333,0.133333333333,0.461111111111,0.172222222222];1;603.0;0.153385979085;1452;19;0.04;1.7222222222222223;43.64666666666667;21.61111111111111;86.52;13.277777777777779;39.833333333333336;14.722222222222221;1.36;0.0;1.611111111111111;0.0;3.2755555555555556;0.49777777777777793;2.6022222222222227;7.444444444444445;5.833333333333333
11286;zone7;7917.838214725937;1939.334458859395;0.0;zone7;S01010209;24;966;677;468;[0.172414,0.586207,0.241379];[0.333333,0.414966,0.251701];[0.381944,0.458333,0.159722];[0.545852,0.336245,0.117904];[0.337931034483,0.248275862069,0.303448275862,0.110344827586];1;2053.0;1.82052250092;1709;30;0.05;1.9583333333333333;57.34166666666667;23.083333333333332;88.46333333333335;11.416666666666666;38.166666666666664;19.791666666666668;0.8683333333333332;0.0;3.349999999999999;0.0;2.4916666666666667;0.3916666666666666;1.9399999999999997;8.333333333333334;6.166666666666667
11286;zone8;7878.406567747077;2721.2634132011362;0.0;zone8;S01010210;18;885;641;416;[0.173913,0.456522,0.369565];[0.21519,0.5,0.28481];[0.189781,0.386861,0.423358];[0.422111,0.442211,0.135678];[0.394736842105,0.236842105263,0.254385964912,0.114035087719];1;344.0;-0.144253829852;1162;28;0.06;1.0555555555555556;32.857777777777784;25.166666666666668;83.94222222222221;14.11111111111111;40.72222222222222;10.833333333333334;2.36;0.0;2.797777777777778;0.02888888888888889;2.497777777777778;0.491111111111111;2.8111111111111113;5.666666666666667;7.333333333333333
11286;zone9;7785.599648345685;3201.783800714137;0.0;zone9;S01010211;22;858;634;452;[0.147059,0.705882,0.147059];[0.384615,0.452991,0.162393];[0.469565,0.4,0.130435];[0.722656,0.226563,0.050781];[0.473214285714,0.169642857143,0.285714285714,0.0714285714286];1;430.0;-0.0456985893816;1060;32;0.05636363636363637;1.4090909090909092;35.46000000000001;22.454545454545453;77.93636363636365;11.772727272727273;37.13636363636363;12.045454545454545;1.1545454545454543;0.0;2.729090909090909;0.01636363636363636;2.154545454545455;0.3909090909090909;2.1854545454545455;6.5;5.454545454545454
11286;zone10;7580.688680869333;3097.127786881416;0.0;zone10;S01010212;49;1083;779;559;[0.233333,0.633333,0.133333];[0.594771,0.339869,0.065359];[0.465517,0.405172,0.12931];[0.712821,0.269231,0.017949];[0.566037735849,0.138364779874,0.22641509434,0.0691823899371];1;1473.0;1.15298517036;1319;88;0.07020408163265306;0.7959183673469388;46.36163265306122;28.367346938775512;79.95102040816326;11.612244897959183;37.55102040816327;15.571428571428571;1.6457142857142857;0.0;2.7534693877551017;0.00571428571428572;3.0604081632653064;0.4375510204081631;2.7306122448979586;2.8979591836734695;7.0
11286;zone11;8065.177293237223;3111.5884965344962;0.0;zone11;S01010213;13;924;657;476;[0.105263,0.684211,0.210526];[0.382609,0.547826,0.069565];[0.218543,0.556291,0.225166];[0.467925,0.483019,0.049057];[0.451327433628,0.221238938053,0.274336283186,0.0530973451327];1;247.0;-0.255840453357;1082;22;0.06461538461538462;1.3076923076923077;27.24923076923077;27.384615384615383;75.99999999999999;11.846153846153847;38.30769230769231;8.923076923076923;1.643076923076923;0.0;2.0492307692307694;0.07076923076923078;3.1661538461538465;0.36;2.5907692307692303;5.153846153846154;6.538461538461538
11286;zone12;7144.994858230166;1947.4125453867302;0.0;zone12;S01010214;27;967;717;396;[0.098592,0.28169,0.619718];[0.197531,0.438272,0.364198];[0.173333,0.493333,0.333333];[0.237069,0.487069,0.275862];[0.361344537815,0.210084033613,0.310924369748,0.117647058824];3;176.0;-0.337854473183;1969;40;0.05777777777777778;1.3333333333333333;39.2962962962963;29.14814814814815;80.51555555555557;11.444444444444445;37.592592592592595;12.88888888888889;2.146666666666667;0.0;2.7703703703703706;0.0;3.1051851851851837;0.41777777777777775;2.328888888888889;6.148148148148148;7.592592592592593
11286;zone13;7013.590150664996;2618.495528189446;0.0;zone13;S01010215;24;850;608;492;[0.571429,0.285714,0.142857];[0.5,0.431373,0.068627];[0.382609,0.391304,0.226087];[0.678571,0.269841,0.051587];[0.467289719626,0.140186915888,0.345794392523,0.0467289719626];1;547.0;0.0886083430805;848;42;0.06666666666666667;1.0833333333333333;34.678333333333335;26.166666666666668;76.61666666666666;12.333333333333334;37.666666666666664;11.583333333333334;1.3299999999999998;0.0;1.9616666666666662;0.0;3.4633333333333334;0.4516666666666666;2.565;3.6666666666666665;6.291666666666667
11286;zone14;7332.222205807836;2329.961970144465;0.0;zone14;S01010216;15;621;464;361;[0.6,0.4,0.0];[0.597701,0.356322,0.045977];[0.409091,0.439394,0.151515];[0.709544,0.273859,0.016598];[0.5,0.163265306122,0.265306122449,0.0714285714286];1;600.0;0.150092344085;1292;20;0.05333333333333334;0.6666666666666666;52.616;30.933333333333334;79.98933333333333;10.666666666666666;36.0;17.933333333333334;0.8160000000000002;0.0;4.2;0.0;3.026666666666667;0.37866666666666665;2.912;2.533333333333333;7.466666666666667
11286;zone15;7299.833172322251;2625.8610945736937;0.0;zone15;S01010217;33;817;598;406;[0.16129,0.516129,0.322581];[0.565517,0.4,0.034483];[0.5,0.431373,0.068627];[0.702703,0.283784,0.013514];[0.541935483871,0.0967741935484,0.296774193548,0.0645161290323];1;1060.0;0.679274950851;1011;80;0.09212121212121212;1.2727272727272727;43.47878787878787;30.060606060606062;77.51272727272726;11.0;35.666666666666664;14.636363636363637;1.4690909090909092;0.0;2.676363636363637;0.0;2.9406060606060604;0.31515151515151507;2.270303030303031;4.848484848484849;6.696969696969697
11286;zone16;7142.953643082513;3018.5401822929393;0.0;zone16;S01010218;31;1018;790;587;[0.425532,0.404255,0.170213];[0.392523,0.453271,0.154206];[0.358209,0.492537,0.149254];[0.589124,0.335347,0.075529];[0.424657534247,0.109589041096,0.369863013699,0.0958904109589];1;557.0;0.101026678737;574;40;0.04774193548387097;1.4516129032258065;31.23612903225806;26.193548387096776;77.11612903225806;11.935483870967742;37.67741935483871;10.193548387096774;1.1380645161290324;0.0;1.4890322580645161;0.0;3.6361290322580646;0.4709677419354838;2.4451612903225812;6.32258064516129;5.838709677419355
11286;zone17;6738.8937706128745;4298.8917997019325;0.0;zone17;S01010219;21;503;382;274;[0.695652,0.304348,0.0];[0.758621,0.215517,0.025862];[0.761905,0.166667,0.071429];[0.781609,0.195402,0.022989];[0.41935483871,0.0752688172043,0.408602150538,0.0967741935484];2;184.0;-0.327838932938;1410;65;0.1180952380952381;1.1904761904761905;66.03619047619048;35.476190476190474;88.26666666666667;10.19047619047619;36.142857142857146;22.857142857142858;3.1961904761904765;0.0;5.297142857142857;0.04190476190476191;1.775238095238095;0.3600000000000001;2.1923809523809528;4.619047619047619;9.80952380952381
11286;zone18;5915.780765415368;4211.222876105162;0.0;zone18;S01010220;7;476;433;279;[0.181159,0.608696,0.210145];[0.404255,0.531915,0.06383];[0.227273,0.704545,0.068182];[0.448276,0.482759,0.068966];[0.154545454545,0.0636363636364,0.318181818182,0.463636363636];5;267.0;-0.232306706325;844;21;0.10285714285714286;1.7142857142857142;34.94285714285714;19.0;71.37142857142857;10.428571428571429;34.57142857142857;11.571428571428571;1.862857142857143;0.0;2.44;0.17714285714285713;0.702857142857143;0.3314285714285714;1.5085714285714287;6.0;4.857142857142857
11286;zone19;6341.0811208317455;3913.8398648988496;0.0;zone19;S01010221;13;546;394;260;[0.6,0.4,0.0];[0.557377,0.409836,0.032787];[0.538462,0.323077,0.138462];[0.699387,0.257669,0.042945];[0.609375,0.140625,0.203125,0.046875];1;635.0;0.19005459739;1307;24;0.06461538461538462;1.2307692307692308;51.22769230769231;22.615384615384617;79.41846153846153;11.076923076923077;35.38461538461539;17.615384615384617;2.7507692307692313;0.0;3.215384615384615;0.05230769230769231;0.5415384615384616;0.36;2.184615384615385;4.538461538461538;5.846153846153846
11286;zone20;7001.213463613622;4053.9957950241624;0.0;zone20;S01010222;15;492;414;285;[0.142857,0.5,0.357143];[0.432432,0.459459,0.108108];[0.348624,0.522936,0.12844];[0.747899,0.235294,0.016807];[0.345238095238,0.214285714286,0.309523809524,0.130952380952];1;377.0;-0.105830277325;1635;18;0.048;1.5333333333333334;44.04;22.0;74.62666666666665;9.933333333333334;34.53333333333333;14.866666666666667;1.9600000000000002;0.0;2.0079999999999996;0.0;1.5413333333333332;0.2426666666666667;2.3733333333333335;5.333333333333333;5.0
11286;zone21;6986.8418912765155;3434.1450308482026;0.0;zone21;S01010223;4;556;462;337;[0.076923,0.538462,0.384615];[0.567797,0.330508,0.101695];[0.472222,0.444444,0.083333];[0.584699,0.36612,0.04918];[0.432432432432,0.162162162162,0.324324324324,0.0810810810811];1;439.0;-0.0353356041414;1629;3;0.03;2.25;44.44;16.0;82.45;11.5;37.25;15.5;1.05;0.0;2.0;0.0;1.19;0.42000000000000004;2.3200000000000003;9.25;3.75
11286;zone22;6247.397837456437;3329.661273309237;0.0;zone22;S01010224;40;1036;727;469;[0.405405,0.540541,0.054054];[0.592593,0.274074,0.133333];[0.418803,0.504274,0.076923];[0.768421,0.202632,0.028947];[0.506097560976,0.140243902439,0.268292682927,0.0853658536585];1;1004.0;0.614259332793;1035;69;0.067;0.825;44.272;25.425;79.39999999999999;11.55;37.15;15.325;3.662999999999999;0.0;2.049000000000001;0.039;1.691;0.388;2.8559999999999994;3.075;6.95
11286;zone23;7827.985844039554;4105.4701191949;0.0;zone23;S01010225;33;812;636;431;[0.25,0.634615,0.115385];[0.469072,0.43299,0.097938];[0.54023,0.413793,0.045977];[0.672065,0.234818,0.093117];[0.385185185185,0.125925925926,0.325925925926,0.162962962963];1;1006.0;0.616572011517;1543;52;0.06303030303030303;1.3636363636363635;41.624242424242425;23.272727272727273;78.7890909090909;11.272727272727273;36.878787878787875;14.030303030303031;1.4448484848484846;0.0;2.2557575757575763;0.05212121212121212;2.4424242424242424;0.4533333333333333;2.4096969696969697;5.696969696969697;5.848484848484849
11286;zone24;7040.363001382077;4481.052780471187;0.0;zone24;S01010226;40;816;565;394;[0.454545,0.242424,0.30303];[0.715385,0.2,0.084615];[0.540541,0.405405,0.054054];[0.766917,0.18797,0.045113];[0.503355704698,0.201342281879,0.221476510067,0.0738255033557];2;422.0;-0.0548014077425;945;93;0.09;1.55;38.113;30.775;82.10400000000001;11.8;37.55;12.8;3.8650000000000007;0.0;3.936;0.031;1.358;0.3489999999999999;1.9910000000000008;6.65;8.7
11286;zone25;6847.772309074456;4638.663588163389;0.0;zone25;S01010227;39;692;454;294;[0.413793,0.413793,0.172414];[0.704545,0.238636,0.056818];[0.654545,0.345455,0.0];[0.810606,0.159091,0.030303];[0.672268907563,0.0924369747899,0.159663865546,0.0756302521008];4;0.0;-0.540229885057;1079;142;0.14153846153846153;1.1538461538461537;48.93435897435898;42.64102564102564;83.62974358974361;10.256410256410257;35.87179487179487;16.487179487179485;2.914871794871795;0.0;7.963076923076923;0.02871794871794872;1.6205128205128203;0.3415384615384615;2.0594871794871796;4.256410256410256;12.076923076923077
11286;zone26;8241.816993110848;4572.457656401622;0.0;zone26;S01010229;30;1016;787;508;[0.1,0.625,0.275];[0.350877,0.350877,0.298246];[0.348315,0.477528,0.174157];[0.565217,0.310559,0.124224];[0.420731707317,0.213414634146,0.292682926829,0.0731707317073];1;395.0;-0.0859445809966;1217;38;0.04933333333333333;1.2666666666666666;46.45199999999999;20.666666666666668;85.25333333333333;13.0;39.46666666666667;15.6;1.576;0.0;2.6413333333333333;0.0;2.008;0.416;2.6173333333333337;6.166666666666667;5.766666666666667
11286;zone27;7458.320056766788;4680.341251240345;0.0;zone27;S01010230;24;1005;772;577;[0.314286,0.628571,0.057143];[0.703883,0.296117,0.0];[0.727273,0.218182,0.054545];[0.71831,0.24507,0.03662];[0.517857142857,0.136904761905,0.267857142857,0.077380952381];1;846.0;0.433218203459;1002;39;0.06333333333333334;1.2916666666666667;44.51;30.875;80.80833333333332;11.375;36.583333333333336;14.958333333333334;2.08;0.0;5.246666666666667;0.02166666666666667;1.5633333333333335;0.39000000000000007;2.0850000000000004;4.708333333333333;8.458333333333334
11286;zone28;7569.802990100143;4917.458811240416;0.0;zone28;S01010232;37;1074;792;485;[0.457143,0.485714,0.057143];[0.557292,0.338542,0.104167];[0.492063,0.333333,0.174603];[0.654229,0.251244,0.094527];[0.470297029703,0.153465346535,0.306930693069,0.0693069306931];1;771.0;0.347049794199;781;55;0.05621621621621622;1.4324324324324325;40.2691891891892;24.783783783783782;72.58594594594595;10.08108108108108;33.945945945945944;13.432432432432432;0.9383783783783786;0.0;2.6324324324324326;0.02378378378378378;2.29945945945946;0.3264864864864864;2.0529729729729733;5.054054054054054;5.45945945945946
11286;zone29;7830.713068379679;4879.746446724283;0.0;zone29;S01010233;33;970;705;476;[0.275,0.625,0.1];[0.655629,0.245033,0.099338];[0.52809,0.426966,0.044944];[0.771505,0.212366,0.016129];[0.587209302326,0.093023255814,0.261627906977,0.0581395348837];1;284.0;-0.213781821634;1071;53;0.06060606060606061;1.4848484848484849;43.45212121212121;26.87878787878788;78.75272727272727;10.909090909090908;36.21212121212121;14.636363636363637;0.9430303030303032;0.0;2.2606060606060607;0.04484848484848485;3.146666666666667;0.46303030303030307;2.3757575757575755;5.96969696969697;5.909090909090909
11286;zone30;6473.383843181837;4954.519765957263;0.0;zone30;S01010261;6;2551;2373;526;[0.666667,0.270833,0.0625];[0.675841,0.281346,0.042813];[0.75,0.25,0.0];[0.824468,0.164894,0.010638];[0.41,0.06,0.41,0.12];3;176.0;-0.337679921334;2019;15;0.08666666666666667;0.5;53.36000000000001;30.0;77.35333333333334;11.5;35.166666666666664;18.166666666666668;1.2666666666666666;0.0;1.6933333333333334;0.0;3.9066666666666667;0.5133333333333333;2.1866666666666665;1.5;6.166666666666667
11286;zone31;4930.642193689802;4959.449818932565;0.0;zone31;S01010266;3;555;474;237;[0.320755,0.556604,0.122642];[0.677273,0.254545,0.068182];[0.5,0.461538,0.038462];[0.534247,0.30137,0.164384];[0.141176470588,0.0588235294118,0.4,0.4];3;536.0;0.0761386922126;1005;5;0.06666666666666667;1.0;43.599999999999994;33.333333333333336;71.89333333333333;9.333333333333334;34.333333333333336;14.666666666666666;2.0533333333333332;0.0;2.9599999999999995;0.26666666666666666;2.48;0.05333333333333334;1.7999999999999998;2.3333333333333335;7.333333333333333
11286;zone32;5712.5549897826;4979.400336637217;0.0;zone32;S01010270;4;1153;972;817;[0.389831,0.533898,0.076271];[0.70255,0.252125,0.045326];[0.714286,0.272727,0.012987];[0.771552,0.228448,0.0];[0.125,0.0909090909091,0.454545454545,0.329545454545];1;871.0;0.461200629557;1639;4;0.04;2.25;68.85;22.25;100.22;13.25;40.5;23.5;4.38;0.0;0.6;0.14;2.83;0.6699999999999999;2.79;10.0;7.5
11286;zone33;3394.0723536088512;4934.677182292946;0.0;zone33;S01010282;13;976;841;645;[0.438776,0.520408,0.040816];[0.545732,0.405488,0.04878];[0.521277,0.382979,0.095745];[0.712707,0.232044,0.055249];[0.190954773869,0.070351758794,0.35175879397,0.386934673367];2;350.0;-0.137812028107;1342;26;0.07384615384615385;1.3846153846153846;45.56307692307692;34.38461538461539;77.77538461538462;9.846153846153847;34.84615384615385;15.461538461538462;1.4800000000000002;0.0;5.206153846153847;0.6030769230769231;1.2769230769230768;0.353846153846154;1.6830769230769227;5.0;8.076923076923077
11286;zone34;4385.789287498423;4835.237486850067;0.0;zone34;S01010289;15;771;687;380;[0.130952,0.511905,0.357143];[0.262911,0.502347,0.234742];[0.178571,0.464286,0.357143];[0.410256,0.435897,0.153846];[0.058064516129,0.0322580645161,0.245161290323,0.664516129032];5;259.0;-0.241396294863;1349;46;0.12;2.1333333333333333;39.648;33.266666666666666;83.90666666666668;11.4;37.13333333333333;13.466666666666667;1.8026666666666666;0.0;5.317333333333332;0.8133333333333332;1.6160000000000003;0.3146666666666667;1.1786666666666668;9.0;9.066666666666666
11286;zone35;4401.5375624188455;4669.062022109911;0.0;zone35;S01010290;13;546;485;278;[0.198198,0.603604,0.198198];[0.485944,0.449799,0.064257];[0.555556,0.444444,0.0];[0.435897,0.512821,0.051282];[0.10752688172,0.0430107526882,0.494623655914,0.354838709677];3;353.0;-0.133686757747;1217;31;0.09230769230769231;1.7692307692307692;50.36615384615384;37.84615384615385;93.28615384615384;12.384615384615385;39.84615384615385;16.46153846153846;2.630769230769231;0.0;7.975384615384614;0.47384615384615386;1.4153846153846155;0.28;1.5692307692307692;8.23076923076923;12.153846153846153
11286;zone36;4119.983651650423;4281.100418217042;0.0;zone36;S01010291;12;1075;975;481;[0.405594,0.447552,0.146853];[0.627907,0.277132,0.094961];[0.415094,0.433962,0.150943];[0.562963,0.325926,0.111111];[0.197080291971,0.0729927007299,0.445255474453,0.284671532847];3;438.0;-0.0363924713322;1040;23;0.07333333333333333;2.5;58.46666666666667;35.333333333333336;88.96;9.75;35.666666666666664;19.916666666666668;1.586666666666667;0.0;8.223333333333334;0.22999999999999998;0.8766666666666668;0.2966666666666667;1.0733333333333333;9.583333333333334;10.416666666666666
11286;zone37;4399.731076226201;4291.6703625917;0.0;zone37;S01010292;10;890;831;409;[0.348214,0.508929,0.142857];[0.477169,0.420091,0.10274];[0.339286,0.446429,0.214286];[0.55814,0.383721,0.05814];[0.128378378378,0.0540540540541,0.398648648649,0.418918918919];4;323.0;-0.168488563048;994;27;0.1;1.9;36.760000000000005;41.4;96.468;13.8;41.6;12.4;3.0599999999999996;0.0;9.495999999999999;0.652;1.668;0.42400000000000004;1.4200000000000004;10.3;14.4
11286;zone38;4514.690807242894;4541.15458266895;0.0;zone38;S01010293;16;839;723;373;[0.51773,0.35461,0.12766];[0.635389,0.262735,0.101877];[0.446809,0.319149,0.234043];[0.514286,0.392857,0.092857];[0.242424242424,0.0606060606061,0.393939393939,0.30303030303];3;290.0;-0.205814991507;1020;48;0.1175;1.4375;42.745;35.875;83.10750000000002;11.25;37.0;14.625;2.7000000000000006;0.0;5.637500000000002;0.8474999999999999;1.4124999999999999;0.23999999999999996;1.9;5.6875;10.0
11286;zone39;4541.7482834333705;4418.565122351524;0.0;zone39;S01010294;13;690;631;275;[0.242105,0.526316,0.231579];[0.650873,0.214464,0.134663];[0.583333,0.208333,0.208333];[0.414894,0.489362,0.095745];[0.164835164835,0.043956043956,0.494505494505,0.296703296703];4;440.0;-0.0342259463805;1273;33;0.08923076923076922;1.5384615384615385;49.31384615384615;37.0;86.0676923076923;10.923076923076923;37.23076923076923;16.692307692307693;2.7015384615384614;0.0;5.950769230769231;0.7969230769230768;1.446153846153846;0.33846153846153854;2.356923076923077;5.769230769230769;10.538461538461538
11286;zone40;4766.8646917667475;4574.50133624035;0.0;zone40;S01010295;18;974;870;427;[0.384615,0.391026,0.224359];[0.604555,0.310559,0.084886];[0.428571,0.285714,0.285714];[0.390728,0.516556,0.092715];[0.212765957447,0.113475177305,0.297872340426,0.375886524823];4;529.0;0.0680145754747;1091;57;0.12666666666666668;1.8333333333333333;44.55555555555556;37.0;83.02888888888887;10.277777777777779;36.44444444444444;15.277777777777779;1.6488888888888888;0.0;6.0311111111111115;0.7355555555555555;1.3200000000000003;0.4333333333333333;1.6666666666666665;7.555555555555555;9.277777777777779
11286;zone41;4647.752341766679;4736.091736240359;0.0;zone41;S01010296;16;664;560;291;[0.294118,0.423529,0.282353];[0.520913,0.368821,0.110266];[0.375,0.375,0.25];[0.475524,0.391608,0.132867];[0.282828282828,0.111111111111,0.363636363636,0.242424242424];2;856.0;0.444094443477;1327;46;0.11;1.6875;47.392500000000005;36.5;77.4275;9.25;33.25;16.0;1.3900000000000001;0.0;5.6274999999999995;0.69;1.0975;0.31000000000000005;1.7374999999999998;6.25;8.3125
11286;zone42;5522.849421766708;4411.996091240393;0.0;zone42;S01010297;7;1066;894;676;[0.582609,0.382609,0.034783];[0.691824,0.245283,0.062893];[0.540541,0.333333,0.126126];[0.681275,0.270916,0.047809];[0.260563380282,0.140845070423,0.37323943662,0.225352112676];1;504.0;0.0391758595379;966;20;0.09714285714285714;0.8571428571428571;24.628571428571433;23.571428571428573;70.53142857142858;12.0;36.57142857142857;8.428571428571429;1.874285714285714;0.0;0.72;0.26285714285714284;2.4914285714285715;0.6285714285714288;2.068571428571429;3.4285714285714284;4.714285714285714
11286;zone43;4706.481893689814;4143.807995855712;0.0;zone43;S01010298;12;880;677;515;[0.308943,0.479675,0.211382];[0.581395,0.356589,0.062016];[0.539683,0.396825,0.063492];[0.744828,0.193103,0.062069];[0.227272727273,0.0984848484848,0.371212121212,0.30303030303];1;486.0;0.0190902878356;1011;22;0.07;2.4166666666666665;46.09666666666666;27.75;81.99333333333334;10.333333333333334;35.833333333333336;15.75;1.596666666666667;0.0;4.45;0.48000000000000004;0.7199999999999999;0.21;1.29;9.833333333333334;6.75
11286;zone44;4885.424673909578;4209.645754097502;0.0;zone44;S01010299;4;536;404;292;[0.3,0.54,0.16];[0.556701,0.340206,0.103093];[0.458333,0.520833,0.020833];[0.584906,0.283019,0.132075];[0.428571428571,0.0857142857143,0.285714285714,0.2];1;375.0;-0.10827530326;759;10;0.1;2.0;42.32;30.25;78.2;10.75;34.5;14.0;1.64;0.0;1.0;0.12;2.34;0.26;1.5;10.0;4.75
11286;zone45;4883.397012115578;4340.414778682246;0.0;zone45;S01010300;21;934;764;478;[0.460784,0.411765,0.127451];[0.664653,0.238671,0.096677];[0.632353,0.323529,0.044118];[0.606383,0.329787,0.06383];[0.3046875,0.125,0.3515625,0.21875];2;513.0;0.0498225801839;621;47;0.0838095238095238;1.0;30.780952380952375;29.857142857142858;71.00000000000001;10.571428571428571;35.285714285714285;10.238095238095237;1.9542857142857142;0.0;2.236190476190476;0.20761904761904768;2.6800000000000006;0.4266666666666667;2.3580952380952374;3.2857142857142856;6.619047619047619
11286;zone46;5144.66081966521;4032.769083704074;0.0;zone46;S01010301;6;522;457;283;[0.292683,0.597561,0.109756];[0.57563,0.315126,0.109244];[0.222222,0.703704,0.074074];[0.561798,0.393258,0.044944];[0.214285714286,0.0612244897959,0.459183673469,0.265306122449];4;490.0;0.0232745011966;1098;13;0.08666666666666667;1.3333333333333333;28.453333333333337;29.166666666666668;64.95333333333332;9.333333333333334;32.166666666666664;9.333333333333334;3.3266666666666667;0.0;0.6666666666666666;0.06666666666666667;2.0866666666666664;0.6466666666666666;2.22;3.8333333333333335;5.666666666666667
11286;zone47;5165.568789180556;4297.038752619699;0.0;zone47;S01010302;24;669;495;388;[0.65625,0.28125,0.0625];[0.6,0.356522,0.043478];[0.716981,0.226415,0.056604];[0.801802,0.18018,0.018018];[0.582417582418,0.0769230769231,0.263736263736,0.0769230769231];1;392.0;-0.0896499889057;933;45;0.06833333333333333;1.3333333333333333;34.191666666666656;26.833333333333332;77.58833333333334;12.166666666666666;36.583333333333336;11.541666666666666;2.8000000000000003;0.0;1.065;0.3383333333333333;2.6150000000000007;0.4483333333333334;2.1166666666666667;6.375;6.333333333333333
11286;zone48;5241.140616766716;4139.402270499609;0.0;zone48;S01010303;33;579;387;250;[0.692308,0.153846,0.153846];[0.56701,0.298969,0.134021];[0.630435,0.282609,0.086957];[0.658879,0.285047,0.056075];[0.58407079646,0.106194690265,0.274336283186,0.0353982300885];1;415.0;-0.0627120940391;1478;63;0.07272727272727272;1.5454545454545454;50.072727272727285;24.96969696969697;76.42666666666666;9.757575757575758;34.45454545454545;17.03030303030303;2.9321212121212126;0.0;0.8254545454545456;0.1987878787878788;1.7369696969696968;0.2460606060606061;1.944242424242424;5.636363636363637;5.242424242424242
11286;zone49;4853.647576226233;3833.123065294377;0.0;zone49;S01010304;12;542;456;332;[0.323529,0.514706,0.161765];[0.635135,0.25,0.114865];[0.477273,0.522727,0.0];[0.829268,0.109756,0.060976];[0.372340425532,0.0425531914894,0.297872340426,0.287234042553];1;804.0;0.384523850516;1933;14;0.04666666666666667;1.9166666666666667;65.97;25.666666666666668;86.77999999999999;10.166666666666666;36.0;23.0;3.046666666666667;0.0;1.2333333333333334;0.22666666666666666;2.0500000000000003;0.3866666666666667;2.186666666666667;7.0;6.0
11286;zone50;4697.410406890209;3639.1027396354093;0.0;zone50;S01010305;7;807;694;478;[0.36036,0.468468,0.171171];[0.553191,0.33617,0.110638];[0.409639,0.301205,0.289157];[0.589888,0.337079,0.073034];[0.198529411765,0.0735294117647,0.382352941176,0.345588235294];1;223.0;-0.28282788147;620;13;0.07428571428571429;2.2857142857142856;37.885714285714286;28.714285714285715;79.23428571428572;10.714285714285714;36.57142857142857;12.571428571428571;5.394285714285715;0.0;0.982857142857143;0.7142857142857143;0.42857142857142855;0.22857142857142856;1.4000000000000001;8.285714285714286;6.857142857142857
11286;zone51;4591.3082521834585;3868.367573740388;0.0;zone51;S01010306;13;752;675;449;[0.35625,0.56875,0.075];[0.570588,0.355882,0.073529];[0.283019,0.566038,0.150943];[0.650943,0.330189,0.018868];[0.165680473373,0.0473372781065,0.479289940828,0.307692307692];2;238.0;-0.265781391166;773;22;0.06769230769230769;2.076923076923077;42.879999999999995;30.384615384615383;75.32923076923076;9.538461538461538;33.76923076923077;14.153846153846153;2.916923076923077;0.0;1.8676923076923075;1.923076923076923;0.3723076923076923;0.22461538461538463;1.3784615384615384;6.923076923076923;6.615384615384615
11286;zone52;4503.72067559025;3742.2957906521283;0.0;zone52;S01010307;9;821;732;428;[0.189922,0.577519,0.232558];[0.407407,0.487654,0.104938];[0.346154,0.538462,0.115385];[0.71875,0.234375,0.046875];[0.0681818181818,0.0568181818182,0.375,0.5];5;319.0;-0.172537833795;477;32;0.14222222222222222;1.8888888888888888;41.42666666666667;47.333333333333336;88.0888888888889;12.0;38.888888888888886;14.333333333333334;4.737777777777778;0.0;2.057777777777778;3.897777777777778;0.8711111111111111;0.4044444444444445;0.9866666666666666;8.222222222222221;11.0
11286;zone53;4364.519870735056;4047.768725526131;0.0;zone53;S01010308;9;975;858;480;[0.285714,0.54007,0.174216];[0.511936,0.384615,0.103448];[0.254902,0.411765,0.333333];[0.648352,0.307692,0.043956];[0.0970873786408,0.0631067961165,0.359223300971,0.480582524272];4;257.0;-0.244477582955;1010;21;0.08;1.5555555555555556;56.53777777777777;40.55555555555556;82.86222222222221;9.11111111111111;34.888888888888886;19.333333333333332;4.351111111111112;0.0;4.346666666666667;1.3511111111111112;0.72;0.4177777777777778;1.6800000000000002;5.222222222222222;10.222222222222221
11286;zone54;5381.88771051669;3636.3205112402793;0.0;zone54;S01010309;4;419;356;264;[0.333333,0.25,0.416667];[0.478873,0.422535,0.098592];[0.352941,0.382353,0.264706];[0.705882,0.24183,0.052288];[0.365853658537,0.170731707317,0.390243902439,0.0731707317073];1;0.0;-0.540229885057;2290;5;0.04;1.75;58.870000000000005;24.5;68.36999999999999;7.0;29.25;20.25;1.35;0.0;1.83;0.11000000000000001;1.13;0.15000000000000002;1.32;4.0;4.0
11286;zone55;5657.373406240428;3625.6586165034923;0.0;zone55;S01010310;13;706;540;381;[0.333333,0.238095,0.428571];[0.565517,0.337931,0.096552];[0.54902,0.27451,0.176471];[0.715415,0.256917,0.027668];[0.484848484848,0.151515151515,0.318181818182,0.0454545454545];1;574.0;0.120406534162;804;30;0.08615384615384615;1.0;41.12307692307692;31.0;77.83692307692309;11.461538461538462;36.46153846153846;14.307692307692308;2.2615384615384615;0.0;2.04;0.34461538461538466;2.855384615384615;0.41846153846153844;2.0523076923076924;4.076923076923077;7.153846153846154
11286;zone56;5685.425126382168;3318.6970593171873;0.0;zone56;S01010311;22;721;556;351;[0.411765,0.352941,0.235294];[0.472222,0.453704,0.074074];[0.571429,0.404762,0.02381];[0.717949,0.271062,0.010989];[0.565217391304,0.121739130435,0.269565217391,0.0434782608696];1;1534.0;1.22364271569;1767;26;0.04727272727272727;1.1818181818181819;57.83818181818182;23.363636363636363;82.8690909090909;11.136363636363637;36.40909090909091;19.545454545454547;1.3454545454545455;0.0;2.534545454545454;0.04727272727272727;1.9872727272727273;0.4727272727272727;2.6054545454545455;4.954545454545454;5.318181818181818
11286;zone57;5466.52613028024;3072.1402274564575;0.0;zone57;S01010312;34;868;647;425;[0.117647,0.823529,0.058824];[0.754386,0.22807,0.017544];[0.407407,0.444444,0.148148];[0.804945,0.153846,0.041209];[0.586956521739,0.115942028986,0.268115942029,0.0289855072464];1;685.0;0.247477927043;1715;39;0.04235294117647059;1.3529411764705883;70.43529411764705;25.852941176470587;88.97176470588234;10.911764705882353;37.029411764705884;24.0;1.8505882352941174;0.0;3.1070588235294108;0.06470588235294118;2.021176470588235;0.3776470588235294;2.6388235294117637;5.352941176470588;6.5588235294117645
11286;zone58;5251.7403530303945;3502.549209042501;0.0;zone58;S01010313;16;654;529;356;[0.428571,0.285714,0.285714];[0.6,0.333333,0.066667];[0.433735,0.481928,0.084337];[0.739623,0.162264,0.098113];[0.648351648352,0.131868131868,0.175824175824,0.043956043956];1;565.0;0.109617915218;2108;21;0.0425;0.9375;56.6375;26.875;77.2675;10.0;33.9375;19.625;1.1500000000000001;0.0;3.079999999999999;0.13;1.8199999999999998;0.2625;2.3074999999999997;3.3125;5.75
11286;zone59;4840.312157862589;3385.4448126102257;0.0;zone59;S01010314;21;1248;1034;550;[0.358209,0.507463,0.134328];[0.514493,0.333333,0.152174];[0.5,0.326923,0.173077];[0.636,0.324,0.04];[0.316901408451,0.133802816901,0.401408450704,0.147887323944];1;637.0;0.192402372167;1077;26;0.04952380952380953;1.4761904761904763;47.95619047619047;25.714285714285715;80.47238095238097;12.0;36.0;16.38095238095238;2.4057142857142857;0.0;2.342857142857143;0.9695238095238095;0.9923809523809524;0.35047619047619055;1.967619047619048;5.571428571428571;6.142857142857143
11286;zone60;4536.293429266749;2504.1273706154316;0.0;zone60;S01010315;43;911;678;409;[0.180723,0.554217,0.26506];[0.252632,0.457895,0.289474];[0.208333,0.5,0.291667];[0.55144,0.345679,0.102881];[0.308176100629,0.169811320755,0.358490566038,0.163522012579];2;382.0;-0.100954860853;1625;74;0.0641860465116279;1.2325581395348837;47.16930232558139;26.325581395348838;81.96744186046513;11.627906976744185;37.372093023255815;15.86046511627907;2.350697674418605;0.0;3.0027906976744188;0.03813953488372093;1.9144186046511629;0.5637209302325581;2.5125581395348844;4.883720930232558;6.930232558139535
11286;zone61;4589.6619547948285;2943.195659127726;0.0;zone61;S01010316;25;512;414;304;[0.392157,0.529412,0.078431];[0.62931,0.37069,0.0];[0.439024,0.560976,0.0];[0.775401,0.224599,0.0];[0.439252336449,0.102803738318,0.252336448598,0.205607476636];1;481.0;0.0128180141103;1346;48;0.0736;1.16;46.84;28.44;78.8368;10.64;35.96;15.8;1.5375999999999999;0.0;2.3743999999999996;0.0;2.8352;0.3232000000000001;2.3232;5.04;6.24
11286;zone63;4421.5566371748755;3071.026327566895;0.0;zone63;S01010318;12;1588;1497;304;[0.5,0.456522,0.043478];[0.469799,0.47651,0.053691];[0.310345,0.37931,0.310345];[0.678571,0.285714,0.035714];[0.36,0.14,0.34,0.16];3;317.0;-0.175110645645;1279;37;0.11666666666666667;1.1666666666666667;53.82333333333333;28.75;98.58333333333331;14.25;43.666666666666664;18.5;4.906666666666667;0.0;4.556666666666667;0.7433333333333333;0.8266666666666667;0.6633333333333332;2.3433333333333333;6.416666666666667;10.583333333333334
11286;zone64;4173.240913470097;2893.8040771744095;0.0;zone64;S01010319;9;711;624;407;[0.258741,0.608392,0.132867];[0.383399,0.486166,0.130435];[0.439394,0.212121,0.348485];[0.530769,0.384615,0.084615];[0.171974522293,0.0700636942675,0.471337579618,0.286624203822];2;473.0;0.00423719084943;1420;13;0.05333333333333334;1.7777777777777777;38.10666666666666;23.22222222222222;85.24444444444445;12.444444444444445;39.666666666666664;12.666666666666666;3.906666666666667;0.0;1.9511111111111115;0.19111111111111112;1.3244444444444445;0.4577777777777778;2.1733333333333333;8.777777777777779;7.0
11286;zone65;3940.1918462749595;2900.8899784533987;0.0;zone65;S01010320;4;675;594;437;[0.257813,0.523438,0.21875];[0.61753,0.298805,0.083665];[0.526316,0.22807,0.245614];[0.805085,0.169492,0.025424];[0.172185430464,0.0662251655629,0.443708609272,0.317880794702];1;646.0;0.202453315259;1317;5;0.05;0.5;39.94;33.75;73.6;11.25;34.0;13.5;6.08;0.0;1.48;0.9199999999999999;0.9300000000000002;0.12;2.4899999999999998;1.0;9.0
11286;zone66;3905.8658739096163;2664.6669636212755;0.0;zone66;S01010321;7;837;634;432;[0.401709,0.555556,0.042735];[0.54717,0.433962,0.018868];[0.45122,0.439024,0.109756];[0.666667,0.271186,0.062147];[0.212328767123,0.0958904109589,0.390410958904,0.301369863014];1;1019.0;0.631764531736;2102;16;0.08571428571428572;1.5714285714285714;52.74857142857143;26.0;87.18857142857142;11.285714285714286;38.0;18.142857142857142;2.468571428571429;0.0;4.194285714285715;0.01714285714285714;1.6400000000000001;0.6114285714285714;2.0171428571428573;7.142857142857143;7.857142857142857
11286;zone67;3630.3978644730896;3132.1651121578075;0.0;zone67;S01010322;9;1028;914;549;[0.174419,0.549419,0.276163];[0.412399,0.471698,0.115903];[0.298507,0.38806,0.313433];[0.647059,0.323529,0.029412];[0.057268722467,0.0352422907489,0.449339207048,0.458149779736];5;124.0;-0.397569575369;1450;29;0.1111111111111111;1.1111111111111112;37.364444444444445;41.44444444444444;77.3911111111111;10.777777777777779;34.333333333333336;12.555555555555555;5.248888888888889;0.0;4.133333333333334;0.7911111111111111;1.431111111111111;0.46222222222222226;1.7644444444444447;4.111111111111111;11.11111111111111
11286;zone68;6208.193116766784;3072.425066795916;0.0;zone68;S01010323;4;603;466;377;[0.555556,0.444444,0.0];[0.657143,0.271429,0.071429];[0.642857,0.321429,0.035714];[0.793651,0.166667,0.039683];[0.578431372549,0.166666666667,0.235294117647,0.0196078431373];1;970.0;0.57559463238;908;7;0.07;0.25;44.14;29.75;89.38;13.75;42.0;15.25;6.2;0.0;1.06;0.22;3.44;0.49;4.28;1.25;10.5
11286;zone69;6517.651722029823;2240.572579661372;0.0;zone69;S01010324;6;759;566;403;[0.142857,0.571429,0.285714];[0.298077,0.490385,0.211538];[0.333333,0.530864,0.135802];[0.401674,0.414226,0.1841];[0.569620253165,0.101265822785,0.291139240506,0.0379746835443];1;407.0;-0.0721601679586;1489;9;0.06;1.6666666666666667;53.24;26.166666666666668;90.40666666666665;12.333333333333334;40.0;18.0;3.5066666666666664;0.0;1.586666666666667;0.0;3.0;0.3133333333333333;2.24;7.5;7.833333333333333
11286;zone70;6038.016041009105;2402.8415869980217;0.0;zone70;S01010325;18;939;666;501;[0.263158,0.368421,0.368421];[0.383838,0.525253,0.090909];[0.253623,0.615942,0.130435];[0.451362,0.463035,0.085603];[0.545454545455,0.238636363636,0.193181818182,0.0227272727273];1;225.0;-0.281126582053;1709;29;0.06222222222222222;1.2222222222222223;33.02;24.77777777777778;72.92222222222222;11.38888888888889;35.44444444444444;10.944444444444445;1.8777777777777775;0.0;1.0466666666666666;0.0;2.6600000000000006;0.7111111111111111;2.2933333333333334;4.944444444444445;5.111111111111111
11286;zone71;5272.359331052501;2740.775131541117;0.0;zone71;S01010326;39;987;707;494;[0.526316,0.368421,0.105263];[0.522523,0.333333,0.144144];[0.492188,0.3125,0.195313];[0.723514,0.224806,0.05168];[0.54375,0.16875,0.23125,0.05625];1;1389.0;1.05701743376;937;69;0.07076923076923076;1.3076923076923077;47.76512820512821;26.564102564102566;82.25333333333333;11.23076923076923;36.794871794871796;16.17948717948718;1.4892307692307691;0.0;5.668717948717949;0.0041025641025641;1.2430769230769232;0.3394871794871795;2.565128205128205;4.948717948717949;7.948717948717949
11286;zone72;4970.167032608406;2501.795090448298;0.0;zone72;S01010327;34;982;660;362;[0.031746,0.507937,0.460317];[0.372881,0.432203,0.194915];[0.289063,0.328125,0.382813];[0.516892,0.347973,0.135135];[0.416184971098,0.21387283237,0.236994219653,0.132947976879];1;470.0;0.000335688704598;966;62;0.06941176470588235;1.3823529411764706;38.59529411764706;26.735294117647058;84.38470588235293;12.382352941176471;38.88235294117647;13.029411764705882;1.7270588235294115;0.0;6.240000000000001;0.00235294117647059;1.2282352941176473;0.39294117647058824;2.6258823529411766;6.117647058823529;8.705882352941176
11286;zone73;5975.307390960257;2677.5485166167286;0.0;zone73;S01010328;24;969;706;445;[0.16129,0.5,0.33871];[0.27044,0.471698,0.257862];[0.192547,0.434783,0.372671];[0.338983,0.432203,0.228814];[0.309352517986,0.258992805755,0.280575539568,0.151079136691];2;457.0;-0.0138550124678;2161;40;0.06666666666666667;1.375;31.85833333333333;26.958333333333332;70.51333333333334;10.75;34.333333333333336;10.625;2.6433333333333335;0.0;0.9900000000000001;0.0;2.751666666666667;0.37166666666666665;1.9716666666666667;4.208333333333333;6.166666666666667
