cycle;name;location.x;location.y;location.z;name;dataZone;nm_children;pop;over16;nm_hh;AB_car_prob;C1_car_prob;C2_car_prob;DE_car_prob;prob_social;simd;crimeRate;norm_crime;avg_dis_sh;neigh_play;daily_play_per_child;avg_FSA;avg_walk;daily_OD;zone_mvpa;mvpa_home;mvpa_sc;mvpa_road;mvpa_play_field;mvpa_home_garden;mvpa_park;mvpa_PG;mvpa_amenity;mvpa_shops;mvpa_F_home;mvpa_fsa;mvpa_OD
11286;zone0;8448.90275962388;2625.4515469546564;0.0;zone0;S01010195;19;531;390;212;[0.0,0.481481,0.518519];[0.261538,0.646154,0.092308];[0.12,0.59,0.29];[0.447368,0.368421,0.184211];[0.418918918919,0.283783783784,0.202702702703,0.0945945945946];1;0.0;-0.540229885057;1055;30;0.05894736842105263;1.3157894736842106;33.928421052631585;24.526315789473685;72.26736842105261;11.157894736842104;34.421052631578945;11.736842105263158;1.1494736842105262;0.0;3.3368421052631576;0.01684210526315789;2.0315789473684207;0.4231578947368422;2.143157894736842;4.2105263157894735;6.052631578947368
11286;zone1;8656.736904000718;2165.9902346445633;0.0;zone1;S01010198;18;1027;748;394;[0.058824,0.529412,0.411765];[0.305785,0.561983,0.132231];[0.219858,0.496454,0.283688];[0.523179,0.331126,0.145695];[0.48623853211,0.229357798165,0.266055045872,0.0183486238532];1;1609.0;1.3102524676;1253;34;0.07111111111111111;0.9444444444444444;30.49111111111112;26.22222222222222;69.68;11.055555555555555;34.388888888888886;10.333333333333334;1.5599999999999998;0.0;2.6866666666666665;0.08444444444444445;2.3311111111111114;0.3044444444444445;2.3444444444444446;2.7777777777777777;6.166666666666667
11286;zone2;8537.588755655543;3024.028900129281;0.0;zone2;S01010201;22;643;453;253;[0.0,0.47619,0.52381];[0.270833,0.3125,0.416667];[0.088,0.48,0.432];[0.296552,0.434483,0.268966];[0.365853658537,0.292682926829,0.292682926829,0.0487804878049];2;219.0;-0.28762447053;986;39;0.06363636363636363;1.2272727272727273;39.810909090909085;30.181818181818183;77.28727272727274;11.272727272727273;36.18181818181818;13.181818181818182;1.6436363636363636;0.0;2.8999999999999995;0.06909090909090909;3.2909090909090906;0.3963636363636364;2.1800000000000006;4.363636363636363;7.454545454545454
11286;zone3;8059.42097232239;3767.666522351409;0.0;zone3;S01010203;30;671;504;260;[0.090909,0.363636,0.545455];[0.263804,0.460123,0.276074];[0.094828,0.422414,0.482759];[0.183824,0.375,0.441176];[0.272727272727,0.218181818182,0.363636363636,0.145454545455];3;215.0;-0.292668818285;1947;65;0.08266666666666667;1.2666666666666666;46.13066666666667;30.333333333333332;78.6066666666667;10.4;36.06666666666667;15.766666666666667;2.001333333333333;0.0;3.0453333333333332;0.0;2.9106666666666663;0.2733333333333333;2.3;4.2;7.366666666666666
11286;zone4;8368.288440296214;3565.498290652094;0.0;zone4;S01010204;30;800;589;381;[0.272727,0.727273,0.0];[0.627451,0.27451,0.098039];[0.444444,0.533333,0.022222];[0.600619,0.321981,0.077399];[0.595041322314,0.157024793388,0.239669421488,0.00826446280992];1;497.0;0.0317745673598;1098;56;0.07066666666666667;1.2333333333333334;38.434666666666665;26.733333333333334;74.45866666666667;11.033333333333333;35.2;12.866666666666667;1.1960000000000002;0.0;2.058666666666667;0.08666666666666666;3.066666666666667;0.30400000000000005;2.3586666666666667;4.6;6.033333333333333
11286;zone5;8034.229745798958;3515.110462853287;0.0;zone5;S01010205;15;658;534;355;[0.411765,0.117647,0.470588];[0.465116,0.457364,0.077519];[0.317757,0.588785,0.093458];[0.593458,0.280374,0.126168];[0.466666666667,0.2,0.3,0.0333333333333];1;925.0;0.523434132086;1227;26;0.064;1.1333333333333333;44.38133333333334;30.666666666666668;79.35199999999999;11.0;36.333333333333336;15.133333333333333;1.9146666666666663;0.0;2.5333333333333328;0.00533333333333333;3.482666666666667;0.3280000000000001;2.3733333333333335;4.533333333333333;7.466666666666667
11286;zone6;7457.064719570519;3739.055375726369;0.0;zone6;S01010208;18;903;745;565;[0.30137,0.589041,0.109589];[0.48062,0.457364,0.062016];[0.272727,0.613636,0.113636];[0.66055,0.270642,0.068807];[0.233333333333,0.133333333333,0.461111111111,0.172222222222];1;603.0;0.153385979085;1383;17;0.03777777777777778;2.1666666666666665;53.43555555555557;21.944444444444443;90.94444444444443;13.055555555555555;39.94444444444444;18.11111111111111;1.2088888888888887;0.0;1.52;0.0;3.5466666666666673;0.34666666666666673;2.0400000000000005;9.38888888888889;5.777777777777778
11286;zone7;7917.838214725937;1939.334458859395;0.0;zone7;S01010209;24;966;677;468;[0.172414,0.586207,0.241379];[0.333333,0.414966,0.251701];[0.381944,0.458333,0.159722];[0.545852,0.336245,0.117904];[0.337931034483,0.248275862069,0.303448275862,0.110344827586];1;2053.0;1.82052250092;1697;38;0.06166666666666667;0.875;47.366666666666674;26.875;77.47666666666667;10.791666666666666;35.708333333333336;16.0;1.0583333333333331;0.0;3.4249999999999994;0.0;2.4666666666666672;0.44500000000000006;2.7899999999999996;3.1666666666666665;6.5
11286;zone8;7878.406567747077;2721.2634132011362;0.0;zone8;S01010210;18;885;641;416;[0.173913,0.456522,0.369565];[0.21519,0.5,0.28481];[0.189781,0.386861,0.423358];[0.422111,0.442211,0.135678];[0.394736842105,0.236842105263,0.254385964912,0.114035087719];1;344.0;-0.144253829852;1134;36;0.07555555555555556;1.2222222222222223;31.400000000000002;23.27777777777778;73.23333333333333;11.11111111111111;35.94444444444444;10.38888888888889;1.5822222222222222;0.0;2.7577777777777777;0.0;2.12;0.32222222222222224;2.7799999999999994;4.333333333333333;6.055555555555555
11286;zone9;7785.599648345685;3201.783800714137;0.0;zone9;S01010211;22;858;634;452;[0.147059,0.705882,0.147059];[0.384615,0.452991,0.162393];[0.469565,0.4,0.130435];[0.722656,0.226563,0.050781];[0.473214285714,0.169642857143,0.285714285714,0.0714285714286];1;430.0;-0.0456985893816;1103;45;0.07636363636363637;0.9545454545454546;41.43636363636364;26.5;77.38000000000001;11.5;36.59090909090909;14.0;1.8054545454545454;0.0;2.1454545454545455;0.0;2.8036363636363637;0.4127272727272727;2.6945454545454544;3.5;6.2272727272727275
11286;zone10;7580.688680869333;3097.127786881416;0.0;zone10;S01010212;49;1083;779;559;[0.233333,0.633333,0.133333];[0.594771,0.339869,0.065359];[0.465517,0.405172,0.12931];[0.712821,0.269231,0.017949];[0.566037735849,0.138364779874,0.22641509434,0.0691823899371];1;1473.0;1.15298517036;1182;85;0.0653061224489796;1.4285714285714286;47.04244897959183;26.367346938775512;79.20979591836735;11.183673469387756;35.87755102040816;16.142857142857142;1.195918367346939;0.0;1.9673469387755103;0.0;3.1526530612244907;0.4187755102040817;2.165714285714286;5.469387755102041;5.795918367346939
11286;zone11;8065.177293237223;3111.5884965344962;0.0;zone11;S01010213;13;924;657;476;[0.105263,0.684211,0.210526];[0.382609,0.547826,0.069565];[0.218543,0.556291,0.225166];[0.467925,0.483019,0.049057];[0.451327433628,0.221238938053,0.274336283186,0.0530973451327];1;247.0;-0.255840453357;1014;21;0.06461538461538462;1.8461538461538463;35.31384615384616;21.76923076923077;81.1076923076923;12.461538461538462;38.46153846153846;11.923076923076923;0.4153846153846154;0.0;1.8615384615384616;0.0;2.9138461538461535;0.4276923076923077;2.1384615384615384;9.0;4.615384615384615
11286;zone12;7144.994858230166;1947.4125453867302;0.0;zone12;S01010214;27;967;717;396;[0.098592,0.28169,0.619718];[0.197531,0.438272,0.364198];[0.173333,0.493333,0.333333];[0.237069,0.487069,0.275862];[0.361344537815,0.210084033613,0.310924369748,0.117647058824];3;176.0;-0.337854473183;1983;53;0.07851851851851852;1.5925925925925926;40.62518518518518;23.48148148148148;77.89333333333333;10.962962962962964;36.25925925925926;13.666666666666666;1.5599999999999996;0.0;2.3377777777777777;0.0;1.8474074074074076;0.285925925925926;1.8474074074074076;7.148148148148148;5.296296296296297
11286;zone13;7013.590150664996;2618.495528189446;0.0;zone13;S01010215;24;850;608;492;[0.571429,0.285714,0.142857];[0.5,0.431373,0.068627];[0.382609,0.391304,0.226087];[0.678571,0.269841,0.051587];[0.467289719626,0.140186915888,0.345794392523,0.0467289719626];1;547.0;0.0886083430805;629;31;0.05;1.125;41.76333333333333;29.791666666666668;78.57;10.958333333333334;37.041666666666664;14.041666666666666;0.9900000000000001;0.0;2.091666666666667;0.0;3.8816666666666664;0.40499999999999997;2.7633333333333336;4.541666666666667;6.5
11286;zone14;7332.222205807836;2329.961970144465;0.0;zone14;S01010216;15;621;464;361;[0.6,0.4,0.0];[0.597701,0.356322,0.045977];[0.409091,0.439394,0.151515];[0.709544,0.273859,0.016598];[0.5,0.163265306122,0.265306122449,0.0714285714286];1;600.0;0.150092344085;1304;25;0.06133333333333333;0.8666666666666667;44.62933333333333;26.333333333333332;79.93599999999999;11.866666666666667;37.266666666666666;15.066666666666666;1.8026666666666669;0.0;2.792;0.0;2.1626666666666665;0.3653333333333333;2.8346666666666662;3.933333333333333;6.2
11286;zone15;7299.833172322251;2625.8610945736937;0.0;zone15;S01010217;33;817;598;406;[0.16129,0.516129,0.322581];[0.565517,0.4,0.034483];[0.5,0.431373,0.068627];[0.702703,0.283784,0.013514];[0.541935483871,0.0967741935484,0.296774193548,0.0645161290323];1;1060.0;0.679274950851;1015;63;0.07272727272727272;1.4848484848484849;42.694545454545455;25.696969696969695;76.1721212121212;10.515151515151516;35.42424242424242;14.272727272727273;1.1284848484848484;0.0;2.1175757575757572;0.0;2.9696969696969693;0.4387878787878787;2.2496969696969695;5.333333333333333;5.757575757575758
11286;zone16;7142.953643082513;3018.5401822929393;0.0;zone16;S01010218;31;1018;790;587;[0.425532,0.404255,0.170213];[0.392523,0.453271,0.154206];[0.358209,0.492537,0.149254];[0.589124,0.335347,0.075529];[0.424657534247,0.109589041096,0.369863013699,0.0958904109589];1;557.0;0.101026678737;498;54;0.06322580645161291;1.6774193548387097;31.472258064516126;25.161290322580644;78.32903225806452;12.258064516129032;37.774193548387096;10.64516129032258;0.9625806451612902;0.0;1.3509677419354837;0.0;3.8141935483870966;0.3961290322580645;1.9677419354838708;7.290322580645161;5.709677419354839
11286;zone17;6738.8937706128745;4298.8917997019325;0.0;zone17;S01010219;21;503;382;274;[0.695652,0.304348,0.0];[0.758621,0.215517,0.025862];[0.761905,0.166667,0.071429];[0.781609,0.195402,0.022989];[0.41935483871,0.0752688172043,0.408602150538,0.0967741935484];2;184.0;-0.327838932938;1529;52;0.09714285714285714;1.0476190476190477;67.86666666666666;37.57142857142857;87.32000000000001;9.857142857142858;35.61904761904762;22.714285714285715;2.48;0.0;6.133333333333334;0.01142857142857143;2.0171428571428573;0.34285714285714297;2.144761904761905;4.238095238095238;10.238095238095237
11286;zone18;5915.780765415368;4211.222876105162;0.0;zone18;S01010220;7;476;433;279;[0.181159,0.608696,0.210145];[0.404255,0.531915,0.06383];[0.227273,0.704545,0.068182];[0.448276,0.482759,0.068966];[0.154545454545,0.0636363636364,0.318181818182,0.463636363636];5;267.0;-0.232306706325;950;11;0.06285714285714286;2.142857142857143;32.674285714285716;15.428571428571429;72.28571428571429;11.0;34.42857142857143;11.0;1.7200000000000002;0.0;1.2914285714285714;0.04;0.7942857142857143;0.64;1.7142857142857142;8.0;3.142857142857143
11286;zone19;6341.0811208317455;3913.8398648988496;0.0;zone19;S01010221;13;546;394;260;[0.6,0.4,0.0];[0.557377,0.409836,0.032787];[0.538462,0.323077,0.138462];[0.699387,0.257669,0.042945];[0.609375,0.140625,0.203125,0.046875];1;635.0;0.19005459739;1064;19;0.05846153846153846;1.3076923076923077;47.590769230769226;20.384615384615383;77.74153846153847;11.153846153846153;35.15384615384615;16.384615384615383;3.3046153846153845;0.0;2.1815384615384614;0.0;0.6461538461538462;0.3261538461538462;2.784615384615385;3.923076923076923;5.6923076923076925
11286;zone20;7001.213463613622;4053.9957950241624;0.0;zone20;S01010222;15;492;414;285;[0.142857,0.5,0.357143];[0.432432,0.459459,0.108108];[0.348624,0.522936,0.12844];[0.747899,0.235294,0.016807];[0.345238095238,0.214285714286,0.309523809524,0.130952380952];1;377.0;-0.105830277325;1759;23;0.05866666666666667;1.0;35.8;23.066666666666666;73.01599999999999;11.0;35.4;12.066666666666666;2.9013333333333335;0.0;1.6693333333333333;0.0;1.4213333333333333;0.5706666666666665;2.194666666666667;3.933333333333333;5.4
11286;zone21;6986.8418912765155;3434.1450308482026;0.0;zone21;S01010223;4;556;462;337;[0.076923,0.538462,0.384615];[0.567797,0.330508,0.101695];[0.472222,0.444444,0.083333];[0.584699,0.36612,0.04918];[0.432432432432,0.162162162162,0.324324324324,0.0810810810811];1;439.0;-0.0353356041414;1682;3;0.03;1.0;64.08;25.0;81.58;10.0;35.75;21.75;2.7199999999999998;0.0;1.0699999999999998;0.0;2.51;0.21000000000000002;2.1500000000000004;3.75;5.75
11286;zone22;6247.397837456437;3329.661273309237;0.0;zone22;S01010224;40;1036;727;469;[0.405405,0.540541,0.054054];[0.592593,0.274074,0.133333];[0.418803,0.504274,0.076923];[0.768421,0.202632,0.028947];[0.506097560976,0.140243902439,0.268292682927,0.0853658536585];1;1004.0;0.614259332793;1037;63;0.062;1.525;41.452999999999996;14.875;72.234;10.525;34.25;13.975;2.1930000000000005;0.0;1.105;0.046;0.7709999999999998;0.32499999999999996;2.056;5.275;3.525
11286;zone23;7827.985844039554;4105.4701191949;0.0;zone23;S01010225;33;812;636;431;[0.25,0.634615,0.115385];[0.469072,0.43299,0.097938];[0.54023,0.413793,0.045977];[0.672065,0.234818,0.093117];[0.385185185185,0.125925925926,0.325925925926,0.162962962963];1;1006.0;0.616572011517;1640;37;0.04484848484848485;1.9090909090909092;47.51151515151514;17.96969696969697;79.32363636363635;11.0;36.121212121212125;16.272727272727273;1.3684848484848482;0.0;1.6436363636363636;0.02060606060606061;1.5684848484848484;0.31515151515151507;1.9612121212121212;7.181818181818182;4.121212121212121
11286;zone24;7040.363001382077;4481.052780471187;0.0;zone24;S01010226;40;816;565;394;[0.454545,0.242424,0.30303];[0.715385,0.2,0.084615];[0.540541,0.405405,0.054054];[0.766917,0.18797,0.045113];[0.503355704698,0.201342281879,0.221476510067,0.0738255033557];2;422.0;-0.0548014077425;1115;91;0.088;1.15;43.31300000000001;33.575;78.256;10.4;35.35;14.75;3.473;0.0;3.5080000000000005;0.069;1.8330000000000002;0.337;2.146;4.75;8.4
11286;zone25;6847.772309074456;4638.663588163389;0.0;zone25;S01010227;39;692;454;294;[0.413793,0.413793,0.172414];[0.704545,0.238636,0.056818];[0.654545,0.345455,0.0];[0.810606,0.159091,0.030303];[0.672268907563,0.0924369747899,0.159663865546,0.0756302521008];4;0.0;-0.540229885057;1112;126;0.12512820512820513;1.1794871794871795;44.582564102564106;41.61538461538461;85.48615384615388;11.205128205128204;37.35897435897436;15.102564102564102;2.3784615384615373;0.0;7.701538461538462;0.1087179487179487;1.9907692307692308;0.3835897435897437;2.4030769230769233;5.128205128205129;11.666666666666666
11286;zone26;8241.816993110848;4572.457656401622;0.0;zone26;S01010229;30;1016;787;508;[0.1,0.625,0.275];[0.350877,0.350877,0.298246];[0.348315,0.477528,0.174157];[0.565217,0.310559,0.124224];[0.420731707317,0.213414634146,0.292682926829,0.0731707317073];1;395.0;-0.0859445809966;1214;36;0.048;1.7;38.98666666666666;16.166666666666668;73.74133333333334;10.566666666666666;34.86666666666667;13.333333333333334;1.0160000000000002;0.0;1.7826666666666668;0.0;1.4986666666666664;0.3426666666666666;1.8946666666666667;6.533333333333333;3.933333333333333
11286;zone27;7458.320056766788;4680.341251240345;0.0;zone27;S01010230;24;1005;772;577;[0.314286,0.628571,0.057143];[0.703883,0.296117,0.0];[0.727273,0.218182,0.054545];[0.71831,0.24507,0.03662];[0.517857142857,0.136904761905,0.267857142857,0.077380952381];1;846.0;0.433218203459;711;35;0.05833333333333333;1.4166666666666667;40.21999999999999;30.125;76.03833333333334;11.0;35.0;13.583333333333334;1.8933333333333333;0.0;3.668333333333333;0.04333333333333333;2.2949999999999995;0.37833333333333335;1.9883333333333333;4.458333333333333;7.541666666666667
11286;zone28;7569.802990100143;4917.458811240416;0.0;zone28;S01010232;37;1074;792;485;[0.457143,0.485714,0.057143];[0.557292,0.338542,0.104167];[0.492063,0.333333,0.174603];[0.654229,0.251244,0.094527];[0.470297029703,0.153465346535,0.306930693069,0.0693069306931];1;771.0;0.347049794199;966;63;0.06486486486486487;1.5675675675675675;45.820540540540534;25.54054054054054;78.59675675675676;11.027027027027026;35.24324324324324;15.405405405405405;1.3578378378378377;0.0;2.164324324324325;0.05297297297297297;2.6183783783783787;0.36324324324324325;2.1935135135135133;6.405405405405405;5.72972972972973
11286;zone29;7830.713068379679;4879.746446724283;0.0;zone29;S01010233;33;970;705;476;[0.275,0.625,0.1];[0.655629,0.245033,0.099338];[0.52809,0.426966,0.044944];[0.771505,0.212366,0.016129];[0.587209302326,0.093023255814,0.261627906977,0.0581395348837];1;284.0;-0.213781821634;1335;57;0.06909090909090909;1.393939393939394;53.25212121212121;27.636363636363637;85.6581818181818;11.848484848484848;37.90909090909091;18.151515151515152;1.1272727272727274;0.0;2.192727272727273;0.08848484848484849;3.775757575757576;0.38545454545454544;2.3733333333333335;6.03030303030303;6.666666666666667
11286;zone30;6473.383843181837;4954.519765957263;0.0;zone30;S01010261;6;2551;2373;526;[0.666667,0.270833,0.0625];[0.675841,0.281346,0.042813];[0.75,0.25,0.0];[0.824468,0.164894,0.010638];[0.41,0.06,0.41,0.12];3;176.0;-0.337679921334;1604;9;0.05333333333333334;1.3333333333333333;75.34;33.833333333333336;103.24000000000001;13.166666666666666;42.833333333333336;25.166666666666668;4.726666666666667;0.0;0.8733333333333334;0.12666666666666668;4.933333333333333;0.34;2.7466666666666666;6.166666666666667;10.0
11286;zone31;4930.642193689802;4959.449818932565;0.0;zone31;S01010266;3;555;474;237;[0.320755,0.556604,0.122642];[0.677273,0.254545,0.068182];[0.5,0.461538,0.038462];[0.534247,0.30137,0.164384];[0.141176470588,0.0588235294118,0.4,0.4];3;536.0;0.0761386922126;1010;7;0.09333333333333334;2.3333333333333335;43.026666666666664;29.333333333333332;79.69333333333333;11.333333333333334;35.333333333333336;14.0;2.32;0.0;2.3733333333333335;0.3866666666666667;3.24;0.21333333333333335;1.8133333333333332;7.333333333333333;8.0
11286;zone32;5712.5549897826;4979.400336637217;0.0;zone32;S01010270;4;1153;972;817;[0.389831,0.533898,0.076271];[0.70255,0.252125,0.045326];[0.714286,0.272727,0.012987];[0.771552,0.228448,0.0];[0.125,0.0909090909091,0.454545454545,0.329545454545];1;871.0;0.461200629557;1645;5;0.05;0.5;71.94000000000001;35.75;91.69;10.25;37.0;25.25;9.32;0.0;1.48;0.22;0.7300000000000001;0.52;2.41;2.5;11.25
11286;zone33;3394.0723536088512;4934.677182292946;0.0;zone33;S01010282;13;976;841;645;[0.438776,0.520408,0.040816];[0.545732,0.405488,0.04878];[0.521277,0.382979,0.095745];[0.712707,0.232044,0.055249];[0.190954773869,0.070351758794,0.35175879397,0.386934673367];2;350.0;-0.137812028107;1361;16;0.04923076923076923;2.076923076923077;49.48923076923076;26.53846153846154;94.40923076923079;13.384615384615385;40.38461538461539;16.53846153846154;0.8184615384615384;0.0;7.4;0.49230769230769234;0.5907692307692307;0.5261538461538462;1.8953846153846154;10.384615384615385;8.76923076923077
11286;zone34;4385.789287498423;4835.237486850067;0.0;zone34;S01010289;15;771;687;380;[0.130952,0.511905,0.357143];[0.262911,0.502347,0.234742];[0.178571,0.464286,0.357143];[0.410256,0.435897,0.153846];[0.058064516129,0.0322580645161,0.245161290323,0.664516129032];5;259.0;-0.241396294863;1544;38;0.096;2.4;57.160000000000004;35.86666666666667;83.22933333333334;9.266666666666667;34.333333333333336;19.0;1.7253333333333332;0.0;4.981333333333334;0.9706666666666667;1.2586666666666666;0.37066666666666676;1.24;8.066666666666666;8.466666666666667
11286;zone35;4401.5375624188455;4669.062022109911;0.0;zone35;S01010290;13;546;485;278;[0.198198,0.603604,0.198198];[0.485944,0.449799,0.064257];[0.555556,0.444444,0.0];[0.435897,0.512821,0.051282];[0.10752688172,0.0430107526882,0.494623655914,0.354838709677];3;353.0;-0.133686757747;1248;39;0.11692307692307692;2.3076923076923075;51.93846153846154;32.0;91.85230769230769;11.384615384615385;38.76923076923077;18.076923076923077;2.436923076923077;0.0;5.566153846153845;1.3261538461538462;0.7384615384615384;0.28923076923076924;1.4738461538461538;10.076923076923077;9.461538461538462
11286;zone36;4119.983651650423;4281.100418217042;0.0;zone36;S01010291;12;1075;975;481;[0.405594,0.447552,0.146853];[0.627907,0.277132,0.094961];[0.415094,0.433962,0.150943];[0.562963,0.325926,0.111111];[0.197080291971,0.0729927007299,0.445255474453,0.284671532847];3;438.0;-0.0363924713322;744;30;0.09666666666666666;1.3333333333333333;35.279999999999994;38.083333333333336;79.67333333333333;11.083333333333334;36.083333333333336;11.833333333333334;2.226666666666667;0.0;6.916666666666667;0.9400000000000001;0.6833333333333332;0.18999999999999997;2.1433333333333335;5.583333333333333;10.25
11286;zone37;4399.731076226201;4291.6703625917;0.0;zone37;S01010292;10;890;831;409;[0.348214,0.508929,0.142857];[0.477169,0.420091,0.10274];[0.339286,0.446429,0.214286];[0.55814,0.383721,0.05814];[0.128378378378,0.0540540540541,0.398648648649,0.418918918919];4;323.0;-0.168488563048;1269;24;0.096;1.7;48.483999999999995;39.2;78.82000000000001;9.3;33.3;16.5;2.98;0.0;6.223999999999999;0.6799999999999999;0.6639999999999999;0.11600000000000002;1.7880000000000003;5.6;10.0
11286;zone38;4514.690807242894;4541.15458266895;0.0;zone38;S01010293;16;839;723;373;[0.51773,0.35461,0.12766];[0.635389,0.262735,0.101877];[0.446809,0.319149,0.234043];[0.514286,0.392857,0.092857];[0.242424242424,0.0606060606061,0.393939393939,0.30303030303];3;290.0;-0.205814991507;1129;39;0.095;2.125;59.089999999999996;33.125;87.58249999999998;9.9375;35.875;20.3125;1.8449999999999998;0.0;6.21;0.48750000000000004;0.67;0.335;1.32;8.875;8.625
11286;zone39;4541.7482834333705;4418.565122351524;0.0;zone39;S01010294;13;690;631;275;[0.242105,0.526316,0.231579];[0.650873,0.214464,0.134663];[0.583333,0.208333,0.208333];[0.414894,0.489362,0.095745];[0.164835164835,0.043956043956,0.494505494505,0.296703296703];4;440.0;-0.0342259463805;1308;29;0.08923076923076922;1.1538461538461537;48.5323076923077;38.84615384615385;82.47076923076924;10.846153846153847;36.23076923076923;16.53846153846154;1.9015384615384614;0.0;6.584615384615383;0.8307692307692307;0.8800000000000001;0.3230769230769231;1.8830769230769229;4.769230769230769;9.538461538461538
11286;zone40;4766.8646917667475;4574.50133624035;0.0;zone40;S01010295;18;974;870;427;[0.384615,0.391026,0.224359];[0.604555,0.310559,0.084886];[0.428571,0.285714,0.285714];[0.390728,0.516556,0.092715];[0.212765957447,0.113475177305,0.297872340426,0.375886524823];4;529.0;0.0680145754747;1287;57;0.12444444444444444;2.0;46.208888888888886;40.333333333333336;84.66222222222223;10.555555555555555;36.22222222222222;15.722222222222221;2.7088888888888896;0.0;7.588888888888889;1.1955555555555557;1.037777777777778;0.2733333333333334;1.4533333333333336;6.166666666666667;11.88888888888889
11286;zone41;4647.752341766679;4736.091736240359;0.0;zone41;S01010296;16;664;560;291;[0.294118,0.423529,0.282353];[0.520913,0.368821,0.110266];[0.375,0.375,0.25];[0.475524,0.391608,0.132867];[0.282828282828,0.111111111111,0.363636363636,0.242424242424];2;856.0;0.444094443477;1442;40;0.09;1.0625;49.792500000000004;36.4375;80.8375;11.0;35.4375;17.0;1.7125;0.0;5.005000000000001;1.2225000000000001;1.2800000000000002;0.30750000000000005;1.8624999999999998;4.25;8.8125
11286;zone42;5522.849421766708;4411.996091240393;0.0;zone42;S01010297;7;1066;894;676;[0.582609,0.382609,0.034783];[0.691824,0.245283,0.062893];[0.540541,0.333333,0.126126];[0.681275,0.270916,0.047809];[0.260563380282,0.140845070423,0.37323943662,0.225352112676];1;504.0;0.0391758595379;530;14;0.08;1.5714285714285714;37.628571428571426;29.714285714285715;67.91428571428571;8.571428571428571;33.0;12.714285714285714;1.4228571428571428;0.0;0.7371428571428572;0.06285714285714286;2.931428571428571;0.21142857142857144;2.411428571428572;4.142857142857143;4.571428571428571
11286;zone43;4706.481893689814;4143.807995855712;0.0;zone43;S01010298;12;880;677;515;[0.308943,0.479675,0.211382];[0.581395,0.356589,0.062016];[0.539683,0.396825,0.063492];[0.744828,0.193103,0.062069];[0.227272727273,0.0984848484848,0.371212121212,0.30303030303];1;486.0;0.0190902878356;1068;12;0.03333333333333333;1.6666666666666667;42.97666666666667;25.5;87.80333333333333;12.75;40.166666666666664;14.416666666666666;2.1666666666666665;0.0;4.503333333333333;0.4200000000000001;0.9533333333333331;0.3766666666666667;1.84;8.333333333333334;7.583333333333333
11286;zone44;4885.424673909578;4209.645754097502;0.0;zone44;S01010299;4;536;404;292;[0.3,0.54,0.16];[0.556701,0.340206,0.103093];[0.458333,0.520833,0.020833];[0.584906,0.283019,0.132075];[0.428571428571,0.0857142857143,0.285714285714,0.2];1;375.0;-0.10827530326;648;8;0.07;0.5;26.46;25.5;66.44000000000001;11.25;34.75;9.0;3.1100000000000003;0.0;0.53;0.7;1.33;0.52;2.59;1.5;5.0
11286;zone45;4883.397012115578;4340.414778682246;0.0;zone45;S01010300;21;934;764;478;[0.460784,0.411765,0.127451];[0.664653,0.238671,0.096677];[0.632353,0.323529,0.044118];[0.606383,0.329787,0.06383];[0.3046875,0.125,0.3515625,0.21875];2;513.0;0.0498225801839;648;34;0.06095238095238095;1.4285714285714286;33.80952380952381;27.142857142857142;75.68761904761907;11.571428571428571;35.857142857142854;11.380952380952381;1.2780952380952382;0.0;1.4323809523809523;0.41714285714285704;2.782857142857143;0.3676190476190476;2.4857142857142858;6.333333333333333;5.571428571428571
11286;zone46;5144.66081966521;4032.769083704074;0.0;zone46;S01010301;6;522;457;283;[0.292683,0.597561,0.109756];[0.57563,0.315126,0.109244];[0.222222,0.703704,0.074074];[0.561798,0.393258,0.044944];[0.214285714286,0.0612244897959,0.459183673469,0.265306122449];4;490.0;0.0232745011966;1733;20;0.12666666666666668;1.8333333333333333;61.75333333333333;38.333333333333336;87.18666666666667;10.166666666666666;36.0;21.166666666666668;3.26;0.0;0.9133333333333332;1.2266666666666666;2.7399999999999998;0.3066666666666667;1.6866666666666665;7.833333333333333;7.666666666666667
11286;zone47;5165.568789180556;4297.038752619699;0.0;zone47;S01010302;24;669;495;388;[0.65625,0.28125,0.0625];[0.6,0.356522,0.043478];[0.716981,0.226415,0.056604];[0.801802,0.18018,0.018018];[0.582417582418,0.0769230769231,0.263736263736,0.0769230769231];1;392.0;-0.0896499889057;1721;51;0.08333333333333333;1.5416666666666667;47.37166666666667;27.958333333333332;89.18333333333334;13.0;40.125;16.125;4.128333333333334;0.0;1.1183333333333334;0.3466666666666667;2.4483333333333333;0.325;2.6233333333333335;7.083333333333333;7.583333333333333
11286;zone48;5241.140616766716;4139.402270499609;0.0;zone48;S01010303;33;579;387;250;[0.692308,0.153846,0.153846];[0.56701,0.298969,0.134021];[0.630435,0.282609,0.086957];[0.658879,0.285047,0.056075];[0.58407079646,0.106194690265,0.274336283186,0.0353982300885];1;415.0;-0.0627120940391;1316;64;0.07636363636363637;0.9090909090909091;47.19030303030303;26.545454545454547;81.70909090909093;11.484848484848484;37.72727272727273;15.909090909090908;4.712727272727274;0.0;0.7236363636363636;0.23272727272727273;1.9199999999999997;0.3357575757575757;2.832727272727273;4.212121212121212;7.090909090909091
11286;zone49;4853.647576226233;3833.123065294377;0.0;zone49;S01010304;12;542;456;332;[0.323529,0.514706,0.161765];[0.635135,0.25,0.114865];[0.477273,0.522727,0.0];[0.829268,0.109756,0.060976];[0.372340425532,0.0425531914894,0.297872340426,0.287234042553];1;804.0;0.384523850516;1811;20;0.06333333333333334;1.9166666666666667;67.78666666666668;25.5;90.99333333333334;11.0;38.083333333333336;23.25;3.32;0.0;0.8666666666666667;0.6733333333333333;1.4933333333333332;0.35333333333333333;1.8866666666666667;8.0;5.833333333333333
11286;zone50;4697.410406890209;3639.1027396354093;0.0;zone50;S01010305;7;807;694;478;[0.36036,0.468468,0.171171];[0.553191,0.33617,0.110638];[0.409639,0.301205,0.289157];[0.589888,0.337079,0.073034];[0.198529411765,0.0735294117647,0.382352941176,0.345588235294];1;223.0;-0.28282788147;577;13;0.07428571428571429;1.2857142857142858;30.49142857142857;31.714285714285715;69.84;10.285714285714286;33.714285714285715;9.714285714285714;3.777142857142857;0.0;1.56;1.542857142857143;0.49142857142857144;0.2857142857142857;2.177142857142857;4.571428571428571;6.857142857142857
11286;zone51;4591.3082521834585;3868.367573740388;0.0;zone51;S01010306;13;752;675;449;[0.35625,0.56875,0.075];[0.570588,0.355882,0.073529];[0.283019,0.566038,0.150943];[0.650943,0.330189,0.018868];[0.165680473373,0.0473372781065,0.479289940828,0.307692307692];2;238.0;-0.265781391166;779;25;0.07384615384615385;2.3076923076923075;43.67076923076923;30.153846153846153;87.13230769230769;12.0;38.15384615384615;14.692307692307692;3.0338461538461536;0.0;1.2430769230769227;1.9723076923076923;1.1476923076923078;0.3815384615384616;1.8923076923076922;10.692307692307692;6.769230769230769
11286;zone52;4503.72067559025;3742.2957906521283;0.0;zone52;S01010307;9;821;732;428;[0.189922,0.577519,0.232558];[0.407407,0.487654,0.104938];[0.346154,0.538462,0.115385];[0.71875,0.234375,0.046875];[0.0681818181818,0.0568181818182,0.375,0.5];5;319.0;-0.172537833795;486;28;0.1111111111111111;2.0;36.32444444444444;37.55555555555556;80.10666666666667;10.777777777777779;36.111111111111114;12.11111111111111;3.537777777777778;0.0;1.8133333333333335;2.8044444444444445;0.7466666666666667;0.45333333333333337;1.2933333333333332;8.333333333333334;8.444444444444445
11286;zone53;4364.519870735056;4047.768725526131;0.0;zone53;S01010308;9;975;858;480;[0.285714,0.54007,0.174216];[0.511936,0.384615,0.103448];[0.254902,0.411765,0.333333];[0.648352,0.307692,0.043956];[0.0970873786408,0.0631067961165,0.359223300971,0.480582524272];4;257.0;-0.244477582955;1286;21;0.08888888888888889;2.7777777777777777;55.82222222222222;36.666666666666664;85.06666666666666;9.444444444444445;34.888888888888886;18.666666666666668;3.4444444444444446;0.0;3.3600000000000003;1.4755555555555555;0.9466666666666667;0.2222222222222222;0.8977777777777778;10.11111111111111;8.777777777777779
11286;zone54;5381.88771051669;3636.3205112402793;0.0;zone54;S01010309;4;419;356;264;[0.333333,0.25,0.416667];[0.478873,0.422535,0.098592];[0.352941,0.382353,0.264706];[0.705882,0.24183,0.052288];[0.365853658537,0.170731707317,0.390243902439,0.0731707317073];1;0.0;-0.540229885057;2004;7;0.07;0.75;91.53;30.5;90.01;9.25;34.75;32.25;3.3499999999999996;0.0;3.04;0.29;1.19;0.27;2.67;1.5;7.25
11286;zone55;5657.373406240428;3625.6586165034923;0.0;zone55;S01010310;13;706;540;381;[0.333333,0.238095,0.428571];[0.565517,0.337931,0.096552];[0.54902,0.27451,0.176471];[0.715415,0.256917,0.027668];[0.484848484848,0.151515151515,0.318181818182,0.0454545454545];1;574.0;0.120406534162;803;20;0.05846153846153846;1.2307692307692308;48.913846153846166;29.23076923076923;85.35076923076923;12.461538461538462;38.30769230769231;16.53846153846154;1.683076923076923;0.0;1.6707692307692308;2.4430769230769234;1.2615384615384615;0.4461538461538461;2.7415384615384615;6.3076923076923075;6.769230769230769
11286;zone56;5685.425126382168;3318.6970593171873;0.0;zone56;S01010311;22;721;556;351;[0.411765,0.352941,0.235294];[0.472222,0.453704,0.074074];[0.571429,0.404762,0.02381];[0.717949,0.271062,0.010989];[0.565217391304,0.121739130435,0.269565217391,0.0434782608696];1;1534.0;1.22364271569;1611;29;0.04727272727272727;1.3636363636363635;54.23272727272727;23.318181818181817;76.4890909090909;9.772727272727273;33.63636363636363;18.681818181818183;1.0345454545454542;0.0;2.8854545454545457;0.5036363636363637;1.1018181818181818;0.3018181818181819;1.978181818181819;4.681818181818182;4.954545454545454
11286;zone57;5466.52613028024;3072.1402274564575;0.0;zone57;S01010312;34;868;647;425;[0.117647,0.823529,0.058824];[0.754386,0.22807,0.017544];[0.407407,0.444444,0.148148];[0.804945,0.153846,0.041209];[0.586956521739,0.115942028986,0.268115942029,0.0289855072464];1;685.0;0.247477927043;1690;46;0.05411764705882353;1.411764705882353;64.79999999999998;22.029411764705884;81.12470588235294;9.647058823529411;34.0;22.205882352941178;0.7152941176470589;0.0;3.6799999999999993;0.04470588235294118;1.3811764705882354;0.3705882352941176;2.5247058823529414;4.764705882352941;5.352941176470588
11286;zone58;5251.7403530303945;3502.549209042501;0.0;zone58;S01010313;16;654;529;356;[0.428571,0.285714,0.285714];[0.6,0.333333,0.066667];[0.433735,0.481928,0.084337];[0.739623,0.162264,0.098113];[0.648351648352,0.131868131868,0.175824175824,0.043956043956];1;565.0;0.109617915218;2130;17;0.0425;0.8125;76.1925;27.0625;87.8075;10.4375;35.5625;26.4375;1.9824999999999997;0.0;4.255;0.10750000000000001;1.3850000000000002;0.4400000000000001;2.8975000000000004;2.6875;7.25
11286;zone59;4840.312157862589;3385.4448126102257;0.0;zone59;S01010314;21;1248;1034;550;[0.358209,0.507463,0.134328];[0.514493,0.333333,0.152174];[0.5,0.326923,0.173077];[0.636,0.324,0.04];[0.316901408451,0.133802816901,0.401408450704,0.147887323944];1;637.0;0.192402372167;1154;30;0.05714285714285714;2.5714285714285716;51.527619047619055;20.61904761904762;89.33333333333334;12.095238095238095;38.285714285714285;17.523809523809526;2.4514285714285715;0.0;2.508571428571428;0.5657142857142856;0.6876190476190477;0.3333333333333334;1.5523809523809522;11.523809523809524;5.714285714285714
11286;zone60;4536.293429266749;2504.1273706154316;0.0;zone60;S01010315;43;911;678;409;[0.180723,0.554217,0.26506];[0.252632,0.457895,0.289474];[0.208333,0.5,0.291667];[0.55144,0.345679,0.102881];[0.308176100629,0.169811320755,0.358490566038,0.163522012579];2;382.0;-0.100954860853;1636;95;0.08465116279069768;1.4883720930232558;46.55069767441861;29.906976744186046;83.01302325581395;11.255813953488373;36.44186046511628;15.627906976744185;2.4427906976744183;0.0;5.053023255813954;0.03255813953488372;1.5916279069767447;0.28744186046511633;2.3293023255813954;6.046511627906977;8.651162790697674
11286;zone61;4589.6619547948285;2943.195659127726;0.0;zone61;S01010316;25;512;414;304;[0.392157,0.529412,0.078431];[0.62931,0.37069,0.0];[0.439024,0.560976,0.0];[0.775401,0.224599,0.0];[0.439252336449,0.102803738318,0.252336448598,0.205607476636];1;481.0;0.0128180141103;1415;49;0.0784;1.44;52.25440000000001;27.2;81.2928;10.28;35.96;17.64;1.4016;0.0;4.5728;0.0416;1.5136;0.33120000000000005;2.3632000000000004;5.48;7.0
11286;zone63;4421.5566371748755;3071.026327566895;0.0;zone63;S01010318;12;1588;1497;304;[0.5,0.456522,0.043478];[0.469799,0.47651,0.053691];[0.310345,0.37931,0.310345];[0.678571,0.285714,0.035714];[0.36,0.14,0.34,0.16];3;317.0;-0.175110645645;990;19;0.06333333333333334;1.9166666666666667;48.48333333333333;27.166666666666668;84.54666666666667;11.083333333333334;36.5;16.5;4.586666666666667;0.0;2.9466666666666668;0.36333333333333334;0.55;0.38000000000000006;1.9866666666666664;8.0;7.916666666666667
11286;zone64;4173.240913470097;2893.8040771744095;0.0;zone64;S01010319;9;711;624;407;[0.258741,0.608392,0.132867];[0.383399,0.486166,0.130435];[0.439394,0.212121,0.348485];[0.530769,0.384615,0.084615];[0.171974522293,0.0700636942675,0.471337579618,0.286624203822];2;473.0;0.00423719084943;1591;14;0.05777777777777778;2.111111111111111;55.23555555555554;32.55555555555556;82.86222222222221;9.555555555555555;34.888888888888886;18.88888888888889;2.0488888888888885;0.0;4.52;0.22666666666666668;1.6133333333333333;0.3866666666666667;1.3511111111111112;7.555555555555555;7.888888888888889
11286;zone65;3940.1918462749595;2900.8899784533987;0.0;zone65;S01010320;4;675;594;437;[0.257813,0.523438,0.21875];[0.61753,0.298805,0.083665];[0.526316,0.22807,0.245614];[0.805085,0.169492,0.025424];[0.172185430464,0.0662251655629,0.443708609272,0.317880794702];1;646.0;0.202453315259;1133;8;0.08;1.0;34.12;26.5;69.03999999999999;9.5;33.5;11.0;3.59;0.0;1.73;0.26;1.8;0.28;2.72;2.5;7.0
11286;zone66;3905.8658739096163;2664.6669636212755;0.0;zone66;S01010321;7;837;634;432;[0.401709,0.555556,0.042735];[0.54717,0.433962,0.018868];[0.45122,0.439024,0.109756];[0.666667,0.271186,0.062147];[0.212328767123,0.0958904109589,0.390410958904,0.301369863014];1;1019.0;0.631764531736;1911;8;0.04571428571428571;2.0;85.85714285714286;26.571428571428573;91.8457142857143;9.571428571428571;34.42857142857143;29.428571428571427;2.64;0.0;2.897142857142857;0.05714285714285715;1.3885714285714286;0.3028571428571429;1.7485714285714287;7.571428571428571;6.571428571428571
11286;zone67;3630.3978644730896;3132.1651121578075;0.0;zone67;S01010322;9;1028;914;549;[0.174419,0.549419,0.276163];[0.412399,0.471698,0.115903];[0.298507,0.38806,0.313433];[0.647059,0.323529,0.029412];[0.057268722467,0.0352422907489,0.449339207048,0.458149779736];5;124.0;-0.397569575369;1455;26;0.10666666666666667;3.111111111111111;57.04444444444445;31.555555555555557;90.69333333333333;10.0;36.666666666666664;20.0;3.755555555555556;0.0;3.413333333333333;0.6977777777777778;1.3155555555555556;0.2;1.4355555555555555;11.333333333333334;8.666666666666666
11286;zone68;6208.193116766784;3072.425066795916;0.0;zone68;S01010323;4;603;466;377;[0.555556,0.444444,0.0];[0.657143,0.271429,0.071429];[0.642857,0.321429,0.035714];[0.793651,0.166667,0.039683];[0.578431372549,0.166666666667,0.235294117647,0.0196078431373];1;970.0;0.57559463238;1122;8;0.08;0.0;52.46999999999999;26.75;81.6;11.25;38.0;18.0;4.5;0.0;2.19;0.0;1.7899999999999998;0.5700000000000001;3.63;0.0;8.0
11286;zone69;6517.651722029823;2240.572579661372;0.0;zone69;S01010324;6;759;566;403;[0.142857,0.571429,0.285714];[0.298077,0.490385,0.211538];[0.333333,0.530864,0.135802];[0.401674,0.414226,0.1841];[0.569620253165,0.101265822785,0.291139240506,0.0379746835443];1;407.0;-0.0721601679586;1750;7;0.04;0.16666666666666666;43.086666666666666;26.166666666666668;67.85333333333332;9.833333333333334;33.166666666666664;14.5;1.26;0.0;1.4133333333333333;0.0;2.7533333333333334;0.3666666666666667;2.7000000000000006;0.6666666666666666;5.0
11286;zone70;6038.016041009105;2402.8415869980217;0.0;zone70;S01010325;18;939;666;501;[0.263158,0.368421,0.368421];[0.383838,0.525253,0.090909];[0.253623,0.615942,0.130435];[0.451362,0.463035,0.085603];[0.545454545455,0.238636363636,0.193181818182,0.0227272727273];1;225.0;-0.281126582053;1861;29;0.06;1.0555555555555556;46.440000000000005;22.88888888888889;79.18444444444445;12.055555555555555;37.166666666666664;15.61111111111111;1.6644444444444444;0.0;0.7911111111111111;0.0;3.2688888888888887;0.3666666666666667;2.106666666666667;4.444444444444445;5.277777777777778
11286;zone71;5272.359331052501;2740.775131541117;0.0;zone71;S01010326;39;987;707;494;[0.526316,0.368421,0.105263];[0.522523,0.333333,0.144144];[0.492188,0.3125,0.195313];[0.723514,0.224806,0.05168];[0.54375,0.16875,0.23125,0.05625];1;1389.0;1.05701743376;945;64;0.06256410256410257;1.0769230769230769;44.0697435897436;27.307692307692307;78.77538461538461;11.0;35.61538461538461;15.051282051282051;1.237948717948718;0.0;5.717948717948718;0.02666666666666667;1.233846153846154;0.4184615384615385;2.4410256410256412;4.410256410256411;7.6923076923076925
11286;zone72;4970.167032608406;2501.795090448298;0.0;zone72;S01010327;34;982;660;362;[0.031746,0.507937,0.460317];[0.372881,0.432203,0.194915];[0.289063,0.328125,0.382813];[0.516892,0.347973,0.135135];[0.416184971098,0.21387283237,0.236994219653,0.132947976879];1;470.0;0.000335688704598;950;55;0.06352941176470588;1.7647058823529411;41.997647058823524;23.11764705882353;76.40235294117646;10.176470588235293;34.76470588235294;14.205882352941176;0.908235294117647;0.0;4.983529411764706;0.00117647058823529;0.8458823529411763;0.3199999999999999;1.8717647058823532;6.529411764705882;6.205882352941177
11286;zone73;5975.307390960257;2677.5485166167286;0.0;zone73;S01010328;24;969;706;445;[0.16129,0.5,0.33871];[0.27044,0.471698,0.257862];[0.192547,0.434783,0.372671];[0.338983,0.432203,0.228814];[0.309352517986,0.258992805755,0.280575539568,0.151079136691];2;457.0;-0.0138550124678;2077;46;0.075;1.125;35.31333333333333;26.166666666666668;74.07833333333333;11.166666666666666;35.833333333333336;11.833333333333334;2.03;0.0;1.305;0.0;3.086666666666666;0.3166666666666667;2.315;4.291666666666667;5.916666666666667
