cycle;name;location.x;location.y;location.z;name;dataZone;nm_children;pop;over16;nm_hh;AB_car_prob;C1_car_prob;C2_car_prob;DE_car_prob;prob_social;simd;crimeRate;norm_crime;avg_dis_sh;neigh_play;daily_play_per_child;avg_FSA;avg_walk;daily_OD;zone_mvpa;mvpa_home;mvpa_sc;mvpa_road;mvpa_play_field;mvpa_home_garden;mvpa_park;mvpa_PG;mvpa_amenity;mvpa_shops;mvpa_F_home;mvpa_fsa;mvpa_OD
11286;zone0;8448.90275962388;2625.4515469546564;0.0;zone0;S01010195;19;531;390;212;[0.0,0.481481,0.518519];[0.261538,0.646154,0.092308];[0.12,0.59,0.29];[0.447368,0.368421,0.184211];[0.418918918919,0.283783783784,0.202702702703,0.0945945945946];1;0.0;-0.540229885057;1003;31;0.06315789473684211;0.6842105263157895;33.166315789473686;23.36842105263158;73.22526315789473;11.842105263157896;36.10526315789474;11.105263157894736;0.8778947368421053;0.0;2.7010526315789476;0.02315789473684211;2.3684210526315788;0.4884210526315789;2.9221052631578956;2.8947368421052633;5.421052631578948
11286;zone1;8656.736904000718;2165.9902346445633;0.0;zone1;S01010198;18;1027;748;394;[0.058824,0.529412,0.411765];[0.305785,0.561983,0.132231];[0.219858,0.496454,0.283688];[0.523179,0.331126,0.145695];[0.48623853211,0.229357798165,0.266055045872,0.0183486238532];1;1609.0;1.3102524676;1430;22;0.04;1.2777777777777777;51.306666666666665;24.833333333333332;80.75333333333336;10.722222222222221;36.55555555555556;17.72222222222222;1.3200000000000003;0.0;1.6422222222222225;0.19777777777777775;3.0866666666666673;0.38888888888888895;2.619999999999999;4.888888888888889;5.833333333333333
11286;zone2;8537.588755655543;3024.028900129281;0.0;zone2;S01010201;22;643;453;253;[0.0,0.47619,0.52381];[0.270833,0.3125,0.416667];[0.088,0.48,0.432];[0.296552,0.434483,0.268966];[0.365853658537,0.292682926829,0.292682926829,0.0487804878049];2;219.0;-0.28762447053;738;54;0.09454545454545454;1.0909090909090908;26.41272727272728;33.31818181818182;73.79090909090908;10.818181818181818;36.36363636363637;8.954545454545455;2.0999999999999996;0.0;2.978181818181818;0.09636363636363637;2.9781818181818185;0.3527272727272728;2.5363636363636366;4.818181818181818;7.681818181818182
11286;zone3;8059.42097232239;3767.666522351409;0.0;zone3;S01010203;30;671;504;260;[0.090909,0.363636,0.545455];[0.263804,0.460123,0.276074];[0.094828,0.422414,0.482759];[0.183824,0.375,0.441176];[0.272727272727,0.218181818182,0.363636363636,0.145454545455];3;215.0;-0.292668818285;1984;53;0.06933333333333333;1.6333333333333333;38.69466666666666;23.866666666666667;84.06133333333332;12.7;39.166666666666664;13.066666666666666;2.070666666666667;0.0;2.8426666666666667;0.0;2.386666666666666;0.37600000000000006;2.124;7.4;6.766666666666667
11286;zone4;8368.288440296214;3565.498290652094;0.0;zone4;S01010204;30;800;589;381;[0.272727,0.727273,0.0];[0.627451,0.27451,0.098039];[0.444444,0.533333,0.022222];[0.600619,0.321981,0.077399];[0.595041322314,0.157024793388,0.239669421488,0.00826446280992];1;497.0;0.0317745673598;1303;60;0.072;0.8333333333333334;43.60933333333334;32.166666666666664;75.57066666666668;10.3;35.53333333333333;15.1;0.9186666666666667;0.0;2.438666666666667;0.0;4.092;0.4173333333333333;2.237333333333333;2.8666666666666667;7.033333333333333
11286;zone5;8034.229745798958;3515.110462853287;0.0;zone5;S01010205;15;658;534;355;[0.411765,0.117647,0.470588];[0.465116,0.457364,0.077519];[0.317757,0.588785,0.093458];[0.593458,0.280374,0.126168];[0.466666666667,0.2,0.3,0.0333333333333];1;925.0;0.523434132086;1262;25;0.064;1.1333333333333333;41.792;31.866666666666667;77.48799999999999;10.866666666666667;36.8;14.133333333333333;1.1626666666666667;0.0;2.202666666666667;0.0;4.013333333333333;0.49066666666666675;2.106666666666667;4.2;7.0
11286;zone6;7457.064719570519;3739.055375726369;0.0;zone6;S01010208;18;903;745;565;[0.30137,0.589041,0.109589];[0.48062,0.457364,0.062016];[0.272727,0.613636,0.113636];[0.66055,0.270642,0.068807];[0.233333333333,0.133333333333,0.461111111111,0.172222222222];1;603.0;0.153385979085;1424;22;0.04666666666666667;1.6111111111111112;39.242222222222225;21.88888888888889;82.75111111111111;12.722222222222221;39.05555555555556;13.277777777777779;2.077777777777778;0.0;1.1044444444444443;0.0;2.9733333333333336;0.48222222222222233;2.4533333333333336;7.0;5.722222222222222
11286;zone7;7917.838214725937;1939.334458859395;0.0;zone7;S01010209;24;966;677;468;[0.172414,0.586207,0.241379];[0.333333,0.414966,0.251701];[0.381944,0.458333,0.159722];[0.545852,0.336245,0.117904];[0.337931034483,0.248275862069,0.303448275862,0.110344827586];1;2053.0;1.82052250092;1795;20;0.03333333333333333;1.7916666666666667;51.896666666666675;21.375;83.23833333333333;11.375;37.208333333333336;17.583333333333332;1.3366666666666667;0.0;1.2033333333333334;0.0;2.6566666666666667;0.3266666666666667;2.475;7.291666666666667;4.75
11286;zone8;7878.406567747077;2721.2634132011362;0.0;zone8;S01010210;18;885;641;416;[0.173913,0.456522,0.369565];[0.21519,0.5,0.28481];[0.189781,0.386861,0.423358];[0.422111,0.442211,0.135678];[0.394736842105,0.236842105263,0.254385964912,0.114035087719];1;344.0;-0.144253829852;1205;24;0.04888888888888889;1.3888888888888888;40.53333333333333;19.88888888888889;80.58222222222221;12.61111111111111;37.77777777777778;13.666666666666666;1.5422222222222222;0.0;2.2955555555555556;0.0;1.8266666666666669;0.3777777777777779;2.462222222222222;6.111111111111111;5.166666666666667
11286;zone9;7785.599648345685;3201.783800714137;0.0;zone9;S01010211;22;858;634;452;[0.147059,0.705882,0.147059];[0.384615,0.452991,0.162393];[0.469565,0.4,0.130435];[0.722656,0.226563,0.050781];[0.473214285714,0.169642857143,0.285714285714,0.0714285714286];1;430.0;-0.0456985893816;927;41;0.07272727272727272;1.3636363636363635;40.238181818181815;25.59090909090909;74.92000000000002;10.909090909090908;35.04545454545455;13.136363636363637;1.3636363636363635;0.0;2.7381818181818187;0.0;2.1163636363636367;0.31818181818181823;2.230909090909091;5.2272727272727275;5.681818181818182
11286;zone10;7580.688680869333;3097.127786881416;0.0;zone10;S01010212;49;1083;779;559;[0.233333,0.633333,0.133333];[0.594771,0.339869,0.065359];[0.465517,0.405172,0.12931];[0.712821,0.269231,0.017949];[0.566037735849,0.138364779874,0.22641509434,0.0691823899371];1;1473.0;1.15298517036;1089;91;0.07102040816326531;1.3061224489795917;43.97224489795918;27.224489795918366;78.67918367346938;11.224489795918368;36.30612244897959;15.040816326530612;1.3648979591836734;0.0;2.172244897959184;0.0;3.1004081632653064;0.41224489795918373;2.227755102040817;5.020408163265306;6.183673469387755
11286;zone11;8065.177293237223;3111.5884965344962;0.0;zone11;S01010213;13;924;657;476;[0.105263,0.684211,0.210526];[0.382609,0.547826,0.069565];[0.218543,0.556291,0.225166];[0.467925,0.483019,0.049057];[0.451327433628,0.221238938053,0.274336283186,0.0530973451327];1;247.0;-0.255840453357;1014;19;0.05846153846153846;1.8461538461538463;43.47999999999999;20.23076923076923;81.65230769230772;11.461538461538462;36.84615384615385;14.846153846153847;0.8707692307692307;0.0;1.953846153846154;0.0;2.1353846153846154;0.3230769230769231;2.1384615384615384;9.23076923076923;4.538461538461538
11286;zone12;7144.994858230166;1947.4125453867302;0.0;zone12;S01010214;27;967;717;396;[0.098592,0.28169,0.619718];[0.197531,0.438272,0.364198];[0.173333,0.493333,0.333333];[0.237069,0.487069,0.275862];[0.361344537815,0.210084033613,0.310924369748,0.117647058824];3;176.0;-0.337854473183;1805;63;0.09185185185185185;1.4444444444444444;45.64592592592592;30.40740740740741;86.62814814814817;12.037037037037036;39.18518518518518;15.407407407407407;2.946666666666667;0.0;3.2399999999999984;0.0;2.8829629629629636;0.31851851851851865;2.3762962962962955;6.518518518518518;8.666666666666666
11286;zone13;7013.590150664996;2618.495528189446;0.0;zone13;S01010215;24;850;608;492;[0.571429,0.285714,0.142857];[0.5,0.431373,0.068627];[0.382609,0.391304,0.226087];[0.678571,0.269841,0.051587];[0.467289719626,0.140186915888,0.345794392523,0.0467289719626];1;547.0;0.0886083430805;685;40;0.06333333333333334;1.6666666666666667;40.076666666666675;26.708333333333332;80.16166666666666;11.5;37.166666666666664;13.375;1.3216666666666665;0.0;1.6033333333333333;0.0;3.7083333333333344;0.39499999999999996;2.371666666666666;6.916666666666667;6.125
11286;zone14;7332.222205807836;2329.961970144465;0.0;zone14;S01010216;15;621;464;361;[0.6,0.4,0.0];[0.597701,0.356322,0.045977];[0.409091,0.439394,0.151515];[0.709544,0.273859,0.016598];[0.5,0.163265306122,0.265306122449,0.0714285714286];1;600.0;0.150092344085;1307;18;0.048;1.8;49.96266666666667;22.0;82.19466666666668;10.6;36.86666666666667;17.266666666666666;1.397333333333333;0.0;1.4773333333333334;0.0;2.3946666666666667;0.33866666666666667;1.922666666666667;8.333333333333334;4.8
11286;zone15;7299.833172322251;2625.8610945736937;0.0;zone15;S01010217;33;817;598;406;[0.16129,0.516129,0.322581];[0.565517,0.4,0.034483];[0.5,0.431373,0.068627];[0.702703,0.283784,0.013514];[0.541935483871,0.0967741935484,0.296774193548,0.0645161290323];1;1060.0;0.679274950851;990;65;0.07515151515151515;1.2121212121212122;41.43515151515152;28.272727272727273;79.94787878787878;11.272727272727273;37.45454545454545;13.93939393939394;1.295757575757576;0.0;2.2157575757575754;0.0;3.4933333333333323;0.5175757575757576;2.6496969696969694;5.424242424242424;6.606060606060606
11286;zone16;7142.953643082513;3018.5401822929393;0.0;zone16;S01010218;31;1018;790;587;[0.425532,0.404255,0.170213];[0.392523,0.453271,0.154206];[0.358209,0.492537,0.149254];[0.589124,0.335347,0.075529];[0.424657534247,0.109589041096,0.369863013699,0.0958904109589];1;557.0;0.101026678737;494;62;0.07870967741935483;1.2580645161290323;32.18580645161291;26.903225806451612;72.33935483870967;11.096774193548388;35.67741935483871;10.806451612903226;0.8619354838709679;0.0;1.0451612903225809;0.0;3.7148387096774194;0.45161290322580644;2.2761290322580647;4.774193548387097;5.129032258064516
11286;zone17;6738.8937706128745;4298.8917997019325;0.0;zone17;S01010219;21;503;382;274;[0.695652,0.304348,0.0];[0.758621,0.215517,0.025862];[0.761905,0.166667,0.071429];[0.781609,0.195402,0.022989];[0.41935483871,0.0752688172043,0.408602150538,0.0967741935484];2;184.0;-0.327838932938;1472;35;0.06095238095238095;1.380952380952381;70.2095238095238;33.857142857142854;88.62476190476188;10.19047619047619;35.95238095238095;23.952380952380953;4.4990476190476185;0.0;3.712380952380952;0.04761904761904762;1.2666666666666668;0.2971428571428572;2.0876190476190475;4.857142857142857;9.047619047619047
11286;zone18;5915.780765415368;4211.222876105162;0.0;zone18;S01010220;7;476;433;279;[0.181159,0.608696,0.210145];[0.404255,0.531915,0.06383];[0.227273,0.704545,0.068182];[0.448276,0.482759,0.068966];[0.154545454545,0.0636363636364,0.318181818182,0.463636363636];5;267.0;-0.232306706325;950;15;0.08571428571428572;1.4285714285714286;34.76571428571429;22.0;81.87428571428572;13.285714285714286;39.142857142857146;11.857142857142858;4.091428571428571;0.0;1.7314285714285713;0.12;1.0571428571428572;0.44000000000000006;1.794285714285714;6.428571428571429;6.428571428571429
11286;zone19;6341.0811208317455;3913.8398648988496;0.0;zone19;S01010221;13;546;394;260;[0.6,0.4,0.0];[0.557377,0.409836,0.032787];[0.538462,0.323077,0.138462];[0.699387,0.257669,0.042945];[0.609375,0.140625,0.203125,0.046875];1;635.0;0.19005459739;1508;18;0.05230769230769231;0.9230769230769231;56.28923076923077;23.615384615384617;82.13538461538461;11.307692307692308;36.46153846153846;19.307692307692307;3.5076923076923077;0.0;2.618461538461538;0.06461538461538462;0.870769230769231;0.37846153846153846;2.393846153846154;3.923076923076923;6.538461538461538
11286;zone20;7001.213463613622;4053.9957950241624;0.0;zone20;S01010222;15;492;414;285;[0.142857,0.5,0.357143];[0.432432,0.459459,0.108108];[0.348624,0.522936,0.12844];[0.747899,0.235294,0.016807];[0.345238095238,0.214285714286,0.309523809524,0.130952380952];1;377.0;-0.105830277325;1799;20;0.05066666666666667;1.4;32.74133333333334;24.2;72.81066666666668;10.733333333333333;35.53333333333333;11.266666666666667;1.9946666666666668;0.0;1.773333333333333;0.0;2.1093333333333333;0.3360000000000001;2.3173333333333335;4.933333333333334;5.466666666666667
11286;zone21;6986.8418912765155;3434.1450308482026;0.0;zone21;S01010223;4;556;462;337;[0.076923,0.538462,0.384615];[0.567797,0.330508,0.101695];[0.472222,0.444444,0.083333];[0.584699,0.36612,0.04918];[0.432432432432,0.162162162162,0.324324324324,0.0810810810811];1;439.0;-0.0353356041414;1835;2;0.02;2.0;40.47;11.75;78.21;12.5;37.5;14.0;1.0699999999999998;0.0;1.4500000000000002;0.0;0.75;0.33;1.48;8.0;2.75
11286;zone22;6247.397837456437;3329.661273309237;0.0;zone22;S01010224;40;1036;727;469;[0.405405,0.540541,0.054054];[0.592593,0.274074,0.133333];[0.418803,0.504274,0.076923];[0.768421,0.202632,0.028947];[0.506097560976,0.140243902439,0.268292682927,0.0853658536585];1;1004.0;0.614259332793;1083;53;0.051;1.175;44.18400000000001;19.675;74.345;10.55;34.85;15.0;2.6540000000000004;0.0;0.8719999999999999;0.06000000000000001;1.3530000000000002;0.479;2.24;4.525;4.575
11286;zone23;7827.985844039554;4105.4701191949;0.0;zone23;S01010225;33;812;636;431;[0.25,0.634615,0.115385];[0.469072,0.43299,0.097938];[0.54023,0.413793,0.045977];[0.672065,0.234818,0.093117];[0.385185185185,0.125925925926,0.325925925926,0.162962962963];1;1006.0;0.616572011517;1613;47;0.05575757575757576;2.1515151515151514;41.45454545454545;19.666666666666668;81.83393939393937;11.93939393939394;37.21212121212121;13.909090909090908;1.918787878787879;0.0;2.0703030303030303;0.0;1.4327272727272728;0.40969696969696967;1.7381818181818183;9.212121212121213;4.909090909090909
11286;zone24;7040.363001382077;4481.052780471187;0.0;zone24;S01010226;40;816;565;394;[0.454545,0.242424,0.30303];[0.715385,0.2,0.084615];[0.540541,0.405405,0.054054];[0.766917,0.18797,0.045113];[0.503355704698,0.201342281879,0.221476510067,0.0738255033557];2;422.0;-0.0548014077425;1164;109;0.102;1.2;51.30899999999999;34.4;80.96799999999999;9.9;34.7;17.475;4.268;0.0;3.3340000000000005;0.078;1.8179999999999996;0.42600000000000005;2.4779999999999998;4.625;9.0
11286;zone25;6847.772309074456;4638.663588163389;0.0;zone25;S01010227;39;692;454;294;[0.413793,0.413793,0.172414];[0.704545,0.238636,0.056818];[0.654545,0.345455,0.0];[0.810606,0.159091,0.030303];[0.672268907563,0.0924369747899,0.159663865546,0.0756302521008];4;0.0;-0.540229885057;1193;152;0.14974358974358976;1.1794871794871795;49.48205128205128;42.94871794871795;84.78051282051283;10.666666666666666;35.82051282051282;16.94871794871795;4.095384615384614;0.0;5.727179487179486;0.14461538461538462;2.0502564102564103;0.3805128205128205;1.9610256410256404;5.282051282051282;11.487179487179487
11286;zone26;8241.816993110848;4572.457656401622;0.0;zone26;S01010229;30;1016;787;508;[0.1,0.625,0.275];[0.350877,0.350877,0.298246];[0.348315,0.477528,0.174157];[0.565217,0.310559,0.124224];[0.420731707317,0.213414634146,0.292682926829,0.0731707317073];1;395.0;-0.0859445809966;1352;55;0.07066666666666667;1.5666666666666667;36.49733333333333;18.3;75.73866666666667;11.333333333333334;35.7;12.5;1.5933333333333337;0.0;2.361333333333334;0.01066666666666667;1.2280000000000002;0.4559999999999999;2.2786666666666666;6.433333333333334;4.633333333333334
11286;zone27;7458.320056766788;4680.341251240345;0.0;zone27;S01010230;24;1005;772;577;[0.314286,0.628571,0.057143];[0.703883,0.296117,0.0];[0.727273,0.218182,0.054545];[0.71831,0.24507,0.03662];[0.517857142857,0.136904761905,0.267857142857,0.077380952381];1;846.0;0.433218203459;879;38;0.06166666666666667;1.4583333333333333;40.055;25.041666666666668;72.50666666666667;9.75;34.166666666666664;13.416666666666666;1.5783333333333338;0.0;2.908333333333333;0.03833333333333333;1.6283333333333332;0.35500000000000004;2.1299999999999994;4.75;5.666666666666667
11286;zone28;7569.802990100143;4917.458811240416;0.0;zone28;S01010232;37;1074;792;485;[0.457143,0.485714,0.057143];[0.557292,0.338542,0.104167];[0.492063,0.333333,0.174603];[0.654229,0.251244,0.094527];[0.470297029703,0.153465346535,0.306930693069,0.0693069306931];1;771.0;0.347049794199;1102;50;0.05081081081081081;1.6216216216216217;42.12;26.83783783783784;81.45189189189189;11.54054054054054;36.891891891891895;14.216216216216216;1.5221621621621624;0.0;3.0216216216216223;0.02594594594594595;2.610810810810811;0.2983783783783784;2.2291891891891895;7.297297297297297;6.702702702702703
11286;zone29;7830.713068379679;4879.746446724283;0.0;zone29;S01010233;33;970;705;476;[0.275,0.625,0.1];[0.655629,0.245033,0.099338];[0.52809,0.426966,0.044944];[0.771505,0.212366,0.016129];[0.587209302326,0.093023255814,0.261627906977,0.0581395348837];1;284.0;-0.213781821634;1316;59;0.07151515151515152;1.121212121212121;50.60969696969698;27.515151515151516;78.95393939393941;10.666666666666666;35.75757575757576;17.242424242424242;1.3963636363636367;0.0;1.8375757575757574;0.05818181818181819;3.227878787878788;0.3551515151515152;2.463030303030303;4.151515151515151;6.0
11286;zone30;6473.383843181837;4954.519765957263;0.0;zone30;S01010261;6;2551;2373;526;[0.666667,0.270833,0.0625];[0.675841,0.281346,0.042813];[0.75,0.25,0.0];[0.824468,0.164894,0.010638];[0.41,0.06,0.41,0.12];3;176.0;-0.337679921334;2090;9;0.06;1.1666666666666667;58.45333333333334;35.833333333333336;80.15333333333335;9.666666666666666;34.0;19.833333333333332;2.7533333333333334;0.0;2.1266666666666665;0.17333333333333334;3.1266666666666665;0.5399999999999999;1.96;3.8333333333333335;7.833333333333333
11286;zone31;4930.642193689802;4959.449818932565;0.0;zone31;S01010266;3;555;474;237;[0.320755,0.556604,0.122642];[0.677273,0.254545,0.068182];[0.5,0.461538,0.038462];[0.534247,0.30137,0.164384];[0.141176470588,0.0588235294118,0.4,0.4];3;536.0;0.0761386922126;1054;6;0.08;2.6666666666666665;47.50666666666666;41.0;91.53333333333335;11.0;39.333333333333336;16.666666666666668;1.1199999999999999;0.0;0.0;0.8133333333333334;7.84;0.09333333333333332;1.5466666666666666;11.333333333333334;9.333333333333334
11286;zone32;5712.5549897826;4979.400336637217;0.0;zone32;S01010270;4;1153;972;817;[0.389831,0.533898,0.076271];[0.70255,0.252125,0.045326];[0.714286,0.272727,0.012987];[0.771552,0.228448,0.0];[0.125,0.0909090909091,0.454545454545,0.329545454545];1;871.0;0.461200629557;1551;3;0.03;2.0;53.019999999999996;25.25;74.5;9.0;32.5;18.75;3.41;0.0;0.32000000000000006;0.03;0.87;0.33;0.83;6.75;4.0
11286;zone33;3394.0723536088512;4934.677182292946;0.0;zone33;S01010282;13;976;841;645;[0.438776,0.520408,0.040816];[0.545732,0.405488,0.04878];[0.521277,0.382979,0.095745];[0.712707,0.232044,0.055249];[0.190954773869,0.070351758794,0.35175879397,0.386934673367];2;350.0;-0.137812028107;1319;29;0.07692307692307693;1.3846153846153846;52.66153846153846;37.53846153846154;85.13230769230769;10.615384615384615;35.61538461538461;18.0;2.0246153846153847;0.0;8.495384615384616;0.23076923076923078;0.5876923076923077;0.3076923076923077;2.0953846153846154;5.3076923076923075;10.846153846153847
11286;zone34;4385.789287498423;4835.237486850067;0.0;zone34;S01010289;15;771;687;380;[0.130952,0.511905,0.357143];[0.262911,0.502347,0.234742];[0.178571,0.464286,0.357143];[0.410256,0.435897,0.153846];[0.058064516129,0.0322580645161,0.245161290323,0.664516129032];5;259.0;-0.241396294863;1523;47;0.12533333333333332;2.1333333333333333;39.80533333333334;33.53333333333333;83.88000000000002;11.2;37.666666666666664;13.466666666666667;1.7600000000000002;0.0;4.013333333333334;1.016;2.472;0.22400000000000006;1.5733333333333337;8.666666666666666;8.733333333333333
11286;zone35;4401.5375624188455;4669.062022109911;0.0;zone35;S01010290;13;546;485;278;[0.198198,0.603604,0.198198];[0.485944,0.449799,0.064257];[0.555556,0.444444,0.0];[0.435897,0.512821,0.051282];[0.10752688172,0.0430107526882,0.494623655914,0.354838709677];3;353.0;-0.133686757747;1031;34;0.10461538461538461;1.6923076923076923;40.4523076923077;34.30769230769231;82.96307692307693;11.76923076923077;37.69230769230769;13.692307692307692;1.5261538461538462;0.0;5.089230769230769;0.7538461538461539;2.64;0.43076923076923074;1.8738461538461537;5.615384615384615;9.461538461538462
11286;zone36;4119.983651650423;4281.100418217042;0.0;zone36;S01010291;12;1075;975;481;[0.405594,0.447552,0.146853];[0.627907,0.277132,0.094961];[0.415094,0.433962,0.150943];[0.562963,0.325926,0.111111];[0.197080291971,0.0729927007299,0.445255474453,0.284671532847];3;438.0;-0.0363924713322;697;34;0.11;2.4166666666666665;43.56333333333333;34.083333333333336;81.31333333333333;9.916666666666666;35.166666666666664;14.666666666666666;1.4833333333333332;0.0;5.823333333333333;0.5066666666666667;1.0333333333333334;0.2566666666666667;1.1700000000000002;9.166666666666666;8.416666666666666
11286;zone37;4399.731076226201;4291.6703625917;0.0;zone37;S01010292;10;890;831;409;[0.348214,0.508929,0.142857];[0.477169,0.420091,0.10274];[0.339286,0.446429,0.214286];[0.55814,0.383721,0.05814];[0.128378378378,0.0540540540541,0.398648648649,0.418918918919];4;323.0;-0.168488563048;1166;28;0.104;1.3;43.724000000000004;45.0;84.708;11.0;36.7;14.8;3.996;0.0;5.868;0.40800000000000003;1.488;0.332;2.428;5.9;11.2
11286;zone38;4514.690807242894;4541.15458266895;0.0;zone38;S01010293;16;839;723;373;[0.51773,0.35461,0.12766];[0.635389,0.262735,0.101877];[0.446809,0.319149,0.234043];[0.514286,0.392857,0.092857];[0.242424242424,0.0606060606061,0.393939393939,0.30303030303];3;290.0;-0.205814991507;1005;45;0.11;1.375;39.6325;38.8125;80.62500000000001;10.6875;36.9375;13.4375;2.4575000000000005;0.0;5.0225;0.665;2.31;0.35250000000000004;1.9799999999999998;4.875;9.9375
11286;zone39;4541.7482834333705;4418.565122351524;0.0;zone39;S01010294;13;690;631;275;[0.242105,0.526316,0.231579];[0.650873,0.214464,0.134663];[0.583333,0.208333,0.208333];[0.414894,0.489362,0.095745];[0.164835164835,0.043956043956,0.494505494505,0.296703296703];4;440.0;-0.0342259463805;978;51;0.15384615384615385;1.1538461538461537;45.92307692307691;44.23076923076923;84.45846153846152;10.923076923076923;37.69230769230769;15.461538461538462;2.9323076923076927;0.0;4.8584615384615395;0.6030769230769231;3.3846153846153846;0.5015384615384616;2.0123076923076924;4.384615384615385;11.153846153846153
11286;zone40;4766.8646917667475;4574.50133624035;0.0;zone40;S01010295;18;974;870;427;[0.384615,0.391026,0.224359];[0.604555,0.310559,0.084886];[0.428571,0.285714,0.285714];[0.390728,0.516556,0.092715];[0.212765957447,0.113475177305,0.297872340426,0.375886524823];4;529.0;0.0680145754747;1306;53;0.11555555555555555;1.3888888888888888;53.87555555555557;39.833333333333336;89.36888888888888;11.277777777777779;37.72222222222222;18.555555555555557;3.057777777777778;0.0;6.611111111111111;0.7377777777777778;1.8555555555555552;0.34222222222222226;2.1599999999999997;5.5;11.88888888888889
11286;zone41;4647.752341766679;4736.091736240359;0.0;zone41;S01010296;16;664;560;291;[0.294118,0.423529,0.282353];[0.520913,0.368821,0.110266];[0.375,0.375,0.25];[0.475524,0.391608,0.132867];[0.282828282828,0.111111111111,0.363636363636,0.242424242424];2;856.0;0.444094443477;1438;38;0.095;1.5;49.9475;33.0;78.75750000000001;9.875;34.6875;17.0625;1.3275;0.0;3.8725;0.67;1.9174999999999998;0.33;1.5224999999999997;5.625;7.25
11286;zone42;5522.849421766708;4411.996091240393;0.0;zone42;S01010297;7;1066;894;676;[0.582609,0.382609,0.034783];[0.691824,0.245283,0.062893];[0.540541,0.333333,0.126126];[0.681275,0.270916,0.047809];[0.260563380282,0.140845070423,0.37323943662,0.225352112676];1;504.0;0.0391758595379;335;8;0.04571428571428571;1.7142857142857142;33.27428571428571;18.857142857142858;75.74285714285715;11.714285714285714;36.57142857142857;11.0;0.6742857142857144;0.0;0.777142857142857;0.17142857142857146;2.2342857142857144;0.6742857142857143;2.182857142857143;7.571428571428571;3.2857142857142856
11286;zone43;4706.481893689814;4143.807995855712;0.0;zone43;S01010298;12;880;677;515;[0.308943,0.479675,0.211382];[0.581395,0.356589,0.062016];[0.539683,0.396825,0.063492];[0.744828,0.193103,0.062069];[0.227272727273,0.0984848484848,0.371212121212,0.30303030303];1;486.0;0.0190902878356;1091;15;0.05;1.4166666666666667;30.346666666666664;23.083333333333332;73.60333333333332;11.416666666666666;36.666666666666664;9.916666666666666;1.7800000000000002;0.0;2.7899999999999996;0.38999999999999996;0.91;0.39333333333333337;2.3733333333333335;5.416666666666667;5.5
11286;zone44;4885.424673909578;4209.645754097502;0.0;zone44;S01010299;4;536;404;292;[0.3,0.54,0.16];[0.556701,0.340206,0.103093];[0.458333,0.520833,0.020833];[0.584906,0.283019,0.132075];[0.428571428571,0.0857142857143,0.285714285714,0.2];1;375.0;-0.10827530326;804;6;0.05;1.0;31.799999999999997;19.75;77.71000000000001;13.5;39.25;11.0;1.65;0.0;1.86;0.44;1.8;0.55;2.04;3.75;5.5
11286;zone45;4883.397012115578;4340.414778682246;0.0;zone45;S01010300;21;934;764;478;[0.460784,0.411765,0.127451];[0.664653,0.238671,0.096677];[0.632353,0.323529,0.044118];[0.606383,0.329787,0.06383];[0.3046875,0.125,0.3515625,0.21875];2;513.0;0.0498225801839;665;43;0.0761904761904762;2.0476190476190474;44.379047619047626;30.857142857142858;85.86666666666667;11.380952380952381;37.76190476190476;15.19047619047619;1.860952380952381;0.0;2.7866666666666666;0.28761904761904766;3.3009523809523804;0.37142857142857155;1.9409523809523812;9.238095238095237;7.714285714285714
11286;zone46;5144.66081966521;4032.769083704074;0.0;zone46;S01010301;6;522;457;283;[0.292683,0.597561,0.109756];[0.57563,0.315126,0.109244];[0.222222,0.703704,0.074074];[0.561798,0.393258,0.044944];[0.214285714286,0.0612244897959,0.459183673469,0.265306122449];4;490.0;0.0232745011966;777;22;0.14;1.6666666666666667;41.0;44.666666666666664;77.86666666666666;10.0;34.166666666666664;13.833333333333334;3.426666666666667;0.0;0.7400000000000001;0.27999999999999997;4.78;0.27999999999999997;1.9666666666666668;6.5;8.833333333333334
11286;zone47;5165.568789180556;4297.038752619699;0.0;zone47;S01010302;24;669;495;388;[0.65625,0.28125,0.0625];[0.6,0.356522,0.043478];[0.716981,0.226415,0.056604];[0.801802,0.18018,0.018018];[0.582417582418,0.0769230769231,0.263736263736,0.0769230769231];1;392.0;-0.0896499889057;685;46;0.075;1.1666666666666667;35.37166666666668;31.0;77.12;11.833333333333334;36.791666666666664;11.916666666666666;2.28;0.0;1.4033333333333335;0.22833333333333336;3.431666666666667;0.5083333333333332;2.455;4.666666666666667;6.791666666666667
11286;zone48;5241.140616766716;4139.402270499609;0.0;zone48;S01010303;33;579;387;250;[0.692308,0.153846,0.153846];[0.56701,0.298969,0.134021];[0.630435,0.282609,0.086957];[0.658879,0.285047,0.056075];[0.58407079646,0.106194690265,0.274336283186,0.0353982300885];1;415.0;-0.0627120940391;993;71;0.08363636363636363;1.1818181818181819;36.889696969696956;27.818181818181817;76.06181818181818;11.181818181818182;36.24242424242424;12.333333333333334;3.5296969696969698;0.0;1.393939393939394;0.38424242424242433;1.92;0.429090909090909;2.4787878787878785;4.393939393939394;6.757575757575758
11286;zone49;4853.647576226233;3833.123065294377;0.0;zone49;S01010304;12;542;456;332;[0.323529,0.514706,0.161765];[0.635135,0.25,0.114865];[0.477273,0.522727,0.0];[0.829268,0.109756,0.060976];[0.372340425532,0.0425531914894,0.297872340426,0.287234042553];1;804.0;0.384523850516;1136;17;0.05666666666666666;1.9166666666666667;42.13333333333333;23.583333333333332;89.18999999999998;13.666666666666666;41.25;14.333333333333334;3.6799999999999997;0.0;1.6266666666666663;0.5233333333333333;2.063333333333333;0.3966666666666667;2.4533333333333336;7.583333333333333;7.416666666666667
11286;zone50;4697.410406890209;3639.1027396354093;0.0;zone50;S01010305;7;807;694;478;[0.36036,0.468468,0.171171];[0.553191,0.33617,0.110638];[0.409639,0.301205,0.289157];[0.589888,0.337079,0.073034];[0.198529411765,0.0735294117647,0.382352941176,0.345588235294];1;223.0;-0.28282788147;573;10;0.05142857142857143;2.0;30.822857142857142;25.714285714285715;82.88571428571429;13.285714285714286;38.714285714285715;10.0;4.44;0.0;1.542857142857143;1.48;0.22285714285714284;0.5085714285714286;1.7542857142857144;8.857142857142858;7.142857142857143
11286;zone51;4591.3082521834585;3868.367573740388;0.0;zone51;S01010306;13;752;675;449;[0.35625,0.56875,0.075];[0.570588,0.355882,0.073529];[0.283019,0.566038,0.150943];[0.650943,0.330189,0.018868];[0.165680473373,0.0473372781065,0.479289940828,0.307692307692];2;238.0;-0.265781391166;749;24;0.07384615384615385;2.4615384615384617;47.11692307692307;36.53846153846154;90.35999999999999;11.538461538461538;38.69230769230769;15.76923076923077;3.9723076923076923;0.0;3.6707692307692303;2.6123076923076924;0.40923076923076923;0.2830769230769231;1.4246153846153848;10.076923076923077;10.153846153846153
11286;zone52;4503.72067559025;3742.2957906521283;0.0;zone52;S01010307;9;821;732;428;[0.189922,0.577519,0.232558];[0.407407,0.487654,0.104938];[0.346154,0.538462,0.115385];[0.71875,0.234375,0.046875];[0.0681818181818,0.0568181818182,0.375,0.5];5;319.0;-0.172537833795;404;27;0.11555555555555555;2.0;38.75111111111111;42.0;81.9688888888889;10.555555555555555;36.666666666666664;13.222222222222221;3.4533333333333336;0.0;2.1733333333333333;3.1955555555555555;0.591111111111111;0.2666666666666667;1.1199999999999999;9.0;8.88888888888889
11286;zone53;4364.519870735056;4047.768725526131;0.0;zone53;S01010308;9;975;858;480;[0.285714,0.54007,0.174216];[0.511936,0.384615,0.103448];[0.254902,0.411765,0.333333];[0.648352,0.307692,0.043956];[0.0970873786408,0.0631067961165,0.359223300971,0.480582524272];4;257.0;-0.244477582955;993;11;0.04888888888888889;2.6666666666666665;60.73777777777778;34.55555555555556;93.6577777777778;10.666666666666666;37.22222222222222;21.0;3.5822222222222226;0.0;3.5955555555555554;2.1911111111111112;0.25333333333333335;0.2888888888888889;1.773333333333333;11.222222222222221;9.222222222222221
11286;zone54;5381.88771051669;3636.3205112402793;0.0;zone54;S01010309;4;419;356;264;[0.333333,0.25,0.416667];[0.478873,0.422535,0.098592];[0.352941,0.382353,0.264706];[0.705882,0.24183,0.052288];[0.365853658537,0.170731707317,0.390243902439,0.0731707317073];1;0.0;-0.540229885057;2131;2;0.02;1.25;57.6;23.25;77.25;9.25;33.75;19.5;2.4;0.0;1.9100000000000001;0.15;0.93;0.37;2.97;4.25;4.75
11286;zone55;5657.373406240428;3625.6586165034923;0.0;zone55;S01010310;13;706;540;381;[0.333333,0.238095,0.428571];[0.565517,0.337931,0.096552];[0.54902,0.27451,0.176471];[0.715415,0.256917,0.027668];[0.484848484848,0.151515151515,0.318181818182,0.0454545454545];1;574.0;0.120406534162;843;16;0.04615384615384616;1.3846153846153846;48.156923076923086;26.307692307692307;78.38153846153847;11.0;35.46153846153846;16.23076923076923;1.7353846153846155;0.0;1.0861538461538462;1.8523076923076924;0.84;0.4215384615384616;2.0953846153846154;5.923076923076923;5.076923076923077
11286;zone56;5685.425126382168;3318.6970593171873;0.0;zone56;S01010311;22;721;556;351;[0.411765,0.352941,0.235294];[0.472222,0.453704,0.074074];[0.571429,0.404762,0.02381];[0.717949,0.271062,0.010989];[0.565217391304,0.121739130435,0.269565217391,0.0434782608696];1;1534.0;1.22364271569;1579;28;0.04545454545454546;1.0454545454545454;50.57636363636364;23.454545454545453;78.5290909090909;10.545454545454545;35.90909090909091;17.09090909090909;2.070909090909091;0.0;1.829090909090909;0.39272727272727276;1.6436363636363638;0.39272727272727276;2.3890909090909096;4.636363636363637;5.363636363636363
11286;zone57;5466.52613028024;3072.1402274564575;0.0;zone57;S01010312;34;868;647;425;[0.117647,0.823529,0.058824];[0.754386,0.22807,0.017544];[0.407407,0.444444,0.148148];[0.804945,0.153846,0.041209];[0.586956521739,0.115942028986,0.268115942029,0.0289855072464];1;685.0;0.247477927043;1678;59;0.06588235294117648;1.1764705882352942;63.11529411764706;26.88235294117647;83.49176470588233;10.176470588235293;35.44117647058823;21.61764705882353;1.7129411764705884;0.0;2.3423529411764705;0.07647058823529412;2.7317647058823527;0.47882352941176465;2.3105882352941176;4.852941176470588;6.352941176470588
11286;zone58;5251.7403530303945;3502.549209042501;0.0;zone58;S01010313;16;654;529;356;[0.428571,0.285714,0.285714];[0.6,0.333333,0.066667];[0.433735,0.481928,0.084337];[0.739623,0.162264,0.098113];[0.648351648352,0.131868131868,0.175824175824,0.043956043956];1;565.0;0.109617915218;2141;26;0.0625;1.0;49.2825;21.625;81.25250000000001;11.625;38.0;16.625;2.3525;0.0;2.3249999999999997;0.0775;1.7050000000000003;0.44750000000000006;2.7575000000000003;3.75;6.0
11286;zone59;4840.312157862589;3385.4448126102257;0.0;zone59;S01010314;21;1248;1034;550;[0.358209,0.507463,0.134328];[0.514493,0.333333,0.152174];[0.5,0.326923,0.173077];[0.636,0.324,0.04];[0.316901408451,0.133802816901,0.401408450704,0.147887323944];1;637.0;0.192402372167;1015;33;0.06095238095238095;1.9047619047619047;46.339047619047626;25.0;81.16952380952381;11.0;35.904761904761905;15.714285714285714;3.674285714285715;0.0;1.9333333333333338;0.6647619047619048;0.5428571428571429;0.33333333333333337;1.6704761904761911;7.714285714285714;6.190476190476191
11286;zone60;4536.293429266749;2504.1273706154316;0.0;zone60;S01010315;43;911;678;409;[0.180723,0.554217,0.26506];[0.252632,0.457895,0.289474];[0.208333,0.5,0.291667];[0.55144,0.345679,0.102881];[0.308176100629,0.169811320755,0.358490566038,0.163522012579];2;382.0;-0.100954860853;1618;80;0.07441860465116279;1.372093023255814;42.99906976744185;23.906976744186046;81.64093023255813;11.674418604651162;37.72093023255814;14.534883720930232;2.3851162790697673;0.0;2.1879069767441868;0.02604651162790698;2.253023255813954;0.346046511627907;2.4679069767441866;6.27906976744186;6.372093023255814
11286;zone61;4589.6619547948285;2943.195659127726;0.0;zone61;S01010316;25;512;414;304;[0.392157,0.529412,0.078431];[0.62931,0.37069,0.0];[0.439024,0.560976,0.0];[0.775401,0.224599,0.0];[0.439252336449,0.102803738318,0.252336448598,0.205607476636];1;481.0;0.0128180141103;1350;44;0.0688;1.4;45.52800000000001;24.56;74.91680000000001;10.04;34.68;15.36;2.2544000000000004;0.0;1.7759999999999996;0.1408;1.5952000000000004;0.41279999999999994;1.7936;4.96;5.2
11286;zone63;4421.5566371748755;3071.026327566895;0.0;zone63;S01010318;12;1588;1497;304;[0.5,0.456522,0.043478];[0.469799,0.47651,0.053691];[0.310345,0.37931,0.310345];[0.678571,0.285714,0.035714];[0.36,0.14,0.34,0.16];3;317.0;-0.175110645645;1132;32;0.1;1.5;42.193333333333335;31.583333333333332;86.96999999999998;12.666666666666666;39.25;14.0;6.663333333333333;0.0;2.9499999999999997;0.5;1.25;0.33666666666666667;1.9733333333333334;5.75;10.916666666666666
11286;zone64;4173.240913470097;2893.8040771744095;0.0;zone64;S01010319;9;711;624;407;[0.258741,0.608392,0.132867];[0.383399,0.486166,0.130435];[0.439394,0.212121,0.348485];[0.530769,0.384615,0.084615];[0.171974522293,0.0700636942675,0.471337579618,0.286624203822];2;473.0;0.00423719084943;1474;20;0.08444444444444445;1.3333333333333333;52.57333333333334;33.888888888888886;79.35111111111111;9.333333333333334;33.77777777777778;18.11111111111111;4.862222222222224;0.0;2.462222222222222;0.0;1.8533333333333333;0.36444444444444446;2.0488888888888885;4.777777777777778;8.666666666666666
11286;zone65;3940.1918462749595;2900.8899784533987;0.0;zone65;S01010320;4;675;594;437;[0.257813,0.523438,0.21875];[0.61753,0.298805,0.083665];[0.526316,0.22807,0.245614];[0.805085,0.169492,0.025424];[0.172185430464,0.0662251655629,0.443708609272,0.317880794702];1;646.0;0.202453315259;1132;7;0.06;3.0;51.25000000000001;21.0;93.64000000000001;12.25;40.5;17.5;2.79;0.0;2.1799999999999997;0.18;1.3900000000000001;0.23;1.2000000000000002;14.0;6.25
11286;zone66;3905.8658739096163;2664.6669636212755;0.0;zone66;S01010321;7;837;634;432;[0.401709,0.555556,0.042735];[0.54717,0.433962,0.018868];[0.45122,0.439024,0.109756];[0.666667,0.271186,0.062147];[0.212328767123,0.0958904109589,0.390410958904,0.301369863014];1;1019.0;0.631764531736;1776;9;0.05142857142857143;1.1428571428571428;48.279999999999994;20.428571428571427;86.53714285714287;13.142857142857142;40.142857142857146;16.0;3.262857142857143;0.0;2.1142857142857143;0.0;1.5485714285714287;0.3885714285714286;2.6457142857142855;5.285714285714286;6.428571428571429
11286;zone67;3630.3978644730896;3132.1651121578075;0.0;zone67;S01010322;9;1028;914;549;[0.174419,0.549419,0.276163];[0.412399,0.471698,0.115903];[0.298507,0.38806,0.313433];[0.647059,0.323529,0.029412];[0.057268722467,0.0352422907489,0.449339207048,0.458149779736];5;124.0;-0.397569575369;1581;34;0.13777777777777778;1.3333333333333333;19.191111111111113;39.77777777777778;73.53777777777778;10.666666666666666;36.55555555555556;6.222222222222222;5.0488888888888885;0.0;4.435555555555556;0.8844444444444445;1.1733333333333333;0.22666666666666668;1.8755555555555554;4.444444444444445;11.11111111111111
11286;zone68;6208.193116766784;3072.425066795916;0.0;zone68;S01010323;4;603;466;377;[0.555556,0.444444,0.0];[0.657143,0.271429,0.071429];[0.642857,0.321429,0.035714];[0.793651,0.166667,0.039683];[0.578431372549,0.166666666667,0.235294117647,0.0196078431373];1;970.0;0.57559463238;971;7;0.07;0.5;43.75;29.0;75.11;10.75;36.0;14.75;4.95;0.0;1.14;0.0;1.76;0.31;2.57;1.25;7.25
11286;zone69;6517.651722029823;2240.572579661372;0.0;zone69;S01010324;6;759;566;403;[0.142857,0.571429,0.285714];[0.298077,0.490385,0.211538];[0.333333,0.530864,0.135802];[0.401674,0.414226,0.1841];[0.569620253165,0.101265822785,0.291139240506,0.0379746835443];1;407.0;-0.0721601679586;1906;8;0.05333333333333334;1.0;40.693333333333335;27.0;64.84000000000002;8.666666666666666;31.0;13.5;1.1866666666666668;0.0;1.6133333333333335;0.0;2.1133333333333333;0.3333333333333333;2.2466666666666666;2.8333333333333335;4.333333333333333
11286;zone70;6038.016041009105;2402.8415869980217;0.0;zone70;S01010325;18;939;666;501;[0.263158,0.368421,0.368421];[0.383838,0.525253,0.090909];[0.253623,0.615942,0.130435];[0.451362,0.463035,0.085603];[0.545454545455,0.238636363636,0.193181818182,0.0227272727273];1;225.0;-0.281126582053;1695;29;0.06444444444444444;1.0555555555555556;41.18;25.833333333333332;73.91555555555556;10.944444444444445;35.0;13.833333333333334;1.4088888888888886;0.0;0.9666666666666666;0.0;2.871111111111111;0.34222222222222226;2.7;4.166666666666667;4.833333333333333
11286;zone71;5272.359331052501;2740.775131541117;0.0;zone71;S01010326;39;987;707;494;[0.526316,0.368421,0.105263];[0.522523,0.333333,0.144144];[0.492188,0.3125,0.195313];[0.723514,0.224806,0.05168];[0.54375,0.16875,0.23125,0.05625];1;1389.0;1.05701743376;1025;62;0.06153846153846154;1.5128205128205128;48.56512820512821;25.256410256410255;84.15384615384616;11.820512820512821;37.51282051282051;16.41025641025641;1.5589743589743592;0.0;4.757948717948719;0.05538461538461539;1.4574358974358976;0.40410256410256407;2.23076923076923;6.17948717948718;7.282051282051282
11286;zone72;4970.167032608406;2501.795090448298;0.0;zone72;S01010327;34;982;660;362;[0.031746,0.507937,0.460317];[0.372881,0.432203,0.194915];[0.289063,0.328125,0.382813];[0.516892,0.347973,0.135135];[0.416184971098,0.21387283237,0.236994219653,0.132947976879];1;470.0;0.000335688704598;975;61;0.06823529411764706;1.2941176470588236;40.11764705882353;22.823529411764707;79.74705882352943;11.852941176470589;37.088235294117645;13.558823529411764;1.674117647058824;0.0;4.214117647058822;0.02823529411764706;0.9423529411764707;0.41647058823529415;2.578823529411765;5.647058823529412;6.352941176470588
11286;zone73;5975.307390960257;2677.5485166167286;0.0;zone73;S01010328;24;969;706;445;[0.16129,0.5,0.33871];[0.27044,0.471698,0.257862];[0.192547,0.434783,0.372671];[0.338983,0.432203,0.228814];[0.309352517986,0.258992805755,0.280575539568,0.151079136691];2;457.0;-0.0138550124678;2121;49;0.07666666666666666;1.5416666666666667;33.60999999999999;25.166666666666668;72.70833333333334;10.75;35.083333333333336;11.333333333333334;2.1683333333333334;0.0;1.1150000000000002;0.0;2.763333333333333;0.36333333333333334;2.108333333333334;5.25;5.541666666666667
