cycle;name;location.x;location.y;location.z;name;dataZone;nm_children;pop;over16;nm_hh;AB_car_prob;C1_car_prob;C2_car_prob;DE_car_prob;prob_social;simd;crimeRate;norm_crime;avg_dis_sh;neigh_play;daily_play_per_child;avg_FSA;avg_walk;daily_OD;zone_mvpa;mvpa_home;mvpa_sc;mvpa_road;mvpa_play_field;mvpa_home_garden;mvpa_park;mvpa_PG;mvpa_amenity;mvpa_shops;mvpa_F_home;mvpa_fsa;mvpa_OD
11286;zone0;8448.90275962388;2625.4515469546564;0.0;zone0;S01010195;19;531;390;212;[0.0,0.481481,0.518519];[0.261538,0.646154,0.092308];[0.12,0.59,0.29];[0.447368,0.368421,0.184211];[0.418918918919,0.283783783784,0.202702702703,0.0945945945946];1;0.0;-0.540229885057;1278;59;0.12421052631578948;1.5263157894736843;46.19999999999999;33.0;68.09052631578949;10.473684210526315;23.0;15.842105263157896;1.006315789473684;0.0;3.406315789473684;0.0;3.6799999999999993;0.21894736842105264;2.1094736842105264;6.631578947368421;7.578947368421052
11286;zone1;8656.736904000718;2165.9902346445633;0.0;zone1;S01010198;18;1027;748;394;[0.058824,0.529412,0.411765];[0.305785,0.561983,0.132231];[0.219858,0.496454,0.283688];[0.523179,0.331126,0.145695];[0.48623853211,0.229357798165,0.266055045872,0.0183486238532];1;1609.0;1.3102524676;1331;61;0.13555555555555557;0.8333333333333334;42.12444444444444;38.27777777777778;66.99555555555555;11.833333333333334;23.38888888888889;14.166666666666666;2.0911111111111116;0.0;3.0555555555555554;0.09999999999999999;4.48;0.4577777777777779;2.3666666666666667;3.2777777777777777;9.11111111111111
11286;zone2;8537.588755655543;3024.028900129281;0.0;zone2;S01010201;22;643;453;253;[0.0,0.47619,0.52381];[0.270833,0.3125,0.416667];[0.088,0.48,0.432];[0.296552,0.434483,0.268966];[0.365853658537,0.292682926829,0.292682926829,0.0487804878049];2;219.0;-0.28762447053;925;108;0.19090909090909092;1.4090909090909092;30.87090909090909;40.59090909090909;65.79272727272726;11.318181818181818;23.045454545454547;10.454545454545455;1.6490909090909085;0.0;4.456363636363635;0.1;4.438181818181818;0.5109090909090909;1.7963636363636366;6.2727272727272725;10.090909090909092
11286;zone3;8059.42097232239;3767.666522351409;0.0;zone3;S01010203;30;671;504;260;[0.090909,0.363636,0.545455];[0.263804,0.460123,0.276074];[0.094828,0.422414,0.482759];[0.183824,0.375,0.441176];[0.272727272727,0.218181818182,0.363636363636,0.145454545455];3;215.0;-0.292668818285;1934;124;0.15866666666666668;1.5666666666666667;46.72533333333333;33.4;64.76133333333333;9.266666666666667;22.3;15.733333333333333;1.865333333333333;0.0;3.1653333333333324;0.0;2.7453333333333334;0.22800000000000004;1.8733333333333337;5.7;7.266666666666667
11286;zone4;8368.288440296214;3565.498290652094;0.0;zone4;S01010204;30;800;589;381;[0.272727,0.727273,0.0];[0.627451,0.27451,0.098039];[0.444444,0.533333,0.022222];[0.600619,0.321981,0.077399];[0.595041322314,0.157024793388,0.239669421488,0.00826446280992];1;497.0;0.0317745673598;1208;115;0.14933333333333335;1.2;42.53733333333332;33.56666666666667;64.62266666666667;11.133333333333333;22.7;14.333333333333334;1.8453333333333333;0.0;2.961333333333333;0.012;3.377333333333333;0.3906666666666666;2.2493333333333334;3.8666666666666667;7.733333333333333
11286;zone5;8034.229745798958;3515.110462853287;0.0;zone5;S01010205;15;658;534;355;[0.411765,0.117647,0.470588];[0.465116,0.457364,0.077519];[0.317757,0.588785,0.093458];[0.593458,0.280374,0.126168];[0.466666666667,0.2,0.3,0.0333333333333];1;925.0;0.523434132086;1605;63;0.15733333333333333;1.6;50.471999999999994;31.266666666666666;70.38933333333334;11.2;22.8;17.133333333333333;3.3573333333333335;0.0;3.2133333333333334;0.0;2.56;0.2693333333333333;1.9013333333333333;6.266666666666667;8.6
11286;zone6;7457.064719570519;3739.055375726369;0.0;zone6;S01010208;18;903;745;565;[0.30137,0.589041,0.109589];[0.48062,0.457364,0.062016];[0.272727,0.613636,0.113636];[0.66055,0.270642,0.068807];[0.233333333333,0.133333333333,0.461111111111,0.172222222222];1;603.0;0.153385979085;1439;55;0.11333333333333333;2.0555555555555554;63.22;29.22222222222222;75.24888888888889;10.5;22.944444444444443;22.055555555555557;1.8533333333333337;0.0;2.1422222222222222;0.0;3.213333333333333;0.23777777777777778;1.8155555555555556;8.722222222222221;6.777777777777778
11286;zone7;7917.838214725937;1939.334458859395;0.0;zone7;S01010209;24;966;677;468;[0.172414,0.586207,0.241379];[0.333333,0.414966,0.251701];[0.381944,0.458333,0.159722];[0.545852,0.336245,0.117904];[0.337931034483,0.248275862069,0.303448275862,0.110344827586];1;2053.0;1.82052250092;1678;66;0.10333333333333333;1.375;45.029999999999994;26.416666666666668;67.02666666666667;10.875;23.166666666666668;15.125;1.0316666666666667;0.0;3.091666666666667;0.0;2.8100000000000005;0.30833333333333335;2.1883333333333335;6.416666666666667;6.5
11286;zone8;7878.406567747077;2721.2634132011362;0.0;zone8;S01010210;18;885;641;416;[0.173913,0.456522,0.369565];[0.21519,0.5,0.28481];[0.189781,0.386861,0.423358];[0.422111,0.442211,0.135678];[0.394736842105,0.236842105263,0.254385964912,0.114035087719];1;344.0;-0.144253829852;1249;75;0.16444444444444445;1.7222222222222223;38.126666666666665;27.61111111111111;65.24444444444445;10.5;22.88888888888889;12.944444444444445;1.4444444444444446;0.0;3.4555555555555557;0.0;2.511111111111111;0.3844444444444445;2.295555555555556;7.055555555555555;6.944444444444445
11286;zone9;7785.599648345685;3201.783800714137;0.0;zone9;S01010211;22;858;634;452;[0.147059,0.705882,0.147059];[0.384615,0.452991,0.162393];[0.469565,0.4,0.130435];[0.722656,0.226563,0.050781];[0.473214285714,0.169642857143,0.285714285714,0.0714285714286];1;430.0;-0.0456985893816;1017;68;0.11818181818181818;1.6818181818181819;44.63272727272727;30.181818181818183;69.55818181818182;11.318181818181818;23.136363636363637;15.227272727272727;2.4509090909090907;0.0;3.5018181818181815;0.0;2.3254545454545457;0.29090909090909095;2.212727272727273;7.090909090909091;7.818181818181818
11286;zone10;7580.688680869333;3097.127786881416;0.0;zone10;S01010212;49;1083;779;559;[0.233333,0.633333,0.133333];[0.594771,0.339869,0.065359];[0.465517,0.405172,0.12931];[0.712821,0.269231,0.017949];[0.566037735849,0.138364779874,0.22641509434,0.0691823899371];1;1473.0;1.15298517036;1100;199;0.156734693877551;1.2448979591836735;48.45142857142857;33.93877551020408;68.83673469387756;10.816326530612244;22.857142857142858;16.489795918367346;2.106938775510204;0.0;3.6057142857142854;0.0;3.144489795918367;0.3126530612244898;2.2114285714285713;5.530612244897959;8.387755102040817
11286;zone11;8065.177293237223;3111.5884965344962;0.0;zone11;S01010213;13;924;657;476;[0.105263,0.684211,0.210526];[0.382609,0.547826,0.069565];[0.218543,0.556291,0.225166];[0.467925,0.483019,0.049057];[0.451327433628,0.221238938053,0.274336283186,0.0530973451327];1;247.0;-0.255840453357;773;47;0.13230769230769232;1.2307692307692308;34.92;25.076923076923077;58.40923076923077;10.0;21.846153846153847;11.923076923076923;0.996923076923077;0.0;2.941538461538462;0.0;2.270769230769231;0.39076923076923076;2.206153846153846;4.230769230769231;5.6923076923076925
11286;zone12;7144.994858230166;1947.4125453867302;0.0;zone12;S01010214;27;967;717;396;[0.098592,0.28169,0.619718];[0.197531,0.438272,0.364198];[0.173333,0.493333,0.333333];[0.237069,0.487069,0.275862];[0.361344537815,0.210084033613,0.310924369748,0.117647058824];3;176.0;-0.337854473183;1954;110;0.15703703703703703;1.6666666666666667;51.21925925925926;34.148148148148145;66.87851851851853;9.222222222222221;22.037037037037038;17.48148148148148;2.474074074074075;0.0;3.34074074074074;0.0;2.4207407407407406;0.3185185185185185;1.491851851851852;6.185185185185185;7.7407407407407405
11286;zone13;7013.590150664996;2618.495528189446;0.0;zone13;S01010215;24;850;608;492;[0.571429,0.285714,0.142857];[0.5,0.431373,0.068627];[0.382609,0.391304,0.226087];[0.678571,0.269841,0.051587];[0.467289719626,0.140186915888,0.345794392523,0.0467289719626];1;547.0;0.0886083430805;599;103;0.16166666666666665;1.2916666666666667;36.063333333333325;31.583333333333332;64.49333333333334;11.583333333333334;23.416666666666668;12.291666666666666;1.6316666666666668;0.0;1.8966666666666672;0.0;4.251666666666666;0.35666666666666674;2.463333333333333;4.958333333333333;7.291666666666667
11286;zone14;7332.222205807836;2329.961970144465;0.0;zone14;S01010216;15;621;464;361;[0.6,0.4,0.0];[0.597701,0.356322,0.045977];[0.409091,0.439394,0.151515];[0.709544,0.273859,0.016598];[0.5,0.163265306122,0.265306122449,0.0714285714286];1;600.0;0.150092344085;1287;39;0.096;1.6;51.730666666666664;29.866666666666667;66.184;9.933333333333334;22.133333333333333;17.533333333333335;0.8320000000000001;0.0;2.9786666666666672;0.0;3.258666666666667;0.4826666666666667;1.856;5.533333333333333;6.533333333333333
11286;zone15;7299.833172322251;2625.8610945736937;0.0;zone15;S01010217;33;817;598;406;[0.16129,0.516129,0.322581];[0.565517,0.4,0.034483];[0.5,0.431373,0.068627];[0.702703,0.283784,0.013514];[0.541935483871,0.0967741935484,0.296774193548,0.0645161290323];1;1060.0;0.679274950851;997;146;0.17333333333333334;1.606060606060606;47.09212121212123;37.09090909090909;67.31030303030303;10.030303030303031;22.424242424242426;16.060606060606062;1.6206060606060606;0.0;2.8412121212121217;0.0;4.473939393939395;0.22545454545454555;1.8424242424242425;5.818181818181818;8.545454545454545
11286;zone16;7142.953643082513;3018.5401822929393;0.0;zone16;S01010218;31;1018;790;587;[0.425532,0.404255,0.170213];[0.392523,0.453271,0.154206];[0.358209,0.492537,0.149254];[0.589124,0.335347,0.075529];[0.424657534247,0.109589041096,0.369863013699,0.0958904109589];1;557.0;0.101026678737;551;124;0.15225806451612903;1.096774193548387;33.43612903225807;35.45161290322581;60.01419354838709;10.35483870967742;22.35483870967742;11.161290322580646;1.3380645161290323;0.0;2.2012903225806455;0.0;4.091612903225807;0.32516129032258057;2.5058064516129033;3.903225806451613;7.096774193548387
11286;zone17;6738.8937706128745;4298.8917997019325;0.0;zone17;S01010219;21;503;382;274;[0.695652,0.304348,0.0];[0.758621,0.215517,0.025862];[0.761905,0.166667,0.071429];[0.781609,0.195402,0.022989];[0.41935483871,0.0752688172043,0.408602150538,0.0967741935484];2;184.0;-0.327838932938;1396;98;0.18095238095238095;1.1904761904761905;62.451428571428586;40.666666666666664;69.40380952380954;8.666666666666666;21.61904761904762;21.38095238095238;3.998095238095238;0.0;4.104761904761905;0.00761904761904762;1.8152380952380955;0.2571428571428572;2.198095238095238;3.4761904761904763;9.428571428571429
11286;zone18;5915.780765415368;4211.222876105162;0.0;zone18;S01010220;7;476;433;279;[0.181159,0.608696,0.210145];[0.404255,0.531915,0.06383];[0.227273,0.704545,0.068182];[0.448276,0.482759,0.068966];[0.154545454545,0.0636363636364,0.318181818182,0.463636363636];5;267.0;-0.232306706325;1008;29;0.15428571428571428;2.4285714285714284;34.862857142857145;25.857142857142858;69.96;12.571428571428571;23.714285714285715;11.428571428571429;2.9085714285714284;0.0;3.1371428571428575;0.32;1.6114285714285714;0.43999999999999995;1.68;10.142857142857142;7.571428571428571
11286;zone19;6341.0811208317455;3913.8398648988496;0.0;zone19;S01010221;13;546;394;260;[0.6,0.4,0.0];[0.557377,0.409836,0.032787];[0.538462,0.323077,0.138462];[0.699387,0.257669,0.042945];[0.609375,0.140625,0.203125,0.046875];1;635.0;0.19005459739;948;35;0.10153846153846154;0.7692307692307693;39.75076923076923;22.76923076923077;63.87076923076924;12.23076923076923;23.153846153846153;13.307692307692308;3.3969230769230765;0.0;2.4061538461538463;0.11076923076923076;1.116923076923077;0.45846153846153853;2.646153846153846;3.3846153846153846;6.538461538461538
11286;zone20;7001.213463613622;4053.9957950241624;0.0;zone20;S01010222;15;492;414;285;[0.142857,0.5,0.357143];[0.432432,0.459459,0.108108];[0.348624,0.522936,0.12844];[0.747899,0.235294,0.016807];[0.345238095238,0.214285714286,0.309523809524,0.130952380952];1;377.0;-0.105830277325;1866;39;0.09866666666666667;1.2666666666666666;58.59466666666667;31.133333333333333;72.42133333333332;10.866666666666667;23.066666666666666;20.4;2.2746666666666666;0.0;3.2879999999999994;0.0;3.288;0.3546666666666667;2.2186666666666666;4.866666666666666;8.4
11286;zone21;6986.8418912765155;3434.1450308482026;0.0;zone21;S01010223;4;556;462;337;[0.076923,0.538462,0.384615];[0.567797,0.330508,0.101695];[0.472222,0.444444,0.083333];[0.584699,0.36612,0.04918];[0.432432432432,0.162162162162,0.324324324324,0.0810810810811];1;439.0;-0.0353356041414;2069;7;0.06;1.0;68.34;26.5;73.33;10.75;23.0;24.25;4.38;0.0;1.22;0.15;1.87;0.6799999999999999;2.6199999999999997;3.25;7.25
11286;zone22;6247.397837456437;3329.661273309237;0.0;zone22;S01010224;40;1036;727;469;[0.405405,0.540541,0.054054];[0.592593,0.274074,0.133333];[0.418803,0.504274,0.076923];[0.768421,0.202632,0.028947];[0.506097560976,0.140243902439,0.268292682927,0.0853658536585];1;1004.0;0.614259332793;1132;138;0.133;1.2;49.337;30.7;68.47299999999998;11.025;23.175;16.525;4.408999999999999;0.0;2.1910000000000003;0.042;2.051;0.33399999999999996;2.3630000000000004;4.675;8.2
11286;zone23;7827.985844039554;4105.4701191949;0.0;zone23;S01010225;33;812;636;431;[0.25,0.634615,0.115385];[0.469072,0.43299,0.097938];[0.54023,0.413793,0.045977];[0.672065,0.234818,0.093117];[0.385185185185,0.125925925926,0.325925925926,0.162962962963];1;1006.0;0.616572011517;1666;120;0.1406060606060606;1.2121212121212122;51.04121212121212;32.03030303030303;69.43757575757577;11.151515151515152;23.12121212121212;17.333333333333332;2.288484848484849;0.0;3.5490909090909093;0.02666666666666667;2.7478787878787876;0.33090909090909104;2.0630303030303034;5.181818181818182;8.121212121212121
11286;zone24;7040.363001382077;4481.052780471187;0.0;zone24;S01010226;40;816;565;394;[0.454545,0.242424,0.30303];[0.715385,0.2,0.084615];[0.540541,0.405405,0.054054];[0.766917,0.18797,0.045113];[0.503355704698,0.201342281879,0.221476510067,0.0738255033557];2;422.0;-0.0548014077425;1118;203;0.193;1.325;52.959999999999994;40.625;73.05999999999999;10.4;23.075;18.0;5.205999999999998;0.0;4.271000000000001;0.06799999999999999;1.9309999999999998;0.462;2.231;5.6;11.0
11286;zone25;6847.772309074456;4638.663588163389;0.0;zone25;S01010227;39;692;454;294;[0.413793,0.413793,0.172414];[0.704545,0.238636,0.056818];[0.654545,0.345455,0.0];[0.810606,0.159091,0.030303];[0.672268907563,0.0924369747899,0.159663865546,0.0756302521008];4;0.0;-0.540229885057;1139;339;0.3312820512820513;1.1025641025641026;51.59384615384616;53.92307692307692;74.25641025641022;10.076923076923077;22.743589743589745;17.307692307692307;5.8994871794871795;0.0;7.027692307692307;0.16307692307692306;2.8389743589743586;0.32205128205128203;2.0984615384615393;3.948717948717949;15.487179487179487
11286;zone26;8241.816993110848;4572.457656401622;0.0;zone26;S01010229;30;1016;787;508;[0.1,0.625,0.275];[0.350877,0.350877,0.298246];[0.348315,0.477528,0.174157];[0.565217,0.310559,0.124224];[0.420731707317,0.213414634146,0.292682926829,0.0731707317073];1;395.0;-0.0859445809966;1248;85;0.11066666666666666;1.5333333333333334;49.10666666666667;22.3;63.965333333333334;10.2;22.166666666666668;16.8;1.6466666666666663;0.0;2.0453333333333337;0.056;1.6773333333333336;0.37199999999999994;2.1879999999999997;5.1;4.933333333333334
11286;zone27;7458.320056766788;4680.341251240345;0.0;zone27;S01010230;24;1005;772;577;[0.314286,0.628571,0.057143];[0.703883,0.296117,0.0];[0.727273,0.218182,0.054545];[0.71831,0.24507,0.03662];[0.517857142857,0.136904761905,0.267857142857,0.077380952381];1;846.0;0.433218203459;962;80;0.12333333333333334;1.625;42.82999999999999;31.041666666666668;67.03999999999998;10.75;22.5;14.583333333333334;2.646666666666667;0.0;4.778333333333333;0.035;1.4116666666666664;0.31000000000000005;2.186666666666666;5.875;8.333333333333334
11286;zone28;7569.802990100143;4917.458811240416;0.0;zone28;S01010232;37;1074;792;485;[0.457143,0.485714,0.057143];[0.557292,0.338542,0.104167];[0.492063,0.333333,0.174603];[0.654229,0.251244,0.094527];[0.470297029703,0.153465346535,0.306930693069,0.0693069306931];1;771.0;0.347049794199;1056;131;0.13837837837837838;1.3513513513513513;45.47783783783784;33.24324324324324;68.78918918918917;11.027027027027026;22.945945945945947;15.45945945945946;1.7708108108108107;0.0;4.60972972972973;0.00648648648648649;2.921081081081081;0.4010810810810811;2.5589189189189185;5.297297297297297;8.783783783783784
11286;zone29;7830.713068379679;4879.746446724283;0.0;zone29;S01010233;33;970;705;476;[0.275,0.625,0.1];[0.655629,0.245033,0.099338];[0.52809,0.426966,0.044944];[0.771505,0.212366,0.016129];[0.587209302326,0.093023255814,0.261627906977,0.0581395348837];1;284.0;-0.213781821634;1089;129;0.15272727272727274;1.4242424242424243;43.196363636363635;30.454545454545453;67.77939393939396;11.303030303030303;23.333333333333332;14.787878787878787;0.7393939393939394;0.0;2.958787878787878;0.13333333333333333;3.995151515151515;0.33090909090909093;2.563636363636363;5.818181818181818;7.363636363636363
11286;zone30;6473.383843181837;4954.519765957263;0.0;zone30;S01010261;6;2551;2373;526;[0.666667,0.270833,0.0625];[0.675841,0.281346,0.042813];[0.75,0.25,0.0];[0.824468,0.164894,0.010638];[0.41,0.06,0.41,0.12];3;176.0;-0.337679921334;1025;14;0.09333333333333334;1.8333333333333333;57.599999999999994;22.333333333333332;65.78666666666668;9.166666666666666;21.333333333333332;20.0;1.46;0.0;1.3866666666666667;0.0;1.92;0.5266666666666666;2.4266666666666667;5.833333333333333;4.166666666666667
11286;zone31;4930.642193689802;4959.449818932565;0.0;zone31;S01010266;3;555;474;237;[0.320755,0.556604,0.122642];[0.677273,0.254545,0.068182];[0.5,0.461538,0.038462];[0.534247,0.30137,0.164384];[0.141176470588,0.0588235294118,0.4,0.4];3;536.0;0.0761386922126;1160;9;0.12;1.3333333333333333;24.64;24.0;59.85333333333333;13.0;22.666666666666668;8.333333333333334;1.12;0.0;2.626666666666667;0.09333333333333334;2.293333333333333;0.1466666666666667;3.08;5.333333333333333;5.666666666666667
11286;zone32;5712.5549897826;4979.400336637217;0.0;zone32;S01010270;4;1153;972;817;[0.389831,0.533898,0.076271];[0.70255,0.252125,0.045326];[0.714286,0.272727,0.012987];[0.771552,0.228448,0.0];[0.125,0.0909090909091,0.454545454545,0.329545454545];1;871.0;0.461200629557;1575;9;0.08;1.0;50.22;32.25;63.82;9.25;22.25;16.5;3.6500000000000004;0.0;1.3199999999999998;0.23;2.51;0.23;3.07;3.0;7.5
11286;zone33;3394.0723536088512;4934.677182292946;0.0;zone33;S01010282;13;976;841;645;[0.438776,0.520408,0.040816];[0.545732,0.405488,0.04878];[0.521277,0.382979,0.095745];[0.712707,0.232044,0.055249];[0.190954773869,0.070351758794,0.35175879397,0.386934673367];2;350.0;-0.137812028107;1312;56;0.16307692307692306;0.6153846153846154;56.283076923076926;43.69230769230769;71.68615384615383;10.384615384615385;22.615384615384617;19.23076923076923;2.1107692307692307;0.0;9.27076923076923;0.7107692307692306;1.0984615384615384;0.38461538461538464;1.9015384615384614;2.3846153846153846;12.692307692307692
11286;zone34;4385.789287498423;4835.237486850067;0.0;zone34;S01010289;15;771;687;380;[0.130952,0.511905,0.357143];[0.262911,0.502347,0.234742];[0.178571,0.464286,0.357143];[0.410256,0.435897,0.153846];[0.058064516129,0.0322580645161,0.245161290323,0.664516129032];5;259.0;-0.241396294863;1567;99;0.24533333333333332;2.066666666666667;50.018666666666654;48.93333333333333;76.34666666666666;10.333333333333334;23.533333333333335;16.733333333333334;3.3573333333333335;0.0;5.2986666666666675;1.853333333333333;2.6293333333333337;0.3253333333333333;1.6026666666666667;8.866666666666667;12.666666666666666
11286;zone35;4401.5375624188455;4669.062022109911;0.0;zone35;S01010290;13;546;485;278;[0.198198,0.603604,0.198198];[0.485944,0.449799,0.064257];[0.555556,0.444444,0.0];[0.435897,0.512821,0.051282];[0.10752688172,0.0430107526882,0.494623655914,0.354838709677];3;353.0;-0.133686757747;1186;85;0.24923076923076923;1.4615384615384615;44.01846153846154;49.23076923076923;72.30153846153846;10.23076923076923;23.307692307692307;15.0;2.5107692307692306;0.0;6.950769230769231;1.2676923076923077;2.6830769230769227;0.33846153846153854;1.8707692307692307;6.230769230769231;12.846153846153847
11286;zone36;4119.983651650423;4281.100418217042;0.0;zone36;S01010291;12;1075;975;481;[0.405594,0.447552,0.146853];[0.627907,0.277132,0.094961];[0.415094,0.433962,0.150943];[0.562963,0.325926,0.111111];[0.197080291971,0.0729927007299,0.445255474453,0.284671532847];3;438.0;-0.0363924713322;928;54;0.17666666666666667;1.75;38.653333333333336;40.0;65.67;9.333333333333334;22.166666666666668;13.0;2.18;0.0;7.5133333333333345;0.7133333333333334;0.73;0.42;1.63;6.25;10.666666666666666
11286;zone37;4399.731076226201;4291.6703625917;0.0;zone37;S01010292;10;890;831;409;[0.348214,0.508929,0.142857];[0.477169,0.420091,0.10274];[0.339286,0.446429,0.214286];[0.55814,0.383721,0.05814];[0.128378378378,0.0540540540541,0.398648648649,0.418918918919];4;323.0;-0.168488563048;1178;54;0.216;2.5;46.483999999999995;38.5;76.66;11.6;23.8;15.5;4.404000000000001;0.0;4.668000000000001;0.8400000000000001;1.92;0.22400000000000003;1.532;10.4;11.4
11286;zone38;4514.690807242894;4541.15458266895;0.0;zone38;S01010293;16;839;723;373;[0.51773,0.35461,0.12766];[0.635389,0.262735,0.101877];[0.446809,0.319149,0.234043];[0.514286,0.392857,0.092857];[0.242424242424,0.0606060606061,0.393939393939,0.30303030303];3;290.0;-0.205814991507;1334;117;0.2875;1.0625;52.585;57.375;69.255;8.4375;21.4375;17.8125;4.3775;0.0;7.432499999999999;0.7175000000000001;1.99;0.35500000000000004;1.6250000000000002;3.25;14.0625
11286;zone39;4541.7482834333705;4418.565122351524;0.0;zone39;S01010294;13;690;631;275;[0.242105,0.526316,0.231579];[0.650873,0.214464,0.134663];[0.583333,0.208333,0.208333];[0.414894,0.489362,0.095745];[0.164835164835,0.043956043956,0.494505494505,0.296703296703];4;440.0;-0.0342259463805;1113;67;0.20307692307692307;1.9230769230769231;50.84;40.0;77.35384615384615;11.615384615384615;24.153846153846153;17.384615384615383;3.96;0.0;3.867692307692308;0.5169230769230769;3.1630769230769227;0.3046153846153846;1.8153846153846156;8.76923076923077;11.153846153846153
11286;zone40;4766.8646917667475;4574.50133624035;0.0;zone40;S01010295;18;974;870;427;[0.384615,0.391026,0.224359];[0.604555,0.310559,0.084886];[0.428571,0.285714,0.285714];[0.390728,0.516556,0.092715];[0.212765957447,0.113475177305,0.297872340426,0.375886524823];4;529.0;0.0680145754747;1116;80;0.1688888888888889;1.7222222222222223;39.937777777777775;38.44444444444444;66.92444444444443;10.61111111111111;22.444444444444443;13.333333333333334;3.16;0.0;5.13111111111111;0.7799999999999999;1.2377777777777776;0.23777777777777784;1.3844444444444444;6.666666666666667;9.722222222222221
11286;zone41;4647.752341766679;4736.091736240359;0.0;zone41;S01010296;16;664;560;291;[0.294118,0.423529,0.282353];[0.520913,0.368821,0.110266];[0.375,0.375,0.25];[0.475524,0.391608,0.132867];[0.282828282828,0.111111111111,0.363636363636,0.242424242424];2;856.0;0.444094443477;984;83;0.2025;1.8125;41.57500000000001;39.6875;71.3925;11.0;23.25;14.375;1.8824999999999998;0.0;5.165;1.155;2.5425000000000004;0.5750000000000001;1.795;7.875;10.25
11286;zone42;5522.849421766708;4411.996091240393;0.0;zone42;S01010297;7;1066;894;676;[0.582609,0.382609,0.034783];[0.691824,0.245283,0.062893];[0.540541,0.333333,0.126126];[0.681275,0.270916,0.047809];[0.260563380282,0.140845070423,0.37323943662,0.225352112676];1;504.0;0.0391758595379;1078;18;0.09142857142857143;1.0;37.50857142857143;30.0;56.58857142857143;9.0;21.571428571428573;12.714285714285714;1.3257142857142856;0.0;1.6514285714285715;0.2057142857142857;3.217142857142857;0.28;2.262857142857143;2.5714285714285716;6.0
11286;zone43;4706.481893689814;4143.807995855712;0.0;zone43;S01010298;12;880;677;515;[0.308943,0.479675,0.211382];[0.581395,0.356589,0.062016];[0.539683,0.396825,0.063492];[0.744828,0.193103,0.062069];[0.227272727273,0.0984848484848,0.371212121212,0.30303030303];1;486.0;0.0190902878356;964;50;0.15666666666666668;1.25;43.02;33.083333333333336;71.74666666666667;12.833333333333334;24.5;14.416666666666666;4.3566666666666665;0.0;3.973333333333334;0.7133333333333333;1.4466666666666665;0.37000000000000005;2.216666666666667;5.166666666666667;10.0
11286;zone44;4885.424673909578;4209.645754097502;0.0;zone44;S01010299;4;536;404;292;[0.3,0.54,0.16];[0.556701,0.340206,0.103093];[0.458333,0.520833,0.020833];[0.584906,0.283019,0.132075];[0.428571428571,0.0857142857143,0.285714285714,0.2];1;375.0;-0.10827530326;677;22;0.21;1.0;34.45;38.75;66.32;12.75;23.0;12.0;3.22;0.0;2.0300000000000002;0.5;3.63;0.31000000000000005;2.8600000000000003;4.5;8.75
11286;zone45;4883.397012115578;4340.414778682246;0.0;zone45;S01010300;21;934;764;478;[0.460784,0.411765,0.127451];[0.664653,0.238671,0.096677];[0.632353,0.323529,0.044118];[0.606383,0.329787,0.06383];[0.3046875,0.125,0.3515625,0.21875];2;513.0;0.0498225801839;621;102;0.18666666666666668;1.8095238095238095;40.5295238095238;31.904761904761905;72.16000000000001;12.714285714285714;24.142857142857142;13.952380952380953;3.356190476190476;0.0;2.455238095238095;0.5333333333333333;2.864761904761905;0.36380952380952386;2.52;7.428571428571429;8.761904761904763
11286;zone46;5144.66081966521;4032.769083704074;0.0;zone46;S01010301;6;522;457;283;[0.292683,0.597561,0.109756];[0.57563,0.315126,0.109244];[0.222222,0.703704,0.074074];[0.561798,0.393258,0.044944];[0.214285714286,0.0612244897959,0.459183673469,0.265306122449];4;490.0;0.0232745011966;1238;61;0.4;1.1666666666666667;57.346666666666664;64.0;76.54;9.166666666666666;23.0;20.0;9.613333333333333;0.0;1.78;0.5866666666666666;5.746666666666667;0.32;2.2733333333333334;2.5;17.166666666666668
11286;zone47;5165.568789180556;4297.038752619699;0.0;zone47;S01010302;24;669;495;388;[0.65625,0.28125,0.0625];[0.6,0.356522,0.043478];[0.716981,0.226415,0.056604];[0.801802,0.18018,0.018018];[0.582417582418,0.0769230769231,0.263736263736,0.0769230769231];1;392.0;-0.0896499889057;1477;100;0.16333333333333333;1.4583333333333333;62.779999999999994;32.25;73.93;10.5;22.791666666666668;21.625;3.9250000000000007;0.0;1.5683333333333334;0.11333333333333333;3.0250000000000004;0.3483333333333334;2.5933333333333333;5.875;8.041666666666666
11286;zone48;5241.140616766716;4139.402270499609;0.0;zone48;S01010303;33;579;387;250;[0.692308,0.153846,0.153846];[0.56701,0.298969,0.134021];[0.630435,0.282609,0.086957];[0.658879,0.285047,0.056075];[0.58407079646,0.106194690265,0.274336283186,0.0353982300885];1;415.0;-0.0627120940391;1516;176;0.20727272727272728;1.3636363636363635;47.76606060606062;39.36363636363637;66.72363636363636;9.696969696969697;22.181818181818183;16.272727272727273;5.072727272727272;0.0;1.4775757575757573;0.2690909090909091;2.665454545454545;0.34787878787878784;2.0024242424242424;4.9393939393939394;9.0
11286;zone49;4853.647576226233;3833.123065294377;0.0;zone49;S01010304;12;542;456;332;[0.323529,0.514706,0.161765];[0.635135,0.25,0.114865];[0.477273,0.522727,0.0];[0.829268,0.109756,0.060976];[0.372340425532,0.0425531914894,0.297872340426,0.287234042553];1;804.0;0.384523850516;1873;56;0.17666666666666667;1.4166666666666667;53.96333333333334;29.5;68.10333333333332;10.083333333333334;22.0;18.916666666666668;3.876666666666667;0.0;1.24;0.45333333333333337;1.4933333333333334;0.39999999999999997;1.9466666666666665;5.916666666666667;6.583333333333333
11286;zone50;4697.410406890209;3639.1027396354093;0.0;zone50;S01010305;7;807;694;478;[0.36036,0.468468,0.171171];[0.553191,0.33617,0.110638];[0.409639,0.301205,0.289157];[0.589888,0.337079,0.073034];[0.198529411765,0.0735294117647,0.382352941176,0.345588235294];1;223.0;-0.28282788147;631;39;0.21714285714285714;1.5714285714285714;45.58857142857143;48.57142857142857;73.26285714285714;9.714285714285714;23.142857142857142;15.428571428571429;10.09142857142857;0.0;2.394285714285714;0.6;0.9714285714285715;0.3428571428571429;1.8457142857142856;7.142857142857143;13.571428571428571
11286;zone51;4591.3082521834585;3868.367573740388;0.0;zone51;S01010306;13;752;675;449;[0.35625,0.56875,0.075];[0.570588,0.355882,0.073529];[0.283019,0.566038,0.150943];[0.650943,0.330189,0.018868];[0.165680473373,0.0473372781065,0.479289940828,0.307692307692];2;238.0;-0.265781391166;775;77;0.21846153846153846;1.3846153846153846;48.990769230769224;52.69230769230769;69.2923076923077;9.461538461538462;21.692307692307693;16.846153846153847;6.630769230769231;0.0;4.049230769230769;0.8769230769230771;1.489230769230769;0.3507692307692307;1.4276923076923076;4.846153846153846;12.615384615384615
11286;zone52;4503.72067559025;3742.2957906521283;0.0;zone52;S01010307;9;821;732;428;[0.189922,0.577519,0.232558];[0.407407,0.487654,0.104938];[0.346154,0.538462,0.115385];[0.71875,0.234375,0.046875];[0.0681818181818,0.0568181818182,0.375,0.5];5;319.0;-0.172537833795;419;83;0.3511111111111111;1.1111111111111112;41.70222222222222;65.44444444444444;76.96444444444445;11.11111111111111;23.88888888888889;14.222222222222221;10.11111111111111;0.0;4.368888888888889;3.0266666666666664;1.5555555555555556;0.4222222222222223;2.0933333333333333;4.444444444444445;18.555555555555557
11286;zone53;4364.519870735056;4047.768725526131;0.0;zone53;S01010308;9;975;858;480;[0.285714,0.54007,0.174216];[0.511936,0.384615,0.103448];[0.254902,0.411765,0.333333];[0.648352,0.307692,0.043956];[0.0970873786408,0.0631067961165,0.359223300971,0.480582524272];4;257.0;-0.244477582955;1318;47;0.19555555555555557;1.3333333333333333;62.728888888888896;51.44444444444444;80.80444444444443;10.222222222222221;23.555555555555557;21.77777777777778;6.595555555555555;0.0;7.2844444444444445;1.0933333333333333;1.088888888888889;0.4133333333333334;1.6800000000000002;5.333333333333333;15.666666666666666
11286;zone54;5381.88771051669;3636.3205112402793;0.0;zone54;S01010309;4;419;356;264;[0.333333,0.25,0.416667];[0.478873,0.422535,0.098592];[0.352941,0.382353,0.264706];[0.705882,0.24183,0.052288];[0.365853658537,0.170731707317,0.390243902439,0.0731707317073];1;0.0;-0.540229885057;2084;8;0.08;2.0;69.77;31.25;69.87;8.0;21.25;23.5;1.1199999999999999;0.0;2.13;0.0;2.19;0.19;2.2800000000000002;7.25;5.0
11286;zone55;5657.373406240428;3625.6586165034923;0.0;zone55;S01010310;13;706;540;381;[0.333333,0.238095,0.428571];[0.565517,0.337931,0.096552];[0.54902,0.27451,0.176471];[0.715415,0.256917,0.027668];[0.484848484848,0.151515151515,0.318181818182,0.0454545454545];1;574.0;0.120406534162;807;35;0.09846153846153846;1.6923076923076923;47.350769230769224;33.30769230769231;70.48615384615384;10.923076923076923;23.307692307692307;16.0;2.5200000000000005;0.0;1.52;0.39076923076923087;3.7507692307692313;0.27384615384615385;2.4430769230769234;7.615384615384615;7.615384615384615
11286;zone56;5685.425126382168;3318.6970593171873;0.0;zone56;S01010311;22;721;556;351;[0.411765,0.352941,0.235294];[0.472222,0.453704,0.074074];[0.571429,0.404762,0.02381];[0.717949,0.271062,0.010989];[0.565217391304,0.121739130435,0.269565217391,0.0434782608696];1;1534.0;1.22364271569;1423;74;0.13090909090909092;1.6363636363636365;66.05454545454545;26.818181818181817;73.15454545454548;9.863636363636363;22.727272727272727;23.136363636363637;2.109090909090909;0.0;2.565454545454546;0.06545454545454545;2.2600000000000002;0.30000000000000004;2.085454545454545;6.409090909090909;6.5
11286;zone57;5466.52613028024;3072.1402274564575;0.0;zone57;S01010312;34;868;647;425;[0.117647,0.823529,0.058824];[0.754386,0.22807,0.017544];[0.407407,0.444444,0.148148];[0.804945,0.153846,0.041209];[0.586956521739,0.115942028986,0.268115942029,0.0289855072464];1;685.0;0.247477927043;1596;96;0.10705882352941176;1.0;62.5;30.970588235294116;76.12823529411764;11.941176470588236;24.08823529411765;21.029411764705884;2.5235294117647062;0.0;3.4070588235294115;0.00941176470588235;3.438823529411765;0.3823529411764706;2.9458823529411764;4.5588235294117645;8.882352941176471
11286;zone58;5251.7403530303945;3502.549209042501;0.0;zone58;S01010313;16;654;529;356;[0.428571,0.285714,0.285714];[0.6,0.333333,0.066667];[0.433735,0.481928,0.084337];[0.739623,0.162264,0.098113];[0.648351648352,0.131868131868,0.175824175824,0.043956043956];1;565.0;0.109617915218;2147;52;0.125;1.125;69.74999999999999;34.8125;77.1;10.5;23.0625;24.125;2.7775;0.0;3.615;0.0825;2.6700000000000004;0.36000000000000004;2.73;5.4375;8.8125
11286;zone59;4840.312157862589;3385.4448126102257;0.0;zone59;S01010314;21;1248;1034;550;[0.358209,0.507463,0.134328];[0.514493,0.333333,0.152174];[0.5,0.326923,0.173077];[0.636,0.324,0.04];[0.316901408451,0.133802816901,0.401408450704,0.147887323944];1;637.0;0.192402372167;1123;82;0.1523809523809524;1.4761904761904763;44.24761904761905;29.904761904761905;67.82476190476189;11.0;22.952380952380953;15.095238095238095;4.761904761904763;0.0;3.426666666666667;0.20571428571428574;0.72;0.3295238095238095;2.3371428571428567;5.476190476190476;8.666666666666666
11286;zone60;4536.293429266749;2504.1273706154316;0.0;zone60;S01010315;43;911;678;409;[0.180723,0.554217,0.26506];[0.252632,0.457895,0.289474];[0.208333,0.5,0.291667];[0.55144,0.345679,0.102881];[0.308176100629,0.169811320755,0.358490566038,0.163522012579];2;382.0;-0.100954860853;1620;204;0.1813953488372093;1.5348837209302326;49.00279069767441;36.53488372093023;72.88186046511629;11.023255813953488;23.441860465116278;16.72093023255814;4.304186046511627;0.0;2.724651162790698;0.00651162790697674;3.108837209302325;0.37674418604651155;2.165581395348837;7.093023255813954;9.651162790697674
11286;zone61;4589.6619547948285;2943.195659127726;0.0;zone61;S01010316;25;512;414;304;[0.392157,0.529412,0.078431];[0.62931,0.37069,0.0];[0.439024,0.560976,0.0];[0.775401,0.224599,0.0];[0.439252336449,0.102803738318,0.252336448598,0.205607476636];1;481.0;0.0128180141103;1391;98;0.1504;1.48;58.768;29.8;70.92320000000001;10.24;22.48;20.4;3.0864;0.0;2.8767999999999994;0.0704;1.7488000000000001;0.32480000000000003;2.1456;6.0;7.28
11286;zone63;4421.5566371748755;3071.026327566895;0.0;zone63;S01010318;12;1588;1497;304;[0.5,0.456522,0.043478];[0.469799,0.47651,0.053691];[0.310345,0.37931,0.310345];[0.678571,0.285714,0.035714];[0.36,0.14,0.34,0.16];3;317.0;-0.175110645645;1127;72;0.23666666666666666;1.6666666666666667;53.55333333333332;45.916666666666664;72.2;9.166666666666666;22.166666666666668;18.5;5.41;0.0;5.84;0.39666666666666667;1.0566666666666666;0.24666666666666667;1.8033333333333335;5.666666666666667;12.25
11286;zone64;4173.240913470097;2893.8040771744095;0.0;zone64;S01010319;9;711;624;407;[0.258741,0.608392,0.132867];[0.383399,0.486166,0.130435];[0.439394,0.212121,0.348485];[0.530769,0.384615,0.084615];[0.171974522293,0.0700636942675,0.471337579618,0.286624203822];2;473.0;0.00423719084943;1363;32;0.13777777777777778;1.6666666666666667;49.48;30.555555555555557;66.83555555555556;9.444444444444445;22.0;17.0;3.5288888888888885;0.0;2.5200000000000005;0.21333333333333332;1.471111111111111;0.2711111111111111;1.6933333333333336;7.111111111111111;7.222222222222222
11286;zone65;3940.1918462749595;2900.8899784533987;0.0;zone65;S01010320;4;675;594;437;[0.257813,0.523438,0.21875];[0.61753,0.298805,0.083665];[0.526316,0.22807,0.245614];[0.805085,0.169492,0.025424];[0.172185430464,0.0662251655629,0.443708609272,0.317880794702];1;646.0;0.202453315259;1172;14;0.14;2.75;56.57000000000001;25.75;72.09;10.25;21.75;19.0;3.1799999999999997;0.0;1.96;0.15;1.0899999999999999;0.13;0.8999999999999999;11.25;6.0
11286;zone66;3905.8658739096163;2664.6669636212755;0.0;zone66;S01010321;7;837;634;432;[0.401709,0.555556,0.042735];[0.54717,0.433962,0.018868];[0.45122,0.439024,0.109756];[0.666667,0.271186,0.062147];[0.212328767123,0.0958904109589,0.390410958904,0.301369863014];1;1019.0;0.631764531736;1876;29;0.16;1.7142857142857142;53.09142857142857;30.0;68.08571428571429;10.0;22.142857142857142;17.857142857142858;3.8;0.0;2.788571428571428;0.10285714285714286;1.4000000000000001;0.20000000000000004;1.4857142857142858;6.142857142857143;7.714285714285714
11286;zone67;3630.3978644730896;3132.1651121578075;0.0;zone67;S01010322;9;1028;914;549;[0.174419,0.549419,0.276163];[0.412399,0.471698,0.115903];[0.298507,0.38806,0.313433];[0.647059,0.323529,0.029412];[0.057268722467,0.0352422907489,0.449339207048,0.458149779736];5;124.0;-0.397569575369;1382;69;0.28888888888888886;2.2222222222222223;43.05777777777778;53.0;80.39555555555555;10.777777777777779;23.555555555555557;14.666666666666666;6.2444444444444445;0.0;7.857777777777778;1.0044444444444445;1.5199999999999998;0.35111111111111115;1.2666666666666666;11.11111111111111;16.22222222222222
11286;zone68;6208.193116766784;3072.425066795916;0.0;zone68;S01010323;4;603;466;377;[0.555556,0.444444,0.0];[0.657143,0.271429,0.071429];[0.642857,0.321429,0.035714];[0.793651,0.166667,0.039683];[0.578431372549,0.166666666667,0.235294117647,0.0196078431373];1;970.0;0.57559463238;755;24;0.22;1.0;48.11;42.0;61.24;9.0;20.75;16.5;6.740000000000001;0.0;1.22;0.06;1.21;0.31000000000000005;1.47;3.0;8.75
11286;zone69;6517.651722029823;2240.572579661372;0.0;zone69;S01010324;6;759;566;403;[0.142857,0.571429,0.285714];[0.298077,0.490385,0.211538];[0.333333,0.530864,0.135802];[0.401674,0.414226,0.1841];[0.569620253165,0.101265822785,0.291139240506,0.0379746835443];1;407.0;-0.0721601679586;1864;26;0.16666666666666666;1.0;49.57333333333333;29.5;72.60000000000001;13.333333333333334;24.166666666666668;16.666666666666668;2.22;0.0;1.1533333333333335;0.0;4.726666666666667;0.6866666666666666;3.08;4.5;7.666666666666667
11286;zone70;6038.016041009105;2402.8415869980217;0.0;zone70;S01010325;18;939;666;501;[0.263158,0.368421,0.368421];[0.383838,0.525253,0.090909];[0.253623,0.615942,0.130435];[0.451362,0.463035,0.085603];[0.545454545455,0.238636363636,0.193181818182,0.0227272727273];1;225.0;-0.281126582053;1465;57;0.11777777777777777;1.0555555555555556;29.240000000000002;27.5;58.775555555555556;11.5;22.61111111111111;9.722222222222221;1.9244444444444444;0.0;1.8555555555555558;0.0;2.7755555555555556;0.48444444444444446;2.2155555555555555;3.8333333333333335;6.0
11286;zone71;5272.359331052501;2740.775131541117;0.0;zone71;S01010326;39;987;707;494;[0.526316,0.368421,0.105263];[0.522523,0.333333,0.144144];[0.492188,0.3125,0.195313];[0.723514,0.224806,0.05168];[0.54375,0.16875,0.23125,0.05625];1;1389.0;1.05701743376;1011;145;0.14461538461538462;1.0512820512820513;45.90461538461538;33.38461538461539;67.19589743589742;10.820512820512821;23.0;15.333333333333334;2.0092307692307694;0.0;5.9292307692307675;0.01435897435897436;1.8789743589743586;0.3815384615384615;2.487179487179487;3.7948717948717947;9.384615384615385
11286;zone72;4970.167032608406;2501.795090448298;0.0;zone72;S01010327;34;982;660;362;[0.031746,0.507937,0.460317];[0.372881,0.432203,0.194915];[0.289063,0.328125,0.382813];[0.516892,0.347973,0.135135];[0.416184971098,0.21387283237,0.236994219653,0.132947976879];1;470.0;0.000335688704598;953;129;0.14941176470588236;1.5588235294117647;45.76823529411766;31.441176470588236;68.21764705882352;10.147058823529411;22.705882352941178;15.617647058823529;2.836470588235295;0.0;4.711764705882353;0.0;1.5599999999999998;0.24470588235294125;2.2611764705882345;6.205882352941177;8.617647058823529
11286;zone73;5975.307390960257;2677.5485166167286;0.0;zone73;S01010328;24;969;706;445;[0.16129,0.5,0.33871];[0.27044,0.471698,0.257862];[0.192547,0.434783,0.372671];[0.338983,0.432203,0.228814];[0.309352517986,0.258992805755,0.280575539568,0.151079136691];2;457.0;-0.0138550124678;1998;116;0.19;1.6666666666666667;50.48499999999999;30.291666666666668;72.74833333333333;11.791666666666666;23.666666666666668;17.125;2.5383333333333336;0.0;1.8766666666666667;0.0;4.04;0.4333333333333334;2.175;7.208333333333333;8.0
11286;zone74;4421.847657862615;2232.0860934321454;0.0;zone74;S01010329;21;573;435;290;[0.368421,0.263158,0.368421];[0.341176,0.470588,0.188235];[0.255814,0.465116,0.27907];[0.52,0.354286,0.125714];[0.438356164384,0.191780821918,0.27397260274,0.0958904109589];2;105.0;-0.418628586414;1845;81;0.14666666666666667;1.4285714285714286;50.30666666666666;32.714285714285715;71.08380952380952;10.952380952380953;23.428571428571427;17.047619047619047;4.175238095238096;0.0;2.1523809523809523;0.0;2.624761904761905;0.33714285714285724;2.434285714285714;6.285714285714286;8.571428571428571
