cycle;name;location.x;location.y;location.z;name;dataZone;nm_children;pop;over16;nm_hh;AB_car_prob;C1_car_prob;C2_car_prob;DE_car_prob;prob_social;simd;crimeRate;norm_crime;avg_dis_sh;neigh_play;daily_play_per_child;avg_FSA;avg_walk;daily_OD;zone_mvpa;mvpa_home;mvpa_sc;mvpa_road;mvpa_play_field;mvpa_home_garden;mvpa_park;mvpa_PG;mvpa_amenity;mvpa_shops;mvpa_F_home;mvpa_fsa;mvpa_OD
11286;zone0;8448.90275962388;2625.4515469546564;0.0;zone0;S01010195;19;531;390;212;[0.0,0.481481,0.518519];[0.261538,0.646154,0.092308];[0.12,0.59,0.29];[0.447368,0.368421,0.184211];[0.418918918919,0.283783783784,0.202702702703,0.0945945945946];1;0.0;-0.540229885057;1169;65;0.13473684210526315;1.263157894736842;31.119999999999997;31.210526315789473;58.79157894736844;10.473684210526315;22.105263157894736;10.736842105263158;0.911578947368421;0.0;3.018947368421052;0.06105263157894737;2.5726315789473686;0.28842105263157897;1.9894736842105265;5.105263157894737;6.052631578947368
11286;zone1;8656.736904000718;2165.9902346445633;0.0;zone1;S01010198;18;1027;748;394;[0.058824,0.529412,0.411765];[0.305785,0.561983,0.132231];[0.219858,0.496454,0.283688];[0.523179,0.331126,0.145695];[0.48623853211,0.229357798165,0.266055045872,0.0183486238532];1;1609.0;1.3102524676;1279;49;0.1;1.1666666666666667;36.62222222222222;29.166666666666668;60.66666666666666;10.333333333333334;22.555555555555557;12.555555555555555;1.4355555555555553;0.0;2.6133333333333333;0.1;2.7022222222222223;0.27555555555555555;2.5133333333333336;4.111111111111111;6.333333333333333
11286;zone2;8537.588755655543;3024.028900129281;0.0;zone2;S01010201;22;643;453;253;[0.0,0.47619,0.52381];[0.270833,0.3125,0.416667];[0.088,0.48,0.432];[0.296552,0.434483,0.268966];[0.365853658537,0.292682926829,0.292682926829,0.0487804878049];2;219.0;-0.28762447053;929;86;0.15272727272727274;1.8636363636363635;29.99818181818182;32.68181818181818;63.0818181818182;10.636363636363637;22.772727272727273;10.045454545454545;0.9600000000000002;0.0;3.9618181818181815;0.0;3.2527272727272734;0.41090909090909106;1.770909090909091;7.318181818181818;7.636363636363637
11286;zone3;8059.42097232239;3767.666522351409;0.0;zone3;S01010203;30;671;504;260;[0.090909,0.363636,0.545455];[0.263804,0.460123,0.276074];[0.094828,0.422414,0.482759];[0.183824,0.375,0.441176];[0.272727272727,0.218181818182,0.363636363636,0.145454545455];3;215.0;-0.292668818285;1983;142;0.18533333333333332;1.6;45.98533333333333;33.2;68.55466666666666;10.633333333333333;22.7;15.8;2.812;0.0;2.956;0.0;3.289333333333333;0.38399999999999995;2.0453333333333337;6.2;8.533333333333333
11286;zone4;8368.288440296214;3565.498290652094;0.0;zone4;S01010204;30;800;589;381;[0.272727,0.727273,0.0];[0.627451,0.27451,0.098039];[0.444444,0.533333,0.022222];[0.600619,0.321981,0.077399];[0.595041322314,0.157024793388,0.239669421488,0.00826446280992];1;497.0;0.0317745673598;1362;94;0.12;1.2;43.99733333333332;29.666666666666668;63.06533333333332;10.333333333333334;22.3;15.033333333333333;1.4146666666666665;0.0;2.978666666666667;0.01066666666666667;2.934666666666667;0.43733333333333335;2.1279999999999997;3.9;6.833333333333333
11286;zone5;8034.229745798958;3515.110462853287;0.0;zone5;S01010205;15;658;534;355;[0.411765,0.117647,0.470588];[0.465116,0.457364,0.077519];[0.317757,0.588785,0.093458];[0.593458,0.280374,0.126168];[0.466666666667,0.2,0.3,0.0333333333333];1;925.0;0.523434132086;1272;50;0.128;1.2666666666666666;32.77866666666667;27.866666666666667;62.74933333333334;11.466666666666667;22.933333333333334;10.933333333333334;2.0933333333333333;0.0;3.112;0.0;2.341333333333333;0.4666666666666667;2.461333333333333;4.933333333333334;7.133333333333334
11286;zone6;7457.064719570519;3739.055375726369;0.0;zone6;S01010208;18;903;745;565;[0.30137,0.589041,0.109589];[0.48062,0.457364,0.062016];[0.272727,0.613636,0.113636];[0.66055,0.270642,0.068807];[0.233333333333,0.133333333333,0.461111111111,0.172222222222];1;603.0;0.153385979085;1359;64;0.13555555555555557;1.3888888888888888;44.46000000000001;29.833333333333332;64.19999999999999;10.777777777777779;22.61111111111111;14.666666666666666;1.9777777777777774;0.0;1.6800000000000002;0.0;3.3155555555555556;0.3155555555555557;2.1844444444444444;4.944444444444445;6.5
11286;zone7;7917.838214725937;1939.334458859395;0.0;zone7;S01010209;24;966;677;468;[0.172414,0.586207,0.241379];[0.333333,0.414966,0.251701];[0.381944,0.458333,0.159722];[0.545852,0.336245,0.117904];[0.337931034483,0.248275862069,0.303448275862,0.110344827586];1;2053.0;1.82052250092;1759;58;0.095;1.4166666666666667;48.88166666666666;26.166666666666668;60.041666666666664;8.75;20.958333333333332;16.75;0.9833333333333333;0.0;2.8816666666666664;0.0;1.9483333333333335;0.3266666666666667;1.8083333333333333;3.9583333333333335;5.291666666666667
11286;zone8;7878.406567747077;2721.2634132011362;0.0;zone8;S01010210;18;885;641;416;[0.173913,0.456522,0.369565];[0.21519,0.5,0.28481];[0.189781,0.386861,0.423358];[0.422111,0.442211,0.135678];[0.394736842105,0.236842105263,0.254385964912,0.114035087719];1;344.0;-0.144253829852;1190;69;0.14666666666666667;1.5;41.71555555555557;25.944444444444443;67.99777777777778;12.0;23.88888888888889;13.944444444444445;0.8688888888888888;0.0;3.8022222222222215;0.0;2.8533333333333335;0.44000000000000006;2.155555555555556;6.5;7.055555555555555
11286;zone9;7785.599648345685;3201.783800714137;0.0;zone9;S01010211;22;858;634;452;[0.147059,0.705882,0.147059];[0.384615,0.452991,0.162393];[0.469565,0.4,0.130435];[0.722656,0.226563,0.050781];[0.473214285714,0.169642857143,0.285714285714,0.0714285714286];1;430.0;-0.0456985893816;1079;84;0.14;1.1818181818181819;45.64000000000001;34.09090909090909;68.31454545454547;10.818181818181818;23.136363636363637;15.318181818181818;1.6545454545454545;0.0;3.0381818181818177;0.0;3.6654545454545455;0.41090909090909095;2.1599999999999997;6.318181818181818;7.909090909090909
11286;zone10;7580.688680869333;3097.127786881416;0.0;zone10;S01010212;49;1083;779;559;[0.233333,0.633333,0.133333];[0.594771,0.339869,0.065359];[0.465517,0.405172,0.12931];[0.712821,0.269231,0.017949];[0.566037735849,0.138364779874,0.22641509434,0.0691823899371];1;1473.0;1.15298517036;1178;185;0.14612244897959184;1.2653061224489797;52.45632653061223;34.87755102040816;70.41795918367349;10.510204081632653;23.0;17.959183673469386;1.4791836734693877;0.0;3.28408163265306;0.0;4.249795918367346;0.3910204081632654;2.537142857142857;5.387755102040816;8.53061224489796
11286;zone11;8065.177293237223;3111.5884965344962;0.0;zone11;S01010213;13;924;657;476;[0.105263,0.684211,0.210526];[0.382609,0.547826,0.069565];[0.218543,0.556291,0.225166];[0.467925,0.483019,0.049057];[0.451327433628,0.221238938053,0.274336283186,0.0530973451327];1;247.0;-0.255840453357;952;54;0.15384615384615385;1.1538461538461537;32.69230769230769;30.076923076923077;65.32615384615386;12.23076923076923;23.53846153846154;11.153846153846153;1.5323076923076921;0.0;3.7292307692307696;0.01538461538461539;3.1507692307692308;0.5538461538461539;2.341538461538462;5.230769230769231;7.923076923076923
11286;zone12;7144.994858230166;1947.4125453867302;0.0;zone12;S01010214;27;967;717;396;[0.098592,0.28169,0.619718];[0.197531,0.438272,0.364198];[0.173333,0.493333,0.333333];[0.237069,0.487069,0.275862];[0.361344537815,0.210084033613,0.310924369748,0.117647058824];3;176.0;-0.337854473183;1812;97;0.1362962962962963;1.4444444444444444;40.23111111111111;33.333333333333336;59.266666666666666;8.777777777777779;21.185185185185187;13.74074074074074;2.6785185185185187;0.0;2.6829629629629625;0.0;2.2829629629629626;0.22370370370370377;1.7718518518518518;4.222222222222222;7.222222222222222
11286;zone13;7013.590150664996;2618.495528189446;0.0;zone13;S01010215;24;850;608;492;[0.571429,0.285714,0.142857];[0.5,0.431373,0.068627];[0.382609,0.391304,0.226087];[0.678571,0.269841,0.051587];[0.467289719626,0.140186915888,0.345794392523,0.0467289719626];1;547.0;0.0886083430805;661;103;0.16666666666666666;1.2083333333333333;38.81333333333333;33.625;60.63166666666666;9.958333333333334;22.041666666666668;12.916666666666666;1.3966666666666665;0.0;1.7149999999999999;0.0;3.911666666666667;0.4166666666666668;2.3233333333333337;4.333333333333333;6.625
11286;zone14;7332.222205807836;2329.961970144465;0.0;zone14;S01010216;15;621;464;361;[0.6,0.4,0.0];[0.597701,0.356322,0.045977];[0.409091,0.439394,0.151515];[0.709544,0.273859,0.016598];[0.5,0.163265306122,0.265306122449,0.0714285714286];1;600.0;0.150092344085;1303;61;0.15466666666666667;1.3333333333333333;53.98666666666667;41.2;69.296;10.0;22.466666666666665;18.133333333333333;2.072;0.0;4.549333333333334;0.0;3.6479999999999992;0.3413333333333334;1.8826666666666665;4.4;9.8
11286;zone15;7299.833172322251;2625.8610945736937;0.0;zone15;S01010217;33;817;598;406;[0.16129,0.516129,0.322581];[0.565517,0.4,0.034483];[0.5,0.431373,0.068627];[0.702703,0.283784,0.013514];[0.541935483871,0.0967741935484,0.296774193548,0.0645161290323];1;1060.0;0.679274950851;985;146;0.1709090909090909;1.4242424242424243;42.40848484848485;32.78787878787879;68.50909090909094;11.363636363636363;23.454545454545453;14.393939393939394;1.101818181818182;0.0;2.9781818181818176;0.0;4.846060606060605;0.3296969696969697;2.472727272727273;5.848484848484849;8.393939393939394
11286;zone16;7142.953643082513;3018.5401822929393;0.0;zone16;S01010218;31;1018;790;587;[0.425532,0.404255,0.170213];[0.392523,0.453271,0.154206];[0.358209,0.492537,0.149254];[0.589124,0.335347,0.075529];[0.424657534247,0.109589041096,0.369863013699,0.0958904109589];1;557.0;0.101026678737;528;113;0.1406451612903226;1.6451612903225807;33.19483870967742;30.129032258064516;67.06193548387097;12.35483870967742;23.612903225806452;11.129032258064516;1.9341935483870967;0.0;1.752258064516129;0.0;4.181935483870968;0.3496774193548387;2.3122580645161297;7.67741935483871;7.387096774193548
11286;zone17;6738.8937706128745;4298.8917997019325;0.0;zone17;S01010219;21;503;382;274;[0.695652,0.304348,0.0];[0.758621,0.215517,0.025862];[0.761905,0.166667,0.071429];[0.781609,0.195402,0.022989];[0.41935483871,0.0752688172043,0.408602150538,0.0967741935484];2;184.0;-0.327838932938;1548;86;0.1619047619047619;1.7619047619047619;57.449523809523804;36.0;72.85714285714286;9.523809523809524;22.666666666666668;19.857142857142858;3.529523809523809;0.0;4.215238095238094;0.05142857142857143;2.259047619047619;0.2742857142857143;1.6057142857142856;7.0476190476190474;9.619047619047619
11286;zone18;5915.780765415368;4211.222876105162;0.0;zone18;S01010220;7;476;433;279;[0.181159,0.608696,0.210145];[0.404255,0.531915,0.06383];[0.227273,0.704545,0.068182];[0.448276,0.482759,0.068966];[0.154545454545,0.0636363636364,0.318181818182,0.463636363636];5;267.0;-0.232306706325;1441;48;0.26857142857142857;1.5714285714285714;35.15428571428571;39.285714285714285;71.07428571428571;12.428571428571429;23.571428571428573;12.285714285714286;4.828571428571428;0.0;3.565714285714286;0.0;2.7657142857142856;0.31428571428571433;1.9085714285714286;7.142857142857143;11.0
11286;zone19;6341.0811208317455;3913.8398648988496;0.0;zone19;S01010221;13;546;394;260;[0.6,0.4,0.0];[0.557377,0.409836,0.032787];[0.538462,0.323077,0.138462];[0.699387,0.257669,0.042945];[0.609375,0.140625,0.203125,0.046875];1;635.0;0.19005459739;1321;35;0.10461538461538461;0.8461538461538461;55.41846153846153;33.76923076923077;68.01230769230769;9.923076923076923;22.153846153846153;19.0;4.169230769230769;0.0;3.9076923076923076;0.04307692307692308;1.4584615384615385;0.3107692307692308;2.236923076923077;3.076923076923077;9.076923076923077
11286;zone20;7001.213463613622;4053.9957950241624;0.0;zone20;S01010222;15;492;414;285;[0.142857,0.5,0.357143];[0.432432,0.459459,0.108108];[0.348624,0.522936,0.12844];[0.747899,0.235294,0.016807];[0.345238095238,0.214285714286,0.309523809524,0.130952380952];1;377.0;-0.105830277325;1892;42;0.104;1.7333333333333334;55.74666666666667;27.133333333333333;69.92;10.2;22.6;19.133333333333333;2.144;0.0;3.405333333333333;0.0;1.8719999999999999;0.2986666666666667;2.0773333333333337;6.2;6.866666666666666
11286;zone21;6986.8418912765155;3434.1450308482026;0.0;zone21;S01010223;4;556;462;337;[0.076923,0.538462,0.384615];[0.567797,0.330508,0.101695];[0.472222,0.444444,0.083333];[0.584699,0.36612,0.04918];[0.432432432432,0.162162162162,0.324324324324,0.0810810810811];1;439.0;-0.0353356041414;1924;17;0.17;1.0;64.50999999999999;38.25;68.46;8.5;21.5;22.0;3.7499999999999996;0.0;4.95;0.0;1.42;0.4;1.9700000000000002;2.25;9.5
11286;zone22;6247.397837456437;3329.661273309237;0.0;zone22;S01010224;40;1036;727;469;[0.405405,0.540541,0.054054];[0.592593,0.274074,0.133333];[0.418803,0.504274,0.076923];[0.768421,0.202632,0.028947];[0.506097560976,0.140243902439,0.268292682927,0.0853658536585];1;1004.0;0.614259332793;991;147;0.142;1.5;45.41600000000001;26.875;66.056;10.825;22.85;15.425;3.444;0.0;1.6779999999999997;0.05800000000000001;1.918;0.29399999999999993;1.9749999999999996;6.1;6.625
11286;zone23;7827.985844039554;4105.4701191949;0.0;zone23;S01010225;33;812;636;431;[0.25,0.634615,0.115385];[0.469072,0.43299,0.097938];[0.54023,0.413793,0.045977];[0.672065,0.234818,0.093117];[0.385185185185,0.125925925926,0.325925925926,0.162962962963];1;1006.0;0.616572011517;1706;89;0.10181818181818182;1.6666666666666667;51.850909090909106;25.272727272727273;66.58303030303033;10.090909090909092;22.303030303030305;17.696969696969695;1.6509090909090913;0.0;2.487272727272727;0.01696969696969697;1.8399999999999999;0.29454545454545455;2.32;6.242424242424242;5.515151515151516
11286;zone24;7040.363001382077;4481.052780471187;0.0;zone24;S01010226;40;816;565;394;[0.454545,0.242424,0.30303];[0.715385,0.2,0.084615];[0.540541,0.405405,0.054054];[0.766917,0.18797,0.045113];[0.503355704698,0.201342281879,0.221476510067,0.0738255033557];2;422.0;-0.0548014077425;1199;261;0.256;1.375;52.39899999999999;42.425;70.97999999999999;9.7;22.2;17.95;4.674;0.0;5.1419999999999995;0.039;1.7680000000000002;0.35900000000000004;2.0989999999999998;5.25;11.15
11286;zone25;6847.772309074456;4638.663588163389;0.0;zone25;S01010227;39;692;454;294;[0.413793,0.413793,0.172414];[0.704545,0.238636,0.056818];[0.654545,0.345455,0.0];[0.810606,0.159091,0.030303];[0.672268907563,0.0924369747899,0.159663865546,0.0756302521008];4;0.0;-0.540229885057;1072;365;0.3641025641025641;1.1794871794871795;50.372307692307686;57.97435897435897;75.7548717948718;9.743589743589743;22.487179487179485;17.23076923076923;3.973333333333334;0.0;10.792820512820516;0.1476923076923077;2.107692307692308;0.2810256410256411;2.1682051282051273;5.17948717948718;16.53846153846154
11286;zone26;8241.816993110848;4572.457656401622;0.0;zone26;S01010229;30;1016;787;508;[0.1,0.625,0.275];[0.350877,0.350877,0.298246];[0.348315,0.477528,0.174157];[0.565217,0.310559,0.124224];[0.420731707317,0.213414634146,0.292682926829,0.0731707317073];1;395.0;-0.0859445809966;1219;74;0.09466666666666666;1.9;49.07999999999999;18.166666666666668;66.64533333333334;10.5;22.766666666666666;16.633333333333333;0.9600000000000002;0.0;1.8333333333333335;0.0;1.7893333333333337;0.3933333333333335;2.1506666666666665;7.6;4.1
11286;zone27;7458.320056766788;4680.341251240345;0.0;zone27;S01010230;24;1005;772;577;[0.314286,0.628571,0.057143];[0.703883,0.296117,0.0];[0.727273,0.218182,0.054545];[0.71831,0.24507,0.03662];[0.517857142857,0.136904761905,0.267857142857,0.077380952381];1;846.0;0.433218203459;962;79;0.12833333333333333;1.5;36.839999999999996;28.25;64.61999999999999;11.125;22.875;12.291666666666666;1.6666666666666667;0.0;4.123333333333332;0.0;2.0383333333333336;0.3066666666666667;2.3533333333333335;6.083333333333333;7.375
11286;zone28;7569.802990100143;4917.458811240416;0.0;zone28;S01010232;37;1074;792;485;[0.457143,0.485714,0.057143];[0.557292,0.338542,0.104167];[0.492063,0.333333,0.174603];[0.654229,0.251244,0.094527];[0.470297029703,0.153465346535,0.306930693069,0.0693069306931];1;771.0;0.347049794199;797;143;0.14810810810810812;1.162162162162162;41.432432432432435;32.945945945945944;64.93405405405406;10.64864864864865;22.91891891891892;14.08108108108108;1.4086486486486487;0.0;3.481081081081082;0.00972972972972973;3.4929729729729724;0.3664864864864865;2.3794594594594596;4.513513513513513;7.837837837837838
11286;zone29;7830.713068379679;4879.746446724283;0.0;zone29;S01010233;33;970;705;476;[0.275,0.625,0.1];[0.655629,0.245033,0.099338];[0.52809,0.426966,0.044944];[0.771505,0.212366,0.016129];[0.587209302326,0.093023255814,0.261627906977,0.0581395348837];1;284.0;-0.213781821634;1197;89;0.10424242424242425;1.2121212121212122;52.332121212121216;31.606060606060606;67.49090909090911;10.242424242424242;22.484848484848484;17.696969696969695;0.890909090909091;0.0;3.1127272727272723;0.10666666666666669;3.6121212121212123;0.31878787878787873;2.343030303030303;4.818181818181818;7.181818181818182
11286;zone30;6473.383843181837;4954.519765957263;0.0;zone30;S01010261;6;2551;2373;526;[0.666667,0.270833,0.0625];[0.675841,0.281346,0.042813];[0.75,0.25,0.0];[0.824468,0.164894,0.010638];[0.41,0.06,0.41,0.12];3;176.0;-0.337679921334;1847;18;0.12;1.5;92.32000000000001;42.666666666666664;83.44666666666667;8.833333333333334;22.5;31.833333333333332;1.5733333333333335;0.0;2.813333333333333;0.0;4.62;0.40666666666666673;2.0866666666666664;6.666666666666667;8.666666666666666
11286;zone31;4930.642193689802;4959.449818932565;0.0;zone31;S01010266;3;555;474;237;[0.320755,0.556604,0.122642];[0.677273,0.254545,0.068182];[0.5,0.461538,0.038462];[0.534247,0.30137,0.164384];[0.141176470588,0.0588235294118,0.4,0.4];3;536.0;0.0761386922126;1182;12;0.16;2.6666666666666665;29.426666666666666;30.666666666666668;77.46666666666667;14.0;25.666666666666668;9.333333333333334;4.640000000000001;0.0;2.2533333333333334;0.32;3.1199999999999997;0.3733333333333333;1.2533333333333332;14.666666666666666;9.666666666666666
11286;zone32;5712.5549897826;4979.400336637217;0.0;zone32;S01010270;4;1153;972;817;[0.389831,0.533898,0.076271];[0.70255,0.252125,0.045326];[0.714286,0.272727,0.012987];[0.771552,0.228448,0.0];[0.125,0.0909090909091,0.454545454545,0.329545454545];1;871.0;0.461200629557;1604;10;0.09;1.75;71.03;25.0;74.00999999999999;10.0;23.25;24.0;2.7800000000000002;0.0;1.5999999999999999;0.59;1.6;0.34;2.35;5.25;6.0
11286;zone33;3394.0723536088512;4934.677182292946;0.0;zone33;S01010282;13;976;841;645;[0.438776,0.520408,0.040816];[0.545732,0.405488,0.04878];[0.521277,0.382979,0.095745];[0.712707,0.232044,0.055249];[0.190954773869,0.070351758794,0.35175879397,0.386934673367];2;350.0;-0.137812028107;1310;44;0.12923076923076923;0.7692307692307693;45.52923076923077;39.15384615384615;68.60307692307693;11.076923076923077;22.846153846153847;15.923076923076923;2.323076923076923;0.0;6.686153846153847;0.8676923076923077;1.6338461538461535;0.3661538461538462;2.578461538461539;2.6923076923076925;10.846153846153847
11286;zone34;4385.789287498423;4835.237486850067;0.0;zone34;S01010289;15;771;687;380;[0.130952,0.511905,0.357143];[0.262911,0.502347,0.234742];[0.178571,0.464286,0.357143];[0.410256,0.435897,0.153846];[0.058064516129,0.0322580645161,0.245161290323,0.664516129032];5;259.0;-0.241396294863;1353;136;0.34933333333333333;1.4666666666666666;42.32266666666667;59.86666666666667;74.69333333333333;10.266666666666667;23.666666666666668;14.333333333333334;3.714666666666667;0.0;7.394666666666666;1.1813333333333333;4.125333333333334;0.31200000000000006;1.8133333333333332;6.133333333333334;15.866666666666667
11286;zone35;4401.5375624188455;4669.062022109911;0.0;zone35;S01010290;13;546;485;278;[0.198198,0.603604,0.198198];[0.485944,0.449799,0.064257];[0.555556,0.444444,0.0];[0.435897,0.512821,0.051282];[0.10752688172,0.0430107526882,0.494623655914,0.354838709677];3;353.0;-0.133686757747;1253;90;0.26461538461538464;1.4615384615384615;41.07076923076924;45.69230769230769;65.17538461538462;9.692307692307692;22.0;13.384615384615385;2.572307692307692;0.0;5.8123076923076935;0.5938461538461539;2.230769230769231;0.24307692307692308;1.8153846153846156;5.230769230769231;10.692307692307692
11286;zone36;4119.983651650423;4281.100418217042;0.0;zone36;S01010291;12;1075;975;481;[0.405594,0.447552,0.146853];[0.627907,0.277132,0.094961];[0.415094,0.433962,0.150943];[0.562963,0.325926,0.111111];[0.197080291971,0.0729927007299,0.445255474453,0.284671532847];3;438.0;-0.0363924713322;954;48;0.15666666666666668;1.5833333333333333;41.24666666666666;35.583333333333336;67.60666666666667;10.75;22.666666666666668;13.75;1.2133333333333334;0.0;6.95;0.5866666666666666;1.0866666666666667;0.3199999999999999;1.9000000000000001;6.583333333333333;9.166666666666666
11286;zone37;4399.731076226201;4291.6703625917;0.0;zone37;S01010292;10;890;831;409;[0.348214,0.508929,0.142857];[0.477169,0.420091,0.10274];[0.339286,0.446429,0.214286];[0.55814,0.383721,0.05814];[0.128378378378,0.0540540540541,0.398648648649,0.418918918919];4;323.0;-0.168488563048;1092;71;0.276;1.6;45.092;50.7;72.872;9.9;22.7;15.6;3.6399999999999992;0.0;8.092;0.628;1.8880000000000003;0.36400000000000005;1.4599999999999997;6.8;13.8
11286;zone38;4514.690807242894;4541.15458266895;0.0;zone38;S01010293;16;839;723;373;[0.51773,0.35461,0.12766];[0.635389,0.262735,0.101877];[0.446809,0.319149,0.234043];[0.514286,0.392857,0.092857];[0.242424242424,0.0606060606061,0.393939393939,0.30303030303];3;290.0;-0.205814991507;1027;94;0.2225;1.5625;48.495;43.75;72.61;10.4375;23.0625;16.4375;2.7125000000000004;0.0;5.720000000000001;0.8175000000000001;2.6599999999999997;0.33499999999999996;1.8325000000000002;6.75;11.3125
11286;zone39;4541.7482834333705;4418.565122351524;0.0;zone39;S01010294;13;690;631;275;[0.242105,0.526316,0.231579];[0.650873,0.214464,0.134663];[0.583333,0.208333,0.208333];[0.414894,0.489362,0.095745];[0.164835164835,0.043956043956,0.494505494505,0.296703296703];4;440.0;-0.0342259463805;1407;108;0.3169230769230769;1.2307692307692308;60.932307692307695;54.84615384615385;81.18769230769232;10.23076923076923;24.0;21.46153846153846;3.689230769230769;0.0;5.686153846153847;1.169230769230769;4.713846153846155;0.4000000000000001;2.215384615384615;5.615384615384615;14.76923076923077
11286;zone40;4766.8646917667475;4574.50133624035;0.0;zone40;S01010295;18;974;870;427;[0.384615,0.391026,0.224359];[0.604555,0.310559,0.084886];[0.428571,0.285714,0.285714];[0.390728,0.516556,0.092715];[0.212765957447,0.113475177305,0.297872340426,0.375886524823];4;529.0;0.0680145754747;1629;113;0.24666666666666667;1.7222222222222223;56.646666666666675;48.44444444444444;74.85555555555555;9.722222222222221;22.555555555555557;19.27777777777778;2.7066666666666666;0.0;6.748888888888889;1.1022222222222222;2.3866666666666663;0.388888888888889;1.7333333333333334;6.333333333333333;12.5
11286;zone41;4647.752341766679;4736.091736240359;0.0;zone41;S01010296;16;664;560;291;[0.294118,0.423529,0.282353];[0.520913,0.368821,0.110266];[0.375,0.375,0.25];[0.475524,0.391608,0.132867];[0.282828282828,0.111111111111,0.363636363636,0.242424242424];2;856.0;0.444094443477;1095;76;0.1825;1.75;36.627500000000005;35.75;66.55999999999999;11.0;23.125;12.375;1.4925;0.0;3.9700000000000006;0.6425;2.735;0.345;1.9675;7.25;8.375
11286;zone42;5522.849421766708;4411.996091240393;0.0;zone42;S01010297;7;1066;894;676;[0.582609,0.382609,0.034783];[0.691824,0.245283,0.062893];[0.540541,0.333333,0.126126];[0.681275,0.270916,0.047809];[0.260563380282,0.140845070423,0.37323943662,0.225352112676];1;504.0;0.0391758595379;1960;20;0.10285714285714286;2.142857142857143;50.62285714285714;25.0;76.81714285714285;12.857142857142858;25.428571428571427;16.714285714285715;1.4971428571428569;0.0;1.4285714285714286;0.02285714285714286;4.2457142857142856;0.21142857142857144;2.8285714285714287;9.285714285714286;6.571428571428571
11286;zone43;4706.481893689814;4143.807995855712;0.0;zone43;S01010298;12;880;677;515;[0.308943,0.479675,0.211382];[0.581395,0.356589,0.062016];[0.539683,0.396825,0.063492];[0.744828,0.193103,0.062069];[0.227272727273,0.0984848484848,0.371212121212,0.30303030303];1;486.0;0.0190902878356;1227;43;0.14;1.1666666666666667;42.68;35.416666666666664;66.78999999999999;11.0;23.0;14.333333333333334;3.4133333333333336;0.0;4.113333333333333;0.4466666666666667;1.8133333333333332;0.35999999999999993;1.9033333333333335;4.75;9.25
11286;zone44;4885.424673909578;4209.645754097502;0.0;zone44;S01010299;4;536;404;292;[0.3,0.54,0.16];[0.556701,0.340206,0.103093];[0.458333,0.520833,0.020833];[0.584906,0.283019,0.132075];[0.428571428571,0.0857142857143,0.285714285714,0.2];1;375.0;-0.10827530326;670;31;0.3;1.0;38.690000000000005;47.0;59.919999999999995;8.5;21.5;13.25;3.4700000000000006;0.0;0.81;0.76;4.12;0.35000000000000003;2.3000000000000003;3.5;8.75
11286;zone45;4883.397012115578;4340.414778682246;0.0;zone45;S01010300;21;934;764;478;[0.460784,0.411765,0.127451];[0.664653,0.238671,0.096677];[0.632353,0.323529,0.044118];[0.606383,0.329787,0.06383];[0.3046875,0.125,0.3515625,0.21875];2;513.0;0.0498225801839;644;104;0.18857142857142858;1.6666666666666667;44.87619047619048;39.666666666666664;65.8838095238095;9.285714285714286;22.0;15.380952380952381;3.3047619047619046;0.0;2.9790476190476194;0.26857142857142857;2.5923809523809527;0.23809523809523814;1.7657142857142856;6.190476190476191;8.619047619047619
11286;zone46;5144.66081966521;4032.769083704074;0.0;zone46;S01010301;6;522;457;283;[0.292683,0.597561,0.109756];[0.57563,0.315126,0.109244];[0.222222,0.703704,0.074074];[0.561798,0.393258,0.044944];[0.214285714286,0.0612244897959,0.459183673469,0.265306122449];4;490.0;0.0232745011966;1477;48;0.29333333333333333;1.5;52.120000000000005;53.833333333333336;85.37333333333333;11.833333333333334;25.5;17.333333333333332;11.513333333333334;0.0;1.4799999999999998;0.49333333333333335;4.906666666666666;0.36000000000000004;2.3000000000000003;7.833333333333333;17.833333333333332
11286;zone47;5165.568789180556;4297.038752619699;0.0;zone47;S01010302;24;669;495;388;[0.65625,0.28125,0.0625];[0.6,0.356522,0.043478];[0.716981,0.226415,0.056604];[0.801802,0.18018,0.018018];[0.582417582418,0.0769230769231,0.263736263736,0.0769230769231];1;392.0;-0.0896499889057;1177;100;0.16333333333333333;1.5833333333333333;41.66166666666667;30.208333333333332;71.19666666666667;12.166666666666666;23.833333333333332;14.041666666666666;3.9016666666666673;0.0;0.9866666666666667;0.165;3.151666666666666;0.2816666666666668;2.4499999999999997;8.5;7.666666666666667
11286;zone48;5241.140616766716;4139.402270499609;0.0;zone48;S01010303;33;579;387;250;[0.692308,0.153846,0.153846];[0.56701,0.298969,0.134021];[0.630435,0.282609,0.086957];[0.658879,0.285047,0.056075];[0.58407079646,0.106194690265,0.274336283186,0.0353982300885];1;415.0;-0.0627120940391;1608;140;0.16727272727272727;1.3636363636363635;57.478787878787884;33.696969696969695;73.66424242424245;10.969696969696969;23.21212121212121;19.727272727272727;4.135757575757577;0.0;1.580606060606061;0.336969696969697;2.943030303030303;0.330909090909091;2.4678787878787873;6.121212121212121;8.606060606060606
11286;zone49;4853.647576226233;3833.123065294377;0.0;zone49;S01010304;12;542;456;332;[0.323529,0.514706,0.161765];[0.635135,0.25,0.114865];[0.477273,0.522727,0.0];[0.829268,0.109756,0.060976];[0.372340425532,0.0425531914894,0.297872340426,0.287234042553];1;804.0;0.384523850516;1691;51;0.16666666666666666;1.0833333333333333;55.94666666666666;34.916666666666664;75.49333333333334;11.916666666666666;24.416666666666668;18.833333333333332;5.926666666666667;0.0;1.7;0.35666666666666663;3.3966666666666665;0.37000000000000005;2.6966666666666668;4.0;11.0
11286;zone50;4697.410406890209;3639.1027396354093;0.0;zone50;S01010305;7;807;694;478;[0.36036,0.468468,0.171171];[0.553191,0.33617,0.110638];[0.409639,0.301205,0.289157];[0.589888,0.337079,0.073034];[0.198529411765,0.0735294117647,0.382352941176,0.345588235294];1;223.0;-0.28282788147;563;43;0.24;1.4285714285714286;47.90285714285715;48.142857142857146;73.02857142857142;10.285714285714286;22.571428571428573;16.142857142857142;8.502857142857144;0.0;3.6400000000000006;0.8457142857142858;1.4571428571428573;0.5714285714285715;1.2514285714285713;6.0;14.0
11286;zone51;4591.3082521834585;3868.367573740388;0.0;zone51;S01010306;13;752;675;449;[0.35625,0.56875,0.075];[0.570588,0.355882,0.073529];[0.283019,0.566038,0.150943];[0.650943,0.330189,0.018868];[0.165680473373,0.0473372781065,0.479289940828,0.307692307692];2;238.0;-0.265781391166;682;60;0.1753846153846154;1.9230769230769231;43.0923076923077;39.76923076923077;70.39076923076922;10.615384615384615;22.846153846153847;14.615384615384615;5.32923076923077;0.0;2.203076923076923;1.7569230769230766;0.9323076923076923;0.26153846153846155;1.9261538461538454;8.153846153846153;9.846153846153847
11286;zone52;4503.72067559025;3742.2957906521283;0.0;zone52;S01010307;9;821;732;428;[0.189922,0.577519,0.232558];[0.407407,0.487654,0.104938];[0.346154,0.538462,0.115385];[0.71875,0.234375,0.046875];[0.0681818181818,0.0568181818182,0.375,0.5];5;319.0;-0.172537833795;454;57;0.24;2.2222222222222223;42.78666666666667;45.55555555555556;71.97777777777779;9.88888888888889;22.555555555555557;14.333333333333334;8.48;0.0;2.808888888888889;1.0;1.248888888888889;0.3955555555555555;1.6933333333333336;7.666666666666667;13.11111111111111
11286;zone53;4364.519870735056;4047.768725526131;0.0;zone53;S01010308;9;975;858;480;[0.285714,0.54007,0.174216];[0.511936,0.384615,0.103448];[0.254902,0.411765,0.333333];[0.648352,0.307692,0.043956];[0.0970873786408,0.0631067961165,0.359223300971,0.480582524272];4;257.0;-0.244477582955;1290;52;0.22666666666666666;1.5555555555555556;57.80888888888889;50.666666666666664;77.43555555555555;10.222222222222221;23.0;19.88888888888889;5.977777777777778;0.0;5.151111111111111;1.8444444444444446;1.5733333333333333;0.2977777777777778;1.688888888888889;5.777777777777778;14.0
11286;zone54;5381.88771051669;3636.3205112402793;0.0;zone54;S01010309;4;419;356;264;[0.333333,0.25,0.416667];[0.478873,0.422535,0.098592];[0.352941,0.382353,0.264706];[0.705882,0.24183,0.052288];[0.365853658537,0.170731707317,0.390243902439,0.0731707317073];1;0.0;-0.540229885057;2289;12;0.11;1.0;88.09;30.75;75.9;9.0;21.75;31.25;2.63;0.0;1.1800000000000002;0.08;3.15;0.2;1.9699999999999998;3.0;6.5
11286;zone55;5657.373406240428;3625.6586165034923;0.0;zone55;S01010310;13;706;540;381;[0.333333,0.238095,0.428571];[0.565517,0.337931,0.096552];[0.54902,0.27451,0.176471];[0.715415,0.256917,0.027668];[0.484848484848,0.151515151515,0.318181818182,0.0454545454545];1;574.0;0.120406534162;816;40;0.12307692307692308;1.0;39.38461538461539;31.692307692307693;64.16;11.538461538461538;23.153846153846153;13.461538461538462;2.3200000000000007;0.0;1.7476923076923077;0.00307692307692308;4.187692307692308;0.26153846153846155;2.4584615384615387;3.3076923076923075;7.6923076923076925
11286;zone56;5685.425126382168;3318.6970593171873;0.0;zone56;S01010311;22;721;556;351;[0.411765,0.352941,0.235294];[0.472222,0.453704,0.074074];[0.571429,0.404762,0.02381];[0.717949,0.271062,0.010989];[0.565217391304,0.121739130435,0.269565217391,0.0434782608696];1;1534.0;1.22364271569;1511;65;0.11454545454545455;1.2727272727272727;54.48909090909091;29.181818181818183;71.47272727272728;11.045454545454545;23.545454545454547;18.727272727272727;2.5509090909090912;0.0;1.821818181818182;0.07272727272727274;3.4781818181818185;0.32909090909090916;2.4618181818181815;5.818181818181818;7.454545454545454
11286;zone57;5466.52613028024;3072.1402274564575;0.0;zone57;S01010312;34;868;647;425;[0.117647,0.823529,0.058824];[0.754386,0.22807,0.017544];[0.407407,0.444444,0.148148];[0.804945,0.153846,0.041209];[0.586956521739,0.115942028986,0.268115942029,0.0289855072464];1;685.0;0.247477927043;1707;113;0.12588235294117647;1.4705882352941178;65.80588235294117;33.705882352941174;72.50117647058825;9.852941176470589;22.558823529411764;22.352941176470587;1.7788235294117647;0.0;2.9376470588235293;0.08588235294117648;3.3764705882352937;0.39764705882352935;2.0941176470588236;5.294117647058823;7.676470588235294
11286;zone58;5251.7403530303945;3502.549209042501;0.0;zone58;S01010313;16;654;529;356;[0.428571,0.285714,0.285714];[0.6,0.333333,0.066667];[0.433735,0.481928,0.084337];[0.739623,0.162264,0.098113];[0.648351648352,0.131868131868,0.175824175824,0.043956043956];1;565.0;0.109617915218;2156;36;0.0875;1.0625;64.13;28.1875;73.05249999999998;11.125;23.375;22.0625;1.9375;0.0;2.685;0.05;3.09;0.37500000000000006;2.8825;4.0625;7.375
11286;zone59;4840.312157862589;3385.4448126102257;0.0;zone59;S01010314;21;1248;1034;550;[0.358209,0.507463,0.134328];[0.514493,0.333333,0.152174];[0.5,0.326923,0.173077];[0.636,0.324,0.04];[0.316901408451,0.133802816901,0.401408450704,0.147887323944];1;637.0;0.192402372167;1118;74;0.13142857142857142;1.5714285714285714;49.859047619047615;33.857142857142854;74.19809523809523;11.666666666666666;23.571428571428573;17.0;5.542857142857143;0.0;3.7390476190476196;0.45904761904761915;0.8209523809523811;0.22857142857142865;1.92;7.428571428571429;10.047619047619047
11286;zone60;4536.293429266749;2504.1273706154316;0.0;zone60;S01010315;43;911;678;409;[0.180723,0.554217,0.26506];[0.252632,0.457895,0.289474];[0.208333,0.5,0.291667];[0.55144,0.345679,0.102881];[0.308176100629,0.169811320755,0.358490566038,0.163522012579];2;382.0;-0.100954860853;1604;195;0.17209302325581396;1.5348837209302326;36.91627906976745;32.348837209302324;66.64558139534886;11.488372093023257;23.232558139534884;12.488372093023257;3.2316279069767435;0.0;2.356279069767442;0.0;3.0920930232558135;0.33395348837209304;2.3562790697674427;6.27906976744186;8.255813953488373
11286;zone61;4589.6619547948285;2943.195659127726;0.0;zone61;S01010316;25;512;414;304;[0.392157,0.529412,0.078431];[0.62931,0.37069,0.0];[0.439024,0.560976,0.0];[0.775401,0.224599,0.0];[0.439252336449,0.102803738318,0.252336448598,0.205607476636];1;481.0;0.0128180141103;1302;112;0.1728;1.16;51.20639999999999;31.16;71.53439999999999;11.44;23.76;17.32;3.448;0.0;2.4928;0.0752;3.168;0.3856000000000001;2.6415999999999995;5.08;8.68
11286;zone63;4421.5566371748755;3071.026327566895;0.0;zone63;S01010318;12;1588;1497;304;[0.5,0.456522,0.043478];[0.469799,0.47651,0.053691];[0.310345,0.37931,0.310345];[0.678571,0.285714,0.035714];[0.36,0.14,0.34,0.16];3;317.0;-0.175110645645;1146;78;0.25333333333333335;1.5833333333333333;52.66;44.75;75.02666666666669;10.416666666666666;23.083333333333332;17.75;7.253333333333334;0.0;4.823333333333333;0.5066666666666667;1.32;0.19000000000000003;1.92;5.75;13.416666666666666
11286;zone64;4173.240913470097;2893.8040771744095;0.0;zone64;S01010319;9;711;624;407;[0.258741,0.608392,0.132867];[0.383399,0.486166,0.130435];[0.439394,0.212121,0.348485];[0.530769,0.384615,0.084615];[0.171974522293,0.0700636942675,0.471337579618,0.286624203822];2;473.0;0.00423719084943;1484;30;0.13333333333333333;1.5555555555555556;47.373333333333335;29.11111111111111;61.693333333333335;9.11111111111111;21.0;16.0;2.2666666666666666;0.0;1.5422222222222224;0.04444444444444445;1.7111111111111112;0.18666666666666665;1.8355555555555556;5.888888888888889;5.111111111111111
11286;zone65;3940.1918462749595;2900.8899784533987;0.0;zone65;S01010320;4;675;594;437;[0.257813,0.523438,0.21875];[0.61753,0.298805,0.083665];[0.526316,0.22807,0.245614];[0.805085,0.169492,0.025424];[0.172185430464,0.0662251655629,0.443708609272,0.317880794702];1;646.0;0.202453315259;1257;18;0.17;2.0;63.160000000000004;33.0;70.25;9.25;22.75;21.0;5.5200000000000005;0.0;1.73;0.15;2.08;0.14;0.98;4.75;9.0
11286;zone66;3905.8658739096163;2664.6669636212755;0.0;zone66;S01010321;7;837;634;432;[0.401709,0.555556,0.042735];[0.54717,0.433962,0.018868];[0.45122,0.439024,0.109756];[0.666667,0.271186,0.062147];[0.212328767123,0.0958904109589,0.390410958904,0.301369863014];1;1019.0;0.631764531736;1921;25;0.13714285714285715;1.5714285714285714;51.66857142857142;23.0;65.56571428571428;10.0;21.857142857142858;17.571428571428573;1.7257142857142858;0.0;3.102857142857143;0.21142857142857144;1.28;0.5199999999999999;1.9314285714285713;5.714285714285714;6.0
11286;zone67;3630.3978644730896;3132.1651121578075;0.0;zone67;S01010322;9;1028;914;549;[0.174419,0.549419,0.276163];[0.412399,0.471698,0.115903];[0.298507,0.38806,0.313433];[0.647059,0.323529,0.029412];[0.057268722467,0.0352422907489,0.449339207048,0.458149779736];5;124.0;-0.397569575369;1361;54;0.22666666666666666;1.8888888888888888;43.48;44.888888888888886;76.38222222222224;11.666666666666666;24.333333333333332;14.88888888888889;5.640000000000001;0.0;5.8533333333333335;0.5244444444444444;2.3911111111111105;0.5777777777777777;2.048888888888889;6.555555555555555;13.88888888888889
11286;zone68;6208.193116766784;3072.425066795916;0.0;zone68;S01010323;4;603;466;377;[0.555556,0.444444,0.0];[0.657143,0.271429,0.071429];[0.642857,0.321429,0.035714];[0.793651,0.166667,0.039683];[0.578431372549,0.166666666667,0.235294117647,0.0196078431373];1;970.0;0.57559463238;970;13;0.13;0.5;35.72;33.5;68.08;12.0;24.0;12.75;7.8100000000000005;0.0;1.58;0.1;1.66;0.44000000000000006;3.75;2.0;10.5
11286;zone69;6517.651722029823;2240.572579661372;0.0;zone69;S01010324;6;759;566;403;[0.142857,0.571429,0.285714];[0.298077,0.490385,0.211538];[0.333333,0.530864,0.135802];[0.401674,0.414226,0.1841];[0.569620253165,0.101265822785,0.291139240506,0.0379746835443];1;407.0;-0.0721601679586;1162;21;0.14;1.3333333333333333;29.826666666666668;31.0;62.673333333333325;11.0;23.5;9.666666666666666;2.0866666666666664;0.0;1.6533333333333333;0.0;4.433333333333334;0.38666666666666666;2.2933333333333334;5.666666666666667;7.833333333333333
11286;zone70;6038.016041009105;2402.8415869980217;0.0;zone70;S01010325;18;939;666;501;[0.263158,0.368421,0.368421];[0.383838,0.525253,0.090909];[0.253623,0.615942,0.130435];[0.451362,0.463035,0.085603];[0.545454545455,0.238636363636,0.193181818182,0.0227272727273];1;225.0;-0.281126582053;1751;56;0.12222222222222222;1.6111111111111112;42.08666666666667;26.22222222222222;66.12666666666668;11.055555555555555;22.833333333333332;14.277777777777779;2.4355555555555557;0.0;1.2244444444444447;0.0;3.0266666666666664;0.2822222222222223;2.2355555555555555;6.944444444444445;6.166666666666667
11286;zone71;5272.359331052501;2740.775131541117;0.0;zone71;S01010326;39;987;707;494;[0.526316,0.368421,0.105263];[0.522523,0.333333,0.144144];[0.492188,0.3125,0.195313];[0.723514,0.224806,0.05168];[0.54375,0.16875,0.23125,0.05625];1;1389.0;1.05701743376;1047;161;0.15692307692307692;1.205128205128205;48.50871794871796;34.743589743589745;68.41025641025641;10.564102564102564;22.71794871794872;16.46153846153846;2.35897435897436;0.0;4.817435897435898;0.00307692307692308;2.3589743589743586;0.4010256410256411;2.6194871794871792;4.512820512820513;9.076923076923077
11286;zone72;4970.167032608406;2501.795090448298;0.0;zone72;S01010327;34;982;660;362;[0.031746,0.507937,0.460317];[0.372881,0.432203,0.194915];[0.289063,0.328125,0.382813];[0.516892,0.347973,0.135135];[0.416184971098,0.21387283237,0.236994219653,0.132947976879];1;470.0;0.000335688704598;971;121;0.1376470588235294;1.5;44.408235294117645;27.176470588235293;67.50352941176469;10.794117647058824;22.823529411764707;15.176470588235293;1.572941176470588;0.0;4.869411764705881;0.0;1.5623529411764707;0.4247058823529412;2.247058823529411;6.382352941176471;7.5588235294117645
11286;zone73;5975.307390960257;2677.5485166167286;0.0;zone73;S01010328;24;969;706;445;[0.16129,0.5,0.33871];[0.27044,0.471698,0.257862];[0.192547,0.434783,0.372671];[0.338983,0.432203,0.228814];[0.309352517986,0.258992805755,0.280575539568,0.151079136691];2;457.0;-0.0138550124678;1799;110;0.17666666666666667;1.0833333333333333;33.160000000000004;31.5;60.051666666666655;10.708333333333334;22.583333333333332;11.0;2.898333333333333;0.0;1.7299999999999998;0.0;3.096666666666667;0.37166666666666665;2.2049999999999996;3.6666666666666665;7.208333333333333
