cycle;name;location.x;location.y;location.z;name;dataZone;nm_children;pop;over16;nm_hh;AB_car_prob;C1_car_prob;C2_car_prob;DE_car_prob;prob_social;simd;crimeRate;norm_crime;avg_dis_sh;neigh_play;daily_play_per_child;avg_FSA;avg_walk;daily_OD;zone_mvpa;mvpa_home;mvpa_sc;mvpa_road;mvpa_play_field;mvpa_home_garden;mvpa_park;mvpa_PG;mvpa_amenity;mvpa_shops;mvpa_F_home;mvpa_fsa;mvpa_OD
11286;zone0;8448.90275962388;2625.4515469546564;0.0;zone0;S01010195;19;531;390;212;[0.0,0.481481,0.518519];[0.261538,0.646154,0.092308];[0.12,0.59,0.29];[0.447368,0.368421,0.184211];[0.418918918919,0.283783783784,0.202702702703,0.0945945945946];1;0.0;-0.540229885057;1124;57;0.11578947368421053;1.368421052631579;46.60000000000001;32.89473684210526;71.29263157894736;11.210526315789474;23.842105263157894;16.105263157894736;1.1494736842105264;0.0;4.021052631578947;0.01473684210526316;3.9136842105263163;0.3536842105263159;3.1031578947368423;6.0;8.578947368421053
11286;zone1;8656.736904000718;2165.9902346445633;0.0;zone1;S01010198;18;1027;748;394;[0.058824,0.529412,0.411765];[0.305785,0.561983,0.132231];[0.219858,0.496454,0.283688];[0.523179,0.331126,0.145695];[0.48623853211,0.229357798165,0.266055045872,0.0183486238532];1;1609.0;1.3102524676;1310;42;0.08888888888888889;1.7777777777777777;36.15555555555556;23.0;62.140000000000015;11.166666666666666;22.72222222222222;12.055555555555555;0.9133333333333332;0.0;1.446666666666667;0.04222222222222222;2.786666666666667;0.30000000000000004;2.24;6.722222222222222;4.5
11286;zone2;8537.588755655543;3024.028900129281;0.0;zone2;S01010201;22;643;453;253;[0.0,0.47619,0.52381];[0.270833,0.3125,0.416667];[0.088,0.48,0.432];[0.296552,0.434483,0.268966];[0.365853658537,0.292682926829,0.292682926829,0.0487804878049];2;219.0;-0.28762447053;928;107;0.18545454545454546;0.9545454545454546;29.14909090909091;33.45454545454545;67.21090909090908;13.409090909090908;24.681818181818183;9.772727272727273;1.8309090909090906;0.0;3.194545454545454;0.03454545454545455;4.294545454545454;0.6254545454545454;2.910909090909091;4.954545454545454;8.909090909090908
11286;zone3;8059.42097232239;3767.666522351409;0.0;zone3;S01010203;30;671;504;260;[0.090909,0.363636,0.545455];[0.263804,0.460123,0.276074];[0.094828,0.422414,0.482759];[0.183824,0.375,0.441176];[0.272727272727,0.218181818182,0.363636363636,0.145454545455];3;215.0;-0.292668818285;1989;117;0.14533333333333334;1.4666666666666666;47.03466666666667;32.4;69.71466666666667;11.3;23.533333333333335;15.8;2.0733333333333333;0.0;3.7266666666666675;0.0;3.149333333333334;0.3373333333333334;2.0066666666666664;6.0;8.4
11286;zone4;8368.288440296214;3565.498290652094;0.0;zone4;S01010204;30;800;589;381;[0.272727,0.727273,0.0];[0.627451,0.27451,0.098039];[0.444444,0.533333,0.022222];[0.600619,0.321981,0.077399];[0.595041322314,0.157024793388,0.239669421488,0.00826446280992];1;497.0;0.0317745673598;1274;106;0.13866666666666666;0.8666666666666667;44.88666666666665;33.63333333333333;64.10666666666667;10.033333333333333;22.4;15.366666666666667;1.2613333333333334;0.0;3.3453333333333335;0.01066666666666667;3.3173333333333326;0.32933333333333337;2.6426666666666665;3.7666666666666666;7.433333333333334
11286;zone5;8034.229745798958;3515.110462853287;0.0;zone5;S01010205;15;658;534;355;[0.411765,0.117647,0.470588];[0.465116,0.457364,0.077519];[0.317757,0.588785,0.093458];[0.593458,0.280374,0.126168];[0.466666666667,0.2,0.3,0.0333333333333];1;925.0;0.523434132086;1597;59;0.152;1.6;46.25333333333333;29.466666666666665;72.712;12.4;23.8;15.466666666666667;3.306666666666667;0.0;3.4453333333333327;0.0;2.4426666666666668;0.4826666666666668;2.4;7.266666666666667;8.733333333333333
11286;zone6;7457.064719570519;3739.055375726369;0.0;zone6;S01010208;18;903;745;565;[0.30137,0.589041,0.109589];[0.48062,0.457364,0.062016];[0.272727,0.613636,0.113636];[0.66055,0.270642,0.068807];[0.233333333333,0.133333333333,0.461111111111,0.172222222222];1;603.0;0.153385979085;1311;64;0.13777777777777778;1.2222222222222223;47.419999999999995;32.666666666666664;66.07111111111112;10.5;22.5;16.166666666666668;2.171111111111111;0.0;2.4866666666666664;0.0;3.344444444444444;0.29333333333333345;2.508888888888889;4.388888888888889;7.611111111111111
11286;zone7;7917.838214725937;1939.334458859395;0.0;zone7;S01010209;24;966;677;468;[0.172414,0.586207,0.241379];[0.333333,0.414966,0.251701];[0.381944,0.458333,0.159722];[0.545852,0.336245,0.117904];[0.337931034483,0.248275862069,0.303448275862,0.110344827586];1;2053.0;1.82052250092;1559;81;0.12833333333333333;0.7083333333333334;43.38;32.625;63.57833333333332;10.541666666666666;22.625;14.625;1.3933333333333335;0.0;3.866666666666666;0.0;3.0833333333333326;0.48166666666666674;2.695;2.625;7.833333333333333
11286;zone8;7878.406567747077;2721.2634132011362;0.0;zone8;S01010210;18;885;641;416;[0.173913,0.456522,0.369565];[0.21519,0.5,0.28481];[0.189781,0.386861,0.423358];[0.422111,0.442211,0.135678];[0.394736842105,0.236842105263,0.254385964912,0.114035087719];1;344.0;-0.144253829852;1181;65;0.13333333333333333;0.7222222222222222;35.82;33.22222222222222;59.391111111111094;10.166666666666666;22.38888888888889;12.055555555555555;0.9933333333333333;0.0;3.4377777777777787;0.0;3.3599999999999994;0.43333333333333335;2.6599999999999993;2.5555555555555554;7.222222222222222
11286;zone9;7785.599648345685;3201.783800714137;0.0;zone9;S01010211;22;858;634;452;[0.147059,0.705882,0.147059];[0.384615,0.452991,0.162393];[0.469565,0.4,0.130435];[0.722656,0.226563,0.050781];[0.473214285714,0.169642857143,0.285714285714,0.0714285714286];1;430.0;-0.0456985893816;1126;62;0.10545454545454545;1.6363636363636365;45.76;25.40909090909091;64.90181818181819;10.090909090909092;22.636363636363637;15.409090909090908;1.8509090909090908;0.0;2.672727272727273;0.00727272727272727;2.16909090909091;0.5181818181818182;2.2090909090909085;5.818181818181818;6.2727272727272725
11286;zone10;7580.688680869333;3097.127786881416;0.0;zone10;S01010212;49;1083;779;559;[0.233333,0.633333,0.133333];[0.594771,0.339869,0.065359];[0.465517,0.405172,0.12931];[0.712821,0.269231,0.017949];[0.566037735849,0.138364779874,0.22641509434,0.0691823899371];1;1473.0;1.15298517036;1228;200;0.15836734693877552;1.1020408163265305;50.02693877551022;34.89795918367347;67.96081632653062;10.285714285714286;22.714285714285715;16.959183673469386;1.9126530612244899;0.0;3.951836734693876;0.0;3.492244897959184;0.40734693877551015;2.5877551020408167;3.9591836734693877;8.877551020408163
11286;zone11;8065.177293237223;3111.5884965344962;0.0;zone11;S01010213;13;924;657;476;[0.105263,0.684211,0.210526];[0.382609,0.547826,0.069565];[0.218543,0.556291,0.225166];[0.467925,0.483019,0.049057];[0.451327433628,0.221238938053,0.274336283186,0.0530973451327];1;247.0;-0.255840453357;1055;46;0.13846153846153847;1.6923076923076923;35.966153846153844;26.23076923076923;69.0123076923077;13.538461538461538;24.0;12.153846153846153;0.7476923076923077;0.0;2.6861538461538457;0.01846153846153846;4.06153846153846;0.6246153846153847;1.9907692307692306;7.538461538461538;7.0
11286;zone12;7144.994858230166;1947.4125453867302;0.0;zone12;S01010214;27;967;717;396;[0.098592,0.28169,0.619718];[0.197531,0.438272,0.364198];[0.173333,0.493333,0.333333];[0.237069,0.487069,0.275862];[0.361344537815,0.210084033613,0.310924369748,0.117647058824];3;176.0;-0.337854473183;1851;104;0.14666666666666667;1.7037037037037037;43.04444444444443;30.962962962962962;69.0251851851852;11.333333333333334;22.925925925925927;14.62962962962963;2.3940740740740747;0.0;2.9125925925925924;0.0;3.05037037037037;0.33481481481481484;1.866666666666667;7.666666666666667;7.814814814814815
11286;zone13;7013.590150664996;2618.495528189446;0.0;zone13;S01010215;24;850;608;492;[0.571429,0.285714,0.142857];[0.5,0.431373,0.068627];[0.382609,0.391304,0.226087];[0.678571,0.269841,0.051587];[0.467289719626,0.140186915888,0.345794392523,0.0467289719626];1;547.0;0.0886083430805;613;114;0.18333333333333332;1.3333333333333333;37.51166666666666;34.291666666666664;64.8;11.041666666666666;22.625;12.625;1.2633333333333334;0.0;2.6583333333333328;0.0;4.465;0.36500000000000005;2.2183333333333333;5.75;7.916666666666667
11286;zone14;7332.222205807836;2329.961970144465;0.0;zone14;S01010216;15;621;464;361;[0.6,0.4,0.0];[0.597701,0.356322,0.045977];[0.409091,0.439394,0.151515];[0.709544,0.273859,0.016598];[0.5,0.163265306122,0.265306122449,0.0714285714286];1;600.0;0.150092344085;1310;45;0.11733333333333333;1.4;57.60800000000001;29.533333333333335;69.04;9.533333333333333;22.666666666666668;19.333333333333332;1.3573333333333333;0.0;4.008;0.0;2.5919999999999996;0.4026666666666667;2.258666666666667;4.933333333333334;7.333333333333333
11286;zone15;7299.833172322251;2625.8610945736937;0.0;zone15;S01010217;33;817;598;406;[0.16129,0.516129,0.322581];[0.565517,0.4,0.034483];[0.5,0.431373,0.068627];[0.702703,0.283784,0.013514];[0.541935483871,0.0967741935484,0.296774193548,0.0645161290323];1;1060.0;0.679274950851;984;115;0.13575757575757577;1.5151515151515151;41.30545454545455;30.87878787878788;62.986666666666665;10.212121212121213;22.151515151515152;14.181818181818182;1.0303030303030303;0.0;3.116363636363637;0.0;2.951515151515152;0.40363636363636357;2.0218181818181824;5.242424242424242;6.575757575757576
11286;zone16;7142.953643082513;3018.5401822929393;0.0;zone16;S01010218;31;1018;790;587;[0.425532,0.404255,0.170213];[0.392523,0.453271,0.154206];[0.358209,0.492537,0.149254];[0.589124,0.335347,0.075529];[0.424657534247,0.109589041096,0.369863013699,0.0958904109589];1;557.0;0.101026678737;595;132;0.1638709677419355;1.2580645161290323;37.79225806451613;37.0;64.25548387096774;10.838709677419354;22.903225806451612;12.741935483870968;1.5483870967741933;0.0;1.872258064516129;0.0;5.209032258064516;0.37806451612903225;2.1303225806451613;5.096774193548387;8.129032258064516
11286;zone17;6738.8937706128745;4298.8917997019325;0.0;zone17;S01010219;21;503;382;274;[0.695652,0.304348,0.0];[0.758621,0.215517,0.025862];[0.761905,0.166667,0.071429];[0.781609,0.195402,0.022989];[0.41935483871,0.0752688172043,0.408602150538,0.0967741935484];2;184.0;-0.327838932938;1526;92;0.16380952380952382;1.1904761904761905;63.73714285714286;38.333333333333336;74.9047619047619;10.80952380952381;22.952380952380953;21.61904761904762;3.3028571428571434;0.0;5.289523809523811;0.04190476190476191;2.167619047619048;0.34857142857142864;2.2514285714285713;4.380952380952381;10.333333333333334
11286;zone18;5915.780765415368;4211.222876105162;0.0;zone18;S01010220;7;476;433;279;[0.181159,0.608696,0.210145];[0.404255,0.531915,0.06383];[0.227273,0.704545,0.068182];[0.448276,0.482759,0.068966];[0.154545454545,0.0636363636364,0.318181818182,0.463636363636];5;267.0;-0.232306706325;1096;47;0.2571428571428571;2.0;45.354285714285716;35.42857142857143;74.99428571428572;12.571428571428571;23.571428571428573;15.714285714285714;5.188571428571428;0.0;4.285714285714286;0.01714285714285714;1.4914285714285713;0.4571428571428572;1.9828571428571427;8.142857142857142;10.285714285714286
11286;zone19;6341.0811208317455;3913.8398648988496;0.0;zone19;S01010221;13;546;394;260;[0.6,0.4,0.0];[0.557377,0.409836,0.032787];[0.538462,0.323077,0.138462];[0.699387,0.257669,0.042945];[0.609375,0.140625,0.203125,0.046875];1;635.0;0.19005459739;662;40;0.11692307692307692;1.3846153846153846;34.723076923076924;23.153846153846153;60.87384615384615;10.692307692307692;22.46153846153846;11.692307692307692;3.243076923076924;0.0;2.655384615384615;0.04;0.636923076923077;0.43076923076923074;2.2153846153846155;5.153846153846154;6.153846153846154
11286;zone20;7001.213463613622;4053.9957950241624;0.0;zone20;S01010222;15;492;414;285;[0.142857,0.5,0.357143];[0.432432,0.459459,0.108108];[0.348624,0.522936,0.12844];[0.747899,0.235294,0.016807];[0.345238095238,0.214285714286,0.309523809524,0.130952380952];1;377.0;-0.105830277325;1878;35;0.09333333333333334;1.7333333333333334;61.59199999999999;23.266666666666666;71.008;10.466666666666667;22.466666666666665;21.133333333333333;2.2079999999999997;0.0;2.744;0.0;1.621333333333333;0.2853333333333333;2.0853333333333337;6.2;6.266666666666667
11286;zone21;6986.8418912765155;3434.1450308482026;0.0;zone21;S01010223;4;556;462;337;[0.076923,0.538462,0.384615];[0.567797,0.330508,0.101695];[0.472222,0.444444,0.083333];[0.584699,0.36612,0.04918];[0.432432432432,0.162162162162,0.324324324324,0.0810810810811];1;439.0;-0.0353356041414;1603;8;0.07;1.5;59.68000000000001;22.75;61.1;8.75;20.75;20.25;1.15;0.0;2.3899999999999997;0.0;1.09;0.28;1.17;3.75;4.25
11286;zone22;6247.397837456437;3329.661273309237;0.0;zone22;S01010224;40;1036;727;469;[0.405405,0.540541,0.054054];[0.592593,0.274074,0.133333];[0.418803,0.504274,0.076923];[0.768421,0.202632,0.028947];[0.506097560976,0.140243902439,0.268292682927,0.0853658536585];1;1004.0;0.614259332793;938;121;0.114;1.45;49.66799999999999;26.325;67.023;10.425;22.575;16.875;3.3290000000000006;0.0;1.868999999999999;0.0;1.8519999999999999;0.333;2.1759999999999997;5.8;6.475
11286;zone23;7827.985844039554;4105.4701191949;0.0;zone23;S01010225;33;812;636;431;[0.25,0.634615,0.115385];[0.469072,0.43299,0.097938];[0.54023,0.413793,0.045977];[0.672065,0.234818,0.093117];[0.385185185185,0.125925925926,0.325925925926,0.162962962963];1;1006.0;0.616572011517;1487;116;0.13454545454545455;1.2424242424242424;57.29333333333334;31.666666666666668;72.88969696969697;11.181818181818182;23.303030303030305;19.606060606060606;2.7927272727272734;0.0;3.2787878787878784;0.03151515151515152;2.6715151515151514;0.4084848484848484;2.5042424242424244;5.212121212121212;8.242424242424242
11286;zone24;7040.363001382077;4481.052780471187;0.0;zone24;S01010226;40;816;565;394;[0.454545,0.242424,0.30303];[0.715385,0.2,0.084615];[0.540541,0.405405,0.054054];[0.766917,0.18797,0.045113];[0.503355704698,0.201342281879,0.221476510067,0.0738255033557];2;422.0;-0.0548014077425;1226;267;0.259;0.925;53.047000000000004;43.35;74.99900000000001;11.4;23.375;18.05;5.310999999999999;0.0;6.187;0.123;2.267;0.4579999999999999;2.5029999999999992;3.725;13.45
11286;zone25;6847.772309074456;4638.663588163389;0.0;zone25;S01010227;39;692;454;294;[0.413793,0.413793,0.172414];[0.704545,0.238636,0.056818];[0.654545,0.345455,0.0];[0.810606,0.159091,0.030303];[0.672268907563,0.0924369747899,0.159663865546,0.0756302521008];4;0.0;-0.540229885057;1205;360;0.35794871794871796;1.4871794871794872;52.6697435897436;54.43589743589744;74.57128205128205;9.35897435897436;22.71794871794872;18.0;3.3805128205128208;0.0;8.665641025641026;0.08615384615384616;2.938461538461538;0.28923076923076924;1.8441025641025641;5.615384615384615;14.666666666666666
11286;zone26;8241.816993110848;4572.457656401622;0.0;zone26;S01010229;30;1016;787;508;[0.1,0.625,0.275];[0.350877,0.350877,0.298246];[0.348315,0.477528,0.174157];[0.565217,0.310559,0.124224];[0.420731707317,0.213414634146,0.292682926829,0.0731707317073];1;395.0;-0.0859445809966;1263;98;0.124;1.1666666666666667;53.542666666666655;26.033333333333335;67.76533333333333;10.6;22.666666666666668;18.366666666666667;1.8079999999999998;0.0;2.6746666666666665;0.01466666666666667;2.516;0.40266666666666673;2.718666666666666;4.166666666666667;6.6
11286;zone27;7458.320056766788;4680.341251240345;0.0;zone27;S01010230;24;1005;772;577;[0.314286,0.628571,0.057143];[0.703883,0.296117,0.0];[0.727273,0.218182,0.054545];[0.71831,0.24507,0.03662];[0.517857142857,0.136904761905,0.267857142857,0.077380952381];1;846.0;0.433218203459;887;101;0.15833333333333333;0.8333333333333334;38.00333333333334;34.708333333333336;63.803333333333335;11.25;22.875;12.916666666666666;2.275;0.0;4.353333333333334;0.05166666666666667;2.1450000000000005;0.34166666666666673;2.5950000000000006;3.4166666666666665;8.375
11286;zone28;7569.802990100143;4917.458811240416;0.0;zone28;S01010232;37;1074;792;485;[0.457143,0.485714,0.057143];[0.557292,0.338542,0.104167];[0.492063,0.333333,0.174603];[0.654229,0.251244,0.094527];[0.470297029703,0.153465346535,0.306930693069,0.0693069306931];1;771.0;0.347049794199;1028;135;0.14054054054054055;1.4054054054054055;40.48864864864864;32.0;64.83027027027029;10.702702702702704;22.56756756756757;13.64864864864865;1.4356756756756759;0.0;3.8000000000000007;0.14594594594594595;2.7308108108108105;0.3470270270270269;2.251891891891892;5.486486486486487;7.675675675675675
11286;zone29;7830.713068379679;4879.746446724283;0.0;zone29;S01010233;33;970;705;476;[0.275,0.625,0.1];[0.655629,0.245033,0.099338];[0.52809,0.426966,0.044944];[0.771505,0.212366,0.016129];[0.587209302326,0.093023255814,0.261627906977,0.0581395348837];1;284.0;-0.213781821634;1227;118;0.13818181818181818;0.696969696969697;50.08242424242424;32.21212121212121;65.83878787878787;10.696969696969697;22.87878787878788;16.939393939393938;1.5115151515151515;0.0;3.163636363636364;0.17333333333333334;3.1854545454545455;0.4448484848484848;2.6242424242424245;2.6666666666666665;7.606060606060606
11286;zone30;6473.383843181837;4954.519765957263;0.0;zone30;S01010261;6;2551;2373;526;[0.666667,0.270833,0.0625];[0.675841,0.281346,0.042813];[0.75,0.25,0.0];[0.824468,0.164894,0.010638];[0.41,0.06,0.41,0.12];3;176.0;-0.337679921334;2102;22;0.14;1.0;87.13333333333333;34.333333333333336;87.66000000000001;11.666666666666666;24.333333333333332;31.0;4.1066666666666665;0.0;2.86;0.13333333333333333;2.973333333333334;0.38666666666666666;2.733333333333333;5.666666666666667;9.666666666666666
11286;zone31;4930.642193689802;4959.449818932565;0.0;zone31;S01010266;3;555;474;237;[0.320755,0.556604,0.122642];[0.677273,0.254545,0.068182];[0.5,0.461538,0.038462];[0.534247,0.30137,0.164384];[0.141176470588,0.0588235294118,0.4,0.4];3;536.0;0.0761386922126;1012;9;0.10666666666666667;0.6666666666666666;35.12;39.666666666666664;58.04;10.666666666666666;22.0;11.666666666666666;1.5466666666666669;0.0;4.373333333333334;1.5200000000000002;1.64;0.29333333333333333;1.4666666666666668;1.3333333333333333;8.333333333333334
11286;zone32;5712.5549897826;4979.400336637217;0.0;zone32;S01010270;4;1153;972;817;[0.389831,0.533898,0.076271];[0.70255,0.252125,0.045326];[0.714286,0.272727,0.012987];[0.771552,0.228448,0.0];[0.125,0.0909090909091,0.454545454545,0.329545454545];1;871.0;0.461200629557;1855;11;0.11;1.25;48.95;21.25;68.66;12.5;23.5;16.75;3.25;0.0;1.5;0.0;1.95;0.32999999999999996;2.7800000000000002;4.25;6.5
11286;zone33;3394.0723536088512;4934.677182292946;0.0;zone33;S01010282;13;976;841;645;[0.438776,0.520408,0.040816];[0.545732,0.405488,0.04878];[0.521277,0.382979,0.095745];[0.712707,0.232044,0.055249];[0.190954773869,0.070351758794,0.35175879397,0.386934673367];2;350.0;-0.137812028107;1409;44;0.12615384615384614;2.769230769230769;42.409230769230774;29.846153846153847;73.03076923076922;11.461538461538462;23.615384615384617;14.23076923076923;2.003076923076923;0.0;5.7907692307692304;0.48000000000000004;0.8707692307692307;0.24923076923076926;1.1076923076923078;11.384615384615385;8.692307692307692
11286;zone34;4385.789287498423;4835.237486850067;0.0;zone34;S01010289;15;771;687;380;[0.130952,0.511905,0.357143];[0.262911,0.502347,0.234742];[0.178571,0.464286,0.357143];[0.410256,0.435897,0.153846];[0.058064516129,0.0322580645161,0.245161290323,0.664516129032];5;259.0;-0.241396294863;1462;114;0.2986666666666667;1.8666666666666667;51.151999999999994;54.0;73.81333333333333;9.333333333333334;22.666666666666668;17.266666666666666;2.7333333333333334;0.0;8.197333333333333;2.3466666666666667;1.1066666666666665;0.44266666666666676;1.3813333333333333;6.333333333333333;13.933333333333334
11286;zone35;4401.5375624188455;4669.062022109911;0.0;zone35;S01010290;13;546;485;278;[0.198198,0.603604,0.198198];[0.485944,0.449799,0.064257];[0.555556,0.444444,0.0];[0.435897,0.512821,0.051282];[0.10752688172,0.0430107526882,0.494623655914,0.354838709677];3;353.0;-0.133686757747;1084;82;0.23692307692307693;1.6923076923076923;47.88307692307693;44.76923076923077;74.03999999999999;10.846153846153847;23.0;16.307692307692307;2.9015384615384616;0.0;7.489230769230769;1.0553846153846154;1.2246153846153847;0.31076923076923085;1.6953846153846153;7.538461538461538;12.0
11286;zone36;4119.983651650423;4281.100418217042;0.0;zone36;S01010291;12;1075;975;481;[0.405594,0.447552,0.146853];[0.627907,0.277132,0.094961];[0.415094,0.433962,0.150943];[0.562963,0.325926,0.111111];[0.197080291971,0.0729927007299,0.445255474453,0.284671532847];3;438.0;-0.0363924713322;800;51;0.16666666666666666;1.5;43.10999999999999;40.75;71.54;11.083333333333334;23.416666666666668;14.416666666666666;2.14;0.0;7.676666666666666;1.0366666666666668;1.3966666666666667;0.33;1.946666666666667;6.416666666666667;11.75
11286;zone37;4399.731076226201;4291.6703625917;0.0;zone37;S01010292;10;890;831;409;[0.348214,0.508929,0.142857];[0.477169,0.420091,0.10274];[0.339286,0.446429,0.214286];[0.55814,0.383721,0.05814];[0.128378378378,0.0540540540541,0.398648648649,0.418918918919];4;323.0;-0.168488563048;1051;56;0.212;1.0;51.70399999999999;51.5;71.77599999999998;9.7;22.9;17.5;4.896;0.0;8.155999999999999;0.764;1.2440000000000002;0.45999999999999996;2.0879999999999996;2.4;14.7
11286;zone38;4514.690807242894;4541.15458266895;0.0;zone38;S01010293;16;839;723;373;[0.51773,0.35461,0.12766];[0.635389,0.262735,0.101877];[0.446809,0.319149,0.234043];[0.514286,0.392857,0.092857];[0.242424242424,0.0606060606061,0.393939393939,0.30303030303];3;290.0;-0.205814991507;1063;99;0.2375;1.875;56.89;47.875;83.6775;11.625;24.125;19.25;3.025;0.0;9.645;1.4374999999999998;1.485;0.3425;2.105;8.75;15.125
11286;zone39;4541.7482834333705;4418.565122351524;0.0;zone39;S01010294;13;690;631;275;[0.242105,0.526316,0.231579];[0.650873,0.214464,0.134663];[0.583333,0.208333,0.208333];[0.414894,0.489362,0.095745];[0.164835164835,0.043956043956,0.494505494505,0.296703296703];4;440.0;-0.0342259463805;978;78;0.2276923076923077;1.3076923076923077;49.77538461538462;47.30769230769231;70.67692307692309;9.538461538461538;22.076923076923077;16.846153846153847;3.3723076923076927;0.0;7.504615384615386;0.956923076923077;1.2553846153846153;0.17846153846153845;1.981538461538461;5.230769230769231;12.615384615384615
11286;zone40;4766.8646917667475;4574.50133624035;0.0;zone40;S01010295;18;974;870;427;[0.384615,0.391026,0.224359];[0.604555,0.310559,0.084886];[0.428571,0.285714,0.285714];[0.390728,0.516556,0.092715];[0.212765957447,0.113475177305,0.297872340426,0.375886524823];4;529.0;0.0680145754747;1140;97;0.2088888888888889;1.0555555555555556;46.71555555555556;51.833333333333336;69.17111111111113;10.277777777777779;22.38888888888889;16.11111111111111;3.8244444444444436;0.0;7.553333333333334;1.0422222222222224;1.4444444444444444;0.24666666666666665;1.6866666666666665;3.0555555555555554;13.38888888888889
11286;zone41;4647.752341766679;4736.091736240359;0.0;zone41;S01010296;16;664;560;291;[0.294118,0.423529,0.282353];[0.520913,0.368821,0.110266];[0.375,0.375,0.25];[0.475524,0.391608,0.132867];[0.282828282828,0.111111111111,0.363636363636,0.242424242424];2;856.0;0.444094443477;1456;72;0.17;1.0625;51.03249999999999;38.625;68.14;10.125;22.5625;17.5625;2.1900000000000004;0.0;5.427499999999999;1.4899999999999998;1.5125000000000002;0.38;2.0875000000000004;3.125;10.25
11286;zone42;5522.849421766708;4411.996091240393;0.0;zone42;S01010297;7;1066;894;676;[0.582609,0.382609,0.034783];[0.691824,0.245283,0.062893];[0.540541,0.333333,0.126126];[0.681275,0.270916,0.047809];[0.260563380282,0.140845070423,0.37323943662,0.225352112676];1;504.0;0.0391758595379;344;27;0.14857142857142858;1.8571428571428572;36.04;24.0;66.80571428571429;11.571428571428571;23.714285714285715;12.0;2.4457142857142853;0.0;0.7885714285714285;0.37714285714285717;2.6514285714285717;0.3485714285714286;2.617142857142857;8.571428571428571;6.0
11286;zone43;4706.481893689814;4143.807995855712;0.0;zone43;S01010298;12;880;677;515;[0.308943,0.479675,0.211382];[0.581395,0.356589,0.062016];[0.539683,0.396825,0.063492];[0.744828,0.193103,0.062069];[0.227272727273,0.0984848484848,0.371212121212,0.30303030303];1;486.0;0.0190902878356;972;31;0.1;2.0833333333333335;53.876666666666665;28.833333333333332;70.93999999999998;9.833333333333334;22.166666666666668;18.5;2.643333333333333;0.0;4.366666666666667;0.2333333333333333;0.9466666666666668;0.25666666666666665;1.336666666666667;8.666666666666666;7.75
11286;zone44;4885.424673909578;4209.645754097502;0.0;zone44;S01010299;4;536;404;292;[0.3,0.54,0.16];[0.556701,0.340206,0.103093];[0.458333,0.520833,0.020833];[0.584906,0.283019,0.132075];[0.428571428571,0.0857142857143,0.285714285714,0.2];1;375.0;-0.10827530326;629;23;0.21;0.75;36.760000000000005;47.0;56.910000000000004;8.5;20.5;12.25;3.8200000000000003;0.0;1.6600000000000001;0.39;3.54;0.24;2.48;2.25;8.75
11286;zone45;4883.397012115578;4340.414778682246;0.0;zone45;S01010300;21;934;764;478;[0.460784,0.411765,0.127451];[0.664653,0.238671,0.096677];[0.632353,0.323529,0.044118];[0.606383,0.329787,0.06383];[0.3046875,0.125,0.3515625,0.21875];2;513.0;0.0498225801839;706;105;0.19047619047619047;1.2380952380952381;40.66285714285714;39.714285714285715;65.75809523809524;10.523809523809524;22.476190476190474;13.761904761904763;2.874285714285714;0.0;2.731428571428571;0.6723809523809524;3.127619047619048;0.23428571428571437;2.491428571428571;5.0476190476190474;8.904761904761905
11286;zone46;5144.66081966521;4032.769083704074;0.0;zone46;S01010301;6;522;457;283;[0.292683,0.597561,0.109756];[0.57563,0.315126,0.109244];[0.222222,0.703704,0.074074];[0.561798,0.393258,0.044944];[0.214285714286,0.0612244897959,0.459183673469,0.265306122449];4;490.0;0.0232745011966;836;46;0.30666666666666664;1.8333333333333333;38.81333333333333;44.666666666666664;67.57333333333334;10.0;22.666666666666668;12.833333333333334;5.026666666666666;0.0;1.16;0.4466666666666666;3.82;0.32666666666666666;2.3000000000000003;6.833333333333333;10.166666666666666
11286;zone47;5165.568789180556;4297.038752619699;0.0;zone47;S01010302;24;669;495;388;[0.65625,0.28125,0.0625];[0.6,0.356522,0.043478];[0.716981,0.226415,0.056604];[0.801802,0.18018,0.018018];[0.582417582418,0.0769230769231,0.263736263736,0.0769230769231];1;392.0;-0.0896499889057;719;122;0.19666666666666666;0.75;37.945;39.791666666666664;64.38833333333334;11.0;23.0;12.833333333333334;4.068333333333333;0.0;1.9233333333333336;0.35666666666666685;3.6316666666666673;0.3633333333333333;2.646666666666667;2.8333333333333335;9.625
11286;zone48;5241.140616766716;4139.402270499609;0.0;zone48;S01010303;33;579;387;250;[0.692308,0.153846,0.153846];[0.56701,0.298969,0.134021];[0.630435,0.282609,0.086957];[0.658879,0.285047,0.056075];[0.58407079646,0.106194690265,0.274336283186,0.0353982300885];1;415.0;-0.0627120940391;987;171;0.20242424242424242;1.0;43.58424242424241;37.90909090909091;66.38424242424242;10.515151515151516;22.666666666666668;14.696969696969697;5.46060606060606;0.0;1.6266666666666667;0.39999999999999997;2.4206060606060604;0.3115151515151515;2.724848484848485;3.9696969696969697;9.424242424242424
11286;zone49;4853.647576226233;3833.123065294377;0.0;zone49;S01010304;12;542;456;332;[0.323529,0.514706,0.161765];[0.635135,0.25,0.114865];[0.477273,0.522727,0.0];[0.829268,0.109756,0.060976];[0.372340425532,0.0425531914894,0.297872340426,0.287234042553];1;804.0;0.384523850516;1184;55;0.17666666666666667;1.0;46.54;32.583333333333336;65.89;11.25;22.333333333333332;15.833333333333334;3.973333333333334;0.0;2.2133333333333334;0.25666666666666665;2.1266666666666665;0.2666666666666667;2.386666666666667;3.3333333333333335;8.083333333333334
11286;zone50;4697.410406890209;3639.1027396354093;0.0;zone50;S01010305;7;807;694;478;[0.36036,0.468468,0.171171];[0.553191,0.33617,0.110638];[0.409639,0.301205,0.289157];[0.589888,0.337079,0.073034];[0.198529411765,0.0735294117647,0.382352941176,0.345588235294];1;223.0;-0.28282788147;702;21;0.12;2.4285714285714284;50.30857142857143;24.571428571428573;68.30285714285715;9.857142857142858;22.285714285714285;17.142857142857142;4.08;0.0;0.777142857142857;0.42857142857142855;0.2914285714285714;0.40571428571428575;1.3714285714285714;9.714285714285714;5.142857142857143
11286;zone51;4591.3082521834585;3868.367573740388;0.0;zone51;S01010306;13;752;675;449;[0.35625,0.56875,0.075];[0.570588,0.355882,0.073529];[0.283019,0.566038,0.150943];[0.650943,0.330189,0.018868];[0.165680473373,0.0473372781065,0.479289940828,0.307692307692];2;238.0;-0.265781391166;779;71;0.20307692307692307;2.3846153846153846;46.32307692307692;33.92307692307692;74.33538461538461;11.076923076923077;23.153846153846153;15.461538461538462;7.16923076923077;0.0;1.9723076923076923;0.3415384615384615;0.8738461538461538;0.28923076923076924;1.566153846153846;10.538461538461538;9.846153846153847
11286;zone52;4503.72067559025;3742.2957906521283;0.0;zone52;S01010307;9;821;732;428;[0.189922,0.577519,0.232558];[0.407407,0.487654,0.104938];[0.346154,0.538462,0.115385];[0.71875,0.234375,0.046875];[0.0681818181818,0.0568181818182,0.375,0.5];5;319.0;-0.172537833795;462;72;0.30666666666666664;2.3333333333333335;39.89333333333333;55.888888888888886;78.03111111111112;10.555555555555555;23.333333333333332;13.555555555555555;11.853333333333332;0.0;3.4222222222222225;1.3111111111111111;0.7733333333333333;0.27555555555555555;0.9822222222222222;10.222222222222221;16.88888888888889
11286;zone53;4364.519870735056;4047.768725526131;0.0;zone53;S01010308;9;975;858;480;[0.285714,0.54007,0.174216];[0.511936,0.384615,0.103448];[0.254902,0.411765,0.333333];[0.648352,0.307692,0.043956];[0.0970873786408,0.0631067961165,0.359223300971,0.480582524272];4;257.0;-0.244477582955;1340;64;0.26666666666666666;1.8888888888888888;61.84;57.0;85.45777777777778;10.666666666666666;24.11111111111111;21.22222222222222;7.248888888888889;0.0;6.986666666666667;1.6800000000000002;1.7422222222222223;0.19111111111111112;1.08;8.444444444444445;17.22222222222222
11286;zone54;5381.88771051669;3636.3205112402793;0.0;zone54;S01010309;4;419;356;264;[0.333333,0.25,0.416667];[0.478873,0.422535,0.098592];[0.352941,0.382353,0.264706];[0.705882,0.24183,0.052288];[0.365853658537,0.170731707317,0.390243902439,0.0731707317073];1;0.0;-0.540229885057;2097;16;0.15;1.75;74.10000000000001;30.5;75.38;9.25;22.25;25.25;2.81;0.0;2.55;0.0;2.3499999999999996;0.24000000000000002;2.32;6.25;7.25
11286;zone55;5657.373406240428;3625.6586165034923;0.0;zone55;S01010310;13;706;540;381;[0.333333,0.238095,0.428571];[0.565517,0.337931,0.096552];[0.54902,0.27451,0.176471];[0.715415,0.256917,0.027668];[0.484848484848,0.151515151515,0.318181818182,0.0454545454545];1;574.0;0.120406534162;800;40;0.11076923076923077;1.5384615384615385;40.88;29.23076923076923;63.65538461538462;10.307692307692308;22.307692307692307;14.23076923076923;2.753846153846154;0.0;1.0553846153846154;0.22461538461538463;2.4861538461538464;0.33538461538461534;2.2430769230769227;5.923076923076923;6.076923076923077
11286;zone56;5685.425126382168;3318.6970593171873;0.0;zone56;S01010311;22;721;556;351;[0.411765,0.352941,0.235294];[0.472222,0.453704,0.074074];[0.571429,0.404762,0.02381];[0.717949,0.271062,0.010989];[0.565217391304,0.121739130435,0.269565217391,0.0434782608696];1;1534.0;1.22364271569;1886;75;0.1290909090909091;1.3181818181818181;68.96000000000001;29.272727272727273;71.29636363636364;9.454545454545455;21.954545454545453;23.5;1.549090909090909;0.0;2.4927272727272727;0.07090909090909091;2.5127272727272736;0.4800000000000001;2.067272727272727;5.5;6.2272727272727275
11286;zone57;5466.52613028024;3072.1402274564575;0.0;zone57;S01010312;34;868;647;425;[0.117647,0.823529,0.058824];[0.754386,0.22807,0.017544];[0.407407,0.444444,0.148148];[0.804945,0.153846,0.041209];[0.586956521739,0.115942028986,0.268115942029,0.0289855072464];1;685.0;0.247477927043;1618;94;0.10705882352941176;1.3529411764705883;61.01058823529412;27.705882352941178;74.18823529411763;11.588235294117647;23.558823529411764;20.970588235294116;1.9482352941176464;0.0;2.7858823529411763;0.09294117647058824;2.9776470588235298;0.36823529411764716;2.7447058823529407;5.352941176470588;7.323529411764706
11286;zone58;5251.7403530303945;3502.549209042501;0.0;zone58;S01010313;16;654;529;356;[0.428571,0.285714,0.285714];[0.6,0.333333,0.066667];[0.433735,0.481928,0.084337];[0.739623,0.162264,0.098113];[0.648351648352,0.131868131868,0.175824175824,0.043956043956];1;565.0;0.109617915218;2136;65;0.1625;0.6875;78.69;36.875;81.89;11.5625;24.125;27.125;4.2525;0.0;3.0200000000000005;0.005;3.71;0.305;3.1625000000000005;2.9375;10.625
11286;zone59;4840.312157862589;3385.4448126102257;0.0;zone59;S01010314;21;1248;1034;550;[0.358209,0.507463,0.134328];[0.514493,0.333333,0.152174];[0.5,0.326923,0.173077];[0.636,0.324,0.04];[0.316901408451,0.133802816901,0.401408450704,0.147887323944];1;637.0;0.192402372167;1455;78;0.14095238095238094;1.3333333333333333;49.21714285714285;32.666666666666664;75.80952380952381;12.761904761904763;24.714285714285715;16.714285714285715;4.752380952380953;0.0;3.6647619047619044;0.16952380952380952;2.1009523809523807;0.4457142857142857;2.2323809523809524;6.619047619047619;10.095238095238095
11286;zone60;4536.293429266749;2504.1273706154316;0.0;zone60;S01010315;43;911;678;409;[0.180723,0.554217,0.26506];[0.252632,0.457895,0.289474];[0.208333,0.5,0.291667];[0.55144,0.345679,0.102881];[0.308176100629,0.169811320755,0.358490566038,0.163522012579];2;382.0;-0.100954860853;1587;200;0.17953488372093024;1.3255813953488371;46.02604651162792;33.93023255813954;69.30139534883722;10.883720930232558;23.209302325581394;15.627906976744185;3.9144186046511633;0.0;3.066046511627907;0.01674418604651163;2.601860465116279;0.37023255813953476;2.3302325581395342;5.511627906976744;9.116279069767442
11286;zone61;4589.6619547948285;2943.195659127726;0.0;zone61;S01010316;25;512;414;304;[0.392157,0.529412,0.078431];[0.62931,0.37069,0.0];[0.439024,0.560976,0.0];[0.775401,0.224599,0.0];[0.439252336449,0.102803738318,0.252336448598,0.205607476636];1;481.0;0.0128180141103;1351;95;0.1408;1.72;40.598400000000005;26.36;63.828799999999994;10.2;22.8;13.6;2.1424000000000003;0.0;3.0816;0.1184;1.6240000000000003;0.3392;2.1712000000000002;6.16;6.52
11286;zone63;4421.5566371748755;3071.026327566895;0.0;zone63;S01010318;12;1588;1497;304;[0.5,0.456522,0.043478];[0.469799,0.47651,0.053691];[0.310345,0.37931,0.310345];[0.678571,0.285714,0.035714];[0.36,0.14,0.34,0.16];3;317.0;-0.175110645645;1124;73;0.22666666666666666;0.5;49.75000000000001;50.0;69.22666666666667;9.833333333333334;22.416666666666668;16.916666666666668;6.8066666666666675;0.0;5.653333333333333;0.49666666666666665;0.9633333333333334;0.40666666666666673;2.3466666666666667;2.0;13.5
11286;zone64;4173.240913470097;2893.8040771744095;0.0;zone64;S01010319;9;711;624;407;[0.258741,0.608392,0.132867];[0.383399,0.486166,0.130435];[0.439394,0.212121,0.348485];[0.530769,0.384615,0.084615];[0.171974522293,0.0700636942675,0.471337579618,0.286624203822];2;473.0;0.00423719084943;1275;28;0.12;2.2222222222222223;51.03111111111112;23.77777777777778;68.08888888888889;10.11111111111111;22.22222222222222;17.666666666666668;3.328888888888889;0.0;0.8266666666666667;0.0;1.413333333333333;0.48888888888888893;1.8399999999999999;8.333333333333334;5.333333333333333
11286;zone65;3940.1918462749595;2900.8899784533987;0.0;zone65;S01010320;4;675;594;437;[0.257813,0.523438,0.21875];[0.61753,0.298805,0.083665];[0.526316,0.22807,0.245614];[0.805085,0.169492,0.025424];[0.172185430464,0.0662251655629,0.443708609272,0.317880794702];1;646.0;0.202453315259;1195;11;0.1;2.5;48.33;28.25;88.47;15.5;25.75;16.75;9.709999999999999;0.0;1.07;0.18;0.54;0.64;1.27;15.5;11.0
11286;zone66;3905.8658739096163;2664.6669636212755;0.0;zone66;S01010321;7;837;634;432;[0.401709,0.555556,0.042735];[0.54717,0.433962,0.018868];[0.45122,0.439024,0.109756];[0.666667,0.271186,0.062147];[0.212328767123,0.0958904109589,0.390410958904,0.301369863014];1;1019.0;0.631764531736;2026;17;0.09142857142857143;2.142857142857143;59.097142857142856;27.428571428571427;79.24571428571429;12.142857142857142;23.857142857142858;20.0;5.377142857142857;0.0;2.817142857142857;0.02857142857142857;1.114285714285714;0.34285714285714286;2.0742857142857143;9.428571428571429;8.857142857142858
11286;zone67;3630.3978644730896;3132.1651121578075;0.0;zone67;S01010322;9;1028;914;549;[0.174419,0.549419,0.276163];[0.412399,0.471698,0.115903];[0.298507,0.38806,0.313433];[0.647059,0.323529,0.029412];[0.057268722467,0.0352422907489,0.449339207048,0.458149779736];5;124.0;-0.397569575369;1452;102;0.4266666666666667;1.5555555555555556;50.471111111111114;61.0;79.85333333333332;10.333333333333334;23.555555555555557;16.77777777777778;6.875555555555555;0.0;7.422222222222222;0.8133333333333334;3.177777777777778;0.44;1.6488888888888888;7.111111111111111;18.0
11286;zone68;6208.193116766784;3072.425066795916;0.0;zone68;S01010323;4;603;466;377;[0.555556,0.444444,0.0];[0.657143,0.271429,0.071429];[0.642857,0.321429,0.035714];[0.793651,0.166667,0.039683];[0.578431372549,0.166666666667,0.235294117647,0.0196078431373];1;970.0;0.57559463238;871;12;0.12;1.75;53.14;28.5;70.72999999999999;10.75;22.5;18.25;5.23;0.0;1.73;0.0;0.8500000000000001;0.22;2.46;7.0;7.25
11286;zone69;6517.651722029823;2240.572579661372;0.0;zone69;S01010324;6;759;566;403;[0.142857,0.571429,0.285714];[0.298077,0.490385,0.211538];[0.333333,0.530864,0.135802];[0.401674,0.414226,0.1841];[0.569620253165,0.101265822785,0.291139240506,0.0379746835443];1;407.0;-0.0721601679586;1583;13;0.08666666666666667;2.0;51.586666666666666;18.833333333333332;68.21333333333334;11.5;22.833333333333332;17.666666666666668;0.7466666666666667;0.0;0.9400000000000001;0.0;2.2533333333333334;0.37999999999999995;1.7333333333333332;8.5;3.5
11286;zone70;6038.016041009105;2402.8415869980217;0.0;zone70;S01010325;18;939;666;501;[0.263158,0.368421,0.368421];[0.383838,0.525253,0.090909];[0.253623,0.615942,0.130435];[0.451362,0.463035,0.085603];[0.545454545455,0.238636363636,0.193181818182,0.0227272727273];1;225.0;-0.281126582053;1654;55;0.11777777777777777;0.4444444444444444;40.91333333333334;29.333333333333332;59.11333333333333;10.5;22.055555555555557;13.777777777777779;1.9222222222222218;0.0;1.1600000000000001;0.0;3.1088888888888895;0.36444444444444446;3.0911111111111116;1.4444444444444444;5.611111111111111
11286;zone71;5272.359331052501;2740.775131541117;0.0;zone71;S01010326;39;987;707;494;[0.526316,0.368421,0.105263];[0.522523,0.333333,0.144144];[0.492188,0.3125,0.195313];[0.723514,0.224806,0.05168];[0.54375,0.16875,0.23125,0.05625];1;1389.0;1.05701743376;963;138;0.13333333333333333;1.3076923076923077;47.57025641025641;35.282051282051285;71.22358974358976;10.871794871794872;23.435897435897434;16.102564102564102;2.5066666666666673;0.0;6.209230769230769;0.00820512820512821;1.9158974358974359;0.35794871794871796;2.5117948717948715;5.487179487179487;10.153846153846153
11286;zone72;4970.167032608406;2501.795090448298;0.0;zone72;S01010327;34;982;660;362;[0.031746,0.507937,0.460317];[0.372881,0.432203,0.194915];[0.289063,0.328125,0.382813];[0.516892,0.347973,0.135135];[0.416184971098,0.21387283237,0.236994219653,0.132947976879];1;470.0;0.000335688704598;935;142;0.1623529411764706;1.2941176470588236;45.50235294117646;30.470588235294116;70.91176470588235;11.588235294117647;23.705882352941178;15.441176470588236;2.7988235294117647;0.0;6.147058823529413;0.0;1.3682352941176472;0.4352941176470588;2.2799999999999994;5.470588235294118;9.794117647058824
11286;zone73;5975.307390960257;2677.5485166167286;0.0;zone73;S01010328;24;969;706;445;[0.16129,0.5,0.33871];[0.27044,0.471698,0.257862];[0.192547,0.434783,0.372671];[0.338983,0.432203,0.228814];[0.309352517986,0.258992805755,0.280575539568,0.151079136691];2;457.0;-0.0138550124678;1749;90;0.14166666666666666;1.2916666666666667;34.35666666666667;32.166666666666664;66.77500000000002;12.125;23.666666666666668;11.625;3.8433333333333337;0.0;1.3633333333333333;0.0;4.048333333333334;0.3766666666666667;2.6716666666666664;5.125;8.75
