cycle;name;location.x;location.y;location.z;name;dataZone;nm_children;pop;over16;nm_hh;AB_car_prob;C1_car_prob;C2_car_prob;DE_car_prob;prob_social;simd;crimeRate;norm_crime;avg_dis_sh;neigh_play;daily_play_per_child;avg_FSA;avg_walk;daily_OD;zone_mvpa;mvpa_home;mvpa_sc;mvpa_road;mvpa_play_field;mvpa_home_garden;mvpa_park;mvpa_PG;mvpa_amenity;mvpa_shops;mvpa_F_home;mvpa_fsa;mvpa_OD
11286;zone0;8448.90275962388;2625.4515469546564;0.0;zone0;S01010195;19;531;390;212;[0.0,0.481481,0.518519];[0.261538,0.646154,0.092308];[0.12,0.59,0.29];[0.447368,0.368421,0.184211];[0.418918918919,0.283783783784,0.202702702703,0.0945945945946];1;0.0;-0.540229885057;1071;47;0.08210526315789474;1.1578947368421053;36.524210526315784;30.736842105263158;66.1557894736842;11.631578947368421;23.526315789473685;12.31578947368421;1.911578947368421;0.0;4.265263157894737;0.04842105263157895;2.8210526315789473;0.42105263157894746;2.7410526315789476;4.7368421052631575;8.526315789473685
11286;zone1;8656.736904000718;2165.9902346445633;0.0;zone1;S01010198;18;1027;748;394;[0.058824,0.529412,0.411765];[0.305785,0.561983,0.132231];[0.219858,0.496454,0.283688];[0.523179,0.331126,0.145695];[0.48623853211,0.229357798165,0.266055045872,0.0183486238532];1;1609.0;1.3102524676;1258;47;0.10222222222222223;1.3888888888888888;46.46666666666667;28.88888888888889;68.26222222222223;12.0;23.38888888888889;15.777777777777779;1.3133333333333335;0.0;2.1533333333333333;0.07333333333333332;3.795555555555555;0.38;2.0488888888888885;5.555555555555555;6.833333333333333
11286;zone2;8537.588755655543;3024.028900129281;0.0;zone2;S01010201;22;643;453;253;[0.0,0.47619,0.52381];[0.270833,0.3125,0.416667];[0.088,0.48,0.432];[0.296552,0.434483,0.268966];[0.365853658537,0.292682926829,0.292682926829,0.0487804878049];2;219.0;-0.28762447053;871;86;0.14545454545454545;1.6818181818181819;34.800000000000004;40.59090909090909;66.09454545454545;10.363636363636363;22.772727272727273;11.681818181818182;1.8327272727272728;0.0;4.440000000000001;0.05636363636363637;4.309090909090909;0.38000000000000006;2.1418181818181825;6.318181818181818;10.272727272727273
11286;zone3;8059.42097232239;3767.666522351409;0.0;zone3;S01010203;30;671;504;260;[0.090909,0.363636,0.545455];[0.263804,0.460123,0.276074];[0.094828,0.422414,0.482759];[0.183824,0.375,0.441176];[0.272727272727,0.218181818182,0.363636363636,0.145454545455];3;215.0;-0.292668818285;1980;151;0.19466666666666665;1.6;45.142666666666656;34.333333333333336;66.24933333333334;10.3;22.4;14.966666666666667;2.36;0.0;3.3613333333333335;0.0;2.9333333333333345;0.3959999999999999;1.7906666666666669;5.966666666666667;8.266666666666667
11286;zone4;8368.288440296214;3565.498290652094;0.0;zone4;S01010204;30;800;589;381;[0.272727,0.727273,0.0];[0.627451,0.27451,0.098039];[0.444444,0.533333,0.022222];[0.600619,0.321981,0.077399];[0.595041322314,0.157024793388,0.239669421488,0.00826446280992];1;497.0;0.0317745673598;1430;109;0.13733333333333334;1.0666666666666667;44.97466666666664;33.333333333333336;64.82133333333333;10.533333333333333;22.5;15.266666666666667;1.4053333333333335;0.0;2.924000000000001;0.05733333333333333;3.6999999999999997;0.3653333333333333;2.5133333333333336;3.8666666666666667;7.666666666666667
11286;zone5;8034.229745798958;3515.110462853287;0.0;zone5;S01010205;15;658;534;355;[0.411765,0.117647,0.470588];[0.465116,0.457364,0.077519];[0.317757,0.588785,0.093458];[0.593458,0.280374,0.126168];[0.466666666667,0.2,0.3,0.0333333333333];1;925.0;0.523434132086;1001;43;0.11466666666666667;1.0666666666666667;44.04533333333333;31.533333333333335;70.45066666666666;12.866666666666667;23.6;14.733333333333333;1.8586666666666667;0.0;3.610666666666667;0.0;3.7893333333333334;0.5093333333333333;2.432000000000001;5.333333333333333;8.733333333333333
11286;zone6;7457.064719570519;3739.055375726369;0.0;zone6;S01010208;18;903;745;565;[0.30137,0.589041,0.109589];[0.48062,0.457364,0.062016];[0.272727,0.613636,0.113636];[0.66055,0.270642,0.068807];[0.233333333333,0.133333333333,0.461111111111,0.172222222222];1;603.0;0.153385979085;1399;59;0.12444444444444444;2.0;52.64444444444445;31.055555555555557;70.42666666666668;10.833333333333334;22.833333333333332;17.833333333333332;2.1866666666666665;0.0;2.0644444444444447;0.0;3.322222222222222;0.38444444444444453;1.5933333333333333;7.388888888888889;7.055555555555555
11286;zone7;7917.838214725937;1939.334458859395;0.0;zone7;S01010209;24;966;677;468;[0.172414,0.586207,0.241379];[0.333333,0.414966,0.251701];[0.381944,0.458333,0.159722];[0.545852,0.336245,0.117904];[0.337931034483,0.248275862069,0.303448275862,0.110344827586];1;2053.0;1.82052250092;1709;64;0.105;1.75;57.44333333333335;26.75;71.86833333333334;11.25;23.208333333333332;19.583333333333332;0.7533333333333333;0.0;3.231666666666667;0.0;2.935;0.3283333333333334;1.8516666666666666;6.958333333333333;6.5
11286;zone8;7878.406567747077;2721.2634132011362;0.0;zone8;S01010210;18;885;641;416;[0.173913,0.456522,0.369565];[0.21519,0.5,0.28481];[0.189781,0.386861,0.423358];[0.422111,0.442211,0.135678];[0.394736842105,0.236842105263,0.254385964912,0.114035087719];1;344.0;-0.144253829852;987;70;0.14666666666666667;1.5555555555555556;40.475555555555545;31.72222222222222;64.5911111111111;10.555555555555555;22.5;13.666666666666666;2.364444444444444;0.0;3.326666666666666;0.03111111111111111;2.604444444444445;0.3911111111111112;1.9333333333333336;5.444444444444445;7.833333333333333
11286;zone9;7785.599648345685;3201.783800714137;0.0;zone9;S01010211;22;858;634;452;[0.147059,0.705882,0.147059];[0.384615,0.452991,0.162393];[0.469565,0.4,0.130435];[0.722656,0.226563,0.050781];[0.473214285714,0.169642857143,0.285714285714,0.0714285714286];1;430.0;-0.0456985893816;1088;72;0.12545454545454546;0.8636363636363636;44.6709090909091;33.27272727272727;66.03999999999998;11.136363636363637;22.90909090909091;15.090909090909092;1.7727272727272725;0.0;4.069090909090909;0.0;3.1799999999999997;0.41636363636363627;2.838181818181818;2.9545454545454546;8.636363636363637
11286;zone10;7580.688680869333;3097.127786881416;0.0;zone10;S01010212;49;1083;779;559;[0.233333,0.633333,0.133333];[0.594771,0.339869,0.065359];[0.465517,0.405172,0.12931];[0.712821,0.269231,0.017949];[0.566037735849,0.138364779874,0.22641509434,0.0691823899371];1;1473.0;1.15298517036;1198;195;0.15346938775510205;1.469387755102041;42.56081632653061;31.081632653061224;67.35265306122449;11.244897959183673;23.06122448979592;14.551020408163266;1.449795918367347;0.0;3.4399999999999995;0.0;3.044897959183673;0.36163265306122444;2.357551020408163;6.224489795918367;7.510204081632653
11286;zone11;8065.177293237223;3111.5884965344962;0.0;zone11;S01010213;13;924;657;476;[0.105263,0.684211,0.210526];[0.382609,0.547826,0.069565];[0.218543,0.556291,0.225166];[0.467925,0.483019,0.049057];[0.451327433628,0.221238938053,0.274336283186,0.0530973451327];1;247.0;-0.255840453357;1000;48;0.14461538461538462;1.8461538461538463;30.070769230769233;27.53846153846154;54.15076923076923;8.461538461538462;20.76923076923077;10.0;1.2276923076923076;0.0;2.6553846153846155;0.0;2.32;0.3446153846153846;1.6769230769230772;4.846153846153846;5.769230769230769
11286;zone12;7144.994858230166;1947.4125453867302;0.0;zone12;S01010214;27;967;717;396;[0.098592,0.28169,0.619718];[0.197531,0.438272,0.364198];[0.173333,0.493333,0.333333];[0.237069,0.487069,0.275862];[0.361344537815,0.210084033613,0.310924369748,0.117647058824];3;176.0;-0.337854473183;1833;82;0.1111111111111111;1.4074074074074074;43.66222222222221;33.2962962962963;67.02814814814815;10.296296296296296;22.814814814814813;15.0;2.3096296296296295;0.0;2.5644444444444447;0.0;3.5674074074074076;0.34666666666666673;2.2281481481481475;6.333333333333333;7.888888888888889
11286;zone13;7013.590150664996;2618.495528189446;0.0;zone13;S01010215;24;850;608;492;[0.571429,0.285714,0.142857];[0.5,0.431373,0.068627];[0.382609,0.391304,0.226087];[0.678571,0.269841,0.051587];[0.467289719626,0.140186915888,0.345794392523,0.0467289719626];1;547.0;0.0886083430805;584;109;0.17666666666666667;1.5;32.39333333333333;29.791666666666668;59.815;10.541666666666666;22.041666666666668;10.791666666666666;0.9116666666666666;0.0;2.03;0.0;4.1000000000000005;0.3416666666666666;1.7716666666666667;5.333333333333333;6.583333333333333
11286;zone14;7332.222205807836;2329.961970144465;0.0;zone14;S01010216;15;621;464;361;[0.6,0.4,0.0];[0.597701,0.356322,0.045977];[0.409091,0.439394,0.151515];[0.709544,0.273859,0.016598];[0.5,0.163265306122,0.265306122449,0.0714285714286];1;600.0;0.150092344085;1338;54;0.14133333333333334;0.9333333333333333;57.21866666666666;29.4;62.58400000000001;8.333333333333334;21.333333333333332;19.4;1.3679999999999997;0.0;2.8506666666666667;0.0;2.24;0.34666666666666673;1.8613333333333337;3.066666666666667;5.933333333333334
11286;zone15;7299.833172322251;2625.8610945736937;0.0;zone15;S01010217;33;817;598;406;[0.16129,0.516129,0.322581];[0.565517,0.4,0.034483];[0.5,0.431373,0.068627];[0.702703,0.283784,0.013514];[0.541935483871,0.0967741935484,0.296774193548,0.0645161290323];1;1060.0;0.679274950851;997;156;0.1806060606060606;1.7575757575757576;44.80242424242424;36.57575757575758;66.63515151515152;9.666666666666666;22.484848484848484;15.272727272727273;1.3199999999999996;0.0;3.1406060606060606;0.0;4.206060606060604;0.3187878787878788;1.6254545454545455;6.787878787878788;8.181818181818182
11286;zone16;7142.953643082513;3018.5401822929393;0.0;zone16;S01010218;31;1018;790;587;[0.425532,0.404255,0.170213];[0.392523,0.453271,0.154206];[0.358209,0.492537,0.149254];[0.589124,0.335347,0.075529];[0.424657534247,0.109589041096,0.369863013699,0.0958904109589];1;557.0;0.101026678737;530;111;0.1393548387096774;1.4193548387096775;35.8116129032258;30.677419354838708;64.77548387096776;11.612903225806452;23.161290322580644;12.064516129032258;1.2245161290322581;0.0;2.489032258064516;0.0;3.7329032258064525;0.4103225806451613;2.325161290322581;5.903225806451613;6.903225806451613
11286;zone17;6738.8937706128745;4298.8917997019325;0.0;zone17;S01010219;21;503;382;274;[0.695652,0.304348,0.0];[0.758621,0.215517,0.025862];[0.761905,0.166667,0.071429];[0.781609,0.195402,0.022989];[0.41935483871,0.0752688172043,0.408602150538,0.0967741935484];2;184.0;-0.327838932938;1255;97;0.17714285714285713;1.3333333333333333;53.603809523809524;40.476190476190474;74.10857142857144;10.619047619047619;23.428571428571427;18.238095238095237;4.8704761904761895;0.0;4.272380952380952;0.05142857142857143;2.752380952380952;0.2780952380952381;2.3295238095238098;5.476190476190476;11.523809523809524
11286;zone18;5915.780765415368;4211.222876105162;0.0;zone18;S01010220;7;476;433;279;[0.181159,0.608696,0.210145];[0.404255,0.531915,0.06383];[0.227273,0.704545,0.068182];[0.448276,0.482759,0.068966];[0.154545454545,0.0636363636364,0.318181818182,0.463636363636];5;267.0;-0.232306706325;1529;30;0.16;2.0;30.599999999999998;29.142857142857142;64.25714285714285;10.857142857142858;22.571428571428573;10.285714285714286;3.4057142857142857;0.0;3.142857142857143;0.14285714285714285;1.0571428571428572;0.26285714285714284;1.9885714285714287;8.714285714285714;7.285714285714286
11286;zone19;6341.0811208317455;3913.8398648988496;0.0;zone19;S01010221;13;546;394;260;[0.6,0.4,0.0];[0.557377,0.409836,0.032787];[0.538462,0.323077,0.138462];[0.699387,0.257669,0.042945];[0.609375,0.140625,0.203125,0.046875];1;635.0;0.19005459739;926;45;0.13230769230769232;1.2307692307692308;42.68615384615384;22.384615384615383;64.40923076923076;10.923076923076923;22.692307692307693;14.307692307692308;4.049230769230769;0.0;1.689230769230769;0.0;0.9015384615384616;0.3630769230769231;2.8061538461538467;4.615384615384615;6.230769230769231
11286;zone20;7001.213463613622;4053.9957950241624;0.0;zone20;S01010222;15;492;414;285;[0.142857,0.5,0.357143];[0.432432,0.459459,0.108108];[0.348624,0.522936,0.12844];[0.747899,0.235294,0.016807];[0.345238095238,0.214285714286,0.309523809524,0.130952380952];1;377.0;-0.105830277325;1530;39;0.10133333333333333;1.6666666666666667;51.31466666666667;27.066666666666666;69.38666666666667;10.866666666666667;23.2;17.6;2.0133333333333336;0.0;1.821333333333334;0.04;3.2666666666666666;0.34933333333333333;2.464;6.133333333333334;6.733333333333333
11286;zone21;6986.8418912765155;3434.1450308482026;0.0;zone21;S01010223;4;556;462;337;[0.076923,0.538462,0.384615];[0.567797,0.330508,0.101695];[0.472222,0.444444,0.083333];[0.584699,0.36612,0.04918];[0.432432432432,0.162162162162,0.324324324324,0.0810810810811];1;439.0;-0.0353356041414;1538;7;0.07;1.0;34.76;12.25;60.61;12.75;23.5;11.75;0.93;0.0;0.7;0.0;1.5;0.45;3.0;4.5;2.75
11286;zone22;6247.397837456437;3329.661273309237;0.0;zone22;S01010224;40;1036;727;469;[0.405405,0.540541,0.054054];[0.592593,0.274074,0.133333];[0.418803,0.504274,0.076923];[0.768421,0.202632,0.028947];[0.506097560976,0.140243902439,0.268292682927,0.0853658536585];1;1004.0;0.614259332793;1081;131;0.125;1.375;45.576;24.925;66.00800000000001;11.1;22.7;15.35;4.186;0.0;1.6850000000000005;0.045;1.1500000000000001;0.4239999999999998;2.163;5.5;6.525
11286;zone23;7827.985844039554;4105.4701191949;0.0;zone23;S01010225;33;812;636;431;[0.25,0.634615,0.115385];[0.469072,0.43299,0.097938];[0.54023,0.413793,0.045977];[0.672065,0.234818,0.093117];[0.385185185185,0.125925925926,0.325925925926,0.162962962963];1;1006.0;0.616572011517;1666;111;0.1296969696969697;1.393939393939394;58.99636363636364;30.09090909090909;72.35272727272725;10.878787878787879;23.09090909090909;20.303030303030305;2.2145454545454544;0.0;2.8933333333333335;0.01333333333333333;2.5151515151515147;0.32000000000000006;2.278787878787879;6.181818181818182;7.121212121212121
11286;zone24;7040.363001382077;4481.052780471187;0.0;zone24;S01010226;40;816;565;394;[0.454545,0.242424,0.30303];[0.715385,0.2,0.084615];[0.540541,0.405405,0.054054];[0.766917,0.18797,0.045113];[0.503355704698,0.201342281879,0.221476510067,0.0738255033557];2;422.0;-0.0548014077425;1324;220;0.207;1.2;59.64100000000002;42.825;72.46199999999997;9.325;22.275;20.6;4.441000000000001;0.0;5.0920000000000005;0.042;2.0629999999999997;0.20400000000000004;2.3150000000000004;4.525;11.1
11286;zone25;6847.772309074456;4638.663588163389;0.0;zone25;S01010227;39;692;454;294;[0.413793,0.413793,0.172414];[0.704545,0.238636,0.056818];[0.654545,0.345455,0.0];[0.810606,0.159091,0.030303];[0.672268907563,0.0924369747899,0.159663865546,0.0756302521008];4;0.0;-0.540229885057;1064;313;0.30256410256410254;1.3076923076923077;51.945641025641024;52.41025641025641;72.66051282051282;9.461538461538462;22.256410256410255;17.666666666666668;4.949743589743591;0.0;6.579487179487178;0.09538461538461537;2.646153846153846;0.31589743589743585;2.059487179487179;4.82051282051282;13.717948717948717
11286;zone26;8241.816993110848;4572.457656401622;0.0;zone26;S01010229;30;1016;787;508;[0.1,0.625,0.275];[0.350877,0.350877,0.298246];[0.348315,0.477528,0.174157];[0.565217,0.310559,0.124224];[0.420731707317,0.213414634146,0.292682926829,0.0731707317073];1;395.0;-0.0859445809966;1248;84;0.10533333333333333;1.4;35.227999999999994;24.266666666666666;61.32266666666666;10.766666666666667;22.633333333333333;11.766666666666667;1.9839999999999995;0.0;2.833333333333333;0.0;1.950666666666667;0.356;2.230666666666666;5.2;6.266666666666667
11286;zone27;7458.320056766788;4680.341251240345;0.0;zone27;S01010230;24;1005;772;577;[0.314286,0.628571,0.057143];[0.703883,0.296117,0.0];[0.727273,0.218182,0.054545];[0.71831,0.24507,0.03662];[0.517857142857,0.136904761905,0.267857142857,0.077380952381];1;846.0;0.433218203459;833;97;0.15833333333333333;1.0;41.51833333333333;36.708333333333336;61.779999999999994;9.291666666666666;21.375;14.208333333333334;1.7200000000000004;0.0;5.673333333333333;0.025;1.9166666666666663;0.2883333333333334;2.45;3.25;8.791666666666666
11286;zone28;7569.802990100143;4917.458811240416;0.0;zone28;S01010232;37;1074;792;485;[0.457143,0.485714,0.057143];[0.557292,0.338542,0.104167];[0.492063,0.333333,0.174603];[0.654229,0.251244,0.094527];[0.470297029703,0.153465346535,0.306930693069,0.0693069306931];1;771.0;0.347049794199;1192;128;0.12972972972972974;1.2432432432432432;45.099459459459446;31.45945945945946;66.49837837837839;10.81081081081081;23.135135135135137;15.18918918918919;1.7794594594594593;0.0;3.4367567567567563;0.12540540540540543;2.8291891891891887;0.3837837837837838;2.540540540540541;4.621621621621622;7.702702702702703
11286;zone29;7830.713068379679;4879.746446724283;0.0;zone29;S01010233;33;970;705;476;[0.275,0.625,0.1];[0.655629,0.245033,0.099338];[0.52809,0.426966,0.044944];[0.771505,0.212366,0.016129];[0.587209302326,0.093023255814,0.261627906977,0.0581395348837];1;284.0;-0.213781821634;1141;124;0.14303030303030304;1.5454545454545454;55.0060606060606;31.515151515151516;69.96484848484849;10.696969696969697;22.545454545454547;18.727272727272727;1.7927272727272732;0.0;2.442424242424242;0.08000000000000002;3.454545454545456;0.3866666666666666;2.275151515151515;5.787878787878788;7.242424242424242
11286;zone30;6473.383843181837;4954.519765957263;0.0;zone30;S01010261;6;2551;2373;526;[0.666667,0.270833,0.0625];[0.675841,0.281346,0.042813];[0.75,0.25,0.0];[0.824468,0.164894,0.010638];[0.41,0.06,0.41,0.12];3;176.0;-0.337679921334;1875;20;0.12666666666666668;1.0;88.20666666666666;42.5;85.46;11.0;24.166666666666668;30.666666666666668;3.673333333333334;0.0;2.6533333333333333;0.0;5.44;0.5133333333333333;2.6133333333333333;3.0;11.166666666666666
11286;zone31;4930.642193689802;4959.449818932565;0.0;zone31;S01010266;3;555;474;237;[0.320755,0.556604,0.122642];[0.677273,0.254545,0.068182];[0.5,0.461538,0.038462];[0.534247,0.30137,0.164384];[0.141176470588,0.0588235294118,0.4,0.4];3;536.0;0.0761386922126;954;12;0.14666666666666667;0.6666666666666666;44.53333333333333;60.0;74.82666666666667;11.666666666666666;23.0;15.333333333333334;3.2399999999999998;0.0;3.546666666666667;2.56;5.386666666666667;0.44;3.893333333333333;4.0;14.333333333333334
11286;zone32;5712.5549897826;4979.400336637217;0.0;zone32;S01010270;4;1153;972;817;[0.389831,0.533898,0.076271];[0.70255,0.252125,0.045326];[0.714286,0.272727,0.012987];[0.771552,0.228448,0.0];[0.125,0.0909090909091,0.454545454545,0.329545454545];1;871.0;0.461200629557;1753;9;0.09;1.75;80.06;28.25;75.51;9.5;22.0;27.75;2.43;0.0;1.2199999999999998;0.19;2.82;0.28;2.4899999999999998;5.25;6.5
11286;zone33;3394.0723536088512;4934.677182292946;0.0;zone33;S01010282;13;976;841;645;[0.438776,0.520408,0.040816];[0.545732,0.405488,0.04878];[0.521277,0.382979,0.095745];[0.712707,0.232044,0.055249];[0.190954773869,0.070351758794,0.35175879397,0.386934673367];2;350.0;-0.137812028107;1326;38;0.11076923076923077;1.8461538461538463;55.13846153846154;37.07692307692308;75.30153846153847;10.692307692307692;23.076923076923077;19.076923076923077;1.0615384615384615;0.0;8.326153846153845;0.19999999999999998;1.8861538461538463;0.23076923076923084;1.6153846153846154;7.230769230769231;11.076923076923077
11286;zone34;4385.789287498423;4835.237486850067;0.0;zone34;S01010289;15;771;687;380;[0.130952,0.511905,0.357143];[0.262911,0.502347,0.234742];[0.178571,0.464286,0.357143];[0.410256,0.435897,0.153846];[0.058064516129,0.0322580645161,0.245161290323,0.664516129032];5;259.0;-0.241396294863;1516;115;0.2906666666666667;1.6;39.82133333333333;52.4;68.87466666666666;10.0;22.8;13.266666666666667;2.3546666666666662;0.0;6.4719999999999995;1.656;2.5013333333333336;0.2853333333333334;1.7040000000000002;5.866666666666666;12.466666666666667
11286;zone35;4401.5375624188455;4669.062022109911;0.0;zone35;S01010290;13;546;485;278;[0.198198,0.603604,0.198198];[0.485944,0.449799,0.064257];[0.555556,0.444444,0.0];[0.435897,0.512821,0.051282];[0.10752688172,0.0430107526882,0.494623655914,0.354838709677];3;353.0;-0.133686757747;988;79;0.2276923076923077;1.3846153846153846;43.69230769230769;47.69230769230769;71.08;10.692307692307692;22.923076923076923;15.0;2.163076923076923;0.0;6.932307692307693;1.0092307692307694;3.1107692307692307;0.32923076923076927;1.9261538461538463;5.230769230769231;12.846153846153847
11286;zone36;4119.983651650423;4281.100418217042;0.0;zone36;S01010291;12;1075;975;481;[0.405594,0.447552,0.146853];[0.627907,0.277132,0.094961];[0.415094,0.433962,0.150943];[0.562963,0.325926,0.111111];[0.197080291971,0.0729927007299,0.445255474453,0.284671532847];3;438.0;-0.0363924713322;1115;65;0.20333333333333334;0.5833333333333334;50.086666666666666;51.666666666666664;67.98;9.666666666666666;22.166666666666668;16.833333333333332;2.7133333333333334;0.0;8.763333333333332;0.5666666666666667;1.28;0.3266666666666667;2.433333333333333;1.75;12.916666666666666
11286;zone37;4399.731076226201;4291.6703625917;0.0;zone37;S01010292;10;890;831;409;[0.348214,0.508929,0.142857];[0.477169,0.420091,0.10274];[0.339286,0.446429,0.214286];[0.55814,0.383721,0.05814];[0.128378378378,0.0540540540541,0.398648648649,0.418918918919];4;323.0;-0.168488563048;989;53;0.2;2.1;42.147999999999996;35.4;67.46799999999999;10.3;22.2;14.3;3.268;0.0;5.24;0.5359999999999999;0.64;0.296;1.3079999999999998;7.8;9.1
11286;zone38;4514.690807242894;4541.15458266895;0.0;zone38;S01010293;16;839;723;373;[0.51773,0.35461,0.12766];[0.635389,0.262735,0.101877];[0.446809,0.319149,0.234043];[0.514286,0.392857,0.092857];[0.242424242424,0.0606060606061,0.393939393939,0.30303030303];3;290.0;-0.205814991507;1180;118;0.2825;1.125;45.18;53.125;68.495;9.1875;22.1875;15.25;4.107499999999999;0.0;6.1049999999999995;0.8150000000000001;2.3925;0.23500000000000004;2.5500000000000007;4.0;12.875
11286;zone39;4541.7482834333705;4418.565122351524;0.0;zone39;S01010294;13;690;631;275;[0.242105,0.526316,0.231579];[0.650873,0.214464,0.134663];[0.583333,0.208333,0.208333];[0.414894,0.489362,0.095745];[0.164835164835,0.043956043956,0.494505494505,0.296703296703];4;440.0;-0.0342259463805;1311;99;0.29846153846153844;1.4615384615384615;61.74461538461538;59.61538461538461;84.64307692307692;11.0;24.23076923076923;21.153846153846153;6.950769230769231;0.0;5.883076923076923;1.1353846153846154;4.276923076923077;0.31384615384615383;1.8615384615384618;6.076923076923077;17.76923076923077
11286;zone40;4766.8646917667475;4574.50133624035;0.0;zone40;S01010295;18;974;870;427;[0.384615,0.391026,0.224359];[0.604555,0.310559,0.084886];[0.428571,0.285714,0.285714];[0.390728,0.516556,0.092715];[0.212765957447,0.113475177305,0.297872340426,0.375886524823];4;529.0;0.0680145754747;1034;83;0.17777777777777778;2.111111111111111;43.177777777777784;41.27777777777778;70.21555555555557;9.944444444444445;22.38888888888889;14.555555555555555;2.722222222222222;0.0;6.108888888888889;0.5333333333333334;1.6533333333333333;0.3422222222222222;1.3155555555555558;8.833333333333334;10.555555555555555
11286;zone41;4647.752341766679;4736.091736240359;0.0;zone41;S01010296;16;664;560;291;[0.294118,0.423529,0.282353];[0.520913,0.368821,0.110266];[0.375,0.375,0.25];[0.475524,0.391608,0.132867];[0.282828282828,0.111111111111,0.363636363636,0.242424242424];2;856.0;0.444094443477;931;93;0.22;1.625;40.802499999999995;40.3125;68.2775;11.0625;22.5625;13.8125;1.8700000000000003;0.0;3.8049999999999997;1.1524999999999999;2.9974999999999996;0.4225000000000001;1.5500000000000003;7.375;9.4375
11286;zone42;5522.849421766708;4411.996091240393;0.0;zone42;S01010297;7;1066;894;676;[0.582609,0.382609,0.034783];[0.691824,0.245283,0.062893];[0.540541,0.333333,0.126126];[0.681275,0.270916,0.047809];[0.260563380282,0.140845070423,0.37323943662,0.225352112676];1;504.0;0.0391758595379;1110;41;0.22285714285714286;0.5714285714285714;27.18857142857143;37.57142857142857;49.91428571428572;8.142857142857142;20.142857142857142;9.0;2.0857142857142854;0.0;1.3828571428571428;0.49142857142857144;3.097142857142857;0.37142857142857144;2.165714285714286;1.2857142857142858;6.571428571428571
11286;zone43;4706.481893689814;4143.807995855712;0.0;zone43;S01010298;12;880;677;515;[0.308943,0.479675,0.211382];[0.581395,0.356589,0.062016];[0.539683,0.396825,0.063492];[0.744828,0.193103,0.062069];[0.227272727273,0.0984848484848,0.371212121212,0.30303030303];1;486.0;0.0190902878356;1002;42;0.14;1.0833333333333333;40.836666666666666;36.166666666666664;67.60666666666667;11.416666666666666;23.083333333333332;13.75;2.9066666666666667;0.0;5.6866666666666665;0.2166666666666667;1.43;0.22;2.686666666666667;4.666666666666667;9.833333333333334
11286;zone44;4885.424673909578;4209.645754097502;0.0;zone44;S01010299;4;536;404;292;[0.3,0.54,0.16];[0.556701,0.340206,0.103093];[0.458333,0.520833,0.020833];[0.584906,0.283019,0.132075];[0.428571428571,0.0857142857143,0.285714285714,0.2];1;375.0;-0.10827530326;642;24;0.24;0.75;29.14;29.0;63.75;12.75;23.25;9.75;3.27;0.0;1.44;0.47;3.12;0.48000000000000004;3.71;3.75;8.0
11286;zone45;4883.397012115578;4340.414778682246;0.0;zone45;S01010300;21;934;764;478;[0.460784,0.411765,0.127451];[0.664653,0.238671,0.096677];[0.632353,0.323529,0.044118];[0.606383,0.329787,0.06383];[0.3046875,0.125,0.3515625,0.21875];2;513.0;0.0498225801839;684;131;0.23809523809523808;1.1904761904761905;38.97904761904761;40.95238095238095;61.07238095238094;9.619047619047619;21.666666666666668;13.380952380952381;2.803809523809524;0.0;2.727619047619048;0.4971428571428571;2.5142857142857142;0.3828571428571429;1.582857142857143;4.285714285714286;8.047619047619047
11286;zone46;5144.66081966521;4032.769083704074;0.0;zone46;S01010301;6;522;457;283;[0.292683,0.597561,0.109756];[0.57563,0.315126,0.109244];[0.222222,0.703704,0.074074];[0.561798,0.393258,0.044944];[0.214285714286,0.0612244897959,0.459183673469,0.265306122449];4;490.0;0.0232745011966;1720;33;0.22;1.5;29.46666666666667;43.833333333333336;64.02;11.166666666666666;22.5;10.0;6.866666666666667;0.0;1.1066666666666667;0.2866666666666667;3.046666666666667;0.15333333333333335;2.2066666666666666;4.833333333333333;10.666666666666666
11286;zone47;5165.568789180556;4297.038752619699;0.0;zone47;S01010302;24;669;495;388;[0.65625,0.28125,0.0625];[0.6,0.356522,0.043478];[0.716981,0.226415,0.056604];[0.801802,0.18018,0.018018];[0.582417582418,0.0769230769231,0.263736263736,0.0769230769231];1;392.0;-0.0896499889057;1353;115;0.18;1.2916666666666667;52.92666666666665;35.416666666666664;67.57166666666667;10.416666666666666;22.166666666666668;17.916666666666668;3.8783333333333325;0.0;1.485;0.18333333333333335;3.035;0.39999999999999997;2.106666666666666;4.208333333333333;8.041666666666666
11286;zone48;5241.140616766716;4139.402270499609;0.0;zone48;S01010303;33;579;387;250;[0.692308,0.153846,0.153846];[0.56701,0.298969,0.134021];[0.630435,0.282609,0.086957];[0.658879,0.285047,0.056075];[0.58407079646,0.106194690265,0.274336283186,0.0353982300885];1;415.0;-0.0627120940391;1518;165;0.1903030303030303;1.0303030303030303;46.06666666666665;36.42424242424242;66.45212121212123;10.393939393939394;22.666666666666668;15.636363636363637;5.001212121212122;0.0;1.384242424242424;0.4157575757575758;2.643636363636364;0.36;2.344242424242424;3.8181818181818183;8.909090909090908
11286;zone49;4853.647576226233;3833.123065294377;0.0;zone49;S01010304;12;542;456;332;[0.323529,0.514706,0.161765];[0.635135,0.25,0.114865];[0.477273,0.522727,0.0];[0.829268,0.109756,0.060976];[0.372340425532,0.0425531914894,0.297872340426,0.287234042553];1;804.0;0.384523850516;1417;49;0.15666666666666668;0.8333333333333334;51.666666666666664;34.333333333333336;62.87;8.583333333333334;21.583333333333332;17.5;3.8533333333333335;0.0;1.3766666666666667;0.24333333333333332;2.0633333333333335;0.4000000000000001;2.7100000000000004;2.5833333333333335;6.916666666666667
11286;zone50;4697.410406890209;3639.1027396354093;0.0;zone50;S01010305;7;807;694;478;[0.36036,0.468468,0.171171];[0.553191,0.33617,0.110638];[0.409639,0.301205,0.289157];[0.589888,0.337079,0.073034];[0.198529411765,0.0735294117647,0.382352941176,0.345588235294];1;223.0;-0.28282788147;667;41;0.21714285714285714;0.42857142857142855;43.348571428571425;42.142857142857146;60.86285714285714;9.571428571428571;21.428571428571427;15.0;4.011428571428572;0.0;2.0114285714285716;1.942857142857143;1.2914285714285716;0.3142857142857142;2.2342857142857144;1.5714285714285714;8.714285714285714
11286;zone51;4591.3082521834585;3868.367573740388;0.0;zone51;S01010306;13;752;675;449;[0.35625,0.56875,0.075];[0.570588,0.355882,0.073529];[0.283019,0.566038,0.150943];[0.650943,0.330189,0.018868];[0.165680473373,0.0473372781065,0.479289940828,0.307692307692];2;238.0;-0.265781391166;677;48;0.13538461538461538;2.3076923076923075;47.913846153846144;39.15384615384615;69.99692307692308;9.461538461538462;22.307692307692307;16.23076923076923;4.846153846153846;0.0;2.624615384615385;1.7784615384615385;0.7907692307692309;0.20923076923076928;1.566153846153846;8.461538461538462;9.615384615384615
11286;zone52;4503.72067559025;3742.2957906521283;0.0;zone52;S01010307;9;821;732;428;[0.189922,0.577519,0.232558];[0.407407,0.487654,0.104938];[0.346154,0.538462,0.115385];[0.71875,0.234375,0.046875];[0.0681818181818,0.0568181818182,0.375,0.5];5;319.0;-0.172537833795;474;88;0.37333333333333335;1.2222222222222223;39.093333333333334;64.22222222222223;69.88;9.555555555555555;22.88888888888889;13.444444444444445;8.244444444444445;0.0;2.4355555555555557;4.102222222222221;0.9111111111111112;0.21333333333333335;1.8444444444444446;4.333333333333333;15.222222222222221
11286;zone53;4364.519870735056;4047.768725526131;0.0;zone53;S01010308;9;975;858;480;[0.285714,0.54007,0.174216];[0.511936,0.384615,0.103448];[0.254902,0.411765,0.333333];[0.648352,0.307692,0.043956];[0.0970873786408,0.0631067961165,0.359223300971,0.480582524272];4;257.0;-0.244477582955;1255;26;0.1111111111111111;3.4444444444444446;63.773333333333326;28.0;74.4488888888889;8.555555555555555;22.0;22.0;2.715555555555556;0.0;3.1911111111111112;0.8488888888888888;0.2933333333333333;0.1111111111111111;0.7022222222222222;12.222222222222221;6.555555555555555
11286;zone54;5381.88771051669;3636.3205112402793;0.0;zone54;S01010309;4;419;356;264;[0.333333,0.25,0.416667];[0.478873,0.422535,0.098592];[0.352941,0.382353,0.264706];[0.705882,0.24183,0.052288];[0.365853658537,0.170731707317,0.390243902439,0.0731707317073];1;0.0;-0.540229885057;1800;12;0.11;1.0;57.129999999999995;42.0;63.95;7.75;21.5;19.25;3.67;0.0;1.5700000000000003;0.22;2.93;0.33;2.29;3.0;8.0
11286;zone55;5657.373406240428;3625.6586165034923;0.0;zone55;S01010310;13;706;540;381;[0.333333,0.238095,0.428571];[0.565517,0.337931,0.096552];[0.54902,0.27451,0.176471];[0.715415,0.256917,0.027668];[0.484848484848,0.151515151515,0.318181818182,0.0454545454545];1;574.0;0.120406534162;857;37;0.11384615384615385;2.076923076923077;47.193846153846145;28.153846153846153;65.3076923076923;10.153846153846153;22.0;15.692307692307692;1.9076923076923076;0.0;1.2246153846153847;0.7969230769230772;2.113846153846154;0.4030769230769231;1.6123076923076927;7.769230769230769;5.384615384615385
11286;zone56;5685.425126382168;3318.6970593171873;0.0;zone56;S01010311;22;721;556;351;[0.411765,0.352941,0.235294];[0.472222,0.453704,0.074074];[0.571429,0.404762,0.02381];[0.717949,0.271062,0.010989];[0.565217391304,0.121739130435,0.269565217391,0.0434782608696];1;1534.0;1.22364271569;1619;77;0.13272727272727272;1.5454545454545454;51.86727272727273;26.863636363636363;67.58;10.363636363636363;22.545454545454547;17.454545454545453;2.681818181818182;0.0;1.8636363636363633;0.12000000000000001;2.0636363636363635;0.27272727272727276;2.0109090909090908;6.2727272727272725;6.181818181818182
11286;zone57;5466.52613028024;3072.1402274564575;0.0;zone57;S01010312;34;868;647;425;[0.117647,0.823529,0.058824];[0.754386,0.22807,0.017544];[0.407407,0.444444,0.148148];[0.804945,0.153846,0.041209];[0.586956521739,0.115942028986,0.268115942029,0.0289855072464];1;685.0;0.247477927043;1686;97;0.10941176470588235;1.2352941176470589;59.81999999999999;29.352941176470587;69.09411764705882;10.235294117647058;22.441176470588236;20.529411764705884;1.3082352941176472;0.0;2.7717647058823527;0.10470588235294118;2.8823529411764706;0.3529411764705883;2.591764705882353;4.323529411764706;6.617647058823529
11286;zone58;5251.7403530303945;3502.549209042501;0.0;zone58;S01010313;16;654;529;356;[0.428571,0.285714,0.285714];[0.6,0.333333,0.066667];[0.433735,0.481928,0.084337];[0.739623,0.162264,0.098113];[0.648351648352,0.131868131868,0.175824175824,0.043956043956];1;565.0;0.109617915218;2116;52;0.125;0.875;63.255;30.5;71.2175;10.875;23.0;21.75;2.7624999999999997;0.0;2.11;0.21500000000000002;2.7175;0.55;2.57;3.3125;7.4375
11286;zone59;4840.312157862589;3385.4448126102257;0.0;zone59;S01010314;21;1248;1034;550;[0.358209,0.507463,0.134328];[0.514493,0.333333,0.152174];[0.5,0.326923,0.173077];[0.636,0.324,0.04];[0.316901408451,0.133802816901,0.401408450704,0.147887323944];1;637.0;0.192402372167;1211;66;0.11619047619047619;1.7142857142857142;45.542857142857144;30.857142857142858;68.79047619047618;10.476190476190476;22.80952380952381;15.428571428571429;3.817142857142857;0.0;3.426666666666667;0.5561904761904761;1.036190476190476;0.4971428571428572;2.226666666666667;6.761904761904762;8.428571428571429
11286;zone60;4536.293429266749;2504.1273706154316;0.0;zone60;S01010315;43;911;678;409;[0.180723,0.554217,0.26506];[0.252632,0.457895,0.289474];[0.208333,0.5,0.291667];[0.55144,0.345679,0.102881];[0.308176100629,0.169811320755,0.358490566038,0.163522012579];2;382.0;-0.100954860853;1628;207;0.18604651162790697;1.1395348837209303;46.27534883720931;37.325581395348834;69.1879069767442;11.0;22.88372093023256;16.0;3.9906976744186045;0.0;2.9804651162790696;0.0213953488372093;2.985116279069768;0.4260465116279071;2.3730232558139543;4.813953488372093;9.55813953488372
11286;zone61;4589.6619547948285;2943.195659127726;0.0;zone61;S01010316;25;512;414;304;[0.392157,0.529412,0.078431];[0.62931,0.37069,0.0];[0.439024,0.560976,0.0];[0.775401,0.224599,0.0];[0.439252336449,0.102803738318,0.252336448598,0.205607476636];1;481.0;0.0128180141103;1296;124;0.192;1.12;50.284800000000004;35.16;71.30399999999999;11.08;23.32;16.96;3.846399999999999;0.0;4.3168;0.1776;2.5296000000000003;0.48639999999999994;2.2016;4.52;10.4
11286;zone63;4421.5566371748755;3071.026327566895;0.0;zone63;S01010318;12;1588;1497;304;[0.5,0.456522,0.043478];[0.469799,0.47651,0.053691];[0.310345,0.37931,0.310345];[0.678571,0.285714,0.035714];[0.36,0.14,0.34,0.16];3;317.0;-0.175110645645;1150;50;0.16333333333333333;2.0;53.17666666666667;31.833333333333332;68.40333333333332;9.166666666666666;21.583333333333332;18.166666666666668;4.05;0.0;3.1166666666666667;0.6133333333333334;0.7800000000000001;0.3333333333333333;1.7033333333333331;7.083333333333333;8.0
11286;zone64;4173.240913470097;2893.8040771744095;0.0;zone64;S01010319;9;711;624;407;[0.258741,0.608392,0.132867];[0.383399,0.486166,0.130435];[0.439394,0.212121,0.348485];[0.530769,0.384615,0.084615];[0.171974522293,0.0700636942675,0.471337579618,0.286624203822];2;473.0;0.00423719084943;1504;30;0.1288888888888889;2.0;50.39555555555556;28.22222222222222;72.16;11.0;22.77777777777778;17.22222222222222;4.013333333333334;0.0;1.8711111111111112;0.07555555555555554;1.4755555555555553;0.3644444444444444;1.5244444444444445;10.0;6.888888888888889
11286;zone65;3940.1918462749595;2900.8899784533987;0.0;zone65;S01010320;4;675;594;437;[0.257813,0.523438,0.21875];[0.61753,0.298805,0.083665];[0.526316,0.22807,0.245614];[0.805085,0.169492,0.025424];[0.172185430464,0.0662251655629,0.443708609272,0.317880794702];1;646.0;0.202453315259;1176;17;0.17;0.5;36.9;42.0;55.7;9.25;21.0;12.0;3.74;0.0;2.05;0.35000000000000003;2.19;0.15999999999999998;2.08;1.5;8.0
11286;zone66;3905.8658739096163;2664.6669636212755;0.0;zone66;S01010321;7;837;634;432;[0.401709,0.555556,0.042735];[0.54717,0.433962,0.018868];[0.45122,0.439024,0.109756];[0.666667,0.271186,0.062147];[0.212328767123,0.0958904109589,0.390410958904,0.301369863014];1;1019.0;0.631764531736;1853;28;0.15428571428571428;1.0;43.69714285714286;33.285714285714285;65.13142857142859;10.857142857142858;22.571428571428573;14.571428571428571;4.371428571428572;0.0;2.3885714285714283;0.17142857142857146;1.8685714285714283;0.3942857142857143;2.8000000000000003;3.4285714285714284;8.571428571428571
11286;zone67;3630.3978644730896;3132.1651121578075;0.0;zone67;S01010322;9;1028;914;549;[0.174419,0.549419,0.276163];[0.412399,0.471698,0.115903];[0.298507,0.38806,0.313433];[0.647059,0.323529,0.029412];[0.057268722467,0.0352422907489,0.449339207048,0.458149779736];5;124.0;-0.397569575369;1278;81;0.3511111111111111;0.8888888888888888;41.25777777777778;71.55555555555556;72.55555555555557;10.0;23.11111111111111;13.555555555555555;5.711111111111111;0.0;5.826666666666667;1.0044444444444443;5.52;0.1377777777777778;2.111111111111111;3.7777777777777777;17.555555555555557
11286;zone68;6208.193116766784;3072.425066795916;0.0;zone68;S01010323;4;603;466;377;[0.555556,0.444444,0.0];[0.657143,0.271429,0.071429];[0.642857,0.321429,0.035714];[0.793651,0.166667,0.039683];[0.578431372549,0.166666666667,0.235294117647,0.0196078431373];1;970.0;0.57559463238;781;12;0.12;1.5;36.58;29.75;71.66;13.5;24.5;12.25;6.970000000000001;0.0;1.36;0.0;1.99;0.4;2.9299999999999997;6.25;10.0
11286;zone69;6517.651722029823;2240.572579661372;0.0;zone69;S01010324;6;759;566;403;[0.142857,0.571429,0.285714];[0.298077,0.490385,0.211538];[0.333333,0.530864,0.135802];[0.401674,0.414226,0.1841];[0.569620253165,0.101265822785,0.291139240506,0.0379746835443];1;407.0;-0.0721601679586;897;17;0.10666666666666667;1.3333333333333333;31.94666666666667;31.666666666666668;65.52;13.5;23.833333333333332;10.5;1.28;0.0;1.8266666666666664;0.0;5.5;1.0;2.68;3.6666666666666665;8.333333333333334
11286;zone70;6038.016041009105;2402.8415869980217;0.0;zone70;S01010325;18;939;666;501;[0.263158,0.368421,0.368421];[0.383838,0.525253,0.090909];[0.253623,0.615942,0.130435];[0.451362,0.463035,0.085603];[0.545454545455,0.238636363636,0.193181818182,0.0227272727273];1;225.0;-0.281126582053;1635;68;0.14222222222222222;1.3888888888888888;43.44888888888889;29.77777777777778;68.3488888888889;12.0;23.61111111111111;14.61111111111111;2.2933333333333334;0.0;1.1155555555555556;0.0;4.815555555555555;0.3377777777777778;2.2911111111111104;5.5;7.666666666666667
11286;zone71;5272.359331052501;2740.775131541117;0.0;zone71;S01010326;39;987;707;494;[0.526316,0.368421,0.105263];[0.522523,0.333333,0.144144];[0.492188,0.3125,0.195313];[0.723514,0.224806,0.05168];[0.54375,0.16875,0.23125,0.05625];1;1389.0;1.05701743376;1027;143;0.13538461538461538;1.3846153846153846;50.9948717948718;31.307692307692307;66.81641025641024;9.871794871794872;22.025641025641026;17.58974358974359;1.5651282051282054;0.0;5.012307692307692;0.00512820512820513;1.3005128205128202;0.33538461538461545;1.9948717948717951;5.384615384615385;7.384615384615385
11286;zone72;4970.167032608406;2501.795090448298;0.0;zone72;S01010327;34;982;660;362;[0.031746,0.507937,0.460317];[0.372881,0.432203,0.194915];[0.289063,0.328125,0.382813];[0.516892,0.347973,0.135135];[0.416184971098,0.21387283237,0.236994219653,0.132947976879];1;470.0;0.000335688704598;990;132;0.14588235294117646;1.2941176470588236;43.149411764705896;32.411764705882355;64.00823529411767;9.676470588235293;21.794117647058822;14.647058823529411;1.8352941176470587;0.0;5.991764705882353;0.02235294117647059;1.0811764705882354;0.37999999999999995;2.101176470588235;4.705882352941177;8.441176470588236
11286;zone73;5975.307390960257;2677.5485166167286;0.0;zone73;S01010328;24;969;706;445;[0.16129,0.5,0.33871];[0.27044,0.471698,0.257862];[0.192547,0.434783,0.372671];[0.338983,0.432203,0.228814];[0.309352517986,0.258992805755,0.280575539568,0.151079136691];2;457.0;-0.0138550124678;2046;107;0.16833333333333333;1.4166666666666667;32.04;33.208333333333336;62.12500000000001;10.75;22.708333333333332;10.666666666666666;3.0399999999999996;0.0;2.2399999999999998;0.0;3.1899999999999995;0.3666666666666667;2.143333333333333;5.333333333333333;7.958333333333333
