cycle;name;location.x;location.y;location.z;name;dataZone;nm_children;pop;over16;nm_hh;AB_car_prob;C1_car_prob;C2_car_prob;DE_car_prob;prob_social;simd;crimeRate;norm_crime;avg_dis_sh;neigh_play;daily_play_per_child;avg_FSA;avg_walk;daily_OD;zone_mvpa;mvpa_home;mvpa_sc;mvpa_road;mvpa_play_field;mvpa_home_garden;mvpa_park;mvpa_PG;mvpa_amenity;mvpa_shops;mvpa_F_home;mvpa_fsa;mvpa_OD
11286;zone0;8448.90275962388;2625.4515469546564;0.0;zone0;S01010195;19;531;390;212;[0.0,0.481481,0.518519];[0.261538,0.646154,0.092308];[0.12,0.59,0.29];[0.447368,0.368421,0.184211];[0.418918918919,0.283783783784,0.202702702703,0.0945945945946];1;0.0;-0.540229885057;999;76;0.15368421052631578;1.4210526315789473;36.44842105263158;30.31578947368421;64.09684210526314;10.947368421052632;22.894736842105264;12.368421052631579;1.0905263157894733;0.0;3.9452631578947375;0.01052631578947368;2.9178947368421047;0.41894736842105273;2.5663157894736845;5.105263157894737;7.526315789473684
11286;zone1;8656.736904000718;2165.9902346445633;0.0;zone1;S01010198;18;1027;748;394;[0.058824,0.529412,0.411765];[0.305785,0.561983,0.132231];[0.219858,0.496454,0.283688];[0.523179,0.331126,0.145695];[0.48623853211,0.229357798165,0.266055045872,0.0183486238532];1;1609.0;1.3102524676;1283;53;0.10666666666666667;1.3333333333333333;39.06888888888888;28.72222222222222;66.11333333333334;11.61111111111111;23.5;13.166666666666666;1.517777777777778;0.0;3.0977777777777775;0.11555555555555556;3.0;0.28222222222222226;2.3244444444444445;5.5;7.222222222222222
11286;zone2;8537.588755655543;3024.028900129281;0.0;zone2;S01010201;22;643;453;253;[0.0,0.47619,0.52381];[0.270833,0.3125,0.416667];[0.088,0.48,0.432];[0.296552,0.434483,0.268966];[0.365853658537,0.292682926829,0.292682926829,0.0487804878049];2;219.0;-0.28762447053;792;76;0.13818181818181818;1.5454545454545454;33.02;35.86363636363637;67.46727272727273;11.590909090909092;23.545454545454547;10.954545454545455;1.8745454545454547;0.0;4.7272727272727275;0.04545454545454546;3.9000000000000012;0.32000000000000006;2.181818181818182;6.454545454545454;10.090909090909092
11286;zone3;8059.42097232239;3767.666522351409;0.0;zone3;S01010203;30;671;504;260;[0.090909,0.363636,0.545455];[0.263804,0.460123,0.276074];[0.094828,0.422414,0.482759];[0.183824,0.375,0.441176];[0.272727272727,0.218181818182,0.363636363636,0.145454545455];3;215.0;-0.292668818285;1953;133;0.172;1.6333333333333333;44.388000000000005;33.0;66.49866666666667;10.166666666666666;22.666666666666668;15.3;1.8786666666666672;0.0;3.0733333333333333;0.0;3.133333333333333;0.2973333333333334;1.6586666666666672;6.6;7.6
11286;zone4;8368.288440296214;3565.498290652094;0.0;zone4;S01010204;30;800;589;381;[0.272727,0.727273,0.0];[0.627451,0.27451,0.098039];[0.444444,0.533333,0.022222];[0.600619,0.321981,0.077399];[0.595041322314,0.157024793388,0.239669421488,0.00826446280992];1;497.0;0.0317745673598;1109;107;0.13333333333333333;1.5666666666666667;45.596000000000004;32.233333333333334;66.60666666666667;10.3;22.433333333333334;15.6;1.214666666666667;0.0;2.696;0.05333333333333334;3.8053333333333343;0.384;2.034666666666667;6.333333333333333;7.233333333333333
11286;zone5;8034.229745798958;3515.110462853287;0.0;zone5;S01010205;15;658;534;355;[0.411765,0.117647,0.470588];[0.465116,0.457364,0.077519];[0.317757,0.588785,0.093458];[0.593458,0.280374,0.126168];[0.466666666667,0.2,0.3,0.0333333333333];1;925.0;0.523434132086;1426;49;0.12;0.9333333333333333;47.751999999999995;30.8;62.79466666666666;9.866666666666667;21.933333333333334;16.066666666666666;2.0559999999999996;0.0;2.6240000000000006;0.0;2.6186666666666674;0.5093333333333334;2.450666666666666;2.933333333333333;6.866666666666666
11286;zone6;7457.064719570519;3739.055375726369;0.0;zone6;S01010208;18;903;745;565;[0.30137,0.589041,0.109589];[0.48062,0.457364,0.062016];[0.272727,0.613636,0.113636];[0.66055,0.270642,0.068807];[0.233333333333,0.133333333333,0.461111111111,0.172222222222];1;603.0;0.153385979085;1406;51;0.10888888888888888;1.3888888888888888;51.99555555555556;31.77777777777778;74.52000000000001;12.0;24.055555555555557;17.77777777777778;2.12;0.0;2.602222222222222;0.0;4.388888888888889;0.5177777777777779;2.3444444444444446;6.833333333333333;8.666666666666666
11286;zone7;7917.838214725937;1939.334458859395;0.0;zone7;S01010209;24;966;677;468;[0.172414,0.586207,0.241379];[0.333333,0.414966,0.251701];[0.381944,0.458333,0.159722];[0.545852,0.336245,0.117904];[0.337931034483,0.248275862069,0.303448275862,0.110344827586];1;2053.0;1.82052250092;1799;71;0.11666666666666667;1.625;53.01000000000001;25.125;68.80499999999999;10.833333333333334;22.833333333333332;18.25;0.6283333333333333;0.0;2.955;0.0;2.7000000000000006;0.38166666666666665;2.1783333333333332;6.208333333333333;5.791666666666667
11286;zone8;7878.406567747077;2721.2634132011362;0.0;zone8;S01010210;18;885;641;416;[0.173913,0.456522,0.369565];[0.21519,0.5,0.28481];[0.189781,0.386861,0.423358];[0.422111,0.442211,0.135678];[0.394736842105,0.236842105263,0.254385964912,0.114035087719];1;344.0;-0.144253829852;955;71;0.1511111111111111;0.8888888888888888;33.78666666666666;30.555555555555557;62.926666666666655;12.166666666666666;23.22222222222222;11.11111111111111;2.2733333333333334;0.0;2.855555555555556;0.0;3.175555555555555;0.6555555555555556;2.097777777777778;3.7777777777777777;7.666666666666667
11286;zone9;7785.599648345685;3201.783800714137;0.0;zone9;S01010211;22;858;634;452;[0.147059,0.705882,0.147059];[0.384615,0.452991,0.162393];[0.469565,0.4,0.130435];[0.722656,0.226563,0.050781];[0.473214285714,0.169642857143,0.285714285714,0.0714285714286];1;430.0;-0.0456985893816;1022;79;0.14;1.9545454545454546;43.150909090909096;30.318181818181817;61.46363636363637;9.136363636363637;21.272727272727273;14.318181818181818;1.5363636363636366;0.0;2.690909090909091;0.0;2.5727272727272728;0.3018181818181818;1.4636363636363638;6.2727272727272725;6.318181818181818
11286;zone10;7580.688680869333;3097.127786881416;0.0;zone10;S01010212;49;1083;779;559;[0.233333,0.633333,0.133333];[0.594771,0.339869,0.065359];[0.465517,0.405172,0.12931];[0.712821,0.269231,0.017949];[0.566037735849,0.138364779874,0.22641509434,0.0691823899371];1;1473.0;1.15298517036;1147;217;0.1730612244897959;1.183673469387755;44.80653061224489;35.36734693877551;66.87510204081634;10.673469387755102;22.693877551020407;15.285714285714286;2.0195918367346946;0.0;3.6326530612244894;0.0;3.7142857142857135;0.3608163265306123;2.495510204081633;4.183673469387755;8.857142857142858
11286;zone11;8065.177293237223;3111.5884965344962;0.0;zone11;S01010213;13;924;657;476;[0.105263,0.684211,0.210526];[0.382609,0.547826,0.069565];[0.218543,0.556291,0.225166];[0.467925,0.483019,0.049057];[0.451327433628,0.221238938053,0.274336283186,0.0530973451327];1;247.0;-0.255840453357;1115;48;0.1476923076923077;0.7692307692307693;36.987692307692306;29.692307692307693;57.347692307692306;10.384615384615385;21.76923076923077;12.538461538461538;1.1815384615384616;0.0;2.8123076923076926;0.0;2.4215384615384616;0.3261538461538462;2.1046153846153848;2.3846153846153846;6.076923076923077
11286;zone12;7144.994858230166;1947.4125453867302;0.0;zone12;S01010214;27;967;717;396;[0.098592,0.28169,0.619718];[0.197531,0.438272,0.364198];[0.173333,0.493333,0.333333];[0.237069,0.487069,0.275862];[0.361344537815,0.210084033613,0.310924369748,0.117647058824];3;176.0;-0.337854473183;1935;98;0.13925925925925925;1.9259259259259258;40.16296296296297;30.185185185185187;71.52444444444444;12.185185185185185;24.333333333333332;13.62962962962963;1.642962962962963;0.0;2.6829629629629634;0.0;4.048888888888889;0.38962962962962955;2.051851851851852;8.851851851851851;7.814814814814815
11286;zone13;7013.590150664996;2618.495528189446;0.0;zone13;S01010215;24;850;608;492;[0.571429,0.285714,0.142857];[0.5,0.431373,0.068627];[0.382609,0.391304,0.226087];[0.678571,0.269841,0.051587];[0.467289719626,0.140186915888,0.345794392523,0.0467289719626];1;547.0;0.0886083430805;750;96;0.15;0.9583333333333334;41.638333333333335;37.333333333333336;65.15333333333332;10.75;23.208333333333332;14.125;1.9433333333333336;0.0;2.943333333333333;0.0;4.385000000000001;0.3233333333333333;2.766666666666666;3.125;8.791666666666666
11286;zone14;7332.222205807836;2329.961970144465;0.0;zone14;S01010216;15;621;464;361;[0.6,0.4,0.0];[0.597701,0.356322,0.045977];[0.409091,0.439394,0.151515];[0.709544,0.273859,0.016598];[0.5,0.163265306122,0.265306122449,0.0714285714286];1;600.0;0.150092344085;1315;46;0.11466666666666667;1.6666666666666667;53.64266666666667;27.866666666666667;70.58133333333332;10.8;23.133333333333333;18.266666666666666;1.1920000000000002;0.0;3.6586666666666674;0.0;2.3786666666666667;0.33866666666666667;2.1093333333333333;7.0;6.6
11286;zone15;7299.833172322251;2625.8610945736937;0.0;zone15;S01010217;33;817;598;406;[0.16129,0.516129,0.322581];[0.565517,0.4,0.034483];[0.5,0.431373,0.068627];[0.702703,0.283784,0.013514];[0.541935483871,0.0967741935484,0.296774193548,0.0645161290323];1;1060.0;0.679274950851;988;127;0.1478787878787879;1.5454545454545454;45.80727272727273;32.333333333333336;68.89575757575757;10.969696969696969;23.151515151515152;15.575757575757576;1.541818181818182;0.0;3.265454545454546;0.0;3.522424242424243;0.33333333333333326;2.0315151515151517;6.7272727272727275;7.96969696969697
11286;zone16;7142.953643082513;3018.5401822929393;0.0;zone16;S01010218;31;1018;790;587;[0.425532,0.404255,0.170213];[0.392523,0.453271,0.154206];[0.358209,0.492537,0.149254];[0.589124,0.335347,0.075529];[0.424657534247,0.109589041096,0.369863013699,0.0958904109589];1;557.0;0.101026678737;499;127;0.16;1.0;34.76516129032258;36.29032258064516;62.939354838709676;10.96774193548387;23.032258064516128;11.612903225806452;1.6761290322580646;0.0;2.3574193548387097;0.0;5.002580645161291;0.4387096774193549;2.5716129032258066;3.4193548387096775;8.516129032258064
11286;zone17;6738.8937706128745;4298.8917997019325;0.0;zone17;S01010219;21;503;382;274;[0.695652,0.304348,0.0];[0.758621,0.215517,0.025862];[0.761905,0.166667,0.071429];[0.781609,0.195402,0.022989];[0.41935483871,0.0752688172043,0.408602150538,0.0967741935484];2;184.0;-0.327838932938;1368;89;0.1657142857142857;1.4285714285714286;61.13333333333333;34.04761904761905;71.78095238095239;10.238095238095237;22.523809523809526;20.80952380952381;2.3676190476190473;0.0;4.3999999999999995;0.01523809523809524;2.1104761904761906;0.2533333333333334;2.129523809523809;5.238095238095238;8.380952380952381
11286;zone18;5915.780765415368;4211.222876105162;0.0;zone18;S01010220;7;476;433;279;[0.181159,0.608696,0.210145];[0.404255,0.531915,0.06383];[0.227273,0.704545,0.068182];[0.448276,0.482759,0.068966];[0.154545454545,0.0636363636364,0.318181818182,0.463636363636];5;267.0;-0.232306706325;1260;37;0.2057142857142857;2.0;43.23428571428571;37.142857142857146;71.50285714285715;11.142857142857142;23.285714285714285;14.714285714285714;3.9885714285714284;0.0;4.857142857142857;0.17142857142857146;1.3257142857142856;0.24;1.3485714285714285;8.714285714285714;9.857142857142858
11286;zone19;6341.0811208317455;3913.8398648988496;0.0;zone19;S01010221;13;546;394;260;[0.6,0.4,0.0];[0.557377,0.409836,0.032787];[0.538462,0.323077,0.138462];[0.699387,0.257669,0.042945];[0.609375,0.140625,0.203125,0.046875];1;635.0;0.19005459739;1327;38;0.11692307692307692;1.3076923076923077;58.16615384615385;31.692307692307693;72.84307692307692;10.923076923076923;23.153846153846153;19.923076923076923;4.236923076923077;0.0;2.886153846153846;0.0;1.5415384615384615;0.483076923076923;2.3876923076923076;5.6923076923076925;8.23076923076923
11286;zone20;7001.213463613622;4053.9957950241624;0.0;zone20;S01010222;15;492;414;285;[0.142857,0.5,0.357143];[0.432432,0.459459,0.108108];[0.348624,0.522936,0.12844];[0.747899,0.235294,0.016807];[0.345238095238,0.214285714286,0.309523809524,0.130952380952];1;377.0;-0.105830277325;1688;40;0.10133333333333333;2.0;48.35466666666668;28.133333333333333;68.608;10.066666666666666;22.533333333333335;16.333333333333332;2.2640000000000002;0.0;2.7173333333333334;0.0;2.048;0.2826666666666667;2.2666666666666666;8.066666666666666;6.533333333333333
11286;zone21;6986.8418912765155;3434.1450308482026;0.0;zone21;S01010223;4;556;462;337;[0.076923,0.538462,0.384615];[0.567797,0.330508,0.101695];[0.472222,0.444444,0.083333];[0.584699,0.36612,0.04918];[0.432432432432,0.162162162162,0.324324324324,0.0810810810811];1;439.0;-0.0353356041414;1659;11;0.1;1.25;27.119999999999997;22.75;66.66;13.5;25.0;9.25;2.9;0.0;0.68;0.0;3.29;0.38;3.3200000000000003;7.0;6.5
11286;zone22;6247.397837456437;3329.661273309237;0.0;zone22;S01010224;40;1036;727;469;[0.405405,0.540541,0.054054];[0.592593,0.274074,0.133333];[0.418803,0.504274,0.076923];[0.768421,0.202632,0.028947];[0.506097560976,0.140243902439,0.268292682927,0.0853658536585];1;1004.0;0.614259332793;866;117;0.112;1.025;39.73100000000001;24.2;62.909000000000006;11.125;22.825;13.35;3.687999999999999;0.0;1.6619999999999997;0.082;1.2630000000000001;0.3809999999999999;2.497;4.25;6.25
11286;zone23;7827.985844039554;4105.4701191949;0.0;zone23;S01010225;33;812;636;431;[0.25,0.634615,0.115385];[0.469072,0.43299,0.097938];[0.54023,0.413793,0.045977];[0.672065,0.234818,0.093117];[0.385185185185,0.125925925926,0.325925925926,0.162962962963];1;1006.0;0.616572011517;1497;112;0.13575757575757577;1.7878787878787878;52.49212121212122;25.78787878787879;72.29333333333335;11.666666666666666;23.545454545454547;17.939393939393938;2.0581818181818186;0.0;2.852121212121212;0.02303030303030303;2.5212121212121223;0.38303030303030305;2.0775757575757576;7.575757575757576;6.9393939393939394
11286;zone24;7040.363001382077;4481.052780471187;0.0;zone24;S01010226;40;816;565;394;[0.454545,0.242424,0.30303];[0.715385,0.2,0.084615];[0.540541,0.405405,0.054054];[0.766917,0.18797,0.045113];[0.503355704698,0.201342281879,0.221476510067,0.0738255033557];2;422.0;-0.0548014077425;953;234;0.224;1.475;46.17100000000001;41.575;70.28099999999999;10.15;22.9;15.75;5.260999999999999;0.0;4.508;0.08700000000000001;2.0430000000000006;0.29500000000000004;2.172;5.325;11.45
11286;zone25;6847.772309074456;4638.663588163389;0.0;zone25;S01010227;39;692;454;294;[0.413793,0.413793,0.172414];[0.704545,0.238636,0.056818];[0.654545,0.345455,0.0];[0.810606,0.159091,0.030303];[0.672268907563,0.0924369747899,0.159663865546,0.0756302521008];4;0.0;-0.540229885057;1084;310;0.30256410256410254;1.1794871794871795;49.53435897435899;54.15384615384615;76.99897435897437;10.564102564102564;23.17948717948718;17.025641025641026;4.081025641025642;0.0;10.42153846153846;0.06153846153846155;2.6512820512820516;0.41230769230769226;2.105641025641025;4.846153846153846;16.743589743589745
11286;zone26;8241.816993110848;4572.457656401622;0.0;zone26;S01010229;30;1016;787;508;[0.1,0.625,0.275];[0.350877,0.350877,0.298246];[0.348315,0.477528,0.174157];[0.565217,0.310559,0.124224];[0.420731707317,0.213414634146,0.292682926829,0.0731707317073];1;395.0;-0.0859445809966;1286;84;0.108;1.3666666666666667;46.10266666666666;23.866666666666667;69.51866666666665;12.333333333333334;24.166666666666668;15.7;2.2666666666666666;0.0;2.510666666666667;0.01866666666666667;2.1506666666666665;0.3506666666666666;2.026666666666667;6.4;6.5
11286;zone27;7458.320056766788;4680.341251240345;0.0;zone27;S01010230;24;1005;772;577;[0.314286,0.628571,0.057143];[0.703883,0.296117,0.0];[0.727273,0.218182,0.054545];[0.71831,0.24507,0.03662];[0.517857142857,0.136904761905,0.267857142857,0.077380952381];1;846.0;0.433218203459;1133;87;0.14166666666666666;1.4583333333333333;44.42666666666667;31.208333333333332;66.55833333333334;10.5;22.75;14.916666666666666;1.9166666666666672;0.0;4.298333333333333;0.03666666666666667;1.9583333333333328;0.3516666666666666;2.336666666666667;5.75;7.791666666666667
11286;zone28;7569.802990100143;4917.458811240416;0.0;zone28;S01010232;37;1074;792;485;[0.457143,0.485714,0.057143];[0.557292,0.338542,0.104167];[0.492063,0.333333,0.174603];[0.654229,0.251244,0.094527];[0.470297029703,0.153465346535,0.306930693069,0.0693069306931];1;771.0;0.347049794199;1003;126;0.12972972972972974;1.2432432432432432;43.18594594594595;28.62162162162162;63.347027027027046;10.45945945945946;22.243243243243242;14.756756756756756;1.548108108108108;0.0;3.1297297297297297;0.01513513513513514;2.3416216216216212;0.40648648648648644;2.1556756756756754;4.8108108108108105;6.54054054054054
11286;zone29;7830.713068379679;4879.746446724283;0.0;zone29;S01010233;33;970;705;476;[0.275,0.625,0.1];[0.655629,0.245033,0.099338];[0.52809,0.426966,0.044944];[0.771505,0.212366,0.016129];[0.587209302326,0.093023255814,0.261627906977,0.0581395348837];1;284.0;-0.213781821634;1123;107;0.12242424242424242;1.7575757575757576;54.970909090909096;32.36363636363637;72.44;11.0;23.060606060606062;18.696969696969695;1.778181818181818;0.0;2.5672727272727274;0.09333333333333334;3.798787878787878;0.33939393939393925;2.053333333333334;7.212121212121212;7.757575757575758
11286;zone30;6473.383843181837;4954.519765957263;0.0;zone30;S01010261;6;2551;2373;526;[0.666667,0.270833,0.0625];[0.675841,0.281346,0.042813];[0.75,0.25,0.0];[0.824468,0.164894,0.010638];[0.41,0.06,0.41,0.12];3;176.0;-0.337679921334;1921;14;0.09333333333333334;1.8333333333333333;70.50666666666666;30.5;76.0;10.5;22.666666666666668;24.833333333333332;2.5533333333333332;0.0;1.6933333333333334;0.0;2.926666666666667;0.5066666666666667;1.4866666666666666;6.833333333333333;6.666666666666667
11286;zone31;4930.642193689802;4959.449818932565;0.0;zone31;S01010266;3;555;474;237;[0.320755,0.556604,0.122642];[0.677273,0.254545,0.068182];[0.5,0.461538,0.038462];[0.534247,0.30137,0.164384];[0.141176470588,0.0588235294118,0.4,0.4];3;536.0;0.0761386922126;1105;12;0.16;1.0;40.720000000000006;43.0;57.53333333333334;8.666666666666666;20.666666666666668;13.666666666666666;1.1066666666666667;0.0;1.1199999999999999;0.9600000000000001;3.626666666666667;0.44;1.8533333333333335;3.3333333333333335;6.333333333333333
11286;zone32;5712.5549897826;4979.400336637217;0.0;zone32;S01010270;4;1153;972;817;[0.389831,0.533898,0.076271];[0.70255,0.252125,0.045326];[0.714286,0.272727,0.012987];[0.771552,0.228448,0.0];[0.125,0.0909090909091,0.454545454545,0.329545454545];1;871.0;0.461200629557;1781;8;0.08;1.0;66.25;26.5;72.60000000000001;11.0;23.5;23.75;2.1;0.0;0.65;0.33;2.82;0.3;3.12;3.25;5.5
11286;zone33;3394.0723536088512;4934.677182292946;0.0;zone33;S01010282;13;976;841;645;[0.438776,0.520408,0.040816];[0.545732,0.405488,0.04878];[0.521277,0.382979,0.095745];[0.712707,0.232044,0.055249];[0.190954773869,0.070351758794,0.35175879397,0.386934673367];2;350.0;-0.137812028107;1368;34;0.09846153846153846;1.6153846153846154;50.550769230769234;33.23076923076923;71.72;11.153846153846153;22.923076923076923;17.23076923076923;1.0123076923076924;0.0;6.876923076923077;0.26153846153846155;1.329230769230769;0.17846153846153845;2.04;6.769230769230769;8.923076923076923
11286;zone34;4385.789287498423;4835.237486850067;0.0;zone34;S01010289;15;771;687;380;[0.130952,0.511905,0.357143];[0.262911,0.502347,0.234742];[0.178571,0.464286,0.357143];[0.410256,0.435897,0.153846];[0.058064516129,0.0322580645161,0.245161290323,0.664516129032];5;259.0;-0.241396294863;1294;97;0.248;1.8666666666666667;46.176;52.53333333333333;68.61333333333333;8.866666666666667;21.666666666666668;16.066666666666666;2.2666666666666666;0.0;5.786666666666665;1.3626666666666667;2.917333333333333;0.24533333333333335;1.5439999999999998;6.2;11.933333333333334
11286;zone35;4401.5375624188455;4669.062022109911;0.0;zone35;S01010290;13;546;485;278;[0.198198,0.603604,0.198198];[0.485944,0.449799,0.064257];[0.555556,0.444444,0.0];[0.435897,0.512821,0.051282];[0.10752688172,0.0430107526882,0.494623655914,0.354838709677];3;353.0;-0.133686757747;1082;82;0.24615384615384617;1.6923076923076923;47.48615384615385;45.92307692307692;72.80923076923077;10.461538461538462;23.0;16.153846153846153;2.4153846153846152;0.0;6.418461538461538;0.4523076923076923;2.8892307692307693;0.3046153846153846;2.0;6.923076923076923;11.846153846153847
11286;zone36;4119.983651650423;4281.100418217042;0.0;zone36;S01010291;12;1075;975;481;[0.405594,0.447552,0.146853];[0.627907,0.277132,0.094961];[0.415094,0.433962,0.150943];[0.562963,0.325926,0.111111];[0.197080291971,0.0729927007299,0.445255474453,0.284671532847];3;438.0;-0.0363924713322;1139;56;0.18;1.3333333333333333;44.03333333333333;43.583333333333336;69.11000000000001;10.333333333333334;22.25;14.916666666666666;2.75;0.0;7.153333333333333;0.65;1.66;0.38000000000000006;1.8333333333333337;5.333333333333333;11.75
11286;zone37;4399.731076226201;4291.6703625917;0.0;zone37;S01010292;10;890;831;409;[0.348214,0.508929,0.142857];[0.477169,0.420091,0.10274];[0.339286,0.446429,0.214286];[0.55814,0.383721,0.05814];[0.128378378378,0.0540540540541,0.398648648649,0.418918918919];4;323.0;-0.168488563048;1367;54;0.208;1.6;50.275999999999996;43.1;76.76400000000001;10.8;23.9;16.8;5.779999999999999;0.0;6.0040000000000004;0.45199999999999996;1.6800000000000002;0.27999999999999997;1.656;7.4;13.5
11286;zone38;4514.690807242894;4541.15458266895;0.0;zone38;S01010293;16;839;723;373;[0.51773,0.35461,0.12766];[0.635389,0.262735,0.101877];[0.446809,0.319149,0.234043];[0.514286,0.392857,0.092857];[0.242424242424,0.0606060606061,0.393939393939,0.30303030303];3;290.0;-0.205814991507;1156;114;0.2775;1.0;46.49;54.125;67.855;9.125;22.0;16.0;3.4175;0.0;5.594999999999999;0.8699999999999999;3.2549999999999994;0.31500000000000006;2.1174999999999997;3.5625;12.625
11286;zone39;4541.7482834333705;4418.565122351524;0.0;zone39;S01010294;13;690;631;275;[0.242105,0.526316,0.231579];[0.650873,0.214464,0.134663];[0.583333,0.208333,0.208333];[0.414894,0.489362,0.095745];[0.164835164835,0.043956043956,0.494505494505,0.296703296703];4;440.0;-0.0342259463805;880;87;0.25846153846153846;1.3076923076923077;44.104615384615386;49.76923076923077;73.53846153846153;11.461538461538462;23.53846153846154;15.0;4.843076923076922;0.0;3.710769230769231;0.35076923076923083;4.298461538461538;0.34769230769230774;1.6369230769230767;6.769230769230769;12.692307692307692
11286;zone40;4766.8646917667475;4574.50133624035;0.0;zone40;S01010295;18;974;870;427;[0.384615,0.391026,0.224359];[0.604555,0.310559,0.084886];[0.428571,0.285714,0.285714];[0.390728,0.516556,0.092715];[0.212765957447,0.113475177305,0.297872340426,0.375886524823];4;529.0;0.0680145754747;1022;104;0.22444444444444445;2.0555555555555554;44.84222222222222;43.72222222222222;70.52888888888889;10.055555555555555;22.333333333333332;15.11111111111111;2.9844444444444447;0.0;5.737777777777778;0.3800000000000001;2.037777777777778;0.22;1.557777777777778;8.277777777777779;10.722222222222221
11286;zone41;4647.752341766679;4736.091736240359;0.0;zone41;S01010296;16;664;560;291;[0.294118,0.423529,0.282353];[0.520913,0.368821,0.110266];[0.375,0.375,0.25];[0.475524,0.391608,0.132867];[0.282828282828,0.111111111111,0.363636363636,0.242424242424];2;856.0;0.444094443477;1187;100;0.24;1.4375;41.347500000000004;48.8125;67.11500000000002;10.125;22.4375;14.125;2.95;0.0;4.23;0.7600000000000001;3.4425;0.3250000000000001;1.3674999999999997;5.5625;10.9375
11286;zone42;5522.849421766708;4411.996091240393;0.0;zone42;S01010297;7;1066;894;676;[0.582609,0.382609,0.034783];[0.691824,0.245283,0.062893];[0.540541,0.333333,0.126126];[0.681275,0.270916,0.047809];[0.260563380282,0.140845070423,0.37323943662,0.225352112676];1;504.0;0.0391758595379;946;24;0.12571428571428572;1.4285714285714286;35.114285714285714;25.142857142857142;66.98285714285714;13.285714285714286;24.285714285714285;11.142857142857142;2.5142857142857147;0.0;1.3771428571428572;0.3885714285714286;3.1142857142857143;0.45142857142857146;2.051428571428571;6.285714285714286;6.857142857142857
11286;zone43;4706.481893689814;4143.807995855712;0.0;zone43;S01010298;12;880;677;515;[0.308943,0.479675,0.211382];[0.581395,0.356589,0.062016];[0.539683,0.396825,0.063492];[0.744828,0.193103,0.062069];[0.227272727273,0.0984848484848,0.371212121212,0.30303030303];1;486.0;0.0190902878356;1065;48;0.15;1.6666666666666667;48.31666666666666;30.833333333333332;62.029999999999994;8.916666666666666;21.333333333333332;16.0;2.51;0.0;1.7733333333333334;0.3666666666666667;2.0100000000000002;0.43333333333333335;1.6533333333333335;5.25;6.166666666666667
11286;zone44;4885.424673909578;4209.645754097502;0.0;zone44;S01010299;4;536;404;292;[0.3,0.54,0.16];[0.556701,0.340206,0.103093];[0.458333,0.520833,0.020833];[0.584906,0.283019,0.132075];[0.428571428571,0.0857142857143,0.285714285714,0.2];1;375.0;-0.10827530326;751;16;0.15;0.25;25.330000000000002;29.25;53.809999999999995;11.25;21.75;8.75;3.5900000000000003;0.0;1.11;0.12;1.9300000000000002;0.42000000000000004;2.8400000000000003;0.75;6.25
11286;zone45;4883.397012115578;4340.414778682246;0.0;zone45;S01010300;21;934;764;478;[0.460784,0.411765,0.127451];[0.664653,0.238671,0.096677];[0.632353,0.323529,0.044118];[0.606383,0.329787,0.06383];[0.3046875,0.125,0.3515625,0.21875];2;513.0;0.0498225801839;683;131;0.2361904761904762;1.5238095238095237;36.54476190476189;40.142857142857146;62.63047619047618;9.714285714285714;22.095238095238095;12.142857142857142;3.4000000000000004;0.0;2.4285714285714293;0.5580952380952381;2.939047619047619;0.31619047619047624;1.8095238095238098;5.476190476190476;8.857142857142858
11286;zone46;5144.66081966521;4032.769083704074;0.0;zone46;S01010301;6;522;457;283;[0.292683,0.597561,0.109756];[0.57563,0.315126,0.109244];[0.222222,0.703704,0.074074];[0.561798,0.393258,0.044944];[0.214285714286,0.0612244897959,0.459183673469,0.265306122449];4;490.0;0.0232745011966;1485;58;0.38;0.3333333333333333;34.04;50.833333333333336;68.53999999999999;11.333333333333334;23.833333333333332;11.666666666666666;8.026666666666666;0.0;1.366666666666667;0.38000000000000006;4.173333333333334;0.5133333333333333;3.5733333333333337;2.3333333333333335;13.333333333333334
11286;zone47;5165.568789180556;4297.038752619699;0.0;zone47;S01010302;24;669;495;388;[0.65625,0.28125,0.0625];[0.6,0.356522,0.043478];[0.716981,0.226415,0.056604];[0.801802,0.18018,0.018018];[0.582417582418,0.0769230769231,0.263736263736,0.0769230769231];1;392.0;-0.0896499889057;955;116;0.18833333333333332;0.9583333333333334;38.71333333333334;36.166666666666664;62.73666666666667;10.75;22.541666666666668;12.875;3.586666666666666;0.0;1.2716666666666665;0.405;3.2816666666666663;0.37833333333333335;2.9183333333333343;3.0833333333333335;8.083333333333334
11286;zone48;5241.140616766716;4139.402270499609;0.0;zone48;S01010303;33;579;387;250;[0.692308,0.153846,0.153846];[0.56701,0.298969,0.134021];[0.630435,0.282609,0.086957];[0.658879,0.285047,0.056075];[0.58407079646,0.106194690265,0.274336283186,0.0353982300885];1;415.0;-0.0627120940391;1660;142;0.16484848484848486;1.303030303030303;53.01939393939394;34.09090909090909;68.42424242424242;10.030303030303031;22.545454545454547;18.09090909090909;4.52969696969697;0.0;1.1951515151515149;0.18909090909090906;2.5296969696969698;0.45818181818181825;2.271515151515152;4.96969696969697;7.9393939393939394
11286;zone49;4853.647576226233;3833.123065294377;0.0;zone49;S01010304;12;542;456;332;[0.323529,0.514706,0.161765];[0.635135,0.25,0.114865];[0.477273,0.522727,0.0];[0.829268,0.109756,0.060976];[0.372340425532,0.0425531914894,0.297872340426,0.287234042553];1;804.0;0.384523850516;1727;59;0.19;2.25;48.836666666666666;31.583333333333332;69.62333333333335;10.333333333333334;22.666666666666668;16.75;4.210000000000001;0.0;0.96;0.3;2.2866666666666666;0.34;1.4266666666666665;8.5;7.333333333333333
11286;zone50;4697.410406890209;3639.1027396354093;0.0;zone50;S01010305;7;807;694;478;[0.36036,0.468468,0.171171];[0.553191,0.33617,0.110638];[0.409639,0.301205,0.289157];[0.589888,0.337079,0.073034];[0.198529411765,0.0735294117647,0.382352941176,0.345588235294];1;223.0;-0.28282788147;498;32;0.17142857142857143;2.7142857142857144;31.291428571428565;33.285714285714285;69.9657142857143;11.285714285714286;23.0;10.857142857142858;8.30857142857143;0.0;1.6171428571428572;0.33714285714285713;0.4685714285714286;0.26285714285714284;1.32;10.857142857142858;10.285714285714286
11286;zone51;4591.3082521834585;3868.367573740388;0.0;zone51;S01010306;13;752;675;449;[0.35625,0.56875,0.075];[0.570588,0.355882,0.073529];[0.283019,0.566038,0.150943];[0.650943,0.330189,0.018868];[0.165680473373,0.0473372781065,0.479289940828,0.307692307692];2;238.0;-0.265781391166;705;94;0.28;1.5384615384615385;41.818461538461534;45.23076923076923;67.08307692307693;9.615384615384615;22.46153846153846;14.076923076923077;6.400000000000001;0.0;2.0184615384615388;1.4400000000000002;1.2461538461538462;0.38461538461538464;2.08;5.6923076923076925;10.692307692307692
11286;zone52;4503.72067559025;3742.2957906521283;0.0;zone52;S01010307;9;821;732;428;[0.189922,0.577519,0.232558];[0.407407,0.487654,0.104938];[0.346154,0.538462,0.115385];[0.71875,0.234375,0.046875];[0.0681818181818,0.0568181818182,0.375,0.5];5;319.0;-0.172537833795;419;69;0.29333333333333333;1.4444444444444444;39.20888888888888;56.333333333333336;69.13777777777779;10.222222222222221;22.666666666666668;13.222222222222221;8.457777777777778;0.0;3.4177777777777774;2.3466666666666662;0.7288888888888889;0.2711111111111111;1.4444444444444446;4.777777777777778;14.444444444444445
11286;zone53;4364.519870735056;4047.768725526131;0.0;zone53;S01010308;9;975;858;480;[0.285714,0.54007,0.174216];[0.511936,0.384615,0.103448];[0.254902,0.411765,0.333333];[0.648352,0.307692,0.043956];[0.0970873786408,0.0631067961165,0.359223300971,0.480582524272];4;257.0;-0.244477582955;1259;47;0.2;1.8888888888888888;62.96444444444445;43.888888888888886;77.09333333333333;10.11111111111111;22.555555555555557;21.666666666666668;4.337777777777777;0.0;3.626666666666667;1.0622222222222222;1.2577777777777779;0.1822222222222222;1.7155555555555557;8.333333333333334;9.666666666666666
11286;zone54;5381.88771051669;3636.3205112402793;0.0;zone54;S01010309;4;419;356;264;[0.333333,0.25,0.416667];[0.478873,0.422535,0.098592];[0.352941,0.382353,0.264706];[0.705882,0.24183,0.052288];[0.365853658537,0.170731707317,0.390243902439,0.0731707317073];1;0.0;-0.540229885057;2002;22;0.21;0.0;76.3;35.25;74.91;10.75;23.25;26.5;4.28;0.0;2.68;0.2;3.2;0.42000000000000004;2.55;0.0;9.5
11286;zone55;5657.373406240428;3625.6586165034923;0.0;zone55;S01010310;13;706;540;381;[0.333333,0.238095,0.428571];[0.565517,0.337931,0.096552];[0.54902,0.27451,0.176471];[0.715415,0.256917,0.027668];[0.484848484848,0.151515151515,0.318181818182,0.0454545454545];1;574.0;0.120406534162;832;46;0.13230769230769232;1.6153846153846154;49.72307692307693;35.0;77.24923076923078;12.384615384615385;24.615384615384617;16.923076923076923;3.692307692307693;0.0;1.7353846153846153;0.35692307692307695;4.609230769230769;0.3076923076923077;2.3476923076923075;8.384615384615385;9.76923076923077
11286;zone56;5685.425126382168;3318.6970593171873;0.0;zone56;S01010311;22;721;556;351;[0.411765,0.352941,0.235294];[0.472222,0.453704,0.074074];[0.571429,0.404762,0.02381];[0.717949,0.271062,0.010989];[0.565217391304,0.121739130435,0.269565217391,0.0434782608696];1;1534.0;1.22364271569;1787;80;0.14;1.0;53.7981818181818;34.27272727272727;66.45272727272729;9.909090909090908;22.181818181818183;18.272727272727273;3.0745454545454547;0.0;2.2836363636363632;0.19636363636363638;2.2636363636363637;0.26363636363636367;2.3945454545454545;4.181818181818182;7.318181818181818
11286;zone57;5466.52613028024;3072.1402274564575;0.0;zone57;S01010312;34;868;647;425;[0.117647,0.823529,0.058824];[0.754386,0.22807,0.017544];[0.407407,0.444444,0.148148];[0.804945,0.153846,0.041209];[0.586956521739,0.115942028986,0.268115942029,0.0289855072464];1;685.0;0.247477927043;1689;112;0.12705882352941175;1.4411764705882353;62.27058823529413;28.294117647058822;71.10117647058826;10.470588235294118;22.470588235294116;21.294117647058822;2.3329411764705883;0.0;2.387058823529411;0.04;2.341176470588234;0.35647058823529426;2.329411764705882;5.323529411764706;6.617647058823529
11286;zone58;5251.7403530303945;3502.549209042501;0.0;zone58;S01010313;16;654;529;356;[0.428571,0.285714,0.285714];[0.6,0.333333,0.066667];[0.433735,0.481928,0.084337];[0.739623,0.162264,0.098113];[0.648351648352,0.131868131868,0.175824175824,0.043956043956];1;565.0;0.109617915218;2145;62;0.1475;0.9375;64.8325;26.8125;71.335;11.0;22.875;22.1875;2.1375;0.0;3.04;0.22250000000000003;1.9100000000000001;0.43500000000000005;2.62;3.25;6.8125
11286;zone59;4840.312157862589;3385.4448126102257;0.0;zone59;S01010314;21;1248;1034;550;[0.358209,0.507463,0.134328];[0.514493,0.333333,0.152174];[0.5,0.326923,0.173077];[0.636,0.324,0.04];[0.316901408451,0.133802816901,0.401408450704,0.147887323944];1;637.0;0.192402372167;950;97;0.17714285714285713;0.9523809523809523;45.228571428571435;39.42857142857143;64.30857142857141;9.333333333333334;21.666666666666668;15.238095238095237;5.4819047619047625;0.0;3.952380952380953;0.4438095238095238;0.5390476190476191;0.3180952380952382;1.9485714285714284;3.761904761904762;9.904761904761905
11286;zone60;4536.293429266749;2504.1273706154316;0.0;zone60;S01010315;43;911;678;409;[0.180723,0.554217,0.26506];[0.252632,0.457895,0.289474];[0.208333,0.5,0.291667];[0.55144,0.345679,0.102881];[0.308176100629,0.169811320755,0.358490566038,0.163522012579];2;382.0;-0.100954860853;1625;194;0.17488372093023255;1.558139534883721;43.3720930232558;31.046511627906977;66.83162790697673;10.720930232558139;22.86046511627907;14.627906976744185;2.666046511627907;0.0;3.126511627906976;0.0;2.401860465116279;0.267906976744186;2.0241860465116277;6.4186046511627906;7.813953488372093
11286;zone61;4589.6619547948285;2943.195659127726;0.0;zone61;S01010316;25;512;414;304;[0.392157,0.529412,0.078431];[0.62931,0.37069,0.0];[0.439024,0.560976,0.0];[0.775401,0.224599,0.0];[0.439252336449,0.102803738318,0.252336448598,0.205607476636];1;481.0;0.0128180141103;1216;114;0.1776;1.32;45.91840000000001;33.96;68.336;11.08;23.12;15.52;3.3183999999999996;0.0;3.1775999999999995;0.12;2.6784000000000003;0.3296;2.1280000000000006;5.2;8.84
11286;zone63;4421.5566371748755;3071.026327566895;0.0;zone63;S01010318;12;1588;1497;304;[0.5,0.456522,0.043478];[0.469799,0.47651,0.053691];[0.310345,0.37931,0.310345];[0.678571,0.285714,0.035714];[0.36,0.14,0.34,0.16];3;317.0;-0.175110645645;1178;63;0.19;2.0833333333333335;57.833333333333336;42.416666666666664;77.35666666666667;9.5;22.416666666666668;20.0;6.703333333333333;0.0;4.21;0.5566666666666666;0.5533333333333333;0.2966666666666667;1.6633333333333333;9.666666666666666;11.583333333333334
11286;zone64;4173.240913470097;2893.8040771744095;0.0;zone64;S01010319;9;711;624;407;[0.258741,0.608392,0.132867];[0.383399,0.486166,0.130435];[0.439394,0.212121,0.348485];[0.530769,0.384615,0.084615];[0.171974522293,0.0700636942675,0.471337579618,0.286624203822];2;473.0;0.00423719084943;1517;47;0.20444444444444446;0.8888888888888888;57.6888888888889;36.333333333333336;72.24888888888887;11.333333333333334;23.11111111111111;19.22222222222222;5.239999999999999;0.0;2.72;0.2177777777777778;2.733333333333333;0.3333333333333333;2.533333333333333;3.0;10.555555555555555
11286;zone65;3940.1918462749595;2900.8899784533987;0.0;zone65;S01010320;4;675;594;437;[0.257813,0.523438,0.21875];[0.61753,0.298805,0.083665];[0.526316,0.22807,0.245614];[0.805085,0.169492,0.025424];[0.172185430464,0.0662251655629,0.443708609272,0.317880794702];1;646.0;0.202453315259;1133;20;0.19;1.5;56.4;39.0;71.44;9.0;22.75;18.75;6.83;0.0;2.16;0.66;0.82;0.21000000000000002;2.75;5.25;10.0
11286;zone66;3905.8658739096163;2664.6669636212755;0.0;zone66;S01010321;7;837;634;432;[0.401709,0.555556,0.042735];[0.54717,0.433962,0.018868];[0.45122,0.439024,0.109756];[0.666667,0.271186,0.062147];[0.212328767123,0.0958904109589,0.390410958904,0.301369863014];1;1019.0;0.631764531736;2032;16;0.09142857142857143;2.0;75.62857142857145;32.0;83.18285714285715;10.714285714285714;23.142857142857142;26.142857142857142;3.617142857142857;0.0;3.811428571428572;0.0;1.7885714285714285;0.34285714285714286;2.48;9.428571428571429;8.714285714285714
11286;zone67;3630.3978644730896;3132.1651121578075;0.0;zone67;S01010322;9;1028;914;549;[0.174419,0.549419,0.276163];[0.412399,0.471698,0.115903];[0.298507,0.38806,0.313433];[0.647059,0.323529,0.029412];[0.057268722467,0.0352422907489,0.449339207048,0.458149779736];5;124.0;-0.397569575369;1490;58;0.25333333333333335;1.6666666666666667;47.41777777777778;50.888888888888886;72.28444444444443;10.0;22.444444444444443;16.444444444444443;6.062222222222222;0.0;5.337777777777777;0.7466666666666667;1.8800000000000001;0.2888888888888889;1.6888888888888889;5.444444444444445;13.555555555555555
11286;zone68;6208.193116766784;3072.425066795916;0.0;zone68;S01010323;4;603;466;377;[0.555556,0.444444,0.0];[0.657143,0.271429,0.071429];[0.642857,0.321429,0.035714];[0.793651,0.166667,0.039683];[0.578431372549,0.166666666667,0.235294117647,0.0196078431373];1;970.0;0.57559463238;978;18;0.18;1.75;43.16;25.0;61.81;9.25;21.5;14.75;4.26;0.0;0.61;0.0;1.04;0.37;1.31;7.0;5.25
11286;zone69;6517.651722029823;2240.572579661372;0.0;zone69;S01010324;6;759;566;403;[0.142857,0.571429,0.285714];[0.298077,0.490385,0.211538];[0.333333,0.530864,0.135802];[0.401674,0.414226,0.1841];[0.569620253165,0.101265822785,0.291139240506,0.0379746835443];1;407.0;-0.0721601679586;1603;25;0.14;1.0;41.026666666666664;37.666666666666664;73.3;14.5;24.666666666666668;14.333333333333334;3.3333333333333335;0.0;1.8933333333333333;0.0;5.66;0.68;2.8866666666666667;4.0;10.333333333333334
11286;zone70;6038.016041009105;2402.8415869980217;0.0;zone70;S01010325;18;939;666;501;[0.263158,0.368421,0.368421];[0.383838,0.525253,0.090909];[0.253623,0.615942,0.130435];[0.451362,0.463035,0.085603];[0.545454545455,0.238636363636,0.193181818182,0.0227272727273];1;225.0;-0.281126582053;1739;60;0.13111111111111112;1.0555555555555556;38.766666666666666;31.055555555555557;60.44444444444444;10.055555555555555;22.333333333333332;13.166666666666666;2.2688888888888887;0.0;0.8844444444444446;0.0;3.815555555555556;0.34;2.1488888888888895;3.8333333333333335;6.555555555555555
11286;zone71;5272.359331052501;2740.775131541117;0.0;zone71;S01010326;39;987;707;494;[0.526316,0.368421,0.105263];[0.522523,0.333333,0.144144];[0.492188,0.3125,0.195313];[0.723514,0.224806,0.05168];[0.54375,0.16875,0.23125,0.05625];1;1389.0;1.05701743376;1017;145;0.14461538461538462;0.8205128205128205;48.49538461538462;33.717948717948715;65.13435897435895;9.820512820512821;22.333333333333332;16.46153846153846;2.3394871794871794;0.0;4.402051282051282;0.02256410256410257;2.044102564102564;0.3425641025641024;2.7897435897435905;2.8974358974358974;8.282051282051283
11286;zone72;4970.167032608406;2501.795090448298;0.0;zone72;S01010327;34;982;660;362;[0.031746,0.507937,0.460317];[0.372881,0.432203,0.194915];[0.289063,0.328125,0.382813];[0.516892,0.347973,0.135135];[0.416184971098,0.21387283237,0.236994219653,0.132947976879];1;470.0;0.000335688704598;976;134;0.15176470588235294;1.1176470588235294;38.535294117647055;30.58823529411765;61.949411764705886;10.352941176470589;22.029411764705884;12.882352941176471;1.92;0.0;5.370588235294118;0.00941176470588235;1.1635294117647055;0.3870588235294118;2.0941176470588236;3.9411764705882355;8.058823529411764
11286;zone73;5975.307390960257;2677.5485166167286;0.0;zone73;S01010328;24;969;706;445;[0.16129,0.5,0.33871];[0.27044,0.471698,0.257862];[0.192547,0.434783,0.372671];[0.338983,0.432203,0.228814];[0.309352517986,0.258992805755,0.280575539568,0.151079136691];2;457.0;-0.0138550124678;2044;94;0.15;1.75;42.26666666666667;33.0;63.923333333333346;9.875;22.166666666666668;14.375;1.7999999999999998;0.0;1.5083333333333335;0.0;3.986666666666667;0.2433333333333334;1.6366666666666667;6.541666666666667;6.708333333333333
