cycle;name;location.x;location.y;location.z;name;dataZone;nm_children;pop;over16;nm_hh;AB_car_prob;C1_car_prob;C2_car_prob;DE_car_prob;prob_social;simd;crimeRate;norm_crime;avg_dis_sh;neigh_play;daily_play_per_child;avg_FSA;avg_walk;daily_OD;zone_mvpa;mvpa_home;mvpa_sc;mvpa_road;mvpa_play_field;mvpa_home_garden;mvpa_park;mvpa_PG;mvpa_amenity;mvpa_shops;mvpa_F_home;mvpa_fsa;mvpa_OD
11286;zone0;8448.90275962388;2625.4515469546564;0.0;zone0;S01010195;19;531;390;212;[0.0,0.481481,0.518519];[0.261538,0.646154,0.092308];[0.12,0.59,0.29];[0.447368,0.368421,0.184211];[0.418918918919,0.283783783784,0.202702702703,0.0945945945946];1;0.0;-0.540229885057;1101;58;0.12;1.1578947368421053;41.898947368421055;26.157894736842106;68.46105263157897;12.68421052631579;23.842105263157894;14.157894736842104;0.7578947368421054;0.0;3.145263157894737;0.0;3.353684210526316;0.38105263157894737;2.736842105263158;5.7894736842105265;6.894736842105263
11286;zone1;8656.736904000718;2165.9902346445633;0.0;zone1;S01010198;18;1027;748;394;[0.058824,0.529412,0.411765];[0.305785,0.561983,0.132231];[0.219858,0.496454,0.283688];[0.523179,0.331126,0.145695];[0.48623853211,0.229357798165,0.266055045872,0.0183486238532];1;1609.0;1.3102524676;1297;43;0.08666666666666667;1.3888888888888888;40.388888888888886;23.944444444444443;58.35111111111112;9.555555555555555;21.38888888888889;13.555555555555555;1.3622222222222222;0.0;1.6311111111111112;0.02444444444444445;2.1244444444444444;0.3800000000000001;2.3533333333333335;4.166666666666667;4.611111111111111
11286;zone2;8537.588755655543;3024.028900129281;0.0;zone2;S01010201;22;643;453;253;[0.0,0.47619,0.52381];[0.270833,0.3125,0.416667];[0.088,0.48,0.432];[0.296552,0.434483,0.268966];[0.365853658537,0.292682926829,0.292682926829,0.0487804878049];2;219.0;-0.28762447053;1004;80;0.14;1.5454545454545454;38.850909090909084;33.68181818181818;68.88181818181816;12.0;23.318181818181817;12.909090909090908;2.0527272727272723;0.0;4.267272727272727;0.0;3.28;0.3018181818181818;2.414545454545455;6.681818181818182;9.272727272727273
11286;zone3;8059.42097232239;3767.666522351409;0.0;zone3;S01010203;30;671;504;260;[0.090909,0.363636,0.545455];[0.263804,0.460123,0.276074];[0.094828,0.422414,0.482759];[0.183824,0.375,0.441176];[0.272727272727,0.218181818182,0.363636363636,0.145454545455];3;215.0;-0.292668818285;2019;127;0.16266666666666665;1.4333333333333333;33.93466666666667;30.366666666666667;61.05333333333335;10.2;22.133333333333333;11.3;1.6746666666666667;0.0;3.2106666666666666;0.0;2.5586666666666664;0.388;1.9760000000000002;5.766666666666667;7.033333333333333
11286;zone4;8368.288440296214;3565.498290652094;0.0;zone4;S01010204;30;800;589;381;[0.272727,0.727273,0.0];[0.627451,0.27451,0.098039];[0.444444,0.533333,0.022222];[0.600619,0.321981,0.077399];[0.595041322314,0.157024793388,0.239669421488,0.00826446280992];1;497.0;0.0317745673598;1209;87;0.10533333333333333;1.3;45.35199999999999;29.366666666666667;64.756;10.366666666666667;22.566666666666666;15.466666666666667;1.2293333333333332;0.0;2.4266666666666663;0.01333333333333333;3.4919999999999995;0.34266666666666673;2.562666666666666;4.466666666666667;6.666666666666667
11286;zone5;8034.229745798958;3515.110462853287;0.0;zone5;S01010205;15;658;534;355;[0.411765,0.117647,0.470588];[0.465116,0.457364,0.077519];[0.317757,0.588785,0.093458];[0.593458,0.280374,0.126168];[0.466666666667,0.2,0.3,0.0333333333333];1;925.0;0.523434132086;1437;37;0.09333333333333334;0.8;50.89066666666667;29.933333333333334;67.67466666666668;11.266666666666667;23.333333333333332;17.2;1.9493333333333334;0.0;2.352;0.0;3.242666666666667;0.33600000000000013;2.714666666666667;3.7333333333333334;7.066666666666666
11286;zone6;7457.064719570519;3739.055375726369;0.0;zone6;S01010208;18;903;745;565;[0.30137,0.589041,0.109589];[0.48062,0.457364,0.062016];[0.272727,0.613636,0.113636];[0.66055,0.270642,0.068807];[0.233333333333,0.133333333333,0.461111111111,0.172222222222];1;603.0;0.153385979085;1389;52;0.11333333333333333;1.6666666666666667;47.96666666666667;26.166666666666668;71.22000000000001;11.88888888888889;23.833333333333332;16.555555555555557;1.7022222222222223;0.0;1.6133333333333333;0.0;3.7733333333333325;0.37111111111111117;2.4244444444444446;7.222222222222222;6.5
11286;zone7;7917.838214725937;1939.334458859395;0.0;zone7;S01010209;24;966;677;468;[0.172414,0.586207,0.241379];[0.333333,0.414966,0.251701];[0.381944,0.458333,0.159722];[0.545852,0.336245,0.117904];[0.337931034483,0.248275862069,0.303448275862,0.110344827586];1;2053.0;1.82052250092;1687;66;0.10166666666666667;2.1666666666666665;55.928333333333335;29.625;73.17333333333333;10.458333333333334;23.125;19.375;0.81;0.0;3.0683333333333334;0.0;3.518333333333334;0.3000000000000001;1.925;8.916666666666666;7.0
11286;zone8;7878.406567747077;2721.2634132011362;0.0;zone8;S01010210;18;885;641;416;[0.173913,0.456522,0.369565];[0.21519,0.5,0.28481];[0.189781,0.386861,0.423358];[0.422111,0.442211,0.135678];[0.394736842105,0.236842105263,0.254385964912,0.114035087719];1;344.0;-0.144253829852;1209;72;0.15555555555555556;1.2222222222222223;39.88;26.77777777777778;65.30222222222223;12.055555555555555;23.555555555555557;13.333333333333334;1.2133333333333334;0.0;3.2977777777777786;0.0;2.7222222222222228;0.3600000000000001;2.5777777777777775;4.611111111111111;6.888888888888889
11286;zone9;7785.599648345685;3201.783800714137;0.0;zone9;S01010211;22;858;634;452;[0.147059,0.705882,0.147059];[0.384615,0.452991,0.162393];[0.469565,0.4,0.130435];[0.722656,0.226563,0.050781];[0.473214285714,0.169642857143,0.285714285714,0.0714285714286];1;430.0;-0.0456985893816;1031;62;0.10727272727272727;1.7727272727272727;42.74909090909091;29.363636363636363;67.41818181818181;10.727272727272727;22.863636363636363;14.363636363636363;2.247272727272727;0.0;2.9054545454545453;0.0;2.5000000000000004;0.29272727272727284;1.7436363636363639;8.045454545454545;7.2272727272727275
11286;zone10;7580.688680869333;3097.127786881416;0.0;zone10;S01010212;49;1083;779;559;[0.233333,0.633333,0.133333];[0.594771,0.339869,0.065359];[0.465517,0.405172,0.12931];[0.712821,0.269231,0.017949];[0.566037735849,0.138364779874,0.22641509434,0.0691823899371];1;1473.0;1.15298517036;1161;165;0.12653061224489795;1.3265306122448979;48.87755102040817;31.20408163265306;65.5134693877551;9.89795918367347;22.224489795918366;16.551020408163264;1.2653061224489792;0.0;3.484897959183673;0.0;2.9624489795918363;0.3648979591836733;2.3346938775510204;4.591836734693878;7.26530612244898
11286;zone11;8065.177293237223;3111.5884965344962;0.0;zone11;S01010213;13;924;657;476;[0.105263,0.684211,0.210526];[0.382609,0.547826,0.069565];[0.218543,0.556291,0.225166];[0.467925,0.483019,0.049057];[0.451327433628,0.221238938053,0.274336283186,0.0530973451327];1;247.0;-0.255840453357;901;53;0.16;1.6923076923076923;33.35692307692308;26.076923076923077;66.12923076923076;11.923076923076923;23.46153846153846;11.307692307692308;0.8092307692307692;0.0;4.615384615384615;0.0;2.209230769230769;0.3046153846153846;2.036923076923077;7.769230769230769;7.3076923076923075
11286;zone12;7144.994858230166;1947.4125453867302;0.0;zone12;S01010214;27;967;717;396;[0.098592,0.28169,0.619718];[0.197531,0.438272,0.364198];[0.173333,0.493333,0.333333];[0.237069,0.487069,0.275862];[0.361344537815,0.210084033613,0.310924369748,0.117647058824];3;176.0;-0.337854473183;1820;84;0.12148148148148148;1.7777777777777777;45.48740740740741;26.444444444444443;66.07111111111111;10.074074074074074;22.77777777777778;15.444444444444445;1.5066666666666668;0.0;3.1348148148148143;0.0;2.308148148148148;0.32592592592592595;1.8503703703703707;6.888888888888889;6.407407407407407
11286;zone13;7013.590150664996;2618.495528189446;0.0;zone13;S01010215;24;850;608;492;[0.571429,0.285714,0.142857];[0.5,0.431373,0.068627];[0.382609,0.391304,0.226087];[0.678571,0.269841,0.051587];[0.467289719626,0.140186915888,0.345794392523,0.0467289719626];1;547.0;0.0886083430805;757;90;0.14666666666666667;1.5;37.09666666666667;30.541666666666668;69.43833333333333;12.333333333333334;24.0;12.416666666666666;1.4433333333333334;0.0;2.5166666666666666;0.0;4.406666666666667;0.38000000000000006;2.978333333333334;7.125;7.958333333333333
11286;zone14;7332.222205807836;2329.961970144465;0.0;zone14;S01010216;15;621;464;361;[0.6,0.4,0.0];[0.597701,0.356322,0.045977];[0.409091,0.439394,0.151515];[0.709544,0.273859,0.016598];[0.5,0.163265306122,0.265306122449,0.0714285714286];1;600.0;0.150092344085;1275;50;0.12533333333333332;1.3333333333333333;48.98933333333334;32.13333333333333;69.65599999999999;11.066666666666666;23.133333333333333;16.466666666666665;1.4293333333333331;0.0;3.0799999999999996;0.0;3.8266666666666667;0.28800000000000003;3.0106666666666664;5.6;7.8
11286;zone15;7299.833172322251;2625.8610945736937;0.0;zone15;S01010217;33;817;598;406;[0.16129,0.516129,0.322581];[0.565517,0.4,0.034483];[0.5,0.431373,0.068627];[0.702703,0.283784,0.013514];[0.541935483871,0.0967741935484,0.296774193548,0.0645161290323];1;1060.0;0.679274950851;994;146;0.17212121212121212;1.6363636363636365;46.66181818181818;35.63636363636363;68.80363636363636;10.666666666666666;22.848484848484848;15.909090909090908;1.4872727272727277;0.0;3.5430303030303025;0.0;4.0642424242424235;0.3296969696969697;2.0145454545454538;6.090909090909091;8.666666666666666
11286;zone16;7142.953643082513;3018.5401822929393;0.0;zone16;S01010218;31;1018;790;587;[0.425532,0.404255,0.170213];[0.392523,0.453271,0.154206];[0.358209,0.492537,0.149254];[0.589124,0.335347,0.075529];[0.424657534247,0.109589041096,0.369863013699,0.0958904109589];1;557.0;0.101026678737;538;127;0.16129032258064516;1.1612903225806452;36.54064516129032;37.45161290322581;65.56;11.483870967741936;23.419354838709676;12.32258064516129;1.358709677419355;0.0;2.574193548387097;0.0;5.251612903225805;0.35483870967741943;2.4090322580645163;4.741935483870968;8.64516129032258
11286;zone17;6738.8937706128745;4298.8917997019325;0.0;zone17;S01010219;21;503;382;274;[0.695652,0.304348,0.0];[0.758621,0.215517,0.025862];[0.761905,0.166667,0.071429];[0.781609,0.195402,0.022989];[0.41935483871,0.0752688172043,0.408602150538,0.0967741935484];2;184.0;-0.327838932938;1436;87;0.15619047619047619;1.4761904761904763;59.678095238095224;37.42857142857143;77.63809523809525;11.333333333333334;23.714285714285715;20.333333333333332;4.561904761904761;0.0;5.533333333333333;0.03047619047619048;1.6476190476190478;0.3180952380952381;2.4533333333333336;6.142857142857143;11.285714285714286
11286;zone18;5915.780765415368;4211.222876105162;0.0;zone18;S01010220;7;476;433;279;[0.181159,0.608696,0.210145];[0.404255,0.531915,0.06383];[0.227273,0.704545,0.068182];[0.448276,0.482759,0.068966];[0.154545454545,0.0636363636364,0.318181818182,0.463636363636];5;267.0;-0.232306706325;1365;37;0.2;1.8571428571428572;47.82857142857142;36.714285714285715;71.43428571428572;9.857142857142858;22.428571428571427;16.285714285714285;4.971428571428571;0.0;4.251428571428571;0.09714285714285713;1.6514285714285715;0.5542857142857143;1.1828571428571428;8.428571428571429;10.428571428571429
11286;zone19;6341.0811208317455;3913.8398648988496;0.0;zone19;S01010221;13;546;394;260;[0.6,0.4,0.0];[0.557377,0.409836,0.032787];[0.538462,0.323077,0.138462];[0.699387,0.257669,0.042945];[0.609375,0.140625,0.203125,0.046875];1;635.0;0.19005459739;1255;34;0.09846153846153846;1.4615384615384615;60.11692307692307;29.923076923076923;72.86461538461539;10.615384615384615;23.076923076923077;20.46153846153846;3.8092307692307688;0.0;4.187692307692307;0.1323076923076923;1.2923076923076922;0.39076923076923076;1.9692307692307691;5.230769230769231;9.076923076923077
11286;zone20;7001.213463613622;4053.9957950241624;0.0;zone20;S01010222;15;492;414;285;[0.142857,0.5,0.357143];[0.432432,0.459459,0.108108];[0.348624,0.522936,0.12844];[0.747899,0.235294,0.016807];[0.345238095238,0.214285714286,0.309523809524,0.130952380952];1;377.0;-0.105830277325;1747;50;0.128;1.3333333333333333;45.184;27.933333333333334;67.8;11.466666666666667;23.2;15.266666666666667;2.4613333333333336;0.0;3.490666666666667;0.024;1.9306666666666668;0.32;2.3306666666666667;5.4;7.4
11286;zone21;6986.8418912765155;3434.1450308482026;0.0;zone21;S01010223;4;556;462;337;[0.076923,0.538462,0.384615];[0.567797,0.330508,0.101695];[0.472222,0.444444,0.083333];[0.584699,0.36612,0.04918];[0.432432432432,0.162162162162,0.324324324324,0.0810810810811];1;439.0;-0.0353356041414;1837;12;0.12;1.0;72.0;29.75;80.77;11.5;24.5;25.0;3.79;0.0;4.13;0.0;2.0300000000000002;0.69;1.91;5.75;9.5
11286;zone22;6247.397837456437;3329.661273309237;0.0;zone22;S01010224;40;1036;727;469;[0.405405,0.540541,0.054054];[0.592593,0.274074,0.133333];[0.418803,0.504274,0.076923];[0.768421,0.202632,0.028947];[0.506097560976,0.140243902439,0.268292682927,0.0853658536585];1;1004.0;0.614259332793;871;126;0.121;1.375;46.44900000000001;26.3;67.55799999999998;11.525;23.1;15.7;4.017000000000001;0.0;1.8779999999999997;0.083;1.7239999999999995;0.44200000000000006;1.9739999999999998;5.425;7.3
11286;zone23;7827.985844039554;4105.4701191949;0.0;zone23;S01010225;33;812;636;431;[0.25,0.634615,0.115385];[0.469072,0.43299,0.097938];[0.54023,0.413793,0.045977];[0.672065,0.234818,0.093117];[0.385185185185,0.125925925926,0.325925925926,0.162962962963];1;1006.0;0.616572011517;1622;109;0.12242424242424242;1.0303030303030303;52.859393939393954;34.45454545454545;68.08606060606061;10.272727272727273;22.484848484848484;17.90909090909091;2.55030303030303;0.0;3.7769696969696964;0.0;2.730909090909091;0.383030303030303;2.5575757575757576;3.757575757575758;8.606060606060606
11286;zone24;7040.363001382077;4481.052780471187;0.0;zone24;S01010226;40;816;565;394;[0.454545,0.242424,0.30303];[0.715385,0.2,0.084615];[0.540541,0.405405,0.054054];[0.766917,0.18797,0.045113];[0.503355704698,0.201342281879,0.221476510067,0.0738255033557];2;422.0;-0.0548014077425;1268;206;0.202;1.35;45.08700000000002;38.175;73.72200000000001;11.85;23.85;15.175;5.851999999999999;0.0;4.619999999999999;0.033;1.8819999999999997;0.377;2.4959999999999996;5.775;11.875
11286;zone25;6847.772309074456;4638.663588163389;0.0;zone25;S01010227;39;692;454;294;[0.413793,0.413793,0.172414];[0.704545,0.238636,0.056818];[0.654545,0.345455,0.0];[0.810606,0.159091,0.030303];[0.672268907563,0.0924369747899,0.159663865546,0.0756302521008];4;0.0;-0.540229885057;1152;335;0.3282051282051282;1.0512820512820513;53.53128205128205;54.56410256410256;71.85948717948719;9.23076923076923;22.102564102564102;18.128205128205128;5.862564102564101;0.0;7.048205128205128;0.06256410256410257;1.660512820512821;0.3025641025641025;2.2861538461538466;3.3846153846153846;14.205128205128204
11286;zone26;8241.816993110848;4572.457656401622;0.0;zone26;S01010229;30;1016;787;508;[0.1,0.625,0.275];[0.350877,0.350877,0.298246];[0.348315,0.477528,0.174157];[0.565217,0.310559,0.124224];[0.420731707317,0.213414634146,0.292682926829,0.0731707317073];1;395.0;-0.0859445809966;1328;93;0.11866666666666667;1.2333333333333334;39.650666666666666;23.7;65.67333333333333;11.966666666666667;23.5;13.366666666666667;2.1319999999999997;0.0;2.6026666666666665;0.02533333333333333;1.9800000000000004;0.3346666666666667;2.4560000000000004;5.5;6.266666666666667
11286;zone27;7458.320056766788;4680.341251240345;0.0;zone27;S01010230;24;1005;772;577;[0.314286,0.628571,0.057143];[0.703883,0.296117,0.0];[0.727273,0.218182,0.054545];[0.71831,0.24507,0.03662];[0.517857142857,0.136904761905,0.267857142857,0.077380952381];1;846.0;0.433218203459;866;108;0.17;0.9166666666666666;39.901666666666664;35.541666666666664;67.82000000000001;11.625;23.5;13.375;2.8383333333333334;0.0;6.411666666666668;0.155;1.7816666666666665;0.3433333333333333;2.521666666666667;3.625;10.625
11286;zone28;7569.802990100143;4917.458811240416;0.0;zone28;S01010232;37;1074;792;485;[0.457143,0.485714,0.057143];[0.557292,0.338542,0.104167];[0.492063,0.333333,0.174603];[0.654229,0.251244,0.094527];[0.470297029703,0.153465346535,0.306930693069,0.0693069306931];1;771.0;0.347049794199;1061;133;0.14054054054054055;1.4054054054054055;45.337297297297326;31.43243243243243;67.23027027027028;11.0;22.972972972972972;15.486486486486486;2.0432432432432437;0.0;3.0843243243243244;0.05945945945945946;2.905945945945946;0.33729729729729724;2.1167567567567565;5.486486486486487;7.621621621621622
11286;zone29;7830.713068379679;4879.746446724283;0.0;zone29;S01010233;33;970;705;476;[0.275,0.625,0.1];[0.655629,0.245033,0.099338];[0.52809,0.426966,0.044944];[0.771505,0.212366,0.016129];[0.587209302326,0.093023255814,0.261627906977,0.0581395348837];1;284.0;-0.213781821634;1167;153;0.18303030303030304;0.9696969696969697;50.870303030303035;38.24242424242424;68.16727272727273;10.696969696969697;22.87878787878788;17.333333333333332;1.7006060606060607;0.0;3.4012121212121214;0.20969696969696966;3.7648484848484847;0.4363636363636364;2.5515151515151517;3.6666666666666665;8.575757575757576
11286;zone30;6473.383843181837;4954.519765957263;0.0;zone30;S01010261;6;2551;2373;526;[0.666667,0.270833,0.0625];[0.675841,0.281346,0.042813];[0.75,0.25,0.0];[0.824468,0.164894,0.010638];[0.41,0.06,0.41,0.12];3;176.0;-0.337679921334;2207;20;0.12666666666666668;1.0;71.96666666666667;35.0;79.07333333333334;11.833333333333334;23.666666666666668;24.5;4.566666666666666;0.0;2.5066666666666664;0.0;2.8866666666666667;0.46666666666666673;2.106666666666667;5.0;9.333333333333334
11286;zone31;4930.642193689802;4959.449818932565;0.0;zone31;S01010266;3;555;474;237;[0.320755,0.556604,0.122642];[0.677273,0.254545,0.068182];[0.5,0.461538,0.038462];[0.534247,0.30137,0.164384];[0.141176470588,0.0588235294118,0.4,0.4];3;536.0;0.0761386922126;964;5;0.06666666666666667;1.6666666666666667;49.73333333333333;31.666666666666668;79.0;13.333333333333334;25.333333333333332;17.333333333333332;2.373333333333333;0.0;3.92;0.21333333333333335;3.106666666666667;0.3066666666666667;2.68;8.333333333333334;9.333333333333334
11286;zone32;5712.5549897826;4979.400336637217;0.0;zone32;S01010270;4;1153;972;817;[0.389831,0.533898,0.076271];[0.70255,0.252125,0.045326];[0.714286,0.272727,0.012987];[0.771552,0.228448,0.0];[0.125,0.0909090909091,0.454545454545,0.329545454545];1;871.0;0.461200629557;1640;15;0.14;1.5;65.35000000000001;30.75;80.82;12.0;24.75;22.0;6.1899999999999995;0.0;2.5;0.07;1.5799999999999998;0.26;2.4000000000000004;7.25;9.75
11286;zone33;3394.0723536088512;4934.677182292946;0.0;zone33;S01010282;13;976;841;645;[0.438776,0.520408,0.040816];[0.545732,0.405488,0.04878];[0.521277,0.382979,0.095745];[0.712707,0.232044,0.055249];[0.190954773869,0.070351758794,0.35175879397,0.386934673367];2;350.0;-0.137812028107;1326;32;0.09538461538461539;1.8461538461538463;55.089230769230774;29.846153846153847;68.90461538461537;9.76923076923077;21.923076923076923;18.846153846153847;1.1630769230769231;0.0;6.144615384615384;0.43076923076923074;0.41846153846153844;0.21230769230769234;1.7538461538461536;6.615384615384615;7.615384615384615
11286;zone34;4385.789287498423;4835.237486850067;0.0;zone34;S01010289;15;771;687;380;[0.130952,0.511905,0.357143];[0.262911,0.502347,0.234742];[0.178571,0.464286,0.357143];[0.410256,0.435897,0.153846];[0.058064516129,0.0322580645161,0.245161290323,0.664516129032];5;259.0;-0.241396294863;1220;103;0.25333333333333335;1.9333333333333333;43.36533333333333;46.333333333333336;71.24266666666668;10.133333333333333;22.933333333333334;14.933333333333334;1.5199999999999998;0.0;7.079999999999999;1.1253333333333333;2.677333333333333;0.22666666666666668;1.5439999999999998;7.4;11.933333333333334
11286;zone35;4401.5375624188455;4669.062022109911;0.0;zone35;S01010290;13;546;485;278;[0.198198,0.603604,0.198198];[0.485944,0.449799,0.064257];[0.555556,0.444444,0.0];[0.435897,0.512821,0.051282];[0.10752688172,0.0430107526882,0.494623655914,0.354838709677];3;353.0;-0.133686757747;1170;82;0.24615384615384617;2.3076923076923075;41.58769230769231;46.92307692307692;72.5723076923077;9.76923076923077;22.76923076923077;14.0;2.0;0.0;7.126153846153847;0.7015384615384614;2.3969230769230774;0.25846153846153846;1.3138461538461537;10.461538461538462;11.76923076923077
11286;zone36;4119.983651650423;4281.100418217042;0.0;zone36;S01010291;12;1075;975;481;[0.405594,0.447552,0.146853];[0.627907,0.277132,0.094961];[0.415094,0.433962,0.150943];[0.562963,0.325926,0.111111];[0.197080291971,0.0729927007299,0.445255474453,0.284671532847];3;438.0;-0.0363924713322;1140;59;0.18666666666666668;2.5;50.79666666666666;36.5;72.72333333333333;9.583333333333334;22.416666666666668;17.5;2.513333333333333;0.0;6.560000000000001;0.44;1.14;0.27666666666666667;1.2666666666666668;9.333333333333334;10.25
11286;zone37;4399.731076226201;4291.6703625917;0.0;zone37;S01010292;10;890;831;409;[0.348214,0.508929,0.142857];[0.477169,0.420091,0.10274];[0.339286,0.446429,0.214286];[0.55814,0.383721,0.05814];[0.128378378378,0.0540540540541,0.398648648649,0.418918918919];4;323.0;-0.168488563048;1116;61;0.232;1.7;43.448;43.7;71.79599999999999;10.6;23.6;14.9;4.664;0.0;5.92;0.368;2.34;0.192;1.6560000000000001;5.8;12.6
11286;zone38;4514.690807242894;4541.15458266895;0.0;zone38;S01010293;16;839;723;373;[0.51773,0.35461,0.12766];[0.635389,0.262735,0.101877];[0.446809,0.319149,0.234043];[0.514286,0.392857,0.092857];[0.242424242424,0.0606060606061,0.393939393939,0.30303030303];3;290.0;-0.205814991507;1093;107;0.2575;1.625;51.7425;44.625;75.61749999999999;10.3125;22.9375;17.6875;2.9650000000000003;0.0;8.3675;0.45499999999999996;1.8150000000000004;0.3825000000000001;2.1374999999999997;6.8125;13.0625
11286;zone39;4541.7482834333705;4418.565122351524;0.0;zone39;S01010294;13;690;631;275;[0.242105,0.526316,0.231579];[0.650873,0.214464,0.134663];[0.583333,0.208333,0.208333];[0.414894,0.489362,0.095745];[0.164835164835,0.043956043956,0.494505494505,0.296703296703];4;440.0;-0.0342259463805;1045;84;0.24923076923076923;2.1538461538461537;54.15692307692307;49.07692307692308;77.04923076923077;9.692307692307692;22.615384615384617;18.692307692307693;3.612307692307693;0.0;8.443076923076923;0.47384615384615386;1.7907692307692311;0.28;1.0984615384615384;8.461538461538462;13.923076923076923
11286;zone40;4766.8646917667475;4574.50133624035;0.0;zone40;S01010295;18;974;870;427;[0.384615,0.391026,0.224359];[0.604555,0.310559,0.084886];[0.428571,0.285714,0.285714];[0.390728,0.516556,0.092715];[0.212765957447,0.113475177305,0.297872340426,0.375886524823];4;529.0;0.0680145754747;837;100;0.2088888888888889;1.7222222222222223;47.11777777777778;46.27777777777778;72.06222222222222;10.38888888888889;23.0;16.166666666666668;2.588888888888889;0.0;7.742222222222223;0.6666666666666666;2.042222222222222;0.30000000000000004;1.2733333333333334;6.166666666666667;12.666666666666666
11286;zone41;4647.752341766679;4736.091736240359;0.0;zone41;S01010296;16;664;560;291;[0.294118,0.423529,0.282353];[0.520913,0.368821,0.110266];[0.375,0.375,0.25];[0.475524,0.391608,0.132867];[0.282828282828,0.111111111111,0.363636363636,0.242424242424];2;856.0;0.444094443477;1175;78;0.1875;1.875;48.962500000000006;33.0625;71.14;11.1875;23.1875;16.875;1.6799999999999997;0.0;5.800000000000001;0.5675000000000001;1.69;0.33000000000000007;1.6300000000000001;6.3125;9.25
11286;zone42;5522.849421766708;4411.996091240393;0.0;zone42;S01010297;7;1066;894;676;[0.582609,0.382609,0.034783];[0.691824,0.245283,0.062893];[0.540541,0.333333,0.126126];[0.681275,0.270916,0.047809];[0.260563380282,0.140845070423,0.37323943662,0.225352112676];1;504.0;0.0391758595379;884;26;0.13714285714285715;1.0;33.994285714285716;29.428571428571427;65.34857142857142;13.0;24.142857142857142;11.714285714285714;2.537142857142857;0.0;0.9257142857142858;0.3028571428571429;3.5542857142857147;0.1942857142857143;2.9828571428571427;4.571428571428571;6.857142857142857
11286;zone43;4706.481893689814;4143.807995855712;0.0;zone43;S01010298;12;880;677;515;[0.308943,0.479675,0.211382];[0.581395,0.356589,0.062016];[0.539683,0.396825,0.063492];[0.744828,0.193103,0.062069];[0.227272727273,0.0984848484848,0.371212121212,0.30303030303];1;486.0;0.0190902878356;1073;47;0.14666666666666667;1.5;41.12333333333334;30.25;70.39666666666668;12.166666666666666;23.75;13.916666666666666;2.8066666666666666;0.0;5.363333333333334;0.22666666666666668;1.5899999999999999;0.4366666666666667;2.4566666666666666;5.916666666666667;9.5
11286;zone44;4885.424673909578;4209.645754097502;0.0;zone44;S01010299;4;536;404;292;[0.3,0.54,0.16];[0.556701,0.340206,0.103093];[0.458333,0.520833,0.020833];[0.584906,0.283019,0.132075];[0.428571428571,0.0857142857143,0.285714285714,0.2];1;375.0;-0.10827530326;746;19;0.19;1.75;33.67;28.75;68.6;12.5;24.25;11.25;3.55;0.0;1.94;0.12;2.7;0.28;1.93;8.5;7.75
11286;zone45;4883.397012115578;4340.414778682246;0.0;zone45;S01010300;21;934;764;478;[0.460784,0.411765,0.127451];[0.664653,0.238671,0.096677];[0.632353,0.323529,0.044118];[0.606383,0.329787,0.06383];[0.3046875,0.125,0.3515625,0.21875];2;513.0;0.0498225801839;572;99;0.18095238095238095;1.2380952380952381;32.203809523809525;31.38095238095238;63.904761904761905;11.571428571428571;23.571428571428573;10.80952380952381;3.4609523809523806;0.0;2.08;0.36380952380952386;2.3466666666666667;0.34095238095238106;2.179047619047619;5.476190476190476;7.9523809523809526
11286;zone46;5144.66081966521;4032.769083704074;0.0;zone46;S01010301;6;522;457;283;[0.292683,0.597561,0.109756];[0.57563,0.315126,0.109244];[0.222222,0.703704,0.074074];[0.561798,0.393258,0.044944];[0.214285714286,0.0612244897959,0.459183673469,0.265306122449];4;490.0;0.0232745011966;797;37;0.23333333333333334;2.5;45.71333333333334;45.333333333333336;76.32000000000001;10.5;23.333333333333332;15.333333333333334;5.859999999999999;0.0;1.3466666666666667;0.28;3.586666666666666;0.21333333333333335;2.02;11.666666666666666;10.5
11286;zone47;5165.568789180556;4297.038752619699;0.0;zone47;S01010302;24;669;495;388;[0.65625,0.28125,0.0625];[0.6,0.356522,0.043478];[0.716981,0.226415,0.056604];[0.801802,0.18018,0.018018];[0.582417582418,0.0769230769231,0.263736263736,0.0769230769231];1;392.0;-0.0896499889057;1310;109;0.175;1.5416666666666667;46.85999999999999;31.291666666666668;72.57833333333333;12.041666666666666;23.75;16.041666666666668;4.271666666666667;0.0;1.8166666666666667;0.34;2.595;0.37166666666666676;2.518333333333333;7.083333333333333;8.708333333333334
11286;zone48;5241.140616766716;4139.402270499609;0.0;zone48;S01010303;33;579;387;250;[0.692308,0.153846,0.153846];[0.56701,0.298969,0.134021];[0.630435,0.282609,0.086957];[0.658879,0.285047,0.056075];[0.58407079646,0.106194690265,0.274336283186,0.0353982300885];1;415.0;-0.0627120940391;1541;165;0.19272727272727272;1.0606060606060606;53.5369696969697;37.696969696969695;70.17939393939396;10.606060606060606;22.78787878787879;18.545454545454547;5.5624242424242425;0.0;1.8096969696969696;0.19757575757575763;2.202424242424242;0.2824242424242425;2.393939393939394;4.090909090909091;9.333333333333334
11286;zone49;4853.647576226233;3833.123065294377;0.0;zone49;S01010304;12;542;456;332;[0.323529,0.514706,0.161765];[0.635135,0.25,0.114865];[0.477273,0.522727,0.0];[0.829268,0.109756,0.060976];[0.372340425532,0.0425531914894,0.297872340426,0.287234042553];1;804.0;0.384523850516;1673;51;0.16666666666666666;1.1666666666666667;63.73;33.333333333333336;70.27333333333333;9.75;22.166666666666668;21.916666666666668;4.32;0.0;1.7;0.2966666666666667;2.0;0.37000000000000005;2.28;3.8333333333333335;7.75
11286;zone50;4697.410406890209;3639.1027396354093;0.0;zone50;S01010305;7;807;694;478;[0.36036,0.468468,0.171171];[0.553191,0.33617,0.110638];[0.409639,0.301205,0.289157];[0.589888,0.337079,0.073034];[0.198529411765,0.0735294117647,0.382352941176,0.345588235294];1;223.0;-0.28282788147;562;32;0.18285714285714286;1.8571428571428572;45.04;32.57142857142857;72.96000000000001;11.714285714285714;24.0;15.142857142857142;6.582857142857143;0.0;1.9257142857142857;0.5542857142857143;1.0857142857142859;0.2914285714285715;2.537142857142857;7.428571428571429;9.714285714285714
11286;zone51;4591.3082521834585;3868.367573740388;0.0;zone51;S01010306;13;752;675;449;[0.35625,0.56875,0.075];[0.570588,0.355882,0.073529];[0.283019,0.566038,0.150943];[0.650943,0.330189,0.018868];[0.165680473373,0.0473372781065,0.479289940828,0.307692307692];2;238.0;-0.265781391166;700;72;0.20923076923076922;2.0;45.209230769230764;44.07692307692308;71.19692307692307;10.307692307692308;22.615384615384617;15.23076923076923;6.40923076923077;0.0;2.6092307692307695;0.7415384615384613;1.6030769230769233;0.2984615384615385;1.446153846153846;8.076923076923077;10.846153846153847
11286;zone52;4503.72067559025;3742.2957906521283;0.0;zone52;S01010307;9;821;732;428;[0.189922,0.577519,0.232558];[0.407407,0.487654,0.104938];[0.346154,0.538462,0.115385];[0.71875,0.234375,0.046875];[0.0681818181818,0.0568181818182,0.375,0.5];5;319.0;-0.172537833795;433;48;0.20444444444444446;2.888888888888889;40.42222222222222;42.666666666666664;68.15555555555557;8.444444444444445;22.0;13.88888888888889;5.777777777777778;0.0;2.4444444444444446;1.3599999999999999;0.9866666666666666;0.2222222222222222;0.8577777777777779;10.222222222222221;10.0
11286;zone53;4364.519870735056;4047.768725526131;0.0;zone53;S01010308;9;975;858;480;[0.285714,0.54007,0.174216];[0.511936,0.384615,0.103448];[0.254902,0.411765,0.333333];[0.648352,0.307692,0.043956];[0.0970873786408,0.0631067961165,0.359223300971,0.480582524272];4;257.0;-0.244477582955;992;49;0.20444444444444446;1.7777777777777777;53.92444444444444;45.888888888888886;79.81777777777778;11.666666666666666;24.0;18.555555555555557;5.168888888888889;0.0;4.955555555555555;1.0755555555555556;2.2844444444444445;0.29333333333333333;1.7377777777777779;8.333333333333334;13.11111111111111
11286;zone54;5381.88771051669;3636.3205112402793;0.0;zone54;S01010309;4;419;356;264;[0.333333,0.25,0.416667];[0.478873,0.422535,0.098592];[0.352941,0.382353,0.264706];[0.705882,0.24183,0.052288];[0.365853658537,0.170731707317,0.390243902439,0.0731707317073];1;0.0;-0.540229885057;2327;14;0.13;2.25;61.61999999999999;27.5;75.47999999999999;11.25;23.75;21.25;2.55;0.0;1.8599999999999999;0.3;3.05;0.18000000000000002;2.14;7.75;7.5
11286;zone55;5657.373406240428;3625.6586165034923;0.0;zone55;S01010310;13;706;540;381;[0.333333,0.238095,0.428571];[0.565517,0.337931,0.096552];[0.54902,0.27451,0.176471];[0.715415,0.256917,0.027668];[0.484848484848,0.151515151515,0.318181818182,0.0454545454545];1;574.0;0.120406534162;765;44;0.12923076923076923;1.5384615384615385;49.080000000000005;32.07692307692308;62.26153846153847;9.23076923076923;21.76923076923077;16.615384615384617;1.2769230769230768;0.0;1.8707692307692307;0.24923076923076926;3.0153846153846144;0.3661538461538463;1.713846153846154;4.615384615384615;6.0
11286;zone56;5685.425126382168;3318.6970593171873;0.0;zone56;S01010311;22;721;556;351;[0.411765,0.352941,0.235294];[0.472222,0.453704,0.074074];[0.571429,0.404762,0.02381];[0.717949,0.271062,0.010989];[0.565217391304,0.121739130435,0.269565217391,0.0434782608696];1;1534.0;1.22364271569;1717;86;0.14727272727272728;1.2272727272727273;63.04363636363637;30.363636363636363;70.93818181818182;10.227272727272727;22.545454545454547;21.772727272727273;2.2672727272727276;0.0;2.4436363636363634;0.1109090909090909;2.9345454545454555;0.3218181818181819;2.48;4.2272727272727275;7.181818181818182
11286;zone57;5466.52613028024;3072.1402274564575;0.0;zone57;S01010312;34;868;647;425;[0.117647,0.823529,0.058824];[0.754386,0.22807,0.017544];[0.407407,0.444444,0.148148];[0.804945,0.153846,0.041209];[0.586956521739,0.115942028986,0.268115942029,0.0289855072464];1;685.0;0.247477927043;1716;119;0.13176470588235295;0.9705882352941176;61.917647058823526;33.1764705882353;70.8564705882353;10.382352941176471;22.647058823529413;21.205882352941178;2.0611764705882356;0.0;3.223529411764705;0.07647058823529412;2.9270588235294115;0.5176470588235293;2.5682352941176476;3.6470588235294117;7.882352941176471
11286;zone58;5251.7403530303945;3502.549209042501;0.0;zone58;S01010313;16;654;529;356;[0.428571,0.285714,0.285714];[0.6,0.333333,0.066667];[0.433735,0.481928,0.084337];[0.739623,0.162264,0.098113];[0.648351648352,0.131868131868,0.175824175824,0.043956043956];1;565.0;0.109617915218;2107;65;0.15;1.25;72.09999999999998;39.0;75.35500000000002;9.75;22.5625;24.6875;3.22;0.0;3.3025;0.08;3.0974999999999997;0.3700000000000001;2.2775000000000003;4.25;9.25
11286;zone59;4840.312157862589;3385.4448126102257;0.0;zone59;S01010314;21;1248;1034;550;[0.358209,0.507463,0.134328];[0.514493,0.333333,0.152174];[0.5,0.326923,0.173077];[0.636,0.324,0.04];[0.316901408451,0.133802816901,0.401408450704,0.147887323944];1;637.0;0.192402372167;1253;78;0.14666666666666667;1.4761904761904763;47.26857142857142;31.285714285714285;68.77904761904762;11.238095238095237;22.857142857142858;16.142857142857142;3.811428571428572;0.0;3.278095238095238;0.3923809523809524;1.4723809523809523;0.28380952380952384;1.8057142857142858;5.666666666666667;8.428571428571429
11286;zone60;4536.293429266749;2504.1273706154316;0.0;zone60;S01010315;43;911;678;409;[0.180723,0.554217,0.26506];[0.252632,0.457895,0.289474];[0.208333,0.5,0.291667];[0.55144,0.345679,0.102881];[0.308176100629,0.169811320755,0.358490566038,0.163522012579];2;382.0;-0.100954860853;1640;208;0.18232558139534882;1.3488372093023255;50.049302325581394;37.55813953488372;68.61116279069766;10.116279069767442;22.813953488372093;17.046511627906977;4.271627906976745;0.0;2.1525581395348836;0.00651162790697674;3.3339534883720927;0.2902325581395348;1.9497674418604651;4.976744186046512;9.255813953488373
11286;zone61;4589.6619547948285;2943.195659127726;0.0;zone61;S01010316;25;512;414;304;[0.392157,0.529412,0.078431];[0.62931,0.37069,0.0];[0.439024,0.560976,0.0];[0.775401,0.224599,0.0];[0.439252336449,0.102803738318,0.252336448598,0.205607476636];1;481.0;0.0128180141103;1252;112;0.1744;1.28;49.638400000000004;35.36;68.4272;10.68;22.84;16.68;3.3487999999999998;0.0;3.3439999999999994;0.1184;2.4400000000000004;0.368;2.0864000000000003;4.84;8.72
11286;zone63;4421.5566371748755;3071.026327566895;0.0;zone63;S01010318;12;1588;1497;304;[0.5,0.456522,0.043478];[0.469799,0.47651,0.053691];[0.310345,0.37931,0.310345];[0.678571,0.285714,0.035714];[0.36,0.14,0.34,0.16];3;317.0;-0.175110645645;1104;63;0.20666666666666667;1.5833333333333333;53.896666666666675;39.333333333333336;76.88333333333333;11.0;23.583333333333332;18.25;6.066666666666666;0.0;4.203333333333332;0.54;1.5233333333333334;0.3866666666666667;1.74;7.5;12.0
11286;zone64;4173.240913470097;2893.8040771744095;0.0;zone64;S01010319;9;711;624;407;[0.258741,0.608392,0.132867];[0.383399,0.486166,0.130435];[0.439394,0.212121,0.348485];[0.530769,0.384615,0.084615];[0.171974522293,0.0700636942675,0.471337579618,0.286624203822];2;473.0;0.00423719084943;1449;33;0.13777777777777778;1.5555555555555556;50.004444444444445;35.44444444444444;68.00888888888889;9.666666666666666;22.444444444444443;16.77777777777778;4.431111111111111;0.0;2.982222222222222;0.2;1.2844444444444447;0.48000000000000004;1.6888888888888889;6.222222222222222;8.333333333333334
11286;zone65;3940.1918462749595;2900.8899784533987;0.0;zone65;S01010320;4;675;594;437;[0.257813,0.523438,0.21875];[0.61753,0.298805,0.083665];[0.526316,0.22807,0.245614];[0.805085,0.169492,0.025424];[0.172185430464,0.0662251655629,0.443708609272,0.317880794702];1;646.0;0.202453315259;1205;16;0.16;1.75;45.96;40.0;68.32;9.25;22.0;15.25;6.120000000000001;0.0;2.51;0.27;1.6800000000000002;0.41000000000000003;1.7599999999999998;7.0;10.25
11286;zone66;3905.8658739096163;2664.6669636212755;0.0;zone66;S01010321;7;837;634;432;[0.401709,0.555556,0.042735];[0.54717,0.433962,0.018868];[0.45122,0.439024,0.109756];[0.666667,0.271186,0.062147];[0.212328767123,0.0958904109589,0.390410958904,0.301369863014];1;1019.0;0.631764531736;1865;21;0.10857142857142857;1.4285714285714286;76.02285714285715;36.142857142857146;80.4857142857143;10.428571428571429;23.285714285714285;25.857142857142858;4.76;0.0;4.365714285714286;0.0;2.474285714285714;0.5371428571428571;2.245714285714286;5.0;11.285714285714286
11286;zone67;3630.3978644730896;3132.1651121578075;0.0;zone67;S01010322;9;1028;914;549;[0.174419,0.549419,0.276163];[0.412399,0.471698,0.115903];[0.298507,0.38806,0.313433];[0.647059,0.323529,0.029412];[0.057268722467,0.0352422907489,0.449339207048,0.458149779736];5;124.0;-0.397569575369;1468;62;0.27111111111111114;1.5555555555555556;41.03555555555556;52.0;78.43111111111112;11.666666666666666;24.0;13.777777777777779;4.764444444444444;0.0;10.035555555555556;0.19111111111111112;2.697777777777778;0.4088888888888889;2.2044444444444444;7.0;17.11111111111111
11286;zone68;6208.193116766784;3072.425066795916;0.0;zone68;S01010323;4;603;466;377;[0.555556,0.444444,0.0];[0.657143,0.271429,0.071429];[0.642857,0.321429,0.035714];[0.793651,0.166667,0.039683];[0.578431372549,0.166666666667,0.235294117647,0.0196078431373];1;970.0;0.57559463238;830;12;0.11;2.0;43.11;31.0;61.11;8.5;20.75;15.0;4.65;0.0;0.36;0.0;1.7899999999999998;0.26999999999999996;1.4300000000000002;6.5;6.25
11286;zone69;6517.651722029823;2240.572579661372;0.0;zone69;S01010324;6;759;566;403;[0.142857,0.571429,0.285714];[0.298077,0.490385,0.211538];[0.333333,0.530864,0.135802];[0.401674,0.414226,0.1841];[0.569620253165,0.101265822785,0.291139240506,0.0379746835443];1;407.0;-0.0721601679586;1666;22;0.14666666666666667;1.3333333333333333;51.84;27.833333333333332;72.79333333333334;13.166666666666666;24.166666666666668;17.5;2.3466666666666667;0.0;0.9733333333333333;0.0;4.046666666666666;0.2733333333333334;2.3733333333333335;5.833333333333333;7.166666666666667
11286;zone70;6038.016041009105;2402.8415869980217;0.0;zone70;S01010325;18;939;666;501;[0.263158,0.368421,0.368421];[0.383838,0.525253,0.090909];[0.253623,0.615942,0.130435];[0.451362,0.463035,0.085603];[0.545454545455,0.238636363636,0.193181818182,0.0227272727273];1;225.0;-0.281126582053;1395;66;0.14;1.4444444444444444;45.97111111111111;26.666666666666668;61.76222222222221;9.666666666666666;21.833333333333332;15.444444444444445;1.78;0.0;0.6422222222222221;0.0;2.84;0.40222222222222226;1.9866666666666666;5.333333333333333;4.777777777777778
11286;zone71;5272.359331052501;2740.775131541117;0.0;zone71;S01010326;39;987;707;494;[0.526316,0.368421,0.105263];[0.522523,0.333333,0.144144];[0.492188,0.3125,0.195313];[0.723514,0.224806,0.05168];[0.54375,0.16875,0.23125,0.05625];1;1389.0;1.05701743376;985;131;0.1282051282051282;1.2307692307692308;47.23384615384616;31.487179487179485;68.63897435897435;11.35897435897436;23.0;16.025641025641026;1.7056410256410255;0.0;5.208205128205129;0.0;2.126153846153846;0.3251282051282051;2.33948717948718;4.871794871794871;8.564102564102564
11286;zone72;4970.167032608406;2501.795090448298;0.0;zone72;S01010327;34;982;660;362;[0.031746,0.507937,0.460317];[0.372881,0.432203,0.194915];[0.289063,0.328125,0.382813];[0.516892,0.347973,0.135135];[0.416184971098,0.21387283237,0.236994219653,0.132947976879];1;470.0;0.000335688704598;1033;140;0.1588235294117647;1.5294117647058822;44.18705882352941;29.941176470588236;70.6894117647059;11.794117647058824;23.5;15.029411764705882;2.328235294117647;0.0;5.376470588235294;0.0;1.772941176470588;0.388235294117647;2.1999999999999997;6.617647058823529;8.882352941176471
11286;zone73;5975.307390960257;2677.5485166167286;0.0;zone73;S01010328;24;969;706;445;[0.16129,0.5,0.33871];[0.27044,0.471698,0.257862];[0.192547,0.434783,0.372671];[0.338983,0.432203,0.228814];[0.309352517986,0.258992805755,0.280575539568,0.151079136691];2;457.0;-0.0138550124678;2015;83;0.135;1.7083333333333333;39.656666666666666;29.041666666666668;65.44;10.708333333333334;22.958333333333332;13.625;2.146666666666667;0.0;1.1383333333333334;0.0;3.664999999999999;0.2800000000000001;2.1700000000000004;6.958333333333333;6.458333333333333
