cycle;name;location.x;location.y;location.z;name;dataZone;nm_children;pop;over16;nm_hh;AB_car_prob;C1_car_prob;C2_car_prob;DE_car_prob;prob_social;simd;crimeRate;norm_crime;avg_dis_sh;neigh_play;daily_play_per_child;avg_FSA;avg_walk;daily_OD;zone_mvpa;mvpa_home;mvpa_sc;mvpa_road;mvpa_play_field;mvpa_home_garden;mvpa_park;mvpa_PG;mvpa_amenity;mvpa_shops;mvpa_F_home;mvpa_fsa;mvpa_OD
11286;zone0;8448.90275962388;2625.4515469546564;0.0;zone0;S01010195;19;531;390;212;[0.0,0.481481,0.518519];[0.261538,0.646154,0.092308];[0.12,0.59,0.29];[0.447368,0.368421,0.184211];[0.418918918919,0.283783783784,0.202702702703,0.0945945945946];1;0.0;-0.540229885057;1076;62;0.12631578947368421;1.631578947368421;40.94105263157895;25.526315789473685;70.14736842105263;13.052631578947368;24.157894736842106;13.842105263157896;0.9031578947368422;0.0;3.4105263157894736;0.05052631578947368;2.926315789473684;0.4336842105263158;2.1515789473684213;7.315789473684211;6.7368421052631575
11286;zone1;8656.736904000718;2165.9902346445633;0.0;zone1;S01010198;18;1027;748;394;[0.058824,0.529412,0.411765];[0.305785,0.561983,0.132231];[0.219858,0.496454,0.283688];[0.523179,0.331126,0.145695];[0.48623853211,0.229357798165,0.266055045872,0.0183486238532];1;1609.0;1.3102524676;1360;50;0.1111111111111111;1.2222222222222223;38.14888888888889;23.88888888888889;60.708888888888886;11.11111111111111;22.22222222222222;12.722222222222221;1.0066666666666668;0.0;2.286666666666667;0.13555555555555554;2.0177777777777774;0.33111111111111113;2.744444444444445;4.5;4.833333333333333
11286;zone2;8537.588755655543;3024.028900129281;0.0;zone2;S01010201;22;643;453;253;[0.0,0.47619,0.52381];[0.270833,0.3125,0.416667];[0.088,0.48,0.432];[0.296552,0.434483,0.268966];[0.365853658537,0.292682926829,0.292682926829,0.0487804878049];2;219.0;-0.28762447053;885;96;0.1709090909090909;1.5454545454545454;35.31090909090909;31.136363636363637;66.48909090909092;11.772727272727273;23.454545454545453;11.727272727272727;0.6472727272727273;0.0;4.138181818181817;0.14727272727272728;3.4236363636363634;0.3963636363636365;2.1436363636363636;7.090909090909091;7.909090909090909
11286;zone3;8059.42097232239;3767.666522351409;0.0;zone3;S01010203;30;671;504;260;[0.090909,0.363636,0.545455];[0.263804,0.460123,0.276074];[0.094828,0.422414,0.482759];[0.183824,0.375,0.441176];[0.272727272727,0.218181818182,0.363636363636,0.145454545455];3;215.0;-0.292668818285;1968;98;0.12933333333333333;1.3;47.137333333333316;32.0;67.64133333333334;10.9;23.0;15.833333333333334;2.2466666666666666;0.0;2.5573333333333332;0.0;3.1106666666666674;0.44400000000000006;2.6373333333333333;5.1;7.5
11286;zone4;8368.288440296214;3565.498290652094;0.0;zone4;S01010204;30;800;589;381;[0.272727,0.727273,0.0];[0.627451,0.27451,0.098039];[0.444444,0.533333,0.022222];[0.600619,0.321981,0.077399];[0.595041322314,0.157024793388,0.239669421488,0.00826446280992];1;497.0;0.0317745673598;1262;95;0.12266666666666666;1.0666666666666667;37.66266666666665;30.233333333333334;62.431999999999995;10.9;22.533333333333335;12.833333333333334;1.258666666666667;0.0;2.965333333333333;0.04533333333333334;3.2253333333333343;0.47200000000000003;2.5159999999999996;3.966666666666667;6.966666666666667
11286;zone5;8034.229745798958;3515.110462853287;0.0;zone5;S01010205;15;658;534;355;[0.411765,0.117647,0.470588];[0.465116,0.457364,0.077519];[0.317757,0.588785,0.093458];[0.593458,0.280374,0.126168];[0.466666666667,0.2,0.3,0.0333333333333];1;925.0;0.523434132086;1257;60;0.14933333333333335;1.8;36.32;26.666666666666668;59.218666666666664;9.333333333333334;21.533333333333335;12.266666666666667;0.9706666666666667;0.0;2.701333333333334;0.0;2.1653333333333333;0.32266666666666666;1.8;6.533333333333333;5.333333333333333
11286;zone6;7457.064719570519;3739.055375726369;0.0;zone6;S01010208;18;903;745;565;[0.30137,0.589041,0.109589];[0.48062,0.457364,0.062016];[0.272727,0.613636,0.113636];[0.66055,0.270642,0.068807];[0.233333333333,0.133333333333,0.461111111111,0.172222222222];1;603.0;0.153385979085;1381;46;0.09333333333333334;1.3888888888888888;42.25111111111111;28.27777777777778;65.88666666666667;11.555555555555555;22.944444444444443;14.166666666666666;2.0488888888888885;0.0;1.9822222222222219;0.0;2.8488888888888884;0.4111111111111112;1.9933333333333332;6.055555555555555;6.388888888888889
11286;zone7;7917.838214725937;1939.334458859395;0.0;zone7;S01010209;24;966;677;468;[0.172414,0.586207,0.241379];[0.333333,0.414966,0.251701];[0.381944,0.458333,0.159722];[0.545852,0.336245,0.117904];[0.337931034483,0.248275862069,0.303448275862,0.110344827586];1;2053.0;1.82052250092;1656;58;0.09;1.75;48.254999999999995;26.625;67.42833333333334;10.0;22.666666666666668;16.458333333333332;0.7166666666666665;0.0;3.311666666666666;0.0;2.5749999999999997;0.30666666666666675;2.1183333333333327;7.5;6.125
11286;zone8;7878.406567747077;2721.2634132011362;0.0;zone8;S01010210;18;885;641;416;[0.173913,0.456522,0.369565];[0.21519,0.5,0.28481];[0.189781,0.386861,0.423358];[0.422111,0.442211,0.135678];[0.394736842105,0.236842105263,0.254385964912,0.114035087719];1;344.0;-0.144253829852;1270;65;0.14;1.2222222222222223;42.33555555555555;32.666666666666664;66.91111111111111;10.722222222222221;22.77777777777778;14.38888888888889;1.6111111111111112;0.0;3.7266666666666666;0.0;2.9266666666666663;0.4066666666666668;2.913333333333334;5.555555555555555;7.833333333333333
11286;zone9;7785.599648345685;3201.783800714137;0.0;zone9;S01010211;22;858;634;452;[0.147059,0.705882,0.147059];[0.384615,0.452991,0.162393];[0.469565,0.4,0.130435];[0.722656,0.226563,0.050781];[0.473214285714,0.169642857143,0.285714285714,0.0714285714286];1;430.0;-0.0456985893816;1101;97;0.16545454545454547;0.7727272727272727;43.2309090909091;35.68181818181818;66.22727272727272;10.909090909090908;23.272727272727273;14.727272727272727;2.485454545454545;0.0;3.2018181818181817;0.0;3.7981818181818183;0.3654545454545455;2.4490909090909088;3.1818181818181817;9.045454545454545
11286;zone10;7580.688680869333;3097.127786881416;0.0;zone10;S01010212;49;1083;779;559;[0.233333,0.633333,0.133333];[0.594771,0.339869,0.065359];[0.465517,0.405172,0.12931];[0.712821,0.269231,0.017949];[0.566037735849,0.138364779874,0.22641509434,0.0691823899371];1;1473.0;1.15298517036;1125;217;0.1673469387755102;1.1020408163265305;44.7730612244898;35.55102040816327;68.87102040816328;11.0;23.367346938775512;15.26530612244898;2.3567346938775504;0.0;3.6889795918367345;0.0;3.812244897959184;0.3224489795918367;2.536326530612245;4.959183673469388;9.36734693877551
11286;zone11;8065.177293237223;3111.5884965344962;0.0;zone11;S01010213;13;924;657;476;[0.105263,0.684211,0.210526];[0.382609,0.547826,0.069565];[0.218543,0.556291,0.225166];[0.467925,0.483019,0.049057];[0.451327433628,0.221238938053,0.274336283186,0.0530973451327];1;247.0;-0.255840453357;1133;43;0.12615384615384614;1.5384615384615385;40.39076923076924;23.53846153846154;61.50769230769232;10.153846153846153;21.846153846153847;13.846153846153847;0.7292307692307691;0.0;2.713846153846154;0.03384615384615385;1.9323076923076923;0.36000000000000004;1.8492307692307695;6.3076923076923075;4.923076923076923
11286;zone12;7144.994858230166;1947.4125453867302;0.0;zone12;S01010214;27;967;717;396;[0.098592,0.28169,0.619718];[0.197531,0.438272,0.364198];[0.173333,0.493333,0.333333];[0.237069,0.487069,0.275862];[0.361344537815,0.210084033613,0.310924369748,0.117647058824];3;176.0;-0.337854473183;1998;77;0.1111111111111111;1.6666666666666667;47.40888888888889;29.962962962962962;65.28888888888888;9.88888888888889;22.37037037037037;16.074074074074073;2.1792592592592595;0.0;2.225185185185185;0.0;2.9481481481481486;0.3481481481481482;1.9451851851851854;5.518518518518518;6.962962962962963
11286;zone13;7013.590150664996;2618.495528189446;0.0;zone13;S01010215;24;850;608;492;[0.571429,0.285714,0.142857];[0.5,0.431373,0.068627];[0.382609,0.391304,0.226087];[0.678571,0.269841,0.051587];[0.467289719626,0.140186915888,0.345794392523,0.0467289719626];1;547.0;0.0886083430805;584;91;0.14333333333333334;1.375;36.99666666666666;32.708333333333336;67.51666666666667;11.916666666666666;23.541666666666668;12.416666666666666;1.5683333333333331;0.0;2.356666666666666;0.0;4.960000000000001;0.39333333333333337;2.4666666666666663;6.208333333333333;8.375
11286;zone14;7332.222205807836;2329.961970144465;0.0;zone14;S01010216;15;621;464;361;[0.6,0.4,0.0];[0.597701,0.356322,0.045977];[0.409091,0.439394,0.151515];[0.709544,0.273859,0.016598];[0.5,0.163265306122,0.265306122449,0.0714285714286];1;600.0;0.150092344085;1295;48;0.12;1.8666666666666667;48.92000000000001;26.2;76.77600000000001;12.6;24.866666666666667;16.6;1.9440000000000004;0.0;3.256;0.0;3.496;0.3306666666666667;2.6959999999999997;9.2;8.266666666666667
11286;zone15;7299.833172322251;2625.8610945736937;0.0;zone15;S01010217;33;817;598;406;[0.16129,0.516129,0.322581];[0.565517,0.4,0.034483];[0.5,0.431373,0.068627];[0.702703,0.283784,0.013514];[0.541935483871,0.0967741935484,0.296774193548,0.0645161290323];1;1060.0;0.679274950851;978;153;0.17696969696969697;1.1818181818181819;40.081212121212126;37.484848484848484;63.77454545454545;10.424242424242424;22.515151515151516;13.393939393939394;1.538181818181818;0.0;3.210909090909092;0.0;4.149090909090909;0.3103030303030303;2.482424242424243;4.121212121212121;8.424242424242424
11286;zone16;7142.953643082513;3018.5401822929393;0.0;zone16;S01010218;31;1018;790;587;[0.425532,0.404255,0.170213];[0.392523,0.453271,0.154206];[0.358209,0.492537,0.149254];[0.589124,0.335347,0.075529];[0.424657534247,0.109589041096,0.369863013699,0.0958904109589];1;557.0;0.101026678737;483;145;0.17548387096774193;0.8709677419354839;34.94580645161291;39.58064516129032;64.0141935483871;11.03225806451613;23.161290322580644;11.774193548387096;2.0374193548387094;0.0;2.4929032258064527;0.0;5.316129032258065;0.455483870967742;2.734193548387097;3.3225806451612905;9.35483870967742
11286;zone17;6738.8937706128745;4298.8917997019325;0.0;zone17;S01010219;21;503;382;274;[0.695652,0.304348,0.0];[0.758621,0.215517,0.025862];[0.761905,0.166667,0.071429];[0.781609,0.195402,0.022989];[0.41935483871,0.0752688172043,0.408602150538,0.0967741935484];2;184.0;-0.327838932938;1445;88;0.1619047619047619;1.4761904761904763;63.66095238095239;34.142857142857146;74.15619047619047;10.047619047619047;22.61904761904762;21.666666666666668;3.935238095238095;0.0;4.15047619047619;0.10857142857142858;1.6685714285714282;0.2780952380952382;2.066666666666667;5.714285714285714;9.476190476190476
11286;zone18;5915.780765415368;4211.222876105162;0.0;zone18;S01010220;7;476;433;279;[0.181159,0.608696,0.210145];[0.404255,0.531915,0.06383];[0.227273,0.704545,0.068182];[0.448276,0.482759,0.068966];[0.154545454545,0.0636363636364,0.318181818182,0.463636363636];5;267.0;-0.232306706325;932;53;0.2914285714285714;1.1428571428571428;40.028571428571425;40.42857142857143;66.07428571428571;10.857142857142858;22.571428571428573;13.0;4.994285714285715;0.0;3.8971428571428572;0.4;2.045714285714286;0.3885714285714286;2.1257142857142854;4.0;10.857142857142858
11286;zone19;6341.0811208317455;3913.8398648988496;0.0;zone19;S01010221;13;546;394;260;[0.6,0.4,0.0];[0.557377,0.409836,0.032787];[0.538462,0.323077,0.138462];[0.699387,0.257669,0.042945];[0.609375,0.140625,0.203125,0.046875];1;635.0;0.19005459739;1331;41;0.11692307692307692;1.0;47.941538461538464;29.307692307692307;68.52615384615385;11.461538461538462;23.23076923076923;16.23076923076923;4.443076923076923;0.0;3.3476923076923084;0.22461538461538463;1.3292307692307692;0.5353846153846153;1.978461538461539;3.769230769230769;8.923076923076923
11286;zone20;7001.213463613622;4053.9957950241624;0.0;zone20;S01010222;15;492;414;285;[0.142857,0.5,0.357143];[0.432432,0.459459,0.108108];[0.348624,0.522936,0.12844];[0.747899,0.235294,0.016807];[0.345238095238,0.214285714286,0.309523809524,0.130952380952];1;377.0;-0.105830277325;1762;40;0.09866666666666667;1.6666666666666667;47.13866666666665;25.666666666666668;65.664;10.533333333333333;22.6;16.066666666666666;1.7706666666666668;0.0;2.048;0.0;2.1546666666666665;0.312;2.1653333333333333;6.4;5.466666666666667
11286;zone21;6986.8418912765155;3434.1450308482026;0.0;zone21;S01010223;4;556;462;337;[0.076923,0.538462,0.384615];[0.567797,0.330508,0.101695];[0.472222,0.444444,0.083333];[0.584699,0.36612,0.04918];[0.432432432432,0.162162162162,0.324324324324,0.0810810810811];1;439.0;-0.0353356041414;1500;9;0.09;1.0;68.43;29.5;70.30000000000001;10.0;22.25;22.75;0.92;0.0;2.78;0.0;3.38;0.53;2.0900000000000003;3.5;6.5
11286;zone22;6247.397837456437;3329.661273309237;0.0;zone22;S01010224;40;1036;727;469;[0.405405,0.540541,0.054054];[0.592593,0.274074,0.133333];[0.418803,0.504274,0.076923];[0.768421,0.202632,0.028947];[0.506097560976,0.140243902439,0.268292682927,0.0853658536585];1;1004.0;0.614259332793;1016;127;0.125;1.725;53.218;23.575;67.16599999999998;10.05;22.225;18.225;3.1250000000000004;0.0;1.9149999999999991;0.062;1.282;0.32800000000000007;1.6680000000000004;6.6;6.0
11286;zone23;7827.985844039554;4105.4701191949;0.0;zone23;S01010225;33;812;636;431;[0.25,0.634615,0.115385];[0.469072,0.43299,0.097938];[0.54023,0.413793,0.045977];[0.672065,0.234818,0.093117];[0.385185185185,0.125925925926,0.325925925926,0.162962962963];1;1006.0;0.616572011517;1634;105;0.12242424242424242;1.303030303030303;58.849696969696986;31.96969696969697;70.5830303030303;10.06060606060606;22.818181818181817;19.939393939393938;2.4521212121212117;0.0;3.395151515151515;0.0;2.523636363636364;0.3903030303030303;1.8933333333333333;5.424242424242424;7.909090909090909
11286;zone24;7040.363001382077;4481.052780471187;0.0;zone24;S01010226;40;816;565;394;[0.454545,0.242424,0.30303];[0.715385,0.2,0.084615];[0.540541,0.405405,0.054054];[0.766917,0.18797,0.045113];[0.503355704698,0.201342281879,0.221476510067,0.0738255033557];2;422.0;-0.0548014077425;1030;227;0.22;1.35;47.165;42.375;71.768;10.625;22.95;15.975;5.472;0.0;4.671999999999999;0.16299999999999998;2.0389999999999997;0.37799999999999995;2.0440000000000005;5.725;11.925
11286;zone25;6847.772309074456;4638.663588163389;0.0;zone25;S01010227;39;692;454;294;[0.413793,0.413793,0.172414];[0.704545,0.238636,0.056818];[0.654545,0.345455,0.0];[0.810606,0.159091,0.030303];[0.672268907563,0.0924369747899,0.159663865546,0.0756302521008];4;0.0;-0.540229885057;1022;291;0.28717948717948716;1.3333333333333333;49.16205128205129;53.69230769230769;76.23076923076921;10.564102564102564;23.05128205128205;16.76923076923077;3.460512820512821;0.0;10.827692307692308;0.2153846153846154;2.1384615384615384;0.33435897435897444;2.10051282051282;4.9743589743589745;16.076923076923077
11286;zone26;8241.816993110848;4572.457656401622;0.0;zone26;S01010229;30;1016;787;508;[0.1,0.625,0.275];[0.350877,0.350877,0.298246];[0.348315,0.477528,0.174157];[0.565217,0.310559,0.124224];[0.420731707317,0.213414634146,0.292682926829,0.0731707317073];1;395.0;-0.0859445809966;1275;87;0.112;1.5333333333333334;44.84266666666667;25.4;65.97200000000001;10.966666666666667;22.766666666666666;15.266666666666667;1.6786666666666663;0.0;3.314666666666666;0.14266666666666666;1.756;0.38133333333333336;2.186666666666667;5.766666666666667;6.433333333333334
11286;zone27;7458.320056766788;4680.341251240345;0.0;zone27;S01010230;24;1005;772;577;[0.314286,0.628571,0.057143];[0.703883,0.296117,0.0];[0.727273,0.218182,0.054545];[0.71831,0.24507,0.03662];[0.517857142857,0.136904761905,0.267857142857,0.077380952381];1;846.0;0.433218203459;749;88;0.13666666666666666;1.7083333333333333;43.37333333333333;30.083333333333332;66.89500000000001;10.583333333333334;22.625;14.666666666666666;1.3466666666666667;0.0;4.06;0.07;2.168333333333333;0.2833333333333334;2.0333333333333337;7.083333333333333;7.083333333333333
11286;zone28;7569.802990100143;4917.458811240416;0.0;zone28;S01010232;37;1074;792;485;[0.457143,0.485714,0.057143];[0.557292,0.338542,0.104167];[0.492063,0.333333,0.174603];[0.654229,0.251244,0.094527];[0.470297029703,0.153465346535,0.306930693069,0.0693069306931];1;771.0;0.347049794199;1020;144;0.15243243243243243;1.6756756756756757;43.351351351351354;36.0;66.88756756756756;10.297297297297296;22.594594594594593;14.675675675675675;1.8108108108108112;0.0;3.607567567567568;0.15783783783783786;3.211891891891892;0.2691891891891891;1.8918918918918919;6.648648648648648;8.35135135135135
11286;zone29;7830.713068379679;4879.746446724283;0.0;zone29;S01010233;33;970;705;476;[0.275,0.625,0.1];[0.655629,0.245033,0.099338];[0.52809,0.426966,0.044944];[0.771505,0.212366,0.016129];[0.587209302326,0.093023255814,0.261627906977,0.0581395348837];1;284.0;-0.213781821634;1275;130;0.15272727272727274;1.4545454545454546;59.835151515151516;34.39393939393939;71.88969696969697;10.303030303030303;22.96969696969697;20.393939393939394;1.927272727272727;0.0;3.1309090909090913;0.12;3.5745454545454542;0.25818181818181823;2.15878787878788;5.333333333333333;8.333333333333334
11286;zone30;6473.383843181837;4954.519765957263;0.0;zone30;S01010261;6;2551;2373;526;[0.666667,0.270833,0.0625];[0.675841,0.281346,0.042813];[0.75,0.25,0.0];[0.824468,0.164894,0.010638];[0.41,0.06,0.41,0.12];3;176.0;-0.337679921334;1461;27;0.17333333333333334;0.6666666666666666;64.44666666666667;47.333333333333336;76.54666666666667;11.5;23.833333333333332;21.333333333333332;5.726666666666667;0.0;2.4133333333333336;0.04;4.526666666666666;0.18666666666666665;2.386666666666667;2.6666666666666665;12.0
11286;zone31;4930.642193689802;4959.449818932565;0.0;zone31;S01010266;3;555;474;237;[0.320755,0.556604,0.122642];[0.677273,0.254545,0.068182];[0.5,0.461538,0.038462];[0.534247,0.30137,0.164384];[0.141176470588,0.0588235294118,0.4,0.4];3;536.0;0.0761386922126;1013;16;0.21333333333333335;1.6666666666666667;58.413333333333334;39.0;82.39999999999999;13.666666666666666;25.333333333333332;20.333333333333332;2.6266666666666665;0.0;2.6266666666666665;2.1999999999999997;3.2399999999999998;0.17333333333333334;1.4933333333333334;9.333333333333334;10.0
11286;zone32;5712.5549897826;4979.400336637217;0.0;zone32;S01010270;4;1153;972;817;[0.389831,0.533898,0.076271];[0.70255,0.252125,0.045326];[0.714286,0.272727,0.012987];[0.771552,0.228448,0.0];[0.125,0.0909090909091,0.454545454545,0.329545454545];1;871.0;0.461200629557;1877;3;0.03;2.5;68.92;23.25;68.15;7.75;21.0;23.5;2.6;0.0;0.37;0.0;1.7400000000000002;0.32;0.9199999999999999;8.25;4.25
11286;zone33;3394.0723536088512;4934.677182292946;0.0;zone33;S01010282;13;976;841;645;[0.438776,0.520408,0.040816];[0.545732,0.405488,0.04878];[0.521277,0.382979,0.095745];[0.712707,0.232044,0.055249];[0.190954773869,0.070351758794,0.35175879397,0.386934673367];2;350.0;-0.137812028107;1320;35;0.10153846153846154;2.1538461538461537;53.32923076923077;27.384615384615383;69.66461538461539;9.846153846153847;22.0;18.384615384615383;0.9692307692307693;0.0;4.710769230769231;0.52;1.0;0.3230769230769231;1.3907692307692305;8.76923076923077;6.846153846153846
11286;zone34;4385.789287498423;4835.237486850067;0.0;zone34;S01010289;15;771;687;380;[0.130952,0.511905,0.357143];[0.262911,0.502347,0.234742];[0.178571,0.464286,0.357143];[0.410256,0.435897,0.153846];[0.058064516129,0.0322580645161,0.245161290323,0.664516129032];5;259.0;-0.241396294863;1148;80;0.20266666666666666;2.066666666666667;40.27466666666667;44.733333333333334;69.74666666666667;10.666666666666666;22.466666666666665;13.266666666666667;1.5120000000000002;0.0;6.424;1.2853333333333334;1.909333333333333;0.22133333333333335;1.512;8.4;10.533333333333333
11286;zone35;4401.5375624188455;4669.062022109911;0.0;zone35;S01010290;13;546;485;278;[0.198198,0.603604,0.198198];[0.485944,0.449799,0.064257];[0.555556,0.444444,0.0];[0.435897,0.512821,0.051282];[0.10752688172,0.0430107526882,0.494623655914,0.354838709677];3;353.0;-0.133686757747;875;87;0.2553846153846154;1.8461538461538463;44.855384615384615;47.07692307692308;70.49538461538461;9.846153846153847;22.076923076923077;14.923076923076923;1.7815384615384615;0.0;8.553846153846154;1.0276923076923077;2.033846153846154;0.4307692307692308;1.6153846153846152;6.615384615384615;13.0
11286;zone36;4119.983651650423;4281.100418217042;0.0;zone36;S01010291;12;1075;975;481;[0.405594,0.447552,0.146853];[0.627907,0.277132,0.094961];[0.415094,0.433962,0.150943];[0.562963,0.325926,0.111111];[0.197080291971,0.0729927007299,0.445255474453,0.284671532847];3;438.0;-0.0363924713322;872;53;0.17333333333333334;1.3333333333333333;39.989999999999995;38.75;69.21;10.666666666666666;23.5;13.583333333333334;2.8000000000000003;0.0;8.236666666666666;0.42;1.05;0.5300000000000001;2.2133333333333334;4.333333333333333;12.083333333333334
11286;zone37;4399.731076226201;4291.6703625917;0.0;zone37;S01010292;10;890;831;409;[0.348214,0.508929,0.142857];[0.477169,0.420091,0.10274];[0.339286,0.446429,0.214286];[0.55814,0.383721,0.05814];[0.128378378378,0.0540540540541,0.398648648649,0.418918918919];4;323.0;-0.168488563048;1149;53;0.2;2.6;53.660000000000004;44.8;73.48400000000001;8.7;22.0;18.3;2.6;0.0;6.828;0.6200000000000001;1.2240000000000002;0.172;1.064;10.5;10.8
11286;zone38;4514.690807242894;4541.15458266895;0.0;zone38;S01010293;16;839;723;373;[0.51773,0.35461,0.12766];[0.635389,0.262735,0.101877];[0.446809,0.319149,0.234043];[0.514286,0.392857,0.092857];[0.242424242424,0.0606060606061,0.393939393939,0.30303030303];3;290.0;-0.205814991507;1181;90;0.215;1.25;58.285;46.5625;78.83250000000001;11.0625;23.75;20.0625;4.4775;0.0;7.8050000000000015;0.7400000000000002;1.7899999999999998;0.18000000000000002;2.235;5.0;14.3125
11286;zone39;4541.7482834333705;4418.565122351524;0.0;zone39;S01010294;13;690;631;275;[0.242105,0.526316,0.231579];[0.650873,0.214464,0.134663];[0.583333,0.208333,0.208333];[0.414894,0.489362,0.095745];[0.164835164835,0.043956043956,0.494505494505,0.296703296703];4;440.0;-0.0342259463805;945;94;0.27692307692307694;1.1538461538461537;46.32307692307693;55.84615384615385;74.28;10.846153846153847;23.0;15.615384615384615;4.630769230769231;0.0;9.28;0.9907692307692308;1.870769230769231;0.4215384615384616;1.8246153846153845;3.923076923076923;16.307692307692307
11286;zone40;4766.8646917667475;4574.50133624035;0.0;zone40;S01010295;18;974;870;427;[0.384615,0.391026,0.224359];[0.604555,0.310559,0.084886];[0.428571,0.285714,0.285714];[0.390728,0.516556,0.092715];[0.212765957447,0.113475177305,0.297872340426,0.375886524823];4;529.0;0.0680145754747;1329;121;0.26222222222222225;1.3333333333333333;50.46444444444444;54.666666666666664;77.89777777777778;10.61111111111111;23.61111111111111;17.444444444444443;4.180000000000001;0.0;9.54;1.1244444444444446;1.951111111111111;0.4466666666666667;2.0555555555555554;5.277777777777778;16.27777777777778
11286;zone41;4647.752341766679;4736.091736240359;0.0;zone41;S01010296;16;664;560;291;[0.294118,0.423529,0.282353];[0.520913,0.368821,0.110266];[0.375,0.375,0.25];[0.475524,0.391608,0.132867];[0.282828282828,0.111111111111,0.363636363636,0.242424242424];2;856.0;0.444094443477;1436;88;0.2125;1.5;59.0025;36.9375;73.09250000000002;10.3125;22.875;20.125;2.0625000000000004;0.0;5.285;0.91;1.465;0.30500000000000005;1.97;6.0;9.375
11286;zone42;5522.849421766708;4411.996091240393;0.0;zone42;S01010297;7;1066;894;676;[0.582609,0.382609,0.034783];[0.691824,0.245283,0.062893];[0.540541,0.333333,0.126126];[0.681275,0.270916,0.047809];[0.260563380282,0.140845070423,0.37323943662,0.225352112676];1;504.0;0.0391758595379;1071;27;0.14857142857142858;1.5714285714285714;38.50285714285714;26.857142857142858;70.34857142857142;13.142857142857142;23.714285714285715;13.142857142857142;3.948571428571429;0.0;2.1085714285714285;0.39428571428571424;1.8342857142857145;0.5085714285714287;1.9485714285714284;7.857142857142857;7.857142857142857
11286;zone43;4706.481893689814;4143.807995855712;0.0;zone43;S01010298;12;880;677;515;[0.308943,0.479675,0.211382];[0.581395,0.356589,0.062016];[0.539683,0.396825,0.063492];[0.744828,0.193103,0.062069];[0.227272727273,0.0984848484848,0.371212121212,0.30303030303];1;486.0;0.0190902878356;988;52;0.17333333333333334;1.0833333333333333;44.593333333333334;35.833333333333336;64.23;10.416666666666666;21.916666666666668;14.833333333333334;2.94;0.0;5.003333333333334;0.6366666666666668;1.2433333333333332;0.3766666666666667;2.103333333333333;2.9166666666666665;9.333333333333334
11286;zone44;4885.424673909578;4209.645754097502;0.0;zone44;S01010299;4;536;404;292;[0.3,0.54,0.16];[0.556701,0.340206,0.103093];[0.458333,0.520833,0.020833];[0.584906,0.283019,0.132075];[0.428571428571,0.0857142857143,0.285714285714,0.2];1;375.0;-0.10827530326;733;17;0.15;1.0;40.17;29.25;62.660000000000004;11.0;22.5;14.0;4.03;0.0;1.37;0.08;2.09;0.49;2.1;3.0;6.75
11286;zone45;4883.397012115578;4340.414778682246;0.0;zone45;S01010300;21;934;764;478;[0.460784,0.411765,0.127451];[0.664653,0.238671,0.096677];[0.632353,0.323529,0.044118];[0.606383,0.329787,0.06383];[0.3046875,0.125,0.3515625,0.21875];2;513.0;0.0498225801839;739;97;0.17904761904761904;2.0;42.24571428571429;31.80952380952381;68.30857142857143;10.666666666666666;22.761904761904763;14.476190476190476;2.9561904761904763;0.0;3.186666666666666;0.4361904761904762;2.011428571428571;0.23238095238095238;1.6361904761904764;8.142857142857142;8.142857142857142
11286;zone46;5144.66081966521;4032.769083704074;0.0;zone46;S01010301;6;522;457;283;[0.292683,0.597561,0.109756];[0.57563,0.315126,0.109244];[0.222222,0.703704,0.074074];[0.561798,0.393258,0.044944];[0.214285714286,0.0612244897959,0.459183673469,0.265306122449];4;490.0;0.0232745011966;1473;44;0.2733333333333333;1.0;49.01333333333333;52.0;73.35333333333334;10.333333333333334;23.333333333333332;16.0;9.219999999999999;0.0;1.58;0.6066666666666667;3.4666666666666663;0.3666666666666667;2.566666666666667;3.8333333333333335;14.333333333333334
11286;zone47;5165.568789180556;4297.038752619699;0.0;zone47;S01010302;24;669;495;388;[0.65625,0.28125,0.0625];[0.6,0.356522,0.043478];[0.716981,0.226415,0.056604];[0.801802,0.18018,0.018018];[0.582417582418,0.0769230769231,0.263736263736,0.0769230769231];1;392.0;-0.0896499889057;1401;125;0.20333333333333334;1.3333333333333333;57.836666666666666;38.791666666666664;68.305;9.583333333333334;22.0;19.583333333333332;3.9516666666666667;0.0;1.4866666666666672;0.24;2.8699999999999997;0.375;1.7900000000000003;4.666666666666667;8.041666666666666
11286;zone48;5241.140616766716;4139.402270499609;0.0;zone48;S01010303;33;579;387;250;[0.692308,0.153846,0.153846];[0.56701,0.298969,0.134021];[0.630435,0.282609,0.086957];[0.658879,0.285047,0.056075];[0.58407079646,0.106194690265,0.274336283186,0.0353982300885];1;415.0;-0.0627120940391;1384;149;0.17454545454545456;1.0303030303030303;54.06424242424241;37.60606060606061;66.21818181818182;9.212121212121213;21.818181818181817;18.484848484848484;4.9842424242424235;0.0;1.6145454545454547;0.48606060606060614;1.9721212121212126;0.3587878787878787;1.956363636363636;3.727272727272727;8.545454545454545
11286;zone49;4853.647576226233;3833.123065294377;0.0;zone49;S01010304;12;542;456;332;[0.323529,0.514706,0.161765];[0.635135,0.25,0.114865];[0.477273,0.522727,0.0];[0.829268,0.109756,0.060976];[0.372340425532,0.0425531914894,0.297872340426,0.287234042553];1;804.0;0.384523850516;2071;64;0.20666666666666667;1.3333333333333333;42.92333333333334;38.75;69.75666666666667;11.0;23.083333333333332;14.333333333333334;6.356666666666668;0.0;3.0366666666666666;0.37000000000000005;1.986666666666667;0.3033333333333334;1.8866666666666667;5.083333333333333;11.25
11286;zone50;4697.410406890209;3639.1027396354093;0.0;zone50;S01010305;7;807;694;478;[0.36036,0.468468,0.171171];[0.553191,0.33617,0.110638];[0.409639,0.301205,0.289157];[0.589888,0.337079,0.073034];[0.198529411765,0.0735294117647,0.382352941176,0.345588235294];1;223.0;-0.28282788147;526;37;0.2057142857142857;1.8571428571428572;41.55428571428571;30.285714285714285;63.57714285714286;9.285714285714286;22.0;14.142857142857142;3.811428571428572;0.0;1.782857142857143;1.1485714285714284;0.5485714285714286;0.24571428571428575;2.222857142857143;6.285714285714286;6.857142857142857
11286;zone51;4591.3082521834585;3868.367573740388;0.0;zone51;S01010306;13;752;675;449;[0.35625,0.56875,0.075];[0.570588,0.355882,0.073529];[0.283019,0.566038,0.150943];[0.650943,0.330189,0.018868];[0.165680473373,0.0473372781065,0.479289940828,0.307692307692];2;238.0;-0.265781391166;648;86;0.2553846153846154;1.3846153846153846;40.135384615384616;43.23076923076923;67.25538461538461;10.538461538461538;23.076923076923077;13.846153846153847;5.292307692307692;0.0;2.393846153846154;1.8430769230769228;1.3384615384615384;0.483076923076923;1.5815384615384618;5.153846153846154;10.461538461538462
11286;zone52;4503.72067559025;3742.2957906521283;0.0;zone52;S01010307;9;821;732;428;[0.189922,0.577519,0.232558];[0.407407,0.487654,0.104938];[0.346154,0.538462,0.115385];[0.71875,0.234375,0.046875];[0.0681818181818,0.0568181818182,0.375,0.5];5;319.0;-0.172537833795;453;52;0.22666666666666666;1.7777777777777777;38.93333333333334;53.333333333333336;74.88444444444445;12.0;23.666666666666668;13.11111111111111;4.733333333333333;0.0;4.0;4.124444444444444;1.0755555555555556;0.288888888888889;1.7822222222222222;8.222222222222221;13.555555555555555
11286;zone53;4364.519870735056;4047.768725526131;0.0;zone53;S01010308;9;975;858;480;[0.285714,0.54007,0.174216];[0.511936,0.384615,0.103448];[0.254902,0.411765,0.333333];[0.648352,0.307692,0.043956];[0.0970873786408,0.0631067961165,0.359223300971,0.480582524272];4;257.0;-0.244477582955;1393;44;0.18666666666666668;2.4444444444444446;68.43111111111111;50.888888888888886;80.67555555555555;8.777777777777779;22.333333333333332;23.555555555555557;4.533333333333334;0.0;7.057777777777777;1.04;1.3377777777777777;0.23111111111111113;0.9955555555555556;9.0;13.444444444444445
11286;zone54;5381.88771051669;3636.3205112402793;0.0;zone54;S01010309;4;419;356;264;[0.333333,0.25,0.416667];[0.478873,0.422535,0.098592];[0.352941,0.382353,0.264706];[0.705882,0.24183,0.052288];[0.365853658537,0.170731707317,0.390243902439,0.0731707317073];1;0.0;-0.540229885057;2011;11;0.11;1.5;91.05;31.25;85.8;11.5;24.0;31.75;3.4000000000000004;0.0;2.26;0.61;2.99;0.16;2.31;5.25;8.75
11286;zone55;5657.373406240428;3625.6586165034923;0.0;zone55;S01010310;13;706;540;381;[0.333333,0.238095,0.428571];[0.565517,0.337931,0.096552];[0.54902,0.27451,0.176471];[0.715415,0.256917,0.027668];[0.484848484848,0.151515151515,0.318181818182,0.0454545454545];1;574.0;0.120406534162;768;54;0.15692307692307692;1.2307692307692308;42.44923076923077;34.23076923076923;64.63692307692307;10.538461538461538;22.53846153846154;14.384615384615385;3.2923076923076926;0.0;1.7538461538461538;0.6769230769230768;2.5938461538461537;0.3384615384615385;2.356923076923077;4.538461538461538;7.769230769230769
11286;zone56;5685.425126382168;3318.6970593171873;0.0;zone56;S01010311;22;721;556;351;[0.411765,0.352941,0.235294];[0.472222,0.453704,0.074074];[0.571429,0.404762,0.02381];[0.717949,0.271062,0.010989];[0.565217391304,0.121739130435,0.269565217391,0.0434782608696];1;1534.0;1.22364271569;1761;90;0.15818181818181817;1.5454545454545454;64.24363636363637;31.772727272727273;72.69454545454546;10.0;22.59090909090909;21.863636363636363;2.332727272727273;0.0;2.0818181818181816;0.43454545454545457;2.649090909090909;0.29818181818181827;2.0600000000000005;6.7727272727272725;7.090909090909091
11286;zone57;5466.52613028024;3072.1402274564575;0.0;zone57;S01010312;34;868;647;425;[0.117647,0.823529,0.058824];[0.754386,0.22807,0.017544];[0.407407,0.444444,0.148148];[0.804945,0.153846,0.041209];[0.586956521739,0.115942028986,0.268115942029,0.0289855072464];1;685.0;0.247477927043;1657;119;0.13529411764705881;1.1470588235294117;60.68705882352941;32.088235294117645;71.2;10.323529411764707;22.764705882352942;20.823529411764707;2.147058823529411;0.0;2.6470588235294117;0.17294117647058826;3.157647058823529;0.3435294117647059;2.4352941176470595;4.5588235294117645;7.588235294117647
11286;zone58;5251.7403530303945;3502.549209042501;0.0;zone58;S01010313;16;654;529;356;[0.428571,0.285714,0.285714];[0.6,0.333333,0.066667];[0.433735,0.481928,0.084337];[0.739623,0.162264,0.098113];[0.648351648352,0.131868131868,0.175824175824,0.043956043956];1;565.0;0.109617915218;2142;66;0.1525;1.0;73.12750000000001;32.3125;74.32249999999999;9.6875;22.625;25.375;3.585;0.0;2.2125;0.075;2.5324999999999998;0.3075;2.647499999999999;3.4375;7.875
11286;zone59;4840.312157862589;3385.4448126102257;0.0;zone59;S01010314;21;1248;1034;550;[0.358209,0.507463,0.134328];[0.514493,0.333333,0.152174];[0.5,0.326923,0.173077];[0.636,0.324,0.04];[0.316901408451,0.133802816901,0.401408450704,0.147887323944];1;637.0;0.192402372167;976;94;0.17333333333333334;1.9523809523809523;48.21142857142857;34.95238095238095;69.5295238095238;10.047619047619047;22.476190476190474;16.476190476190474;4.533333333333333;0.0;4.133333333333334;0.860952380952381;0.8342857142857143;0.24000000000000005;1.6114285714285717;6.380952380952381;9.904761904761905
11286;zone60;4536.293429266749;2504.1273706154316;0.0;zone60;S01010315;43;911;678;409;[0.180723,0.554217,0.26506];[0.252632,0.457895,0.289474];[0.208333,0.5,0.291667];[0.55144,0.345679,0.102881];[0.308176100629,0.169811320755,0.358490566038,0.163522012579];2;382.0;-0.100954860853;1568;229;0.20744186046511628;1.3488372093023255;45.20372093023257;37.02325581395349;67.8093023255814;10.348837209302326;22.88372093023256;15.418604651162791;3.7562790697674426;0.0;2.9665116279069763;0.00372093023255814;2.906046511627907;0.34604651162790695;2.387906976744187;5.1395348837209305;9.162790697674419
11286;zone61;4589.6619547948285;2943.195659127726;0.0;zone61;S01010316;25;512;414;304;[0.392157,0.529412,0.078431];[0.62931,0.37069,0.0];[0.439024,0.560976,0.0];[0.775401,0.224599,0.0];[0.439252336449,0.102803738318,0.252336448598,0.205607476636];1;481.0;0.0128180141103;1265;95;0.1472;0.88;43.35039999999999;31.08;67.4192;11.64;23.16;14.72;2.6416000000000004;0.0;3.7216000000000005;0.1392;2.2992;0.3856000000000001;3.0256;4.04;8.36
11286;zone63;4421.5566371748755;3071.026327566895;0.0;zone63;S01010318;12;1588;1497;304;[0.5,0.456522,0.043478];[0.469799,0.47651,0.053691];[0.310345,0.37931,0.310345];[0.678571,0.285714,0.035714];[0.36,0.14,0.34,0.16];3;317.0;-0.175110645645;1072;63;0.2;1.6666666666666667;43.353333333333325;37.25;71.09666666666668;11.083333333333334;23.166666666666668;14.583333333333334;6.21;0.0;4.076666666666665;0.7933333333333333;0.7533333333333333;0.16;2.13;6.5;11.5
11286;zone64;4173.240913470097;2893.8040771744095;0.0;zone64;S01010319;9;711;624;407;[0.258741,0.608392,0.132867];[0.383399,0.486166,0.130435];[0.439394,0.212121,0.348485];[0.530769,0.384615,0.084615];[0.171974522293,0.0700636942675,0.471337579618,0.286624203822];2;473.0;0.00423719084943;1462;41;0.16444444444444445;1.1111111111111112;43.16888888888889;33.55555555555556;71.65777777777777;12.444444444444445;24.22222222222222;14.333333333333334;5.475555555555556;0.0;3.115555555555556;0.03555555555555556;2.5911111111111116;0.4355555555555556;2.6133333333333337;4.888888888888889;10.777777777777779
11286;zone65;3940.1918462749595;2900.8899784533987;0.0;zone65;S01010320;4;675;594;437;[0.257813,0.523438,0.21875];[0.61753,0.298805,0.083665];[0.526316,0.22807,0.245614];[0.805085,0.169492,0.025424];[0.172185430464,0.0662251655629,0.443708609272,0.317880794702];1;646.0;0.202453315259;1221;18;0.17;2.0;34.49;28.75;55.739999999999995;8.25;21.5;11.5;3.3100000000000005;0.0;1.69;0.23000000000000004;0.75;0.4;2.41;4.5;5.25
11286;zone66;3905.8658739096163;2664.6669636212755;0.0;zone66;S01010321;7;837;634;432;[0.401709,0.555556,0.042735];[0.54717,0.433962,0.018868];[0.45122,0.439024,0.109756];[0.666667,0.271186,0.062147];[0.212328767123,0.0958904109589,0.390410958904,0.301369863014];1;1019.0;0.631764531736;1724;31;0.17142857142857143;1.0;50.857142857142854;26.0;74.21142857142857;13.142857142857142;24.428571428571427;17.142857142857142;3.942857142857143;0.0;3.228571428571428;0.03428571428571429;1.8285714285714285;0.45142857142857146;3.52;4.285714285714286;8.571428571428571
11286;zone67;3630.3978644730896;3132.1651121578075;0.0;zone67;S01010322;9;1028;914;549;[0.174419,0.549419,0.276163];[0.412399,0.471698,0.115903];[0.298507,0.38806,0.313433];[0.647059,0.323529,0.029412];[0.057268722467,0.0352422907489,0.449339207048,0.458149779736];5;124.0;-0.397569575369;1372;62;0.24888888888888888;1.5555555555555556;40.346666666666664;50.22222222222222;73.90666666666667;11.666666666666666;23.88888888888889;13.555555555555555;4.271111111111111;0.0;5.693333333333333;0.6577777777777779;2.8577777777777778;0.26666666666666666;1.8888888888888888;7.555555555555555;12.88888888888889
11286;zone68;6208.193116766784;3072.425066795916;0.0;zone68;S01010323;4;603;466;377;[0.555556,0.444444,0.0];[0.657143,0.271429,0.071429];[0.642857,0.321429,0.035714];[0.793651,0.166667,0.039683];[0.578431372549,0.166666666667,0.235294117647,0.0196078431373];1;970.0;0.57559463238;1065;14;0.14;1.75;25.450000000000003;30.0;64.64999999999999;13.0;23.5;8.75;6.97;0.0;1.0;0.32;1.5100000000000002;0.75;1.99;5.75;9.5
11286;zone69;6517.651722029823;2240.572579661372;0.0;zone69;S01010324;6;759;566;403;[0.142857,0.571429,0.285714];[0.298077,0.490385,0.211538];[0.333333,0.530864,0.135802];[0.401674,0.414226,0.1841];[0.569620253165,0.101265822785,0.291139240506,0.0379746835443];1;407.0;-0.0721601679586;1767;13;0.08666666666666667;0.6666666666666666;52.373333333333335;28.5;76.31333333333335;13.833333333333334;25.5;18.166666666666668;2.3666666666666667;0.0;1.2266666666666666;0.0;5.1000000000000005;0.4133333333333334;4.866666666666666;3.1666666666666665;8.166666666666666
11286;zone70;6038.016041009105;2402.8415869980217;0.0;zone70;S01010325;18;939;666;501;[0.263158,0.368421,0.368421];[0.383838,0.525253,0.090909];[0.253623,0.615942,0.130435];[0.451362,0.463035,0.085603];[0.545454545455,0.238636363636,0.193181818182,0.0227272727273];1;225.0;-0.281126582053;1613;60;0.12666666666666668;0.7222222222222222;33.64000000000001;31.333333333333332;60.55777777777779;11.5;22.88888888888889;11.277777777777779;2.3533333333333335;0.0;1.4533333333333331;0.0;3.6422222222222222;0.3822222222222223;2.902222222222222;2.388888888888889;7.055555555555555
11286;zone71;5272.359331052501;2740.775131541117;0.0;zone71;S01010326;39;987;707;494;[0.526316,0.368421,0.105263];[0.522523,0.333333,0.144144];[0.492188,0.3125,0.195313];[0.723514,0.224806,0.05168];[0.54375,0.16875,0.23125,0.05625];1;1389.0;1.05701743376;1060;159;0.15897435897435896;1.1282051282051282;44.261538461538464;36.30769230769231;68.32410256410255;10.974358974358974;22.794871794871796;14.871794871794872;3.1538461538461537;0.0;6.008205128205128;0.02461538461538462;1.7825641025641021;0.3938461538461539;2.3415384615384616;4.256410256410256;10.487179487179487
11286;zone72;4970.167032608406;2501.795090448298;0.0;zone72;S01010327;34;982;660;362;[0.031746,0.507937,0.460317];[0.372881,0.432203,0.194915];[0.289063,0.328125,0.382813];[0.516892,0.347973,0.135135];[0.416184971098,0.21387283237,0.236994219653,0.132947976879];1;470.0;0.000335688704598;958;146;0.16117647058823528;1.5588235294117647;45.71294117647058;32.0;70.22470588235294;10.941176470588236;23.205882352941178;15.294117647058824;2.9694117647058826;0.0;5.530588235294117;0.01529411764705882;1.4623529411764702;0.308235294117647;2.099999999999999;6.647058823529412;9.558823529411764
11286;zone73;5975.307390960257;2677.5485166167286;0.0;zone73;S01010328;24;969;706;445;[0.16129,0.5,0.33871];[0.27044,0.471698,0.257862];[0.192547,0.434783,0.372671];[0.338983,0.432203,0.228814];[0.309352517986,0.258992805755,0.280575539568,0.151079136691];2;457.0;-0.0138550124678;2021;116;0.185;0.625;35.58166666666667;38.875;60.64666666666667;10.458333333333334;22.333333333333332;11.875;2.973333333333333;0.0;2.2416666666666667;0.0;4.078333333333333;0.31666666666666676;2.4116666666666666;2.3333333333333335;8.708333333333334
