cycle;name;location.x;location.y;location.z;name;dataZone;nm_children;pop;over16;nm_hh;AB_car_prob;C1_car_prob;C2_car_prob;DE_car_prob;prob_social;simd;crimeRate;norm_crime;avg_dis_sh;neigh_play;daily_play_per_child;avg_FSA;avg_walk;daily_OD;zone_mvpa;mvpa_home;mvpa_sc;mvpa_road;mvpa_play_field;mvpa_home_garden;mvpa_park;mvpa_PG;mvpa_amenity;mvpa_shops;mvpa_F_home;mvpa_fsa;mvpa_OD
11286;zone0;8448.90275962388;2625.4515469546564;0.0;zone0;S01010195;19;531;390;212;[0.0,0.481481,0.518519];[0.261538,0.646154,0.092308];[0.12,0.59,0.29];[0.447368,0.368421,0.184211];[0.418918918919,0.283783783784,0.202702702703,0.0945945945946];1;0.0;-0.540229885057;1106;52;0.1031578947368421;1.368421052631579;33.473684210526315;24.894736842105264;60.433684210526316;10.736842105263158;22.842105263157894;11.31578947368421;0.4421052631578948;0.0;2.532631578947368;0.0;2.976842105263158;0.4126315789473685;2.966315789473684;4.578947368421052;5.473684210526316
11286;zone1;8656.736904000718;2165.9902346445633;0.0;zone1;S01010198;18;1027;748;394;[0.058824,0.529412,0.411765];[0.305785,0.561983,0.132231];[0.219858,0.496454,0.283688];[0.523179,0.331126,0.145695];[0.48623853211,0.229357798165,0.266055045872,0.0183486238532];1;1609.0;1.3102524676;1292;41;0.08888888888888889;1.2777777777777777;44.02444444444444;29.666666666666668;66.82222222222221;11.222222222222221;23.333333333333332;14.88888888888889;1.9066666666666672;0.0;2.8000000000000003;0.11777777777777779;3.3044444444444445;0.3933333333333334;2.6399999999999997;4.388888888888889;7.777777777777778
11286;zone2;8537.588755655543;3024.028900129281;0.0;zone2;S01010201;22;643;453;253;[0.0,0.47619,0.52381];[0.270833,0.3125,0.416667];[0.088,0.48,0.432];[0.296552,0.434483,0.268966];[0.365853658537,0.292682926829,0.292682926829,0.0487804878049];2;219.0;-0.28762447053;878;105;0.18545454545454546;1.3636363636363635;30.005454545454544;35.68181818181818;69.94909090909091;13.0;24.545454545454547;10.090909090909092;1.4490909090909092;0.0;4.723636363636364;0.08181818181818182;4.72181818181818;0.4836363636363636;2.770909090909091;6.2272727272727275;10.545454545454545
11286;zone3;8059.42097232239;3767.666522351409;0.0;zone3;S01010203;30;671;504;260;[0.090909,0.363636,0.545455];[0.263804,0.460123,0.276074];[0.094828,0.422414,0.482759];[0.183824,0.375,0.441176];[0.272727272727,0.218181818182,0.363636363636,0.145454545455];3;215.0;-0.292668818285;1978;124;0.15866666666666668;1.4333333333333333;47.68;33.733333333333334;67.67066666666666;10.4;22.766666666666666;16.3;2.5919999999999996;0.0;3.213333333333334;0.0;3.1106666666666665;0.39866666666666667;2.0186666666666664;5.1;8.533333333333333
11286;zone4;8368.288440296214;3565.498290652094;0.0;zone4;S01010204;30;800;589;381;[0.272727,0.727273,0.0];[0.627451,0.27451,0.098039];[0.444444,0.533333,0.022222];[0.600619,0.321981,0.077399];[0.595041322314,0.157024793388,0.239669421488,0.00826446280992];1;497.0;0.0317745673598;1165;82;0.10533333333333333;1.8;47.86933333333334;27.033333333333335;68.28133333333334;11.2;22.933333333333334;16.433333333333334;0.9186666666666669;0.0;2.130666666666667;0.02266666666666666;3.462666666666667;0.3386666666666667;2.1466666666666674;6.866666666666666;6.033333333333333
11286;zone5;8034.229745798958;3515.110462853287;0.0;zone5;S01010205;15;658;534;355;[0.411765,0.117647,0.470588];[0.465116,0.457364,0.077519];[0.317757,0.588785,0.093458];[0.593458,0.280374,0.126168];[0.466666666667,0.2,0.3,0.0333333333333];1;925.0;0.523434132086;1439;46;0.11466666666666667;1.6;38.57866666666666;23.6;62.49066666666668;10.8;22.533333333333335;12.866666666666667;1.7386666666666668;0.0;1.8693333333333335;0.06133333333333334;1.784;0.30133333333333334;1.9786666666666664;6.733333333333333;5.066666666666666
11286;zone6;7457.064719570519;3739.055375726369;0.0;zone6;S01010208;18;903;745;565;[0.30137,0.589041,0.109589];[0.48062,0.457364,0.062016];[0.272727,0.613636,0.113636];[0.66055,0.270642,0.068807];[0.233333333333,0.133333333333,0.461111111111,0.172222222222];1;603.0;0.153385979085;1441;52;0.10888888888888888;1.3333333333333333;49.70222222222222;31.166666666666668;64.33333333333333;9.777777777777779;22.166666666666668;16.88888888888889;1.8244444444444445;0.0;1.7377777777777779;0.0;3.3511111111111105;0.3422222222222222;2.1244444444444444;4.611111111111111;6.277777777777778
11286;zone7;7917.838214725937;1939.334458859395;0.0;zone7;S01010209;24;966;677;468;[0.172414,0.586207,0.241379];[0.333333,0.414966,0.251701];[0.381944,0.458333,0.159722];[0.545852,0.336245,0.117904];[0.337931034483,0.248275862069,0.303448275862,0.110344827586];1;2053.0;1.82052250092;1677;57;0.085;1.5416666666666667;59.271666666666675;27.625;70.34000000000002;10.5;22.791666666666668;20.25;0.69;0.0;2.976666666666667;0.0;3.06;0.39833333333333326;2.1900000000000004;5.875;6.125
11286;zone8;7878.406567747077;2721.2634132011362;0.0;zone8;S01010210;18;885;641;416;[0.173913,0.456522,0.369565];[0.21519,0.5,0.28481];[0.189781,0.386861,0.423358];[0.422111,0.442211,0.135678];[0.394736842105,0.236842105263,0.254385964912,0.114035087719];1;344.0;-0.144253829852;1135;68;0.1511111111111111;1.3333333333333333;39.553333333333335;25.555555555555557;64.6888888888889;11.5;23.11111111111111;13.555555555555555;1.4755555555555555;0.0;2.966666666666667;0.0;2.3777777777777778;0.4000000000000001;2.3533333333333335;5.055555555555555;6.277777777777778
11286;zone9;7785.599648345685;3201.783800714137;0.0;zone9;S01010211;22;858;634;452;[0.147059,0.705882,0.147059];[0.384615,0.452991,0.162393];[0.469565,0.4,0.130435];[0.722656,0.226563,0.050781];[0.473214285714,0.169642857143,0.285714285714,0.0714285714286];1;430.0;-0.0456985893816;1214;75;0.13454545454545455;1.4545454545454546;44.512727272727275;31.727272727272727;67.49272727272727;10.863636363636363;22.636363636363637;15.272727272727273;2.876363636363636;0.0;3.3454545454545452;0.02545454545454546;2.2872727272727276;0.36363636363636365;2.090909090909091;5.863636363636363;8.0
11286;zone10;7580.688680869333;3097.127786881416;0.0;zone10;S01010212;49;1083;779;559;[0.233333,0.633333,0.133333];[0.594771,0.339869,0.065359];[0.465517,0.405172,0.12931];[0.712821,0.269231,0.017949];[0.566037735849,0.138364779874,0.22641509434,0.0691823899371];1;1473.0;1.15298517036;1252;171;0.1346938775510204;1.6938775510204083;55.16408163265305;30.73469387755102;71.70612244897957;10.714285714285714;22.979591836734695;18.714285714285715;1.5795918367346937;0.0;2.7746938775510213;0.0;3.539591836734695;0.33632653061224493;2.185306122448979;6.959183673469388;7.469387755102041
11286;zone11;8065.177293237223;3111.5884965344962;0.0;zone11;S01010213;13;924;657;476;[0.105263,0.684211,0.210526];[0.382609,0.547826,0.069565];[0.218543,0.556291,0.225166];[0.467925,0.483019,0.049057];[0.451327433628,0.221238938053,0.274336283186,0.0530973451327];1;247.0;-0.255840453357;1035;41;0.12615384615384614;1.3846153846153846;46.02153846153846;32.30769230769231;68.79692307692306;11.153846153846153;23.23076923076923;15.76923076923077;2.596923076923077;0.0;2.9846153846153842;0.0;3.24923076923077;0.3323076923076923;2.286153846153846;5.615384615384615;8.461538461538462
11286;zone12;7144.994858230166;1947.4125453867302;0.0;zone12;S01010214;27;967;717;396;[0.098592,0.28169,0.619718];[0.197531,0.438272,0.364198];[0.173333,0.493333,0.333333];[0.237069,0.487069,0.275862];[0.361344537815,0.210084033613,0.310924369748,0.117647058824];3;176.0;-0.337854473183;1724;96;0.1362962962962963;1.4074074074074074;42.911111111111104;37.2962962962963;73.17185185185186;12.148148148148149;24.51851851851852;14.666666666666666;4.217777777777779;0.0;3.457777777777778;0.0;3.754074074074074;0.4281481481481483;2.0429629629629633;6.333333333333333;11.0
11286;zone13;7013.590150664996;2618.495528189446;0.0;zone13;S01010215;24;850;608;492;[0.571429,0.285714,0.142857];[0.5,0.431373,0.068627];[0.382609,0.391304,0.226087];[0.678571,0.269841,0.051587];[0.467289719626,0.140186915888,0.345794392523,0.0467289719626];1;547.0;0.0886083430805;586;89;0.14333333333333334;1.4166666666666667;36.70333333333334;34.75;65.15166666666669;10.833333333333334;23.125;12.416666666666666;2.0850000000000004;0.0;2.373333333333333;0.0;3.8249999999999993;0.3933333333333335;2.1666666666666665;6.125;7.916666666666667
11286;zone14;7332.222205807836;2329.961970144465;0.0;zone14;S01010216;15;621;464;361;[0.6,0.4,0.0];[0.597701,0.356322,0.045977];[0.409091,0.439394,0.151515];[0.709544,0.273859,0.016598];[0.5,0.163265306122,0.265306122449,0.0714285714286];1;600.0;0.150092344085;1315;61;0.152;1.2666666666666666;47.544;33.266666666666666;64.73866666666667;10.0;22.0;16.2;1.6666666666666667;0.0;2.4853333333333336;0.0;3.106666666666667;0.23199999999999996;2.098666666666667;5.2;6.866666666666666
11286;zone15;7299.833172322251;2625.8610945736937;0.0;zone15;S01010217;33;817;598;406;[0.16129,0.516129,0.322581];[0.565517,0.4,0.034483];[0.5,0.431373,0.068627];[0.702703,0.283784,0.013514];[0.541935483871,0.0967741935484,0.296774193548,0.0645161290323];1;1060.0;0.679274950851;999;155;0.17575757575757575;1.3636363636363635;42.987878787878785;36.36363636363637;69.25575757575758;11.333333333333334;23.333333333333332;14.484848484848484;2.3624242424242423;0.0;3.260606060606061;0.0;4.1878787878787875;0.303030303030303;2.413333333333334;5.96969696969697;9.393939393939394
11286;zone16;7142.953643082513;3018.5401822929393;0.0;zone16;S01010218;31;1018;790;587;[0.425532,0.404255,0.170213];[0.392523,0.453271,0.154206];[0.358209,0.492537,0.149254];[0.589124,0.335347,0.075529];[0.424657534247,0.109589041096,0.369863013699,0.0958904109589];1;557.0;0.101026678737;642;124;0.15354838709677418;0.7741935483870968;31.14193548387097;35.54838709677419;62.890322580645154;11.741935483870968;23.161290322580644;10.387096774193548;1.8206451612903225;0.0;2.841290322580645;0.0;4.807741935483872;0.3496774193548387;2.914838709677418;3.193548387096774;8.96774193548387
11286;zone17;6738.8937706128745;4298.8917997019325;0.0;zone17;S01010219;21;503;382;274;[0.695652,0.304348,0.0];[0.758621,0.215517,0.025862];[0.761905,0.166667,0.071429];[0.781609,0.195402,0.022989];[0.41935483871,0.0752688172043,0.408602150538,0.0967741935484];2;184.0;-0.327838932938;1619;93;0.16952380952380952;1.0;74.57904761904761;42.04761904761905;75.10666666666667;8.523809523809524;22.238095238095237;25.428571428571427;5.190476190476191;0.0;4.388571428571429;0.10666666666666667;1.9847619047619052;0.25523809523809526;2.2342857142857144;2.9523809523809526;11.238095238095237
11286;zone18;5915.780765415368;4211.222876105162;0.0;zone18;S01010220;7;476;433;279;[0.181159,0.608696,0.210145];[0.404255,0.531915,0.06383];[0.227273,0.704545,0.068182];[0.448276,0.482759,0.068966];[0.154545454545,0.0636363636364,0.318181818182,0.463636363636];5;267.0;-0.232306706325;1365;44;0.2342857142857143;1.1428571428571428;35.43428571428571;40.714285714285715;61.73142857142857;9.0;22.142857142857142;11.857142857142858;4.057142857142858;0.0;3.7314285714285718;0.26285714285714284;2.0228571428571427;0.36;1.5371428571428574;5.142857142857143;9.571428571428571
11286;zone19;6341.0811208317455;3913.8398648988496;0.0;zone19;S01010221;13;546;394;260;[0.6,0.4,0.0];[0.557377,0.409836,0.032787];[0.538462,0.323077,0.138462];[0.699387,0.257669,0.042945];[0.609375,0.140625,0.203125,0.046875];1;635.0;0.19005459739;795;48;0.13846153846153847;0.8461538461538461;42.02461538461538;27.76923076923077;63.52923076923077;10.923076923076923;22.615384615384617;14.538461538461538;4.44;0.0;2.2769230769230773;0.12923076923076923;0.9938461538461538;0.18769230769230769;3.0061538461538464;2.8461538461538463;7.3076923076923075
11286;zone20;7001.213463613622;4053.9957950241624;0.0;zone20;S01010222;15;492;414;285;[0.142857,0.5,0.357143];[0.432432,0.459459,0.108108];[0.348624,0.522936,0.12844];[0.747899,0.235294,0.016807];[0.345238095238,0.214285714286,0.309523809524,0.130952380952];1;377.0;-0.105830277325;1757;39;0.09866666666666667;1.9333333333333333;50.93333333333333;26.466666666666665;72.74933333333334;12.133333333333333;23.533333333333335;17.6;1.848;0.0;3.4906666666666673;0.0;2.2560000000000002;0.36266666666666675;2.104;7.8;7.133333333333334
11286;zone21;6986.8418912765155;3434.1450308482026;0.0;zone21;S01010223;4;556;462;337;[0.076923,0.538462,0.384615];[0.567797,0.330508,0.101695];[0.472222,0.444444,0.083333];[0.584699,0.36612,0.04918];[0.432432432432,0.162162162162,0.324324324324,0.0810810810811];1;439.0;-0.0353356041414;1704;10;0.1;1.0;60.400000000000006;37.5;73.57;10.25;23.25;20.5;3.92;0.0;3.92;0.0;2.54;0.22;2.3200000000000003;4.75;10.0
11286;zone22;6247.397837456437;3329.661273309237;0.0;zone22;S01010224;40;1036;727;469;[0.405405,0.540541,0.054054];[0.592593,0.274074,0.133333];[0.418803,0.504274,0.076923];[0.768421,0.202632,0.028947];[0.506097560976,0.140243902439,0.268292682927,0.0853658536585];1;1004.0;0.614259332793;922;133;0.13;1.225;43.292;25.65;64.59500000000001;10.925;22.4;14.7;3.531999999999999;0.0;1.9920000000000002;0.034;1.7110000000000003;0.333;2.4969999999999994;4.6;6.85
11286;zone23;7827.985844039554;4105.4701191949;0.0;zone23;S01010225;33;812;636;431;[0.25,0.634615,0.115385];[0.469072,0.43299,0.097938];[0.54023,0.413793,0.045977];[0.672065,0.234818,0.093117];[0.385185185185,0.125925925926,0.325925925926,0.162962962963];1;1006.0;0.616572011517;1565;93;0.10545454545454545;1.8181818181818181;58.51151515151516;29.242424242424242;72.25575757575757;10.212121212121213;22.757575757575758;20.12121212121212;1.9224242424242426;0.0;2.9006060606060604;0.0;2.4484848484848483;0.3418181818181818;2.0048484848484853;7.7272727272727275;6.818181818181818
11286;zone24;7040.363001382077;4481.052780471187;0.0;zone24;S01010226;40;816;565;394;[0.454545,0.242424,0.30303];[0.715385,0.2,0.084615];[0.540541,0.405405,0.054054];[0.766917,0.18797,0.045113];[0.503355704698,0.201342281879,0.221476510067,0.0738255033557];2;422.0;-0.0548014077425;1041;247;0.239;1.0;50.70400000000001;47.275;69.13799999999999;9.575;22.05;17.15;5.132999999999998;0.0;4.688999999999999;0.146;2.263;0.291;2.364;3.825;11.725
11286;zone25;6847.772309074456;4638.663588163389;0.0;zone25;S01010227;39;692;454;294;[0.413793,0.413793,0.172414];[0.704545,0.238636,0.056818];[0.654545,0.345455,0.0];[0.810606,0.159091,0.030303];[0.672268907563,0.0924369747899,0.159663865546,0.0756302521008];4;0.0;-0.540229885057;1071;345;0.3394871794871795;1.0769230769230769;47.98666666666667;60.05128205128205;79.73435897435897;10.974358974358974;23.846153846153847;16.28205128205128;4.6933333333333325;0.0;12.015384615384615;0.14153846153846156;2.876923076923078;0.2943589743589744;2.4605128205128204;4.538461538461538;19.307692307692307
11286;zone26;8241.816993110848;4572.457656401622;0.0;zone26;S01010229;30;1016;787;508;[0.1,0.625,0.275];[0.350877,0.350877,0.298246];[0.348315,0.477528,0.174157];[0.565217,0.310559,0.124224];[0.420731707317,0.213414634146,0.292682926829,0.0731707317073];1;395.0;-0.0859445809966;1352;79;0.104;1.1;49.12533333333334;23.6;64.77466666666666;10.4;22.7;16.666666666666668;1.442666666666667;0.0;2.4280000000000004;0.048;1.842666666666667;0.3853333333333333;2.372;4.666666666666667;5.233333333333333
11286;zone27;7458.320056766788;4680.341251240345;0.0;zone27;S01010230;24;1005;772;577;[0.314286,0.628571,0.057143];[0.703883,0.296117,0.0];[0.727273,0.218182,0.054545];[0.71831,0.24507,0.03662];[0.517857142857,0.136904761905,0.267857142857,0.077380952381];1;846.0;0.433218203459;1216;82;0.13;1.75;47.385;33.708333333333336;67.24833333333333;9.541666666666666;22.291666666666668;15.916666666666666;2.2;0.0;4.578333333333332;0.09999999999999999;1.9500000000000002;0.2866666666666668;2.0066666666666664;6.541666666666667;8.458333333333334
11286;zone28;7569.802990100143;4917.458811240416;0.0;zone28;S01010232;37;1074;792;485;[0.457143,0.485714,0.057143];[0.557292,0.338542,0.104167];[0.492063,0.333333,0.174603];[0.654229,0.251244,0.094527];[0.470297029703,0.153465346535,0.306930693069,0.0693069306931];1;771.0;0.347049794199;1084;118;0.12216216216216216;1.5945945945945945;47.65945945945946;30.43243243243243;67.97081081081083;10.756756756756756;22.783783783783782;16.135135135135137;1.2194594594594592;0.0;3.109189189189189;0.14486486486486486;3.331891891891892;0.29405405405405405;2.0972972972972976;6.243243243243243;7.351351351351352
11286;zone29;7830.713068379679;4879.746446724283;0.0;zone29;S01010233;33;970;705;476;[0.275,0.625,0.1];[0.655629,0.245033,0.099338];[0.52809,0.426966,0.044944];[0.771505,0.212366,0.016129];[0.587209302326,0.093023255814,0.261627906977,0.0581395348837];1;284.0;-0.213781821634;1181;134;0.15151515151515152;1.0;51.646060606060594;38.666666666666664;69.58181818181819;10.575757575757576;23.0;17.424242424242426;1.5151515151515151;0.0;3.4569696969696975;0.13818181818181818;4.580606060606059;0.40848484848484856;2.391515151515152;4.333333333333333;9.212121212121213
11286;zone30;6473.383843181837;4954.519765957263;0.0;zone30;S01010261;6;2551;2373;526;[0.666667,0.270833,0.0625];[0.675841,0.281346,0.042813];[0.75,0.25,0.0];[0.824468,0.164894,0.010638];[0.41,0.06,0.41,0.12];3;176.0;-0.337679921334;2017;20;0.13333333333333333;1.6666666666666667;77.19333333333333;45.666666666666664;84.36;11.333333333333334;23.833333333333332;27.166666666666668;4.293333333333333;0.0;2.38;0.03333333333333333;5.253333333333333;0.3;2.433333333333333;6.0;11.666666666666666
11286;zone31;4930.642193689802;4959.449818932565;0.0;zone31;S01010266;3;555;474;237;[0.320755,0.556604,0.122642];[0.677273,0.254545,0.068182];[0.5,0.461538,0.038462];[0.534247,0.30137,0.164384];[0.141176470588,0.0588235294118,0.4,0.4];3;536.0;0.0761386922126;957;18;0.22666666666666666;1.6666666666666667;44.88;46.0;64.12;8.333333333333334;22.333333333333332;15.333333333333334;2.1733333333333333;0.0;4.226666666666667;1.3333333333333333;2.0;0.36000000000000004;0.8933333333333332;5.333333333333333;9.333333333333334
11286;zone32;5712.5549897826;4979.400336637217;0.0;zone32;S01010270;4;1153;972;817;[0.389831,0.533898,0.076271];[0.70255,0.252125,0.045326];[0.714286,0.272727,0.012987];[0.771552,0.228448,0.0];[0.125,0.0909090909091,0.454545454545,0.329545454545];1;871.0;0.461200629557;1751;8;0.08;3.25;60.64;25.0;81.25999999999999;10.75;24.0;21.25;2.37;0.0;0.55;0.04;3.9099999999999997;0.32;0.99;14.75;6.25
11286;zone33;3394.0723536088512;4934.677182292946;0.0;zone33;S01010282;13;976;841;645;[0.438776,0.520408,0.040816];[0.545732,0.405488,0.04878];[0.521277,0.382979,0.095745];[0.712707,0.232044,0.055249];[0.190954773869,0.070351758794,0.35175879397,0.386934673367];2;350.0;-0.137812028107;1376;42;0.12923076923076923;1.1538461538461537;48.12;32.46153846153846;67.17846153846152;10.461538461538462;22.923076923076923;16.23076923076923;1.6953846153846153;0.0;5.833846153846154;0.3938461538461539;1.2769230769230768;0.2830769230769231;1.9969230769230772;4.6923076923076925;8.692307692307692
11286;zone34;4385.789287498423;4835.237486850067;0.0;zone34;S01010289;15;771;687;380;[0.130952,0.511905,0.357143];[0.262911,0.502347,0.234742];[0.178571,0.464286,0.357143];[0.410256,0.435897,0.153846];[0.058064516129,0.0322580645161,0.245161290323,0.664516129032];5;259.0;-0.241396294863;1433;97;0.24533333333333332;1.9333333333333333;42.37866666666666;47.86666666666667;64.94666666666667;9.0;21.466666666666665;14.133333333333333;2.072;0.0;6.101333333333333;1.0000000000000002;1.3306666666666664;0.4373333333333334;1.5226666666666668;6.066666666666666;9.933333333333334
11286;zone35;4401.5375624188455;4669.062022109911;0.0;zone35;S01010290;13;546;485;278;[0.198198,0.603604,0.198198];[0.485944,0.449799,0.064257];[0.555556,0.444444,0.0];[0.435897,0.512821,0.051282];[0.10752688172,0.0430107526882,0.494623655914,0.354838709677];3;353.0;-0.133686757747;1332;52;0.1476923076923077;3.076923076923077;47.316923076923075;32.61538461538461;70.47076923076922;9.0;21.76923076923077;16.0;1.6461538461538463;0.0;4.344615384615385;0.3046153846153846;1.6123076923076924;0.23692307692307693;0.9261538461538462;12.76923076923077;7.461538461538462
11286;zone36;4119.983651650423;4281.100418217042;0.0;zone36;S01010291;12;1075;975;481;[0.405594,0.447552,0.146853];[0.627907,0.277132,0.094961];[0.415094,0.433962,0.150943];[0.562963,0.325926,0.111111];[0.197080291971,0.0729927007299,0.445255474453,0.284671532847];3;438.0;-0.0363924713322;859;43;0.13333333333333333;1.6666666666666667;44.0;37.333333333333336;67.00333333333333;10.0;21.75;15.166666666666666;1.6333333333333335;0.0;7.743333333333332;0.5633333333333334;1.12;0.36666666666666664;1.2366666666666666;5.666666666666667;10.5
11286;zone37;4399.731076226201;4291.6703625917;0.0;zone37;S01010292;10;890;831;409;[0.348214,0.508929,0.142857];[0.477169,0.420091,0.10274];[0.339286,0.446429,0.214286];[0.55814,0.383721,0.05814];[0.128378378378,0.0540540540541,0.398648648649,0.418918918919];4;323.0;-0.168488563048;1007;56;0.208;0.9;43.048;49.1;64.748;8.8;21.8;14.9;3.400000000000001;0.0;7.364;0.26;1.204;0.348;2.216;2.8;11.9
11286;zone38;4514.690807242894;4541.15458266895;0.0;zone38;S01010293;16;839;723;373;[0.51773,0.35461,0.12766];[0.635389,0.262735,0.101877];[0.446809,0.319149,0.234043];[0.514286,0.392857,0.092857];[0.242424242424,0.0606060606061,0.393939393939,0.30303030303];3;290.0;-0.205814991507;1314;90;0.22;1.5625;49.75999999999999;44.0625;72.26499999999999;10.0;22.5;17.1875;2.4450000000000003;0.0;7.667500000000001;0.6725;1.5675000000000001;0.20500000000000002;1.8175;6.4375;11.8125
11286;zone39;4541.7482834333705;4418.565122351524;0.0;zone39;S01010294;13;690;631;275;[0.242105,0.526316,0.231579];[0.650873,0.214464,0.134663];[0.583333,0.208333,0.208333];[0.414894,0.489362,0.095745];[0.164835164835,0.043956043956,0.494505494505,0.296703296703];4;440.0;-0.0342259463805;1162;89;0.26153846153846155;1.6923076923076923;53.855384615384615;46.53846153846154;68.0646153846154;8.846153846153847;21.153846153846153;18.46153846153846;3.467692307692308;0.0;5.609230769230769;0.8615384615384613;1.2892307692307694;0.4246153846153847;1.446153846153846;4.6923076923076925;10.615384615384615
11286;zone40;4766.8646917667475;4574.50133624035;0.0;zone40;S01010295;18;974;870;427;[0.384615,0.391026,0.224359];[0.604555,0.310559,0.084886];[0.428571,0.285714,0.285714];[0.390728,0.516556,0.092715];[0.212765957447,0.113475177305,0.297872340426,0.375886524823];4;529.0;0.0680145754747;1098;93;0.19555555555555557;2.0;50.10444444444445;47.55555555555556;75.23777777777778;9.944444444444445;22.833333333333332;17.0;3.3155555555555556;0.0;8.164444444444444;0.9755555555555555;1.4311111111111112;0.3333333333333333;1.4288888888888889;7.888888888888889;13.444444444444445
11286;zone41;4647.752341766679;4736.091736240359;0.0;zone41;S01010296;16;664;560;291;[0.294118,0.423529,0.282353];[0.520913,0.368821,0.110266];[0.375,0.375,0.25];[0.475524,0.391608,0.132867];[0.282828282828,0.111111111111,0.363636363636,0.242424242424];2;856.0;0.444094443477;1480;95;0.2175;1.0625;46.24749999999999;42.4375;64.99749999999999;9.5;21.8125;15.5625;2.2975;0.0;5.845000000000001;1.0825;1.105;0.3650000000000001;2.0524999999999998;3.625;9.8125
11286;zone42;5522.849421766708;4411.996091240393;0.0;zone42;S01010297;7;1066;894;676;[0.582609,0.382609,0.034783];[0.691824,0.245283,0.062893];[0.540541,0.333333,0.126126];[0.681275,0.270916,0.047809];[0.260563380282,0.140845070423,0.37323943662,0.225352112676];1;504.0;0.0391758595379;1289;24;0.13142857142857142;1.8571428571428572;57.794285714285714;27.285714285714285;70.27428571428571;10.714285714285714;23.0;19.571428571428573;2.314285714285714;0.0;1.3657142857142859;0.3085714285714286;2.262857142857143;0.32;1.9657142857142857;6.714285714285714;5.714285714285714
11286;zone43;4706.481893689814;4143.807995855712;0.0;zone43;S01010298;12;880;677;515;[0.308943,0.479675,0.211382];[0.581395,0.356589,0.062016];[0.539683,0.396825,0.063492];[0.744828,0.193103,0.062069];[0.227272727273,0.0984848484848,0.371212121212,0.30303030303];1;486.0;0.0190902878356;999;36;0.11333333333333333;1.6666666666666667;41.373333333333335;27.833333333333332;70.13333333333333;12.416666666666666;23.25;13.833333333333334;3.1366666666666667;0.0;4.826666666666666;0.38999999999999996;0.84;0.3733333333333333;1.7033333333333334;7.583333333333333;8.75
11286;zone44;4885.424673909578;4209.645754097502;0.0;zone44;S01010299;4;536;404;292;[0.3,0.54,0.16];[0.556701,0.340206,0.103093];[0.458333,0.520833,0.020833];[0.584906,0.283019,0.132075];[0.428571428571,0.0857142857143,0.285714285714,0.2];1;375.0;-0.10827530326;723;19;0.19;1.0;46.870000000000005;39.75;71.53;12.5;24.0;16.25;2.95;0.0;2.8499999999999996;0.62;4.43;0.21;2.3499999999999996;4.0;10.5
11286;zone45;4883.397012115578;4340.414778682246;0.0;zone45;S01010300;21;934;764;478;[0.460784,0.411765,0.127451];[0.664653,0.238671,0.096677];[0.632353,0.323529,0.044118];[0.606383,0.329787,0.06383];[0.3046875,0.125,0.3515625,0.21875];2;513.0;0.0498225801839;724;88;0.16380952380952382;1.2380952380952381;34.49142857142857;32.04761904761905;64.21142857142857;11.238095238095237;23.047619047619047;11.666666666666666;3.491428571428571;0.0;3.0076190476190474;0.28761904761904755;1.9409523809523805;0.38476190476190486;2.4952380952380957;4.904761904761905;8.238095238095237
11286;zone46;5144.66081966521;4032.769083704074;0.0;zone46;S01010301;6;522;457;283;[0.292683,0.597561,0.109756];[0.57563,0.315126,0.109244];[0.222222,0.703704,0.074074];[0.561798,0.393258,0.044944];[0.214285714286,0.0612244897959,0.459183673469,0.265306122449];4;490.0;0.0232745011966;1424;39;0.24666666666666667;2.5;45.03333333333333;42.833333333333336;68.25333333333334;9.5;22.333333333333332;15.166666666666666;5.6933333333333325;0.0;1.06;0.24;2.9466666666666668;0.14;1.3666666666666665;7.833333333333333;9.333333333333334
11286;zone47;5165.568789180556;4297.038752619699;0.0;zone47;S01010302;24;669;495;388;[0.65625,0.28125,0.0625];[0.6,0.356522,0.043478];[0.716981,0.226415,0.056604];[0.801802,0.18018,0.018018];[0.582417582418,0.0769230769231,0.263736263736,0.0769230769231];1;392.0;-0.0896499889057;1606;100;0.16166666666666665;1.4166666666666667;60.001666666666665;30.625;73.86500000000001;11.208333333333334;23.75;20.541666666666668;3.5250000000000004;0.0;1.1583333333333332;0.46833333333333343;2.851666666666667;0.3966666666666667;2.2266666666666666;6.166666666666667;7.541666666666667
11286;zone48;5241.140616766716;4139.402270499609;0.0;zone48;S01010303;33;579;387;250;[0.692308,0.153846,0.153846];[0.56701,0.298969,0.134021];[0.630435,0.282609,0.086957];[0.658879,0.285047,0.056075];[0.58407079646,0.106194690265,0.274336283186,0.0353982300885];1;415.0;-0.0627120940391;1544;156;0.18181818181818182;1.2727272727272727;52.27757575757575;34.81818181818182;71.95393939393938;11.393939393939394;23.818181818181817;17.78787878787879;4.570909090909091;0.0;1.4787878787878785;0.4642424242424243;3.224242424242425;0.3454545454545455;2.5624242424242425;4.636363636363637;9.303030303030303
11286;zone49;4853.647576226233;3833.123065294377;0.0;zone49;S01010304;12;542;456;332;[0.323529,0.514706,0.161765];[0.635135,0.25,0.114865];[0.477273,0.522727,0.0];[0.829268,0.109756,0.060976];[0.372340425532,0.0425531914894,0.297872340426,0.287234042553];1;804.0;0.384523850516;1431;51;0.16333333333333333;1.5;61.28333333333334;37.666666666666664;80.76;12.333333333333334;24.583333333333332;20.5;7.026666666666666;0.0;1.4666666666666668;0.7599999999999999;2.48;0.54;2.5100000000000002;6.833333333333333;11.166666666666666
11286;zone50;4697.410406890209;3639.1027396354093;0.0;zone50;S01010305;7;807;694;478;[0.36036,0.468468,0.171171];[0.553191,0.33617,0.110638];[0.409639,0.301205,0.289157];[0.589888,0.337079,0.073034];[0.198529411765,0.0735294117647,0.382352941176,0.345588235294];1;223.0;-0.28282788147;642;20;0.11428571428571428;2.4285714285714284;41.98285714285714;29.571428571428573;81.38285714285713;13.428571428571429;26.285714285714285;14.285714285714286;7.388571428571427;0.0;2.325714285714286;0.24000000000000002;1.125714285714286;0.36571428571428577;1.7657142857142858;12.428571428571429;10.714285714285714
11286;zone51;4591.3082521834585;3868.367573740388;0.0;zone51;S01010306;13;752;675;449;[0.35625,0.56875,0.075];[0.570588,0.355882,0.073529];[0.283019,0.566038,0.150943];[0.650943,0.330189,0.018868];[0.165680473373,0.0473372781065,0.479289940828,0.307692307692];2;238.0;-0.265781391166;742;56;0.16615384615384615;1.3846153846153846;47.94153846153846;42.07692307692308;73.88615384615385;11.76923076923077;23.384615384615383;15.923076923076923;6.627692307692308;0.0;3.51076923076923;0.76;1.7076923076923076;0.316923076923077;2.1384615384615384;5.538461538461538;12.0
11286;zone52;4503.72067559025;3742.2957906521283;0.0;zone52;S01010307;9;821;732;428;[0.189922,0.577519,0.232558];[0.407407,0.487654,0.104938];[0.346154,0.538462,0.115385];[0.71875,0.234375,0.046875];[0.0681818181818,0.0568181818182,0.375,0.5];5;319.0;-0.172537833795;501;62;0.26222222222222225;1.4444444444444444;33.40888888888889;54.55555555555556;66.5111111111111;9.555555555555555;22.22222222222222;11.11111111111111;9.200000000000001;0.0;2.4533333333333336;1.3022222222222222;1.2044444444444444;0.3066666666666667;1.8755555555555554;5.666666666666667;13.777777777777779
11286;zone53;4364.519870735056;4047.768725526131;0.0;zone53;S01010308;9;975;858;480;[0.285714,0.54007,0.174216];[0.511936,0.384615,0.103448];[0.254902,0.411765,0.333333];[0.648352,0.307692,0.043956];[0.0970873786408,0.0631067961165,0.359223300971,0.480582524272];4;257.0;-0.244477582955;1028;51;0.21777777777777776;1.3333333333333333;48.608888888888885;45.77777777777778;67.28;9.333333333333334;22.333333333333332;16.444444444444443;4.8533333333333335;0.0;4.684444444444444;1.04;1.1466666666666667;0.2222222222222222;1.7155555555555553;3.888888888888889;11.11111111111111
11286;zone54;5381.88771051669;3636.3205112402793;0.0;zone54;S01010309;4;419;356;264;[0.333333,0.25,0.416667];[0.478873,0.422535,0.098592];[0.352941,0.382353,0.264706];[0.705882,0.24183,0.052288];[0.365853658537,0.170731707317,0.390243902439,0.0731707317073];1;0.0;-0.540229885057;1976;13;0.13;3.25;61.24;23.0;70.39;8.5;21.75;20.75;2.55;0.0;0.91;0.0;2.28;0.3;0.8300000000000001;10.5;5.0
11286;zone55;5657.373406240428;3625.6586165034923;0.0;zone55;S01010310;13;706;540;381;[0.333333,0.238095,0.428571];[0.565517,0.337931,0.096552];[0.54902,0.27451,0.176471];[0.715415,0.256917,0.027668];[0.484848484848,0.151515151515,0.318181818182,0.0454545454545];1;574.0;0.120406534162;858;46;0.13846153846153847;2.0;45.56923076923077;25.307692307692307;68.12923076923077;11.076923076923077;23.0;15.461538461538462;2.4123076923076927;0.0;0.7292307692307692;0.5692307692307692;2.3476923076923075;0.5476923076923077;2.076923076923077;8.076923076923077;5.769230769230769
11286;zone56;5685.425126382168;3318.6970593171873;0.0;zone56;S01010311;22;721;556;351;[0.411765,0.352941,0.235294];[0.472222,0.453704,0.074074];[0.571429,0.404762,0.02381];[0.717949,0.271062,0.010989];[0.565217391304,0.121739130435,0.269565217391,0.0434782608696];1;1534.0;1.22364271569;1439;71;0.12363636363636364;1.0454545454545454;61.86363636363637;33.77272727272727;70.52727272727272;9.954545454545455;22.454545454545453;21.227272727272727;2.4;0.0;3.2581818181818183;0.12000000000000001;2.7781818181818183;0.4581818181818181;2.4181818181818184;3.8181818181818183;8.090909090909092
11286;zone57;5466.52613028024;3072.1402274564575;0.0;zone57;S01010312;34;868;647;425;[0.117647,0.823529,0.058824];[0.754386,0.22807,0.017544];[0.407407,0.444444,0.148148];[0.804945,0.153846,0.041209];[0.586956521739,0.115942028986,0.268115942029,0.0289855072464];1;685.0;0.247477927043;1669;147;0.16588235294117648;1.0294117647058822;62.458823529411745;31.647058823529413;73.19764705882352;11.176470588235293;23.38235294117647;20.970588235294116;2.1705882352941175;0.0;3.6999999999999997;0.05882352941176471;2.8035294117647056;0.28941176470588226;2.7435294117647056;4.147058823529412;8.264705882352942
11286;zone58;5251.7403530303945;3502.549209042501;0.0;zone58;S01010313;16;654;529;356;[0.428571,0.285714,0.285714];[0.6,0.333333,0.066667];[0.433735,0.481928,0.084337];[0.739623,0.162264,0.098113];[0.648351648352,0.131868131868,0.175824175824,0.043956043956];1;565.0;0.109617915218;2154;61;0.1425;1.0625;54.98749999999998;30.875;64.7325;9.125;21.625;18.5625;2.4475000000000002;0.0;2.79;0.09499999999999999;2.16;0.4275;2.32;3.4375;6.875
11286;zone59;4840.312157862589;3385.4448126102257;0.0;zone59;S01010314;21;1248;1034;550;[0.358209,0.507463,0.134328];[0.514493,0.333333,0.152174];[0.5,0.326923,0.173077];[0.636,0.324,0.04];[0.316901408451,0.133802816901,0.401408450704,0.147887323944];1;637.0;0.192402372167;1135;71;0.13333333333333333;1.6666666666666667;41.910476190476196;28.904761904761905;72.02476190476189;12.476190476190476;23.952380952380953;14.095238095238095;5.740952380952381;0.0;2.5980952380952385;0.2533333333333334;1.0780952380952382;0.4628571428571429;2.539047619047619;7.0;9.238095238095237
11286;zone60;4536.293429266749;2504.1273706154316;0.0;zone60;S01010315;43;911;678;409;[0.180723,0.554217,0.26506];[0.252632,0.457895,0.289474];[0.208333,0.5,0.291667];[0.55144,0.345679,0.102881];[0.308176100629,0.169811320755,0.358490566038,0.163522012579];2;382.0;-0.100954860853;1648;179;0.15906976744186047;1.6046511627906976;48.376744186046515;31.372093023255815;66.75906976744187;10.093023255813954;22.325581395348838;16.325581395348838;2.133953488372093;0.0;2.9748837209302317;0.00186046511627907;2.5432558139534884;0.36558139534883716;1.8865116279069778;6.348837209302325;7.232558139534884
11286;zone61;4589.6619547948285;2943.195659127726;0.0;zone61;S01010316;25;512;414;304;[0.392157,0.529412,0.078431];[0.62931,0.37069,0.0];[0.439024,0.560976,0.0];[0.775401,0.224599,0.0];[0.439252336449,0.102803738318,0.252336448598,0.205607476636];1;481.0;0.0128180141103;1255;98;0.1456;1.44;50.913599999999995;33.92;69.12159999999999;10.28;22.48;17.4;3.0527999999999995;0.0;3.6544000000000008;0.12;2.5024;0.42239999999999994;2.1584;5.2;8.84
11286;zone63;4421.5566371748755;3071.026327566895;0.0;zone63;S01010318;12;1588;1497;304;[0.5,0.456522,0.043478];[0.469799,0.47651,0.053691];[0.310345,0.37931,0.310345];[0.678571,0.285714,0.035714];[0.36,0.14,0.34,0.16];3;317.0;-0.175110645645;1173;64;0.19666666666666666;1.1666666666666667;49.80666666666667;39.916666666666664;73.79;11.666666666666666;23.666666666666668;17.083333333333332;5.45;0.0;4.776666666666667;0.36999999999999994;1.7966666666666669;0.29;2.6999999999999997;4.333333333333333;11.833333333333334
11286;zone64;4173.240913470097;2893.8040771744095;0.0;zone64;S01010319;9;711;624;407;[0.258741,0.608392,0.132867];[0.383399,0.486166,0.130435];[0.439394,0.212121,0.348485];[0.530769,0.384615,0.084615];[0.171974522293,0.0700636942675,0.471337579618,0.286624203822];2;473.0;0.00423719084943;1422;32;0.14222222222222222;1.7777777777777777;52.36;33.22222222222222;65.21333333333334;8.333333333333334;21.444444444444443;18.0;3.048888888888889;0.0;2.982222222222222;0.02222222222222222;1.6933333333333331;0.3288888888888889;1.5422222222222224;6.333333333333333;7.222222222222222
11286;zone65;3940.1918462749595;2900.8899784533987;0.0;zone65;S01010320;4;675;594;437;[0.257813,0.523438,0.21875];[0.61753,0.298805,0.083665];[0.526316,0.22807,0.245614];[0.805085,0.169492,0.025424];[0.172185430464,0.0662251655629,0.443708609272,0.317880794702];1;646.0;0.202453315259;1203;8;0.08;2.25;54.010000000000005;30.5;65.00999999999999;8.0;21.25;19.0;2.57;0.0;0.98;0.74;1.71;0.35000000000000003;1.38;6.75;5.5
11286;zone66;3905.8658739096163;2664.6669636212755;0.0;zone66;S01010321;7;837;634;432;[0.401709,0.555556,0.042735];[0.54717,0.433962,0.018868];[0.45122,0.439024,0.109756];[0.666667,0.271186,0.062147];[0.212328767123,0.0958904109589,0.390410958904,0.301369863014];1;1019.0;0.631764531736;1735;19;0.10857142857142857;1.8571428571428572;44.16571428571428;20.428571428571427;67.29142857142857;11.142857142857142;23.0;15.0;1.857142857142857;0.0;1.6285714285714283;0.01714285714285714;1.9371428571428573;0.3657142857142857;2.165714285714286;8.857142857142858;4.714285714285714
11286;zone67;3630.3978644730896;3132.1651121578075;0.0;zone67;S01010322;9;1028;914;549;[0.174419,0.549419,0.276163];[0.412399,0.471698,0.115903];[0.298507,0.38806,0.313433];[0.647059,0.323529,0.029412];[0.057268722467,0.0352422907489,0.449339207048,0.458149779736];5;124.0;-0.397569575369;1392;66;0.27555555555555555;1.8888888888888888;44.40888888888889;47.0;66.23555555555555;9.11111111111111;22.11111111111111;15.555555555555555;3.7466666666666666;0.0;4.364444444444445;0.8977777777777778;2.333333333333334;0.5022222222222222;1.177777777777778;5.111111111111111;10.88888888888889
11286;zone68;6208.193116766784;3072.425066795916;0.0;zone68;S01010323;4;603;466;377;[0.555556,0.444444,0.0];[0.657143,0.271429,0.071429];[0.642857,0.321429,0.035714];[0.793651,0.166667,0.039683];[0.578431372549,0.166666666667,0.235294117647,0.0196078431373];1;970.0;0.57559463238;965;18;0.18;1.25;44.66;30.5;67.84;11.25;23.0;14.75;4.69;0.0;1.1500000000000001;0.12;2.4699999999999998;0.43000000000000005;3.0;4.75;7.75
11286;zone69;6517.651722029823;2240.572579661372;0.0;zone69;S01010324;6;759;566;403;[0.142857,0.571429,0.285714];[0.298077,0.490385,0.211538];[0.333333,0.530864,0.135802];[0.401674,0.414226,0.1841];[0.569620253165,0.101265822785,0.291139240506,0.0379746835443];1;407.0;-0.0721601679586;1923;21;0.13333333333333333;1.1666666666666667;45.56666666666666;28.0;66.19333333333333;12.0;23.166666666666668;15.5;2.946666666666667;0.0;1.3333333333333333;0.0;3.5066666666666673;0.39333333333333337;2.1266666666666665;3.5;7.0
11286;zone70;6038.016041009105;2402.8415869980217;0.0;zone70;S01010325;18;939;666;501;[0.263158,0.368421,0.368421];[0.383838,0.525253,0.090909];[0.253623,0.615942,0.130435];[0.451362,0.463035,0.085603];[0.545454545455,0.238636363636,0.193181818182,0.0227272727273];1;225.0;-0.281126582053;1762;54;0.12;0.8888888888888888;36.711111111111116;27.27777777777778;63.47555555555555;11.944444444444445;23.333333333333332;12.38888888888889;3.0755555555555554;0.0;1.0577777777777777;0.0;3.068888888888889;0.48666666666666675;2.9399999999999995;3.5;6.666666666666667
11286;zone71;5272.359331052501;2740.775131541117;0.0;zone71;S01010326;39;987;707;494;[0.526316,0.368421,0.105263];[0.522523,0.333333,0.144144];[0.492188,0.3125,0.195313];[0.723514,0.224806,0.05168];[0.54375,0.16875,0.23125,0.05625];1;1389.0;1.05701743376;950;144;0.13948717948717948;1.435897435897436;50.189743589743586;29.615384615384617;69.03589743589743;10.794871794871796;22.82051282051282;16.94871794871795;1.3733333333333335;0.0;5.773333333333333;0.0;1.6461538461538459;0.3702564102564102;2.52;5.051282051282051;8.256410256410257
11286;zone72;4970.167032608406;2501.795090448298;0.0;zone72;S01010327;34;982;660;362;[0.031746,0.507937,0.460317];[0.372881,0.432203,0.194915];[0.289063,0.328125,0.382813];[0.516892,0.347973,0.135135];[0.416184971098,0.21387283237,0.236994219653,0.132947976879];1;470.0;0.000335688704598;1019;150;0.16588235294117648;1.2941176470588236;46.371764705882356;33.205882352941174;70.52235294117646;10.794117647058824;23.235294117647058;15.676470588235293;1.7799999999999996;0.0;6.524705882352941;0.0;2.143529411764707;0.41058823529411764;2.7235294117647055;5.352941176470588;9.941176470588236
11286;zone73;5975.307390960257;2677.5485166167286;0.0;zone73;S01010328;24;969;706;445;[0.16129,0.5,0.33871];[0.27044,0.471698,0.257862];[0.192547,0.434783,0.372671];[0.338983,0.432203,0.228814];[0.309352517986,0.258992805755,0.280575539568,0.151079136691];2;457.0;-0.0138550124678;1790;118;0.18833333333333332;0.875;39.39833333333333;38.833333333333336;66.53166666666668;11.25;23.25;13.291666666666666;4.815;0.0;2.14;0.0;3.705;0.32833333333333337;2.66;3.4166666666666665;10.166666666666666
