cycle;name;location.x;location.y;location.z;name;dataZone;nm_children;pop;over16;nm_hh;AB_car_prob;C1_car_prob;C2_car_prob;DE_car_prob;prob_social;simd;crimeRate;norm_crime;avg_dis_sh;neigh_play;daily_play_per_child;avg_FSA;avg_walk;daily_OD;zone_mvpa;mvpa_home;mvpa_sc;mvpa_road;mvpa_play_field;mvpa_home_garden;mvpa_park;mvpa_PG;mvpa_amenity;mvpa_shops;mvpa_F_home;mvpa_fsa;mvpa_OD
11286;zone0;8448.90275962388;2625.4515469546564;0.0;zone0;S01010195;19;531;390;212;[0.0,0.481481,0.518519];[0.261538,0.646154,0.092308];[0.12,0.59,0.29];[0.447368,0.368421,0.184211];[0.418918918919,0.283783783784,0.202702702703,0.0945945945946];1;0.0;-0.540229885057;1068;52;0.10736842105263159;1.631578947368421;48.91368421052632;27.736842105263158;70.60842105263158;9.578947368421053;28.57894736842105;16.63157894736842;0.4126315789473684;0.0;2.1347368421052635;0.0;3.642105263157894;0.3221052631578947;1.9473684210526316;5.684210526315789;5.7368421052631575
11286;zone1;8656.736904000718;2165.9902346445633;0.0;zone1;S01010198;18;1027;748;394;[0.058824,0.529412,0.411765];[0.305785,0.561983,0.132231];[0.219858,0.496454,0.283688];[0.523179,0.331126,0.145695];[0.48623853211,0.229357798165,0.266055045872,0.0183486238532];1;1609.0;1.3102524676;1467;60;0.1288888888888889;1.3333333333333333;59.10666666666667;32.44444444444444;79.2088888888889;10.777777777777779;30.0;20.11111111111111;1.706666666666667;0.0;1.8488888888888892;0.08222222222222222;4.2844444444444445;0.5;2.262222222222223;5.777777777777778;7.444444444444445
11286;zone2;8537.588755655543;3024.028900129281;0.0;zone2;S01010201;22;643;453;253;[0.0,0.47619,0.52381];[0.270833,0.3125,0.416667];[0.088,0.48,0.432];[0.296552,0.434483,0.268966];[0.365853658537,0.292682926829,0.292682926829,0.0487804878049];2;219.0;-0.28762447053;698;80;0.14;2.272727272727273;38.24181818181818;31.772727272727273;74.27999999999999;11.045454545454545;29.772727272727273;13.090909090909092;1.0654545454545454;0.0;2.3709090909090915;0.0;4.0181818181818185;0.4018181818181818;1.6363636363636365;9.181818181818182;6.954545454545454
11286;zone3;8059.42097232239;3767.666522351409;0.0;zone3;S01010203;30;671;504;260;[0.090909,0.363636,0.545455];[0.263804,0.460123,0.276074];[0.094828,0.422414,0.482759];[0.183824,0.375,0.441176];[0.272727272727,0.218181818182,0.363636363636,0.145454545455];3;215.0;-0.292668818285;1983;107;0.14133333333333334;1.6;80.17733333333332;35.766666666666666;88.22399999999999;10.2;30.433333333333334;27.566666666666666;2.4093333333333335;0.0;3.4013333333333335;0.0;3.9213333333333327;0.4213333333333332;2.3800000000000003;5.866666666666666;9.266666666666667
11286;zone4;8368.288440296214;3565.498290652094;0.0;zone4;S01010204;30;800;589;381;[0.272727,0.727273,0.0];[0.627451,0.27451,0.098039];[0.444444,0.533333,0.022222];[0.600619,0.321981,0.077399];[0.595041322314,0.157024793388,0.239669421488,0.00826446280992];1;497.0;0.0317745673598;1233;121;0.152;0.8333333333333334;48.68133333333334;33.86666666666667;79.82666666666665;12.366666666666667;32.0;16.5;1.8733333333333335;0.0;3.1186666666666674;0.012;5.134666666666667;0.4346666666666667;3.1800000000000006;3.533333333333333;9.566666666666666
11286;zone5;8034.229745798958;3515.110462853287;0.0;zone5;S01010205;15;658;534;355;[0.411765,0.117647,0.470588];[0.465116,0.457364,0.077519];[0.317757,0.588785,0.093458];[0.593458,0.280374,0.126168];[0.466666666667,0.2,0.3,0.0333333333333];1;925.0;0.523434132086;1349;54;0.13066666666666665;1.2666666666666666;52.00266666666668;35.0;76.04266666666666;10.733333333333333;29.733333333333334;17.733333333333334;1.861333333333334;0.0;3.1599999999999993;0.0;3.426666666666667;0.21866666666666668;2.3306666666666667;5.066666666666666;7.933333333333334
11286;zone6;7457.064719570519;3739.055375726369;0.0;zone6;S01010208;18;903;745;565;[0.30137,0.589041,0.109589];[0.48062,0.457364,0.062016];[0.272727,0.613636,0.113636];[0.66055,0.270642,0.068807];[0.233333333333,0.133333333333,0.461111111111,0.172222222222];1;603.0;0.153385979085;1384;52;0.1111111111111111;1.4444444444444444;59.06000000000001;32.333333333333336;80.88222222222223;11.222222222222221;31.27777777777778;20.11111111111111;2.6244444444444444;0.0;1.9444444444444449;0.0;4.09111111111111;0.40666666666666657;2.091111111111111;5.5;8.166666666666666
11286;zone7;7917.838214725937;1939.334458859395;0.0;zone7;S01010209;24;966;677;468;[0.172414,0.586207,0.241379];[0.333333,0.414966,0.251701];[0.381944,0.458333,0.159722];[0.545852,0.336245,0.117904];[0.337931034483,0.248275862069,0.303448275862,0.110344827586];1;2053.0;1.82052250092;1697;57;0.09333333333333334;1.625;76.00500000000001;34.791666666666664;89.53666666666665;11.083333333333334;31.5;26.083333333333332;1.515;0.0;3.875;0.0;4.503333333333334;0.3233333333333334;2.1266666666666665;6.708333333333333;9.375
11286;zone8;7878.406567747077;2721.2634132011362;0.0;zone8;S01010210;18;885;641;416;[0.173913,0.456522,0.369565];[0.21519,0.5,0.28481];[0.189781,0.386861,0.423358];[0.422111,0.442211,0.135678];[0.394736842105,0.236842105263,0.254385964912,0.114035087719];1;344.0;-0.144253829852;1228;58;0.11333333333333333;1.4444444444444444;53.273333333333326;28.88888888888889;73.8288888888889;10.0;28.77777777777778;18.38888888888889;1.1555555555555554;0.0;2.9066666666666667;0.0;3.173333333333333;0.45333333333333337;2.537777777777778;4.833333333333333;6.777777777777778
11286;zone9;7785.599648345685;3201.783800714137;0.0;zone9;S01010211;22;858;634;452;[0.147059,0.705882,0.147059];[0.384615,0.452991,0.162393];[0.469565,0.4,0.130435];[0.722656,0.226563,0.050781];[0.473214285714,0.169642857143,0.285714285714,0.0714285714286];1;430.0;-0.0456985893816;1163;73;0.12545454545454546;1.9545454545454546;54.45454545454547;29.545454545454547;81.78545454545453;11.181818181818182;31.0;18.727272727272727;2.430909090909091;0.0;2.4872727272727277;0.0;3.4490909090909088;0.30909090909090914;2.0036363636363634;8.590909090909092;8.045454545454545
11286;zone10;7580.688680869333;3097.127786881416;0.0;zone10;S01010212;49;1083;779;559;[0.233333,0.633333,0.133333];[0.594771,0.339869,0.065359];[0.465517,0.405172,0.12931];[0.712821,0.269231,0.017949];[0.566037735849,0.138364779874,0.22641509434,0.0691823899371];1;1473.0;1.15298517036;1224;207;0.16081632653061226;1.0204081632653061;54.91020408163266;38.285714285714285;79.46530612244898;11.142857142857142;30.428571428571427;19.040816326530614;1.7779591836734694;0.0;3.9885714285714293;0.0;4.341224489795918;0.4065306122448978;2.635102040816326;4.020408163265306;9.63265306122449
11286;zone11;8065.177293237223;3111.5884965344962;0.0;zone11;S01010213;13;924;657;476;[0.105263,0.684211,0.210526];[0.382609,0.547826,0.069565];[0.218543,0.556291,0.225166];[0.467925,0.483019,0.049057];[0.451327433628,0.221238938053,0.274336283186,0.0530973451327];1;247.0;-0.255840453357;826;48;0.13846153846153847;1.0769230769230769;35.803076923076915;32.15384615384615;70.61846153846153;11.461538461538462;29.846153846153847;12.23076923076923;1.6184615384615386;0.0;3.1784615384615384;0.0;3.5015384615384613;0.45846153846153853;2.56;3.923076923076923;7.846153846153846
11286;zone12;7144.994858230166;1947.4125453867302;0.0;zone12;S01010214;27;967;717;396;[0.098592,0.28169,0.619718];[0.197531,0.438272,0.364198];[0.173333,0.493333,0.333333];[0.237069,0.487069,0.275862];[0.361344537815,0.210084033613,0.310924369748,0.117647058824];3;176.0;-0.337854473183;1823;112;0.16148148148148148;0.8148148148148148;75.97185185185182;45.96296296296296;80.17481481481481;8.88888888888889;27.59259259259259;25.925925925925927;3.404444444444444;0.0;3.6325925925925926;0.0;3.6785185185185183;0.2696296296296297;2.2725925925925927;2.7777777777777777;10.222222222222221
11286;zone13;7013.590150664996;2618.495528189446;0.0;zone13;S01010215;24;850;608;492;[0.571429,0.285714,0.142857];[0.5,0.431373,0.068627];[0.382609,0.391304,0.226087];[0.678571,0.269841,0.051587];[0.467289719626,0.140186915888,0.345794392523,0.0467289719626];1;547.0;0.0886083430805;584;92;0.14666666666666667;1.125;42.06833333333334;37.625;68.97666666666667;9.875;28.5;14.208333333333334;1.7900000000000003;0.0;2.2916666666666665;0.0;4.1049999999999995;0.33000000000000007;2.3716666666666666;3.8333333333333335;7.666666666666667
11286;zone14;7332.222205807836;2329.961970144465;0.0;zone14;S01010216;15;621;464;361;[0.6,0.4,0.0];[0.597701,0.356322,0.045977];[0.409091,0.439394,0.151515];[0.709544,0.273859,0.016598];[0.5,0.163265306122,0.265306122449,0.0714285714286];1;600.0;0.150092344085;1346;47;0.11733333333333333;1.4666666666666666;62.813333333333325;31.2;82.232;10.533333333333333;30.733333333333334;21.066666666666666;2.018666666666667;0.0;3.533333333333333;0.0;3.6719999999999993;0.2826666666666667;2.626666666666667;6.0;8.666666666666666
11286;zone15;7299.833172322251;2625.8610945736937;0.0;zone15;S01010217;33;817;598;406;[0.16129,0.516129,0.322581];[0.565517,0.4,0.034483];[0.5,0.431373,0.068627];[0.702703,0.283784,0.013514];[0.541935483871,0.0967741935484,0.296774193548,0.0645161290323];1;1060.0;0.679274950851;962;129;0.15151515151515152;1.8484848484848484;48.5939393939394;31.727272727272727;67.56121212121211;8.757575757575758;26.757575757575758;16.515151515151516;1.2787878787878786;0.0;2.2824242424242427;0.0;2.951515151515151;0.27272727272727265;1.6133333333333333;5.484848484848484;5.9393939393939394
11286;zone16;7142.953643082513;3018.5401822929393;0.0;zone16;S01010218;31;1018;790;587;[0.425532,0.404255,0.170213];[0.392523,0.453271,0.154206];[0.358209,0.492537,0.149254];[0.589124,0.335347,0.075529];[0.424657534247,0.109589041096,0.369863013699,0.0958904109589];1;557.0;0.101026678737;530;100;0.12258064516129032;1.6774193548387097;38.273548387096774;33.064516129032256;72.73290322580645;10.935483870967742;29.903225806451612;12.935483870967742;1.4064516129032254;0.0;2.063225806451613;0.0;4.494193548387097;0.32;1.9754838709677418;6.870967741935484;7.580645161290323
11286;zone17;6738.8937706128745;4298.8917997019325;0.0;zone17;S01010219;21;503;382;274;[0.695652,0.304348,0.0];[0.758621,0.215517,0.025862];[0.761905,0.166667,0.071429];[0.781609,0.195402,0.022989];[0.41935483871,0.0752688172043,0.408602150538,0.0967741935484];2;184.0;-0.327838932938;1182;138;0.24571428571428572;1.7619047619047619;62.893333333333324;43.714285714285715;84.60571428571427;10.0;29.476190476190474;21.761904761904763;3.4628571428571426;0.0;7.6590476190476195;0.05714285714285714;1.441904761904762;0.3047619047619048;1.6;7.380952380952381;12.142857142857142
11286;zone18;5915.780765415368;4211.222876105162;0.0;zone18;S01010220;7;476;433;279;[0.181159,0.608696,0.210145];[0.404255,0.531915,0.06383];[0.227273,0.704545,0.068182];[0.448276,0.482759,0.068966];[0.154545454545,0.0636363636364,0.318181818182,0.463636363636];5;267.0;-0.232306706325;1336;31;0.1657142857142857;1.1428571428571428;55.988571428571426;43.285714285714285;82.49714285714286;10.714285714285714;29.285714285714285;19.0;4.114285714285714;0.0;6.5200000000000005;0.0;2.1485714285714286;0.32;2.2285714285714286;6.571428571428571;12.428571428571429
11286;zone19;6341.0811208317455;3913.8398648988496;0.0;zone19;S01010221;13;546;394;260;[0.6,0.4,0.0];[0.557377,0.409836,0.032787];[0.538462,0.323077,0.138462];[0.699387,0.257669,0.042945];[0.609375,0.140625,0.203125,0.046875];1;635.0;0.19005459739;1555;36;0.10153846153846154;1.1538461538461537;71.24615384615385;28.46153846153846;87.16615384615388;11.384615384615385;31.384615384615383;24.692307692307693;4.603076923076922;0.0;4.4338461538461535;0.0;0.9138461538461539;0.2307692307692308;2.9661538461538464;4.769230769230769;9.384615384615385
11286;zone20;7001.213463613622;4053.9957950241624;0.0;zone20;S01010222;15;492;414;285;[0.142857,0.5,0.357143];[0.432432,0.459459,0.108108];[0.348624,0.522936,0.12844];[0.747899,0.235294,0.016807];[0.345238095238,0.214285714286,0.309523809524,0.130952380952];1;377.0;-0.105830277325;1768;47;0.12266666666666666;1.8;72.35466666666666;34.86666666666667;86.09333333333335;10.6;29.8;24.866666666666667;1.7973333333333334;0.0;2.7199999999999998;0.0;3.9413333333333327;0.192;1.6800000000000002;8.866666666666667;8.133333333333333
11286;zone21;6986.8418912765155;3434.1450308482026;0.0;zone21;S01010223;4;556;462;337;[0.076923,0.538462,0.384615];[0.567797,0.330508,0.101695];[0.472222,0.444444,0.083333];[0.584699,0.36612,0.04918];[0.432432432432,0.162162162162,0.324324324324,0.0810810810811];1;439.0;-0.0353356041414;1730;7;0.07;1.25;70.98;25.5;86.47;11.75;32.0;24.0;3.48;0.0;2.16;0.0;2.16;0.42;2.8200000000000003;6.25;7.25
11286;zone22;6247.397837456437;3329.661273309237;0.0;zone22;S01010224;40;1036;727;469;[0.405405,0.540541,0.054054];[0.592593,0.274074,0.133333];[0.418803,0.504274,0.076923];[0.768421,0.202632,0.028947];[0.506097560976,0.140243902439,0.268292682927,0.0853658536585];1;1004.0;0.614259332793;1008;116;0.11;1.25;50.419000000000004;25.475;74.72600000000001;11.1;29.275;17.225;4.430999999999999;0.0;2.0550000000000006;0.0;1.1090000000000004;0.36300000000000004;2.355;5.025;7.025
11286;zone23;7827.985844039554;4105.4701191949;0.0;zone23;S01010225;33;812;636;431;[0.25,0.634615,0.115385];[0.469072,0.43299,0.097938];[0.54023,0.413793,0.045977];[0.672065,0.234818,0.093117];[0.385185185185,0.125925925926,0.325925925926,0.162962962963];1;1006.0;0.616572011517;1642;96;0.10909090909090909;1.4242424242424243;68.51757575757576;29.393939393939394;84.9939393939394;11.272727272727273;31.0;23.363636363636363;2.8569696969696974;0.0;3.084848484848485;0.01090909090909091;2.6133333333333333;0.31757575757575746;2.3309090909090906;6.454545454545454;8.06060606060606
11286;zone24;7040.363001382077;4481.052780471187;0.0;zone24;S01010226;40;816;565;394;[0.454545,0.242424,0.30303];[0.715385,0.2,0.084615];[0.540541,0.405405,0.054054];[0.766917,0.18797,0.045113];[0.503355704698,0.201342281879,0.221476510067,0.0738255033557];2;422.0;-0.0548014077425;1206;240;0.233;1.3;59.974000000000004;44.45;83.07999999999998;10.35;29.575;20.6;4.630000000000001;0.0;6.726000000000002;0.11900000000000002;1.8539999999999999;0.3379999999999999;2.5070000000000006;4.7;12.825
11286;zone25;6847.772309074456;4638.663588163389;0.0;zone25;S01010227;39;692;454;294;[0.413793,0.413793,0.172414];[0.704545,0.238636,0.056818];[0.654545,0.345455,0.0];[0.810606,0.159091,0.030303];[0.672268907563,0.0924369747899,0.159663865546,0.0756302521008];4;0.0;-0.540229885057;1172;379;0.3712820512820513;1.205128205128205;57.246153846153845;60.333333333333336;79.00717948717949;8.076923076923077;27.666666666666668;19.256410256410255;3.382564102564104;0.0;10.654358974358972;0.17435897435897438;1.645128205128205;0.2728205128205129;1.7856410256410253;4.435897435897436;15.35897435897436
11286;zone26;8241.816993110848;4572.457656401622;0.0;zone26;S01010229;30;1016;787;508;[0.1,0.625,0.275];[0.350877,0.350877,0.298246];[0.348315,0.477528,0.174157];[0.565217,0.310559,0.124224];[0.420731707317,0.213414634146,0.292682926829,0.0731707317073];1;395.0;-0.0859445809966;1288;90;0.116;1.2666666666666666;56.80399999999999;28.6;74.62666666666668;10.166666666666666;28.866666666666667;19.533333333333335;1.9733333333333336;0.0;3.225333333333333;0.02266666666666667;2.1079999999999997;0.3866666666666666;2.0160000000000005;4.433333333333334;6.766666666666667
11286;zone27;7458.320056766788;4680.341251240345;0.0;zone27;S01010230;24;1005;772;577;[0.314286,0.628571,0.057143];[0.703883,0.296117,0.0];[0.727273,0.218182,0.054545];[0.71831,0.24507,0.03662];[0.517857142857,0.136904761905,0.267857142857,0.077380952381];1;846.0;0.433218203459;889;92;0.145;1.4583333333333333;48.684999999999995;36.958333333333336;80.08;11.541666666666666;30.833333333333332;16.541666666666668;3.0766666666666667;0.0;5.413333333333333;0.01333333333333333;2.7150000000000003;0.4533333333333332;1.9900000000000002;5.666666666666667;10.791666666666666
11286;zone28;7569.802990100143;4917.458811240416;0.0;zone28;S01010232;37;1074;792;485;[0.457143,0.485714,0.057143];[0.557292,0.338542,0.104167];[0.492063,0.333333,0.174603];[0.654229,0.251244,0.094527];[0.470297029703,0.153465346535,0.306930693069,0.0693069306931];1;771.0;0.347049794199;998;151;0.15675675675675677;1.2162162162162162;46.91567567567567;35.75675675675676;78.48972972972972;11.64864864864865;30.513513513513512;15.837837837837839;2.363243243243244;0.0;5.33945945945946;0.03027027027027027;3.1232432432432438;0.38162162162162155;2.3535135135135135;5.108108108108108;10.432432432432432
11286;zone29;7830.713068379679;4879.746446724283;0.0;zone29;S01010233;33;970;705;476;[0.275,0.625,0.1];[0.655629,0.245033,0.099338];[0.52809,0.426966,0.044944];[0.771505,0.212366,0.016129];[0.587209302326,0.093023255814,0.261627906977,0.0581395348837];1;284.0;-0.213781821634;996;117;0.13454545454545455;1.3636363636363635;51.89212121212122;38.36363636363637;77.90424242424244;10.393939393939394;30.12121212121212;17.757575757575758;1.6945454545454546;0.0;3.7781818181818188;0.11151515151515153;4.055757575757575;0.3781818181818181;2.2812121212121212;5.454545454545454;9.212121212121213
11286;zone30;6473.383843181837;4954.519765957263;0.0;zone30;S01010261;6;2551;2373;526;[0.666667,0.270833,0.0625];[0.675841,0.281346,0.042813];[0.75,0.25,0.0];[0.824468,0.164894,0.010638];[0.41,0.06,0.41,0.12];3;176.0;-0.337679921334;1553;15;0.1;1.0;75.10000000000001;34.333333333333336;75.60666666666667;8.333333333333334;27.333333333333332;25.5;2.56;0.0;1.4466666666666665;0.0;3.1799999999999997;0.27999999999999997;1.6733333333333336;3.5;6.666666666666667
11286;zone31;4930.642193689802;4959.449818932565;0.0;zone31;S01010266;3;555;474;237;[0.320755,0.556604,0.122642];[0.677273,0.254545,0.068182];[0.5,0.461538,0.038462];[0.534247,0.30137,0.164384];[0.141176470588,0.0588235294118,0.4,0.4];3;536.0;0.0761386922126;1118;11;0.13333333333333333;0.6666666666666666;45.18666666666667;40.333333333333336;69.22666666666666;10.333333333333334;28.0;15.333333333333334;2.2800000000000002;0.0;3.64;0.52;3.1999999999999997;0.3333333333333333;2.3333333333333335;2.0;9.333333333333334
11286;zone32;5712.5549897826;4979.400336637217;0.0;zone32;S01010270;4;1153;972;817;[0.389831,0.533898,0.076271];[0.70255,0.252125,0.045326];[0.714286,0.272727,0.012987];[0.771552,0.228448,0.0];[0.125,0.0909090909091,0.454545454545,0.329545454545];1;871.0;0.461200629557;1814;10;0.1;2.0;81.25;34.5;79.56;8.0;27.25;28.0;1.05;0.0;1.61;0.14;3.37;0.13;1.8800000000000003;6.0;5.75
11286;zone33;3394.0723536088512;4934.677182292946;0.0;zone33;S01010282;13;976;841;645;[0.438776,0.520408,0.040816];[0.545732,0.405488,0.04878];[0.521277,0.382979,0.095745];[0.712707,0.232044,0.055249];[0.190954773869,0.070351758794,0.35175879397,0.386934673367];2;350.0;-0.137812028107;1303;32;0.09846153846153846;2.8461538461538463;64.79076923076924;29.384615384615383;86.58461538461538;10.538461538461538;29.846153846153847;22.307692307692307;1.3230769230769233;0.0;5.861538461538462;0.5907692307692307;0.7476923076923077;0.28;0.8;12.615384615384615;8.076923076923077
11286;zone34;4385.789287498423;4835.237486850067;0.0;zone34;S01010289;15;771;687;380;[0.130952,0.511905,0.357143];[0.262911,0.502347,0.234742];[0.178571,0.464286,0.357143];[0.410256,0.435897,0.153846];[0.058064516129,0.0322580645161,0.245161290323,0.664516129032];5;259.0;-0.241396294863;1203;108;0.2826666666666667;2.6666666666666665;55.784000000000006;49.666666666666664;76.90133333333334;8.6;27.0;18.933333333333334;1.736;0.0;6.216;1.2586666666666666;1.5066666666666666;0.16266666666666665;0.7946666666666666;8.933333333333334;10.133333333333333
11286;zone35;4401.5375624188455;4669.062022109911;0.0;zone35;S01010290;13;546;485;278;[0.198198,0.603604,0.198198];[0.485944,0.449799,0.064257];[0.555556,0.444444,0.0];[0.435897,0.512821,0.051282];[0.10752688172,0.0430107526882,0.494623655914,0.354838709677];3;353.0;-0.133686757747;1194;89;0.26461538461538464;1.2307692307692308;56.24615384615386;51.53846153846154;87.9230769230769;11.846153846153847;32.23076923076923;18.923076923076923;3.2184615384615376;0.0;9.473846153846152;1.083076923076923;2.2800000000000002;0.3815384615384616;1.744615384615385;5.153846153846154;15.538461538461538
11286;zone36;4119.983651650423;4281.100418217042;0.0;zone36;S01010291;12;1075;975;481;[0.405594,0.447552,0.146853];[0.627907,0.277132,0.094961];[0.415094,0.433962,0.150943];[0.562963,0.325926,0.111111];[0.197080291971,0.0729927007299,0.445255474453,0.284671532847];3;438.0;-0.0363924713322;942;58;0.17666666666666667;2.0833333333333335;52.81999999999999;36.416666666666664;86.76333333333332;12.5;30.75;17.916666666666668;2.6366666666666667;0.0;8.6;0.48666666666666664;0.9833333333333333;0.5333333333333334;1.88;8.416666666666666;12.25
11286;zone37;4399.731076226201;4291.6703625917;0.0;zone37;S01010292;10;890;831;409;[0.348214,0.508929,0.142857];[0.477169,0.420091,0.10274];[0.339286,0.446429,0.214286];[0.55814,0.383721,0.05814];[0.128378378378,0.0540540540541,0.398648648649,0.418918918919];4;323.0;-0.168488563048;1194;45;0.18;2.6;60.43599999999999;36.9;87.26400000000002;10.1;30.7;21.0;3.156;0.0;5.384;0.5199999999999999;1.1800000000000002;0.20800000000000002;1.6280000000000001;12.0;9.7
11286;zone38;4514.690807242894;4541.15458266895;0.0;zone38;S01010293;16;839;723;373;[0.51773,0.35461,0.12766];[0.635389,0.262735,0.101877];[0.446809,0.319149,0.234043];[0.514286,0.392857,0.092857];[0.242424242424,0.0606060606061,0.393939393939,0.30303030303];3;290.0;-0.205814991507;993;111;0.275;1.5625;56.364999999999995;45.625;83.1375;10.0;30.0;19.1875;3.25;0.0;7.515000000000001;0.5425000000000001;1.72;0.3775;2.15;6.3125;12.625
11286;zone39;4541.7482834333705;4418.565122351524;0.0;zone39;S01010294;13;690;631;275;[0.242105,0.526316,0.231579];[0.650873,0.214464,0.134663];[0.583333,0.208333,0.208333];[0.414894,0.489362,0.095745];[0.164835164835,0.043956043956,0.494505494505,0.296703296703];4;440.0;-0.0342259463805;1031;78;0.2276923076923077;1.6153846153846154;49.49538461538461;45.84615384615385;84.67384615384616;11.846153846153847;31.076923076923077;16.846153846153847;4.264615384615384;0.0;7.120000000000001;1.2184615384615385;1.3815384615384616;0.32;1.953846153846154;6.769230769230769;13.461538461538462
11286;zone40;4766.8646917667475;4574.50133624035;0.0;zone40;S01010295;18;974;870;427;[0.384615,0.391026,0.224359];[0.604555,0.310559,0.084886];[0.428571,0.285714,0.285714];[0.390728,0.516556,0.092715];[0.212765957447,0.113475177305,0.297872340426,0.375886524823];4;529.0;0.0680145754747;1222;108;0.2311111111111111;2.0555555555555554;56.417777777777786;47.388888888888886;83.96222222222222;10.0;29.444444444444443;19.11111111111111;3.533333333333333;0.0;8.268888888888888;0.5933333333333334;1.2511111111111113;0.25555555555555554;1.6955555555555555;7.888888888888889;13.277777777777779
11286;zone41;4647.752341766679;4736.091736240359;0.0;zone41;S01010296;16;664;560;291;[0.294118,0.423529,0.282353];[0.520913,0.368821,0.110266];[0.375,0.375,0.25];[0.475524,0.391608,0.132867];[0.282828282828,0.111111111111,0.363636363636,0.242424242424];2;856.0;0.444094443477;936;78;0.1875;1.4375;45.83250000000001;41.375;78.43249999999998;11.25;30.25;15.3125;2.655;0.0;6.857500000000001;0.8475;1.715;0.43000000000000005;1.9775;5.3125;11.625
11286;zone42;5522.849421766708;4411.996091240393;0.0;zone42;S01010297;7;1066;894;676;[0.582609,0.382609,0.034783];[0.691824,0.245283,0.062893];[0.540541,0.333333,0.126126];[0.681275,0.270916,0.047809];[0.260563380282,0.140845070423,0.37323943662,0.225352112676];1;504.0;0.0391758595379;971;19;0.09714285714285714;1.5714285714285714;48.222857142857144;32.0;70.09142857142857;9.571428571428571;27.571428571428573;16.571428571428573;1.7028571428571428;0.0;0.5599999999999999;0.48000000000000004;2.9999999999999996;0.3085714285714286;1.6057142857142856;7.0;5.285714285714286
11286;zone43;4706.481893689814;4143.807995855712;0.0;zone43;S01010298;12;880;677;515;[0.308943,0.479675,0.211382];[0.581395,0.356589,0.062016];[0.539683,0.396825,0.063492];[0.744828,0.193103,0.062069];[0.227272727273,0.0984848484848,0.371212121212,0.30303030303];1;486.0;0.0190902878356;1271;28;0.09;1.4166666666666667;57.07999999999999;28.333333333333332;78.77;11.0;29.916666666666668;19.833333333333332;2.0866666666666664;0.0;3.690000000000001;0.8166666666666668;0.8700000000000001;0.4666666666666668;2.1066666666666665;6.083333333333333;7.083333333333333
11286;zone44;4885.424673909578;4209.645754097502;0.0;zone44;S01010299;4;536;404;292;[0.3,0.54,0.16];[0.556701,0.340206,0.103093];[0.458333,0.520833,0.020833];[0.584906,0.283019,0.132075];[0.428571428571,0.0857142857143,0.285714285714,0.2];1;375.0;-0.10827530326;669;21;0.2;1.0;32.24;44.0;74.55;11.0;30.75;10.25;3.94;0.0;2.06;0.31000000000000005;6.01;0.08;2.91;5.25;11.75
11286;zone45;4883.397012115578;4340.414778682246;0.0;zone45;S01010300;21;934;764;478;[0.460784,0.411765,0.127451];[0.664653,0.238671,0.096677];[0.632353,0.323529,0.044118];[0.606383,0.329787,0.06383];[0.3046875,0.125,0.3515625,0.21875];2;513.0;0.0498225801839;670;120;0.21714285714285714;1.7619047619047619;40.912380952380964;39.666666666666664;78.63428571428572;11.285714285714286;30.80952380952381;13.761904761904763;3.5028571428571422;0.0;3.5333333333333337;0.1980952380952381;3.7219047619047623;0.36952380952380953;2.097142857142857;7.523809523809524;10.476190476190476
11286;zone46;5144.66081966521;4032.769083704074;0.0;zone46;S01010301;6;522;457;283;[0.292683,0.597561,0.109756];[0.57563,0.315126,0.109244];[0.222222,0.703704,0.074074];[0.561798,0.393258,0.044944];[0.214285714286,0.0612244897959,0.459183673469,0.265306122449];4;490.0;0.0232745011966;1317;43;0.26;1.8333333333333333;61.14666666666667;55.666666666666664;82.18666666666667;9.833333333333334;28.166666666666668;21.333333333333332;5.573333333333333;0.0;2.433333333333333;0.64;4.5200000000000005;0.13999999999999999;1.7733333333333332;5.666666666666667;12.5
11286;zone47;5165.568789180556;4297.038752619699;0.0;zone47;S01010302;24;669;495;388;[0.65625,0.28125,0.0625];[0.6,0.356522,0.043478];[0.716981,0.226415,0.056604];[0.801802,0.18018,0.018018];[0.582417582418,0.0769230769231,0.263736263736,0.0769230769231];1;392.0;-0.0896499889057;1596;101;0.16333333333333333;1.375;63.07;37.291666666666664;83.085;11.416666666666666;30.416666666666668;21.666666666666668;3.8083333333333336;0.0;2.213333333333333;0.265;3.533333333333333;0.3066666666666667;2.2733333333333334;5.541666666666667;9.375
11286;zone48;5241.140616766716;4139.402270499609;0.0;zone48;S01010303;33;579;387;250;[0.692308,0.153846,0.153846];[0.56701,0.298969,0.134021];[0.630435,0.282609,0.086957];[0.658879,0.285047,0.056075];[0.58407079646,0.106194690265,0.274336283186,0.0353982300885];1;415.0;-0.0627120940391;1699;171;0.20363636363636364;1.2424242424242424;66.60606060606061;35.484848484848484;80.05939393939396;10.181818181818182;29.393939393939394;22.848484848484848;4.8533333333333335;0.0;1.4266666666666665;0.3527272727272727;2.3381818181818175;0.2800000000000001;2.078787878787879;4.575757575757576;8.606060606060606
11286;zone49;4853.647576226233;3833.123065294377;0.0;zone49;S01010304;12;542;456;332;[0.323529,0.514706,0.161765];[0.635135,0.25,0.114865];[0.477273,0.522727,0.0];[0.829268,0.109756,0.060976];[0.372340425532,0.0425531914894,0.297872340426,0.287234042553];1;804.0;0.384523850516;1704;45;0.14;1.0833333333333333;71.86333333333334;35.916666666666664;80.25666666666667;10.5;28.75;24.416666666666668;3.3599999999999994;0.0;2.053333333333333;0.62;2.3666666666666667;0.3133333333333334;2.1066666666666665;4.083333333333333;8.0
11286;zone50;4697.410406890209;3639.1027396354093;0.0;zone50;S01010305;7;807;694;478;[0.36036,0.468468,0.171171];[0.553191,0.33617,0.110638];[0.409639,0.301205,0.289157];[0.589888,0.337079,0.073034];[0.198529411765,0.0735294117647,0.382352941176,0.345588235294];1;223.0;-0.28282788147;579;35;0.18857142857142858;1.1428571428571428;39.182857142857145;36.0;69.97142857142856;10.571428571428571;29.142857142857142;13.142857142857142;4.04;0.0;1.0514285714285714;2.0628571428571427;0.8114285714285715;0.5257142857142857;1.9485714285714282;4.857142857142857;7.428571428571429
11286;zone51;4591.3082521834585;3868.367573740388;0.0;zone51;S01010306;13;752;675;449;[0.35625,0.56875,0.075];[0.570588,0.355882,0.073529];[0.283019,0.566038,0.150943];[0.650943,0.330189,0.018868];[0.165680473373,0.0473372781065,0.479289940828,0.307692307692];2;238.0;-0.265781391166;799;65;0.19076923076923077;1.7692307692307692;54.33230769230769;38.61538461538461;73.67692307692309;9.0;27.692307692307693;18.384615384615383;3.778461538461538;0.0;2.636923076923077;1.5169230769230768;0.8123076923076922;0.27384615384615385;1.6338461538461542;6.3076923076923075;8.461538461538462
11286;zone52;4503.72067559025;3742.2957906521283;0.0;zone52;S01010307;9;821;732;428;[0.189922,0.577519,0.232558];[0.407407,0.487654,0.104938];[0.346154,0.538462,0.115385];[0.71875,0.234375,0.046875];[0.0681818181818,0.0568181818182,0.375,0.5];5;319.0;-0.172537833795;412;66;0.28888888888888886;2.0;46.22666666666667;60.77777777777778;90.49333333333334;12.444444444444445;32.55555555555556;15.333333333333334;5.764444444444445;0.0;3.364444444444444;5.995555555555556;1.7066666666666666;0.27555555555555555;1.3555555555555554;9.88888888888889;16.22222222222222
11286;zone53;4364.519870735056;4047.768725526131;0.0;zone53;S01010308;9;975;858;480;[0.285714,0.54007,0.174216];[0.511936,0.384615,0.103448];[0.254902,0.411765,0.333333];[0.648352,0.307692,0.043956];[0.0970873786408,0.0631067961165,0.359223300971,0.480582524272];4;257.0;-0.244477582955;1494;53;0.22666666666666666;2.7777777777777777;76.2088888888889;44.22222222222222;89.61333333333333;8.666666666666666;29.0;26.444444444444443;4.9688888888888885;0.0;3.155555555555556;1.52;1.2;0.21777777777777776;0.7911111111111112;11.666666666666666;10.222222222222221
11286;zone54;5381.88771051669;3636.3205112402793;0.0;zone54;S01010309;4;419;356;264;[0.333333,0.25,0.416667];[0.478873,0.422535,0.098592];[0.352941,0.382353,0.264706];[0.705882,0.24183,0.052288];[0.365853658537,0.170731707317,0.390243902439,0.0731707317073];1;0.0;-0.540229885057;1869;6;0.06;1.5;74.88;25.0;88.4;13.0;31.5;26.0;1.27;0.0;1.8900000000000001;0.0;2.81;0.14;1.5899999999999999;8.5;5.5
11286;zone55;5657.373406240428;3625.6586165034923;0.0;zone55;S01010310;13;706;540;381;[0.333333,0.238095,0.428571];[0.565517,0.337931,0.096552];[0.54902,0.27451,0.176471];[0.715415,0.256917,0.027668];[0.484848484848,0.151515151515,0.318181818182,0.0454545454545];1;574.0;0.120406534162;821;50;0.15076923076923077;1.4615384615384615;53.34461538461539;34.84615384615385;75.35692307692308;10.076923076923077;29.0;18.23076923076923;3.1507692307692308;0.0;2.2523076923076926;0.04615384615384615;3.1876923076923074;0.29846153846153844;2.0923076923076924;5.153846153846154;8.153846153846153
11286;zone56;5685.425126382168;3318.6970593171873;0.0;zone56;S01010311;22;721;556;351;[0.411765,0.352941,0.235294];[0.472222,0.453704,0.074074];[0.571429,0.404762,0.02381];[0.717949,0.271062,0.010989];[0.565217391304,0.121739130435,0.269565217391,0.0434782608696];1;1534.0;1.22364271569;1742;76;0.1290909090909091;1.2272727272727273;70.51454545454544;34.59090909090909;86.08909090909093;11.227272727272727;31.136363636363637;24.272727272727273;2.892727272727273;0.0;2.4636363636363634;0.06727272727272728;4.0200000000000005;0.46545454545454545;2.481818181818182;5.409090909090909;9.045454545454545
11286;zone57;5466.52613028024;3072.1402274564575;0.0;zone57;S01010312;34;868;647;425;[0.117647,0.823529,0.058824];[0.754386,0.22807,0.017544];[0.407407,0.444444,0.148148];[0.804945,0.153846,0.041209];[0.586956521739,0.115942028986,0.268115942029,0.0289855072464];1;685.0;0.247477927043;1694;121;0.1411764705882353;1.588235294117647;75.32823529411765;32.85294117647059;81.57176470588234;9.529411764705882;28.705882352941178;25.764705882352942;1.6988235294117648;0.0;2.8623529411764705;0.06;3.1635294117647055;0.30588235294117644;2.112941176470588;5.705882352941177;7.323529411764706
11286;zone58;5251.7403530303945;3502.549209042501;0.0;zone58;S01010313;16;654;529;356;[0.428571,0.285714,0.285714];[0.6,0.333333,0.066667];[0.433735,0.481928,0.084337];[0.739623,0.162264,0.098113];[0.648351648352,0.131868131868,0.175824175824,0.043956043956];1;565.0;0.109617915218;2119;57;0.1375;1.4375;75.5625;32.5625;91.515;12.5625;32.125;26.125;2.7299999999999995;0.0;4.26;0.14750000000000002;3.105;0.3700000000000001;2.4374999999999996;6.0625;9.875
11286;zone59;4840.312157862589;3385.4448126102257;0.0;zone59;S01010314;21;1248;1034;550;[0.358209,0.507463,0.134328];[0.514493,0.333333,0.152174];[0.5,0.326923,0.173077];[0.636,0.324,0.04];[0.316901408451,0.133802816901,0.401408450704,0.147887323944];1;637.0;0.192402372167;1217;70;0.1295238095238095;1.9523809523809523;63.45904761904761;32.76190476190476;83.06666666666666;10.761904761904763;30.0;22.0;2.2857142857142856;0.0;3.60952380952381;1.1028571428571428;1.758095238095238;0.4076190476190477;1.96952380952381;7.571428571428571;8.285714285714286
11286;zone60;4536.293429266749;2504.1273706154316;0.0;zone60;S01010315;43;911;678;409;[0.180723,0.554217,0.26506];[0.252632,0.457895,0.289474];[0.208333,0.5,0.291667];[0.55144,0.345679,0.102881];[0.308176100629,0.169811320755,0.358490566038,0.163522012579];2;382.0;-0.100954860853;1643;199;0.17953488372093024;1.255813953488372;66.0920930232558;41.2093023255814;78.93302325581395;9.44186046511628;28.441860465116278;22.767441860465116;3.701395348837209;0.0;2.9367441860465116;0.0;3.405581395348837;0.29023255813953486;2.1125581395348827;4.3023255813953485;9.55813953488372
11286;zone61;4589.6619547948285;2943.195659127726;0.0;zone61;S01010316;25;512;414;304;[0.392157,0.529412,0.078431];[0.62931,0.37069,0.0];[0.439024,0.560976,0.0];[0.775401,0.224599,0.0];[0.439252336449,0.102803738318,0.252336448598,0.205607476636];1;481.0;0.0128180141103;1339;121;0.1888;1.68;62.21920000000002;36.24;75.99519999999998;8.72;27.8;21.4;2.9344000000000006;0.0;2.7984000000000004;0.11679999999999997;2.124799999999999;0.21280000000000007;1.992;6.16;7.52
11286;zone63;4421.5566371748755;3071.026327566895;0.0;zone63;S01010318;12;1588;1497;304;[0.5,0.456522,0.043478];[0.469799,0.47651,0.053691];[0.310345,0.37931,0.310345];[0.678571,0.285714,0.035714];[0.36,0.14,0.34,0.16];3;317.0;-0.175110645645;1238;64;0.21;1.5833333333333333;64.92666666666668;41.833333333333336;80.16666666666667;9.083333333333334;28.0;22.083333333333332;4.510000000000001;0.0;4.91;0.9533333333333335;0.7433333333333335;0.27666666666666667;1.7866666666666664;5.833333333333333;10.666666666666666
11286;zone64;4173.240913470097;2893.8040771744095;0.0;zone64;S01010319;9;711;624;407;[0.258741,0.608392,0.132867];[0.383399,0.486166,0.130435];[0.439394,0.212121,0.348485];[0.530769,0.384615,0.084615];[0.171974522293,0.0700636942675,0.471337579618,0.286624203822];2;473.0;0.00423719084943;1554;36;0.1511111111111111;1.3333333333333333;61.70666666666667;36.111111111111114;73.60888888888888;9.222222222222221;27.333333333333332;20.88888888888889;3.2177777777777776;0.0;2.8444444444444446;0.08444444444444445;2.017777777777778;0.2933333333333334;2.368888888888889;3.6666666666666665;7.666666666666667
11286;zone65;3940.1918462749595;2900.8899784533987;0.0;zone65;S01010320;4;675;594;437;[0.257813,0.523438,0.21875];[0.61753,0.298805,0.083665];[0.526316,0.22807,0.245614];[0.805085,0.169492,0.025424];[0.172185430464,0.0662251655629,0.443708609272,0.317880794702];1;646.0;0.202453315259;1166;20;0.2;1.0;55.989999999999995;46.25;83.22;11.0;30.0;19.0;6.3;0.0;4.35;0.65;2.12;0.38999999999999996;1.95;5.25;12.75
11286;zone66;3905.8658739096163;2664.6669636212755;0.0;zone66;S01010321;7;837;634;432;[0.401709,0.555556,0.042735];[0.54717,0.433962,0.018868];[0.45122,0.439024,0.109756];[0.666667,0.271186,0.062147];[0.212328767123,0.0958904109589,0.390410958904,0.301369863014];1;1019.0;0.631764531736;1839;20;0.09714285714285714;1.7142857142857142;78.45142857142856;31.285714285714285;86.29142857142857;10.0;29.857142857142858;26.857142857142858;5.388571428571429;0.0;2.182857142857143;0.06857142857142857;1.8800000000000001;0.2914285714285714;2.2457142857142856;5.714285714285714;9.142857142857142
11286;zone67;3630.3978644730896;3132.1651121578075;0.0;zone67;S01010322;9;1028;914;549;[0.174419,0.549419,0.276163];[0.412399,0.471698,0.115903];[0.298507,0.38806,0.313433];[0.647059,0.323529,0.029412];[0.057268722467,0.0352422907489,0.449339207048,0.458149779736];5;124.0;-0.397569575369;1393;65;0.28;1.5555555555555556;61.657777777777774;52.666666666666664;84.01333333333335;9.666666666666666;29.333333333333332;20.555555555555557;4.888888888888889;0.0;6.16;0.7422222222222222;2.244444444444445;0.4666666666666667;1.4933333333333334;6.555555555555555;13.666666666666666
11286;zone68;6208.193116766784;3072.425066795916;0.0;zone68;S01010323;4;603;466;377;[0.555556,0.444444,0.0];[0.657143,0.271429,0.071429];[0.642857,0.321429,0.035714];[0.793651,0.166667,0.039683];[0.578431372549,0.166666666667,0.235294117647,0.0196078431373];1;970.0;0.57559463238;791;12;0.11;2.5;48.18;25.25;76.66;10.25;29.0;17.25;3.53;0.0;0.8899999999999999;0.13;1.62;0.32;2.55;9.25;5.75
11286;zone69;6517.651722029823;2240.572579661372;0.0;zone69;S01010324;6;759;566;403;[0.142857,0.571429,0.285714];[0.298077,0.490385,0.211538];[0.333333,0.530864,0.135802];[0.401674,0.414226,0.1841];[0.569620253165,0.101265822785,0.291139240506,0.0379746835443];1;407.0;-0.0721601679586;1693;12;0.07333333333333333;0.8333333333333334;60.6;25.0;70.31333333333332;9.5;27.5;20.666666666666668;1.5599999999999998;0.0;1.0066666666666666;0.0;2.6933333333333334;0.4133333333333334;2.686666666666667;2.6666666666666665;4.833333333333333
11286;zone70;6038.016041009105;2402.8415869980217;0.0;zone70;S01010325;18;939;666;501;[0.263158,0.368421,0.368421];[0.383838,0.525253,0.090909];[0.253623,0.615942,0.130435];[0.451362,0.463035,0.085603];[0.545454545455,0.238636363636,0.193181818182,0.0227272727273];1;225.0;-0.281126582053;1519;46;0.1;1.2222222222222223;50.63111111111112;30.72222222222222;72.81333333333335;10.61111111111111;29.11111111111111;17.333333333333332;1.8666666666666667;0.0;1.2466666666666668;0.0;3.8599999999999994;0.3111111111111111;2.5;4.5;6.5
11286;zone71;5272.359331052501;2740.775131541117;0.0;zone71;S01010326;39;987;707;494;[0.526316,0.368421,0.105263];[0.522523,0.333333,0.144144];[0.492188,0.3125,0.195313];[0.723514,0.224806,0.05168];[0.54375,0.16875,0.23125,0.05625];1;1389.0;1.05701743376;968;192;0.18974358974358974;0.9230769230769231;54.06461538461537;38.666666666666664;74.77333333333335;9.76923076923077;28.641025641025642;18.53846153846154;2.4953846153846158;0.0;5.525128205128205;0.01641025641025641;2.12923076923077;0.40205128205128216;2.5548717948717954;3.1538461538461537;9.717948717948717
11286;zone72;4970.167032608406;2501.795090448298;0.0;zone72;S01010327;34;982;660;362;[0.031746,0.507937,0.460317];[0.372881,0.432203,0.194915];[0.289063,0.328125,0.382813];[0.516892,0.347973,0.135135];[0.416184971098,0.21387283237,0.236994219653,0.132947976879];1;470.0;0.000335688704598;979;134;0.15294117647058825;1.7058823529411764;57.30588235294118;36.529411764705884;79.65176470588234;9.823529411764707;28.764705882352942;19.735294117647058;1.998823529411764;0.0;7.357647058823528;0.03529411764705882;1.2811764705882356;0.3682352941176471;1.8647058823529412;6.676470588235294;10.147058823529411
11286;zone73;5975.307390960257;2677.5485166167286;0.0;zone73;S01010328;24;969;706;445;[0.16129,0.5,0.33871];[0.27044,0.471698,0.257862];[0.192547,0.434783,0.372671];[0.338983,0.432203,0.228814];[0.309352517986,0.258992805755,0.280575539568,0.151079136691];2;457.0;-0.0138550124678;1980;82;0.135;1.25;65.89666666666666;38.416666666666664;82.19833333333332;11.041666666666666;30.0;23.0;2.191666666666666;0.0;1.9900000000000002;0.0;5.24;0.345;2.1866666666666665;4.541666666666667;8.916666666666666
