cycle;name;location.x;location.y;location.z;name;dataZone;nm_children;pop;over16;nm_hh;AB_car_prob;C1_car_prob;C2_car_prob;DE_car_prob;prob_social;simd;crimeRate;norm_crime;avg_dis_sh;neigh_play;daily_play_per_child;avg_FSA;avg_walk;daily_OD;zone_mvpa;mvpa_home;mvpa_sc;mvpa_road;mvpa_play_field;mvpa_home_garden;mvpa_park;mvpa_PG;mvpa_amenity;mvpa_shops;mvpa_F_home;mvpa_fsa;mvpa_OD
11286;zone0;8448.90275962388;2625.4515469546564;0.0;zone0;S01010195;19;531;390;212;[0.0,0.481481,0.518519];[0.261538,0.646154,0.092308];[0.12,0.59,0.29];[0.447368,0.368421,0.184211];[0.418918918919,0.283783783784,0.202702702703,0.0945945945946];1;0.0;-0.540229885057;1114;61;0.12421052631578948;0.9473684210526315;49.242105263157896;34.36842105263158;71.78526315789475;10.157894736842104;28.526315789473685;16.894736842105264;1.0610526315789475;0.0;4.418947368421051;0.0;3.1936842105263157;0.2231578947368421;2.6042105263157898;3.0526315789473686;8.105263157894736
11286;zone1;8656.736904000718;2165.9902346445633;0.0;zone1;S01010198;18;1027;748;394;[0.058824,0.529412,0.411765];[0.305785,0.561983,0.132231];[0.219858,0.496454,0.283688];[0.523179,0.331126,0.145695];[0.48623853211,0.229357798165,0.266055045872,0.0183486238532];1;1609.0;1.3102524676;1318;53;0.11777777777777777;1.0555555555555556;54.217777777777776;32.388888888888886;73.58000000000001;10.444444444444445;28.61111111111111;18.444444444444443;1.1888888888888889;0.0;2.842222222222222;0.05333333333333333;3.1866666666666674;0.30000000000000004;2.382222222222223;4.555555555555555;6.777777777777778
11286;zone2;8537.588755655543;3024.028900129281;0.0;zone2;S01010201;22;643;453;253;[0.0,0.47619,0.52381];[0.270833,0.3125,0.416667];[0.088,0.48,0.432];[0.296552,0.434483,0.268966];[0.365853658537,0.292682926829,0.292682926829,0.0487804878049];2;219.0;-0.28762447053;672;125;0.21636363636363637;1.4545454545454546;39.21818181818182;44.77272727272727;73.28727272727272;10.363636363636363;28.681818181818183;13.363636363636363;2.4090909090909087;0.0;4.890909090909091;0.02181818181818182;4.081818181818183;0.3018181818181819;2.0818181818181825;5.409090909090909;10.954545454545455
11286;zone3;8059.42097232239;3767.666522351409;0.0;zone3;S01010203;30;671;504;260;[0.090909,0.363636,0.545455];[0.263804,0.460123,0.276074];[0.094828,0.422414,0.482759];[0.183824,0.375,0.441176];[0.272727272727,0.218181818182,0.363636363636,0.145454545455];3;215.0;-0.292668818285;1993;133;0.17333333333333334;1.4666666666666666;77.23999999999998;39.06666666666667;80.67600000000002;8.7;27.733333333333334;26.933333333333334;1.8493333333333333;0.0;3.3693333333333326;0.0;3.488;0.3026666666666667;1.9639999999999997;4.733333333333333;8.2
11286;zone4;8368.288440296214;3565.498290652094;0.0;zone4;S01010204;30;800;589;381;[0.272727,0.727273,0.0];[0.627451,0.27451,0.098039];[0.444444,0.533333,0.022222];[0.600619,0.321981,0.077399];[0.595041322314,0.157024793388,0.239669421488,0.00826446280992];1;497.0;0.0317745673598;837;100;0.13066666666666665;1.2666666666666666;39.193333333333335;31.2;70.11466666666665;10.833333333333334;29.266666666666666;13.0;1.2160000000000002;0.0;3.001333333333333;0.0;3.4306666666666668;0.33466666666666656;2.2600000000000002;4.966666666666667;7.266666666666667
11286;zone5;8034.229745798958;3515.110462853287;0.0;zone5;S01010205;15;658;534;355;[0.411765,0.117647,0.470588];[0.465116,0.457364,0.077519];[0.317757,0.588785,0.093458];[0.593458,0.280374,0.126168];[0.466666666667,0.2,0.3,0.0333333333333];1;925.0;0.523434132086;851;54;0.14133333333333334;1.0;42.22133333333334;30.333333333333332;71.768;10.866666666666667;30.0;14.333333333333334;1.9493333333333331;0.0;3.0373333333333337;0.0;3.2640000000000002;0.5040000000000001;2.056;4.266666666666667;7.733333333333333
11286;zone6;7457.064719570519;3739.055375726369;0.0;zone6;S01010208;18;903;745;565;[0.30137,0.589041,0.109589];[0.48062,0.457364,0.062016];[0.272727,0.613636,0.113636];[0.66055,0.270642,0.068807];[0.233333333333,0.133333333333,0.461111111111,0.172222222222];1;603.0;0.153385979085;1441;37;0.07777777777777778;1.5555555555555556;59.69333333333332;29.666666666666668;82.77111111111111;11.333333333333334;31.166666666666668;20.666666666666668;2.2488888888888887;0.0;2.431111111111112;0.0;3.664444444444444;0.31111111111111117;2.5111111111111115;6.444444444444445;7.833333333333333
11286;zone7;7917.838214725937;1939.334458859395;0.0;zone7;S01010209;24;966;677;468;[0.172414,0.586207,0.241379];[0.333333,0.414966,0.251701];[0.381944,0.458333,0.159722];[0.545852,0.336245,0.117904];[0.337931034483,0.248275862069,0.303448275862,0.110344827586];1;2053.0;1.82052250092;1700;60;0.09833333333333333;1.125;68.55166666666666;31.291666666666668;77.47166666666665;9.208333333333334;28.375;23.583333333333332;0.7933333333333331;0.0;3.8850000000000002;0.0;2.878333333333334;0.4749999999999999;2.523333333333333;4.083333333333333;7.0
11286;zone8;7878.406567747077;2721.2634132011362;0.0;zone8;S01010210;18;885;641;416;[0.173913,0.456522,0.369565];[0.21519,0.5,0.28481];[0.189781,0.386861,0.423358];[0.422111,0.442211,0.135678];[0.394736842105,0.236842105263,0.254385964912,0.114035087719];1;344.0;-0.144253829852;1239;67;0.13777777777777778;1.1111111111111112;55.33777777777779;35.611111111111114;77.48666666666666;10.222222222222221;29.77777777777778;19.11111111111111;1.9977777777777779;0.0;3.9533333333333323;0.00666666666666667;3.2066666666666666;0.5622222222222222;2.7822222222222224;4.388888888888889;8.777777777777779
11286;zone9;7785.599648345685;3201.783800714137;0.0;zone9;S01010211;22;858;634;452;[0.147059,0.705882,0.147059];[0.384615,0.452991,0.162393];[0.469565,0.4,0.130435];[0.722656,0.226563,0.050781];[0.473214285714,0.169642857143,0.285714285714,0.0714285714286];1;430.0;-0.0456985893816;886;77;0.13818181818181818;1.1818181818181819;45.14727272727272;32.90909090909091;73.91090909090909;11.318181818181818;29.772727272727273;15.318181818181818;1.4545454545454546;0.0;3.5618181818181824;0.0;2.7381818181818187;0.3272727272727273;2.401818181818182;5.2272727272727275;7.2727272727272725
11286;zone10;7580.688680869333;3097.127786881416;0.0;zone10;S01010212;49;1083;779;559;[0.233333,0.633333,0.133333];[0.594771,0.339869,0.065359];[0.465517,0.405172,0.12931];[0.712821,0.269231,0.017949];[0.566037735849,0.138364779874,0.22641509434,0.0691823899371];1;1473.0;1.15298517036;1100;184;0.14448979591836736;1.2653061224489797;53.43591836734693;35.734693877551024;75.05551020408164;10.061224489795919;28.918367346938776;18.163265306122447;1.6326530612244898;0.0;4.059591836734693;0.0;3.2767346938775512;0.2661224489795919;2.3395918367346935;4.571428571428571;8.53061224489796
11286;zone11;8065.177293237223;3111.5884965344962;0.0;zone11;S01010213;13;924;657;476;[0.105263,0.684211,0.210526];[0.382609,0.547826,0.069565];[0.218543,0.556291,0.225166];[0.467925,0.483019,0.049057];[0.451327433628,0.221238938053,0.274336283186,0.0530973451327];1;247.0;-0.255840453357;800;41;0.12307692307692308;0.9230769230769231;37.36307692307692;35.53846153846154;70.69846153846153;11.76923076923077;29.46153846153846;12.461538461538462;1.526153846153846;0.0;4.126153846153847;0.0;3.803076923076923;0.39076923076923087;2.286153846153846;3.230769230769231;8.923076923076923
11286;zone12;7144.994858230166;1947.4125453867302;0.0;zone12;S01010214;27;967;717;396;[0.098592,0.28169,0.619718];[0.197531,0.438272,0.364198];[0.173333,0.493333,0.333333];[0.237069,0.487069,0.275862];[0.361344537815,0.210084033613,0.310924369748,0.117647058824];3;176.0;-0.337854473183;1784;112;0.15407407407407409;1.1481481481481481;75.30962962962964;47.629629629629626;88.43851851851852;10.037037037037036;30.703703703703702;26.0;4.074074074074074;0.0;4.044444444444445;0.0;5.075555555555555;0.33037037037037037;1.9096296296296291;4.777777777777778;12.777777777777779
11286;zone13;7013.590150664996;2618.495528189446;0.0;zone13;S01010215;24;850;608;492;[0.571429,0.285714,0.142857];[0.5,0.431373,0.068627];[0.382609,0.391304,0.226087];[0.678571,0.269841,0.051587];[0.467289719626,0.140186915888,0.345794392523,0.0467289719626];1;547.0;0.0886083430805;721;79;0.12333333333333334;0.7916666666666666;43.248333333333335;37.125;74.41666666666666;11.416666666666666;30.5;14.833333333333334;1.7116666666666667;0.0;2.641666666666667;0.0;5.1433333333333335;0.5233333333333333;2.9633333333333334;3.125;9.041666666666666
11286;zone14;7332.222205807836;2329.961970144465;0.0;zone14;S01010216;15;621;464;361;[0.6,0.4,0.0];[0.597701,0.356322,0.045977];[0.409091,0.439394,0.151515];[0.709544,0.273859,0.016598];[0.5,0.163265306122,0.265306122449,0.0714285714286];1;600.0;0.150092344085;1326;45;0.11733333333333333;0.8;56.92266666666668;30.133333333333333;82.81866666666664;12.6;32.53333333333333;19.533333333333335;1.2426666666666668;0.0;3.2133333333333334;0.0;3.7386666666666675;0.38133333333333336;3.6506666666666665;4.2;7.666666666666667
11286;zone15;7299.833172322251;2625.8610945736937;0.0;zone15;S01010217;33;817;598;406;[0.16129,0.516129,0.322581];[0.565517,0.4,0.034483];[0.5,0.431373,0.068627];[0.702703,0.283784,0.013514];[0.541935483871,0.0967741935484,0.296774193548,0.0645161290323];1;1060.0;0.679274950851;1020;152;0.17696969696969697;1.5454545454545454;48.110303030303015;37.18181818181818;74.84121212121214;10.878787878787879;29.03030303030303;16.242424242424242;1.010909090909091;0.0;4.118787878787878;0.0;3.733333333333334;0.3539393939393939;1.943030303030303;5.818181818181818;8.363636363636363
11286;zone16;7142.953643082513;3018.5401822929393;0.0;zone16;S01010218;31;1018;790;587;[0.425532,0.404255,0.170213];[0.392523,0.453271,0.154206];[0.358209,0.492537,0.149254];[0.589124,0.335347,0.075529];[0.424657534247,0.109589041096,0.369863013699,0.0958904109589];1;557.0;0.101026678737;562;98;0.12129032258064516;1.4516129032258065;37.26064516129033;33.645161290322584;71.10193548387097;10.774193548387096;29.451612903225808;12.741935483870968;1.352258064516129;0.0;2.409032258064516;0.0;3.8077419354838713;0.42451612903225805;2.1754838709677418;6.129032258064516;7.064516129032258
11286;zone17;6738.8937706128745;4298.8917997019325;0.0;zone17;S01010219;21;503;382;274;[0.695652,0.304348,0.0];[0.758621,0.215517,0.025862];[0.761905,0.166667,0.071429];[0.781609,0.195402,0.022989];[0.41935483871,0.0752688172043,0.408602150538,0.0967741935484];2;184.0;-0.327838932938;1624;95;0.17523809523809525;1.5714285714285714;80.81333333333333;39.38095238095238;86.17333333333333;8.761904761904763;29.095238095238095;27.952380952380953;3.822857142857143;0.0;4.923809523809523;0.06857142857142857;2.2495238095238097;0.32571428571428573;1.8933333333333329;5.523809523809524;10.619047619047619
11286;zone18;5915.780765415368;4211.222876105162;0.0;zone18;S01010220;7;476;433;279;[0.181159,0.608696,0.210145];[0.404255,0.531915,0.06383];[0.227273,0.704545,0.068182];[0.448276,0.482759,0.068966];[0.154545454545,0.0636363636364,0.318181818182,0.463636363636];5;267.0;-0.232306706325;1277;33;0.17714285714285713;1.1428571428571428;59.61714285714286;43.857142857142854;78.72;9.571428571428571;28.142857142857142;20.571428571428573;5.411428571428572;0.0;5.377142857142857;0.34857142857142864;1.6342857142857141;0.3428571428571429;2.057142857142857;4.142857142857143;12.285714285714286
11286;zone19;6341.0811208317455;3913.8398648988496;0.0;zone19;S01010221;13;546;394;260;[0.6,0.4,0.0];[0.557377,0.409836,0.032787];[0.538462,0.323077,0.138462];[0.699387,0.257669,0.042945];[0.609375,0.140625,0.203125,0.046875];1;635.0;0.19005459739;1540;34;0.10153846153846154;2.076923076923077;78.23384615384616;28.0;89.1046153846154;10.307692307692308;30.53846153846154;27.153846153846153;3.87076923076923;0.0;4.006153846153846;0.0;0.7938461538461539;0.2892307692307693;1.5938461538461541;8.76923076923077;8.153846153846153
11286;zone20;7001.213463613622;4053.9957950241624;0.0;zone20;S01010222;15;492;414;285;[0.142857,0.5,0.357143];[0.432432,0.459459,0.108108];[0.348624,0.522936,0.12844];[0.747899,0.235294,0.016807];[0.345238095238,0.214285714286,0.309523809524,0.130952380952];1;377.0;-0.105830277325;1764;34;0.088;1.9333333333333333;73.07466666666667;30.666666666666668;83.104;10.266666666666667;29.0;25.4;2.429333333333333;0.0;1.858666666666667;0.024;2.872;0.21333333333333335;1.8453333333333333;7.466666666666667;6.733333333333333
11286;zone21;6986.8418912765155;3434.1450308482026;0.0;zone21;S01010223;4;556;462;337;[0.076923,0.538462,0.384615];[0.567797,0.330508,0.101695];[0.472222,0.444444,0.083333];[0.584699,0.36612,0.04918];[0.432432432432,0.162162162162,0.324324324324,0.0810810810811];1;439.0;-0.0353356041414;1414;16;0.15;1.75;55.190000000000005;35.5;77.92;11.0;28.25;19.5;2.14;0.0;2.83;0.0;3.5500000000000003;0.11;1.73;7.0;8.25
11286;zone22;6247.397837456437;3329.661273309237;0.0;zone22;S01010224;40;1036;727;469;[0.405405,0.540541,0.054054];[0.592593,0.274074,0.133333];[0.418803,0.504274,0.076923];[0.768421,0.202632,0.028947];[0.506097560976,0.140243902439,0.268292682927,0.0853658536585];1;1004.0;0.614259332793;1303;118;0.11;1.175;57.97399999999999;30.525;80.70000000000002;11.6;30.525;19.825;4.837000000000001;0.0;2.5140000000000002;0.019;1.92;0.41600000000000004;2.292;4.95;8.875
11286;zone23;7827.985844039554;4105.4701191949;0.0;zone23;S01010225;33;812;636;431;[0.25,0.634615,0.115385];[0.469072,0.43299,0.097938];[0.54023,0.413793,0.045977];[0.672065,0.234818,0.093117];[0.385185185185,0.125925925926,0.325925925926,0.162962962963];1;1006.0;0.616572011517;1678;85;0.0993939393939394;1.9090909090909092;71.48121212121212;31.333333333333332;86.47393939393939;10.757575757575758;30.454545454545453;24.727272727272727;2.587878787878788;0.0;2.8630303030303033;0.0;2.951515151515152;0.3115151515151514;1.9878787878787878;8.242424242424242;7.96969696969697
11286;zone24;7040.363001382077;4481.052780471187;0.0;zone24;S01010226;40;816;565;394;[0.454545,0.242424,0.30303];[0.715385,0.2,0.084615];[0.540541,0.405405,0.054054];[0.766917,0.18797,0.045113];[0.503355704698,0.201342281879,0.221476510067,0.0738255033557];2;422.0;-0.0548014077425;1141;238;0.228;1.625;57.398;42.65;78.65399999999998;9.175;28.575;19.6;4.418;0.0;4.394;0.11299999999999999;2.1979999999999995;0.24299999999999997;1.996;6.1;10.625
11286;zone25;6847.772309074456;4638.663588163389;0.0;zone25;S01010227;39;692;454;294;[0.413793,0.413793,0.172414];[0.704545,0.238636,0.056818];[0.654545,0.345455,0.0];[0.810606,0.159091,0.030303];[0.672268907563,0.0924369747899,0.159663865546,0.0756302521008];4;0.0;-0.540229885057;1097;328;0.32;1.4871794871794872;54.60820512820515;56.43589743589744;83.43076923076924;9.461538461538462;29.384615384615383;18.666666666666668;2.9446153846153846;0.0;9.897435897435898;0.12512820512820516;2.753846153846154;0.2882051282051282;1.8430769230769226;6.384615384615385;15.23076923076923
11286;zone26;8241.816993110848;4572.457656401622;0.0;zone26;S01010229;30;1016;787;508;[0.1,0.625,0.275];[0.350877,0.350877,0.298246];[0.348315,0.477528,0.174157];[0.565217,0.310559,0.124224];[0.420731707317,0.213414634146,0.292682926829,0.0731707317073];1;395.0;-0.0859445809966;1182;91;0.11866666666666667;0.9666666666666667;54.63733333333334;27.4;77.37599999999999;11.833333333333334;30.5;18.533333333333335;1.821333333333334;0.0;3.0453333333333332;0.0;2.8293333333333335;0.5373333333333332;2.497333333333333;4.066666666666666;7.133333333333334
11286;zone27;7458.320056766788;4680.341251240345;0.0;zone27;S01010230;24;1005;772;577;[0.314286,0.628571,0.057143];[0.703883,0.296117,0.0];[0.727273,0.218182,0.054545];[0.71831,0.24507,0.03662];[0.517857142857,0.136904761905,0.267857142857,0.077380952381];1;846.0;0.433218203459;953;82;0.13333333333333333;1.375;47.5;32.25;73.70666666666668;10.583333333333334;29.083333333333332;15.833333333333334;1.4399999999999997;0.0;4.705;0.065;2.4899999999999998;0.4083333333333334;2.1966666666666663;5.083333333333333;8.166666666666666
11286;zone28;7569.802990100143;4917.458811240416;0.0;zone28;S01010232;37;1074;792;485;[0.457143,0.485714,0.057143];[0.557292,0.338542,0.104167];[0.492063,0.333333,0.174603];[0.654229,0.251244,0.094527];[0.470297029703,0.153465346535,0.306930693069,0.0693069306931];1;771.0;0.347049794199;962;141;0.14702702702702702;1.5675675675675675;49.40756756756757;34.891891891891895;74.53513513513515;10.027027027027026;28.7027027027027;16.83783783783784;1.4681081081081082;0.0;4.005405405405405;0.14594594594594598;3.164324324324325;0.2972972972972973;1.9048648648648654;6.1891891891891895;8.378378378378379
11286;zone29;7830.713068379679;4879.746446724283;0.0;zone29;S01010233;33;970;705;476;[0.275,0.625,0.1];[0.655629,0.245033,0.099338];[0.52809,0.426966,0.044944];[0.771505,0.212366,0.016129];[0.587209302326,0.093023255814,0.261627906977,0.0581395348837];1;284.0;-0.213781821634;1129;111;0.1296969696969697;1.3333333333333333;54.16363636363635;33.81818181818182;77.41818181818181;11.333333333333334;30.060606060606062;18.272727272727273;1.2;0.0;3.026666666666667;0.04121212121212121;4.174545454545455;0.32242424242424245;1.9478787878787875;5.393939393939394;7.9393939393939394
11286;zone30;6473.383843181837;4954.519765957263;0.0;zone30;S01010261;6;2551;2373;526;[0.666667,0.270833,0.0625];[0.675841,0.281346,0.042813];[0.75,0.25,0.0];[0.824468,0.164894,0.010638];[0.41,0.06,0.41,0.12];3;176.0;-0.337679921334;1696;8;0.05333333333333334;2.5;82.26666666666667;32.333333333333336;92.77333333333333;10.5;31.0;28.0;2.8666666666666667;0.0;0.9666666666666667;0.22666666666666666;4.733333333333333;0.15333333333333332;2.2199999999999998;9.833333333333334;8.333333333333334
11286;zone31;4930.642193689802;4959.449818932565;0.0;zone31;S01010266;3;555;474;237;[0.320755,0.556604,0.122642];[0.677273,0.254545,0.068182];[0.5,0.461538,0.038462];[0.534247,0.30137,0.164384];[0.141176470588,0.0588235294118,0.4,0.4];3;536.0;0.0761386922126;1097;10;0.13333333333333333;1.6666666666666667;47.72;37.0;66.68;8.0;27.333333333333332;16.0;0.8666666666666667;0.0;2.9466666666666668;0.3466666666666667;3.4666666666666663;0.12000000000000001;1.8;3.6666666666666665;7.333333333333333
11286;zone32;5712.5549897826;4979.400336637217;0.0;zone32;S01010270;4;1153;972;817;[0.389831,0.533898,0.076271];[0.70255,0.252125,0.045326];[0.714286,0.272727,0.012987];[0.771552,0.228448,0.0];[0.125,0.0909090909091,0.454545454545,0.329545454545];1;871.0;0.461200629557;1566;5;0.05;2.0;68.78;29.25;95.08999999999999;12.5;34.25;24.25;6.34;0.0;1.05;0.0;2.04;0.38000000000000006;2.4899999999999998;10.75;8.75
11286;zone33;3394.0723536088512;4934.677182292946;0.0;zone33;S01010282;13;976;841;645;[0.438776,0.520408,0.040816];[0.545732,0.405488,0.04878];[0.521277,0.382979,0.095745];[0.712707,0.232044,0.055249];[0.190954773869,0.070351758794,0.35175879397,0.386934673367];2;350.0;-0.137812028107;1323;46;0.13538461538461538;2.0;60.4153846153846;36.30769230769231;84.76307692307692;10.76923076923077;30.923076923076923;21.0;1.5969230769230771;0.0;6.633846153846155;0.7015384615384614;1.1907692307692306;0.4553846153846155;1.4246153846153848;8.384615384615385;9.615384615384615
11286;zone34;4385.789287498423;4835.237486850067;0.0;zone34;S01010289;15;771;687;380;[0.130952,0.511905,0.357143];[0.262911,0.502347,0.234742];[0.178571,0.464286,0.357143];[0.410256,0.435897,0.153846];[0.058064516129,0.0322580645161,0.245161290323,0.664516129032];5;259.0;-0.241396294863;1598;118;0.304;1.2666666666666666;66.34133333333334;55.93333333333333;81.81066666666668;8.8;28.4;22.733333333333334;3.197333333333334;0.0;5.917333333333333;1.749333333333333;2.5893333333333333;0.24799999999999997;1.8666666666666667;4.266666666666667;12.933333333333334
11286;zone35;4401.5375624188455;4669.062022109911;0.0;zone35;S01010290;13;546;485;278;[0.198198,0.603604,0.198198];[0.485944,0.449799,0.064257];[0.555556,0.444444,0.0];[0.435897,0.512821,0.051282];[0.10752688172,0.0430107526882,0.494623655914,0.354838709677];3;353.0;-0.133686757747;937;88;0.26461538461538464;1.1538461538461537;47.93846153846154;55.76923076923077;85.40307692307692;11.615384615384615;31.307692307692307;16.307692307692307;3.2953846153846156;0.0;9.75076923076923;1.2738461538461539;2.5353846153846153;0.32923076923076916;2.046153846153846;5.384615384615385;16.46153846153846
11286;zone36;4119.983651650423;4281.100418217042;0.0;zone36;S01010291;12;1075;975;481;[0.405594,0.447552,0.146853];[0.627907,0.277132,0.094961];[0.415094,0.433962,0.150943];[0.562963,0.325926,0.111111];[0.197080291971,0.0729927007299,0.445255474453,0.284671532847];3;438.0;-0.0363924713322;636;66;0.21666666666666667;1.1666666666666667;43.803333333333335;49.416666666666664;77.98;10.75;29.75;14.583333333333334;1.7966666666666666;0.0;9.316666666666666;1.0966666666666665;1.9266666666666667;0.49333333333333335;1.5833333333333337;5.0;13.583333333333334
11286;zone37;4399.731076226201;4291.6703625917;0.0;zone37;S01010292;10;890;831;409;[0.348214,0.508929,0.142857];[0.477169,0.420091,0.10274];[0.339286,0.446429,0.214286];[0.55814,0.383721,0.05814];[0.128378378378,0.0540540540541,0.398648648649,0.418918918919];4;323.0;-0.168488563048;1330;63;0.244;1.5;61.04799999999999;49.6;83.07200000000002;9.8;29.7;21.0;3.6359999999999992;0.0;6.787999999999999;1.3199999999999998;1.9159999999999997;0.22000000000000003;1.8520000000000003;5.3;13.2
11286;zone38;4514.690807242894;4541.15458266895;0.0;zone38;S01010293;16;839;723;373;[0.51773,0.35461,0.12766];[0.635389,0.262735,0.101877];[0.446809,0.319149,0.234043];[0.514286,0.392857,0.092857];[0.242424242424,0.0606060606061,0.393939393939,0.30303030303];3;290.0;-0.205814991507;825;110;0.265;1.0625;46.605;51.5625;80.755;10.9375;30.375;15.8125;4.305000000000001;0.0;6.249999999999999;1.0950000000000002;3.01;0.375;2.2325;4.625;14.1875
11286;zone39;4541.7482834333705;4418.565122351524;0.0;zone39;S01010294;13;690;631;275;[0.242105,0.526316,0.231579];[0.650873,0.214464,0.134663];[0.583333,0.208333,0.208333];[0.414894,0.489362,0.095745];[0.164835164835,0.043956043956,0.494505494505,0.296703296703];4;440.0;-0.0342259463805;1178;70;0.20307692307692307;1.6153846153846154;63.578461538461546;46.76923076923077;87.34153846153845;10.384615384615385;30.692307692307693;21.76923076923077;4.224615384615384;0.0;5.584615384615385;1.5907692307692307;1.8030769230769228;0.476923076923077;1.5323076923076924;7.461538461538462;12.846153846153847
11286;zone40;4766.8646917667475;4574.50133624035;0.0;zone40;S01010295;18;974;870;427;[0.384615,0.391026,0.224359];[0.604555,0.310559,0.084886];[0.428571,0.285714,0.285714];[0.390728,0.516556,0.092715];[0.212765957447,0.113475177305,0.297872340426,0.375886524823];4;529.0;0.0680145754747;1258;109;0.22444444444444445;1.7222222222222223;59.50666666666666;49.0;80.48444444444446;9.277777777777779;28.27777777777778;20.555555555555557;3.3511111111111114;0.0;7.0200000000000005;1.2555555555555555;1.997777777777777;0.26888888888888896;1.6444444444444448;5.222222222222222;13.166666666666666
11286;zone41;4647.752341766679;4736.091736240359;0.0;zone41;S01010296;16;664;560;291;[0.294118,0.423529,0.282353];[0.520913,0.368821,0.110266];[0.375,0.375,0.25];[0.475524,0.391608,0.132867];[0.282828282828,0.111111111111,0.363636363636,0.242424242424];2;856.0;0.444094443477;1050;65;0.1575;1.6875;47.690000000000005;37.5;78.6875;11.3125;30.3125;16.0625;2.7075;0.0;4.4;1.1824999999999999;2.045;0.22750000000000004;1.9349999999999998;6.875;9.9375
11286;zone42;5522.849421766708;4411.996091240393;0.0;zone42;S01010297;7;1066;894;676;[0.582609,0.382609,0.034783];[0.691824,0.245283,0.062893];[0.540541,0.333333,0.126126];[0.681275,0.270916,0.047809];[0.260563380282,0.140845070423,0.37323943662,0.225352112676];1;504.0;0.0391758595379;598;37;0.2;1.5714285714285714;38.94857142857143;42.0;73.92;11.571428571428571;29.714285714285715;12.857142857142858;2.4971428571428573;0.0;1.7885714285714285;0.4514285714285715;3.9714285714285715;0.32;1.6857142857142857;7.142857142857143;8.142857142857142
11286;zone43;4706.481893689814;4143.807995855712;0.0;zone43;S01010298;12;880;677;515;[0.308943,0.479675,0.211382];[0.581395,0.356589,0.062016];[0.539683,0.396825,0.063492];[0.744828,0.193103,0.062069];[0.227272727273,0.0984848484848,0.371212121212,0.30303030303];1;486.0;0.0190902878356;1063;42;0.13666666666666666;1.5;51.99666666666668;33.166666666666664;67.46;8.25;26.25;17.833333333333332;1.7966666666666669;0.0;3.2333333333333325;0.27;1.3;0.2166666666666667;2.023333333333333;4.583333333333333;6.083333333333333
11286;zone44;4885.424673909578;4209.645754097502;0.0;zone44;S01010299;4;536;404;292;[0.3,0.54,0.16];[0.556701,0.340206,0.103093];[0.458333,0.520833,0.020833];[0.584906,0.283019,0.132075];[0.428571428571,0.0857142857143,0.285714285714,0.2];1;375.0;-0.10827530326;747;12;0.12;1.75;37.48;25.5;76.65;12.75;32.25;12.0;3.2800000000000002;0.0;0.23;0.25;3.0;0.27;2.8200000000000003;8.0;6.25
11286;zone45;4883.397012115578;4340.414778682246;0.0;zone45;S01010300;21;934;764;478;[0.460784,0.411765,0.127451];[0.664653,0.238671,0.096677];[0.632353,0.323529,0.044118];[0.606383,0.329787,0.06383];[0.3046875,0.125,0.3515625,0.21875];2;513.0;0.0498225801839;679;134;0.2419047619047619;1.2857142857142858;38.80380952380952;42.80952380952381;74.0895238095238;10.80952380952381;29.38095238095238;13.238095238095237;2.8419047619047615;0.0;4.500952380952381;0.46857142857142847;3.049523809523809;0.4304761904761905;2.3980952380952383;5.190476190476191;10.333333333333334
11286;zone46;5144.66081966521;4032.769083704074;0.0;zone46;S01010301;6;522;457;283;[0.292683,0.597561,0.109756];[0.57563,0.315126,0.109244];[0.222222,0.703704,0.074074];[0.561798,0.393258,0.044944];[0.214285714286,0.0612244897959,0.459183673469,0.265306122449];4;490.0;0.0232745011966;2074;38;0.24;1.3333333333333333;74.76;50.5;83.77333333333334;10.5;28.166666666666668;26.166666666666668;6.240000000000001;0.0;0.7599999999999999;0.3333333333333333;3.7466666666666666;0.3333333333333333;2.0866666666666664;3.8333333333333335;10.666666666666666
11286;zone47;5165.568789180556;4297.038752619699;0.0;zone47;S01010302;24;669;495;388;[0.65625,0.28125,0.0625];[0.6,0.356522,0.043478];[0.716981,0.226415,0.056604];[0.801802,0.18018,0.018018];[0.582417582418,0.0769230769231,0.263736263736,0.0769230769231];1;392.0;-0.0896499889057;1487;122;0.195;1.4166666666666667;61.218333333333334;42.375;81.89333333333335;10.375;29.791666666666668;21.208333333333332;5.485;0.0;1.4349999999999998;0.36833333333333335;3.498333333333333;0.43666666666666676;2.205;5.333333333333333;10.333333333333334
11286;zone48;5241.140616766716;4139.402270499609;0.0;zone48;S01010303;33;579;387;250;[0.692308,0.153846,0.153846];[0.56701,0.298969,0.134021];[0.630435,0.282609,0.086957];[0.658879,0.285047,0.056075];[0.58407079646,0.106194690265,0.274336283186,0.0353982300885];1;415.0;-0.0627120940391;1419;148;0.17333333333333334;0.9393939393939394;60.328484848484855;39.90909090909091;77.50787878787877;9.93939393939394;29.151515151515152;20.575757575757574;5.094545454545454;0.0;1.1806060606060609;0.37696969696969695;3.4872727272727264;0.4024242424242424;2.8666666666666663;2.8181818181818183;9.727272727272727
11286;zone49;4853.647576226233;3833.123065294377;0.0;zone49;S01010304;12;542;456;332;[0.323529,0.514706,0.161765];[0.635135,0.25,0.114865];[0.477273,0.522727,0.0];[0.829268,0.109756,0.060976];[0.372340425532,0.0425531914894,0.297872340426,0.287234042553];1;804.0;0.384523850516;1491;46;0.14;1.25;64.76333333333334;33.916666666666664;78.77666666666666;10.0;29.166666666666668;22.25;4.1;0.0;0.9466666666666668;0.8433333333333333;1.9666666666666668;0.2066666666666667;1.93;5.666666666666667;7.25
11286;zone50;4697.410406890209;3639.1027396354093;0.0;zone50;S01010305;7;807;694;478;[0.36036,0.468468,0.171171];[0.553191,0.33617,0.110638];[0.409639,0.301205,0.289157];[0.589888,0.337079,0.073034];[0.198529411765,0.0735294117647,0.382352941176,0.345588235294];1;223.0;-0.28282788147;587;26;0.14285714285714285;1.7142857142857142;50.22285714285714;39.42857142857143;82.33714285714287;11.714285714285714;30.428571428571427;16.571428571428573;7.085714285714286;0.0;2.96;1.714285714285714;0.5542857142857143;0.42857142857142855;2.3485714285714288;6.571428571428571;11.714285714285714
11286;zone51;4591.3082521834585;3868.367573740388;0.0;zone51;S01010306;13;752;675;449;[0.35625,0.56875,0.075];[0.570588,0.355882,0.073529];[0.283019,0.566038,0.150943];[0.650943,0.330189,0.018868];[0.165680473373,0.0473372781065,0.479289940828,0.307692307692];2;238.0;-0.265781391166;750;78;0.23692307692307693;1.3076923076923077;47.03076923076924;44.53846153846154;74.61846153846155;10.384615384615385;29.384615384615383;16.076923076923077;4.904615384615385;0.0;1.8553846153846154;2.575384615384616;1.1784615384615384;0.4153846153846154;1.9200000000000002;4.461538461538462;10.076923076923077
11286;zone52;4503.72067559025;3742.2957906521283;0.0;zone52;S01010307;9;821;732;428;[0.189922,0.577519,0.232558];[0.407407,0.487654,0.104938];[0.346154,0.538462,0.115385];[0.71875,0.234375,0.046875];[0.0681818181818,0.0568181818182,0.375,0.5];5;319.0;-0.172537833795;501;67;0.28888888888888886;1.0;39.528888888888886;52.666666666666664;74.39111111111112;10.666666666666666;29.88888888888889;13.222222222222221;6.0888888888888895;0.0;2.1822222222222223;3.9511111111111106;0.9066666666666667;0.5377777777777778;2.2044444444444444;3.111111111111111;12.777777777777779
11286;zone53;4364.519870735056;4047.768725526131;0.0;zone53;S01010308;9;975;858;480;[0.285714,0.54007,0.174216];[0.511936,0.384615,0.103448];[0.254902,0.411765,0.333333];[0.648352,0.307692,0.043956];[0.0970873786408,0.0631067961165,0.359223300971,0.480582524272];4;257.0;-0.244477582955;1424;42;0.18666666666666668;1.8888888888888888;75.9511111111111;40.22222222222222;86.55111111111111;9.11111111111111;30.11111111111111;26.555555555555557;3.8533333333333335;0.0;3.897777777777778;1.4666666666666666;0.7288888888888889;0.21333333333333332;1.5955555555555554;7.0;9.333333333333334
11286;zone54;5381.88771051669;3636.3205112402793;0.0;zone54;S01010309;4;419;356;264;[0.333333,0.25,0.416667];[0.478873,0.422535,0.098592];[0.352941,0.382353,0.264706];[0.705882,0.24183,0.052288];[0.365853658537,0.170731707317,0.390243902439,0.0731707317073];1;0.0;-0.540229885057;1917;10;0.1;1.75;84.2;23.25;85.06;10.25;30.25;27.75;1.75;0.0;1.5699999999999998;0.3;2.6199999999999997;0.25;3.46;5.25;5.75
11286;zone55;5657.373406240428;3625.6586165034923;0.0;zone55;S01010310;13;706;540;381;[0.333333,0.238095,0.428571];[0.565517,0.337931,0.096552];[0.54902,0.27451,0.176471];[0.715415,0.256917,0.027668];[0.484848484848,0.151515151515,0.318181818182,0.0454545454545];1;574.0;0.120406534162;748;40;0.11384615384615385;0.8461538461538461;42.723076923076924;37.53846153846154;71.32307692307691;10.615384615384615;29.0;14.76923076923077;3.652307692307692;0.0;2.64;0.24615384615384617;2.861538461538461;0.3723076923076923;2.003076923076923;3.3076923076923075;8.923076923076923
11286;zone56;5685.425126382168;3318.6970593171873;0.0;zone56;S01010311;22;721;556;351;[0.411765,0.352941,0.235294];[0.472222,0.453704,0.074074];[0.571429,0.404762,0.02381];[0.717949,0.271062,0.010989];[0.565217391304,0.121739130435,0.269565217391,0.0434782608696];1;1534.0;1.22364271569;1492;58;0.10181818181818182;0.9090909090909091;64.07272727272726;29.318181818181817;85.87636363636364;12.909090909090908;32.90909090909091;22.181818181818183;2.6636363636363636;0.0;2.6509090909090904;0.2072727272727273;3.8236363636363646;0.37999999999999995;2.8581818181818184;3.8181818181818183;8.909090909090908
11286;zone57;5466.52613028024;3072.1402274564575;0.0;zone57;S01010312;34;868;647;425;[0.117647,0.823529,0.058824];[0.754386,0.22807,0.017544];[0.407407,0.444444,0.148148];[0.804945,0.153846,0.041209];[0.586956521739,0.115942028986,0.268115942029,0.0289855072464];1;685.0;0.247477927043;1622;101;0.11411764705882353;1.4705882352941178;70.80117647058826;31.470588235294116;86.17176470588232;11.058823529411764;30.970588235294116;24.264705882352942;2.0705882352941174;0.0;3.644705882352941;0.00823529411764706;3.1235294117647054;0.33529411764705896;2.3705882352941177;6.529411764705882;8.441176470588236
11286;zone58;5251.7403530303945;3502.549209042501;0.0;zone58;S01010313;16;654;529;356;[0.428571,0.285714,0.285714];[0.6,0.333333,0.066667];[0.433735,0.481928,0.084337];[0.739623,0.162264,0.098113];[0.648351648352,0.131868131868,0.175824175824,0.043956043956];1;565.0;0.109617915218;2148;53;0.1175;2.0;84.91499999999999;31.1875;84.7125;9.1875;28.4375;29.25;1.85;0.0;3.1750000000000003;0.025;2.52;0.17250000000000004;2.0225000000000004;6.5625;7.125
11286;zone59;4840.312157862589;3385.4448126102257;0.0;zone59;S01010314;21;1248;1034;550;[0.358209,0.507463,0.134328];[0.514493,0.333333,0.152174];[0.5,0.326923,0.173077];[0.636,0.324,0.04];[0.316901408451,0.133802816901,0.401408450704,0.147887323944];1;637.0;0.192402372167;1103;64;0.11428571428571428;1.1904761904761905;56.00380952380952;37.857142857142854;82.60190476190476;11.571428571428571;31.333333333333332;19.0;4.607619047619047;0.0;4.441904761904762;1.0952380952380951;1.474285714285714;0.35047619047619055;2.316190476190476;4.666666666666667;11.142857142857142
11286;zone60;4536.293429266749;2504.1273706154316;0.0;zone60;S01010315;43;911;678;409;[0.180723,0.554217,0.26506];[0.252632,0.457895,0.289474];[0.208333,0.5,0.291667];[0.55144,0.345679,0.102881];[0.308176100629,0.169811320755,0.358490566038,0.163522012579];2;382.0;-0.100954860853;1600;210;0.18790697674418605;1.4186046511627908;65.0158139534884;42.46511627906977;80.65488372093024;9.418604651162791;28.767441860465116;22.3953488372093;3.1544186046511618;0.0;4.426976744186046;0.09302325581395347;3.074418604651163;0.3386046511627907;1.8269767441860465;5.441860465116279;10.279069767441861
11286;zone61;4589.6619547948285;2943.195659127726;0.0;zone61;S01010316;25;512;414;304;[0.392157,0.529412,0.078431];[0.62931,0.37069,0.0];[0.439024,0.560976,0.0];[0.775401,0.224599,0.0];[0.439252336449,0.102803738318,0.252336448598,0.205607476636];1;481.0;0.0128180141103;1283;136;0.2032;1.32;57.076800000000006;35.64;73.464;9.04;27.72;19.48;2.4848000000000003;0.0;3.5024000000000006;0.11520000000000001;2.248;0.3664;2.2895999999999996;4.68;7.92
11286;zone63;4421.5566371748755;3071.026327566895;0.0;zone63;S01010318;12;1588;1497;304;[0.5,0.456522,0.043478];[0.469799,0.47651,0.053691];[0.310345,0.37931,0.310345];[0.678571,0.285714,0.035714];[0.36,0.14,0.34,0.16];3;317.0;-0.175110645645;1115;80;0.25;0.9166666666666666;55.306666666666665;48.416666666666664;88.92999999999999;12.083333333333334;32.0;19.0;6.486666666666667;0.0;7.876666666666666;0.7633333333333333;1.4733333333333334;0.3033333333333333;2.4066666666666667;4.833333333333333;16.166666666666668
11286;zone64;4173.240913470097;2893.8040771744095;0.0;zone64;S01010319;9;711;624;407;[0.258741,0.608392,0.132867];[0.383399,0.486166,0.130435];[0.439394,0.212121,0.348485];[0.530769,0.384615,0.084615];[0.171974522293,0.0700636942675,0.471337579618,0.286624203822];2;473.0;0.00423719084943;1414;42;0.18666666666666668;1.1111111111111112;62.22666666666666;46.111111111111114;84.81333333333333;10.11111111111111;30.555555555555557;21.666666666666668;4.888888888888889;0.0;3.9111111111111105;0.19555555555555557;4.20888888888889;0.32000000000000006;2.493333333333333;4.777777777777778;12.666666666666666
11286;zone65;3940.1918462749595;2900.8899784533987;0.0;zone65;S01010320;4;675;594;437;[0.257813,0.523438,0.21875];[0.61753,0.298805,0.083665];[0.526316,0.22807,0.245614];[0.805085,0.169492,0.025424];[0.172185430464,0.0662251655629,0.443708609272,0.317880794702];1;646.0;0.202453315259;1264;10;0.1;2.5;58.16;27.0;86.52;12.0;30.75;19.75;5.82;0.0;2.0700000000000003;0.41;1.4100000000000001;0.0;1.86;10.5;9.25
11286;zone66;3905.8658739096163;2664.6669636212755;0.0;zone66;S01010321;7;837;634;432;[0.401709,0.555556,0.042735];[0.54717,0.433962,0.018868];[0.45122,0.439024,0.109756];[0.666667,0.271186,0.062147];[0.212328767123,0.0958904109589,0.390410958904,0.301369863014];1;1019.0;0.631764531736;1765;32;0.17714285714285713;1.0;73.27428571428571;39.57142857142857;92.33714285714287;12.285714285714286;32.42857142857143;25.571428571428573;4.091428571428571;0.0;5.32;0.28;3.0399999999999996;0.49714285714285716;2.582857142857143;4.285714285714286;12.285714285714286
11286;zone67;3630.3978644730896;3132.1651121578075;0.0;zone67;S01010322;9;1028;914;549;[0.174419,0.549419,0.276163];[0.412399,0.471698,0.115903];[0.298507,0.38806,0.313433];[0.647059,0.323529,0.029412];[0.057268722467,0.0352422907489,0.449339207048,0.458149779736];5;124.0;-0.397569575369;1490;70;0.3022222222222222;2.6666666666666665;69.24;52.333333333333336;92.22222222222223;8.777777777777779;29.555555555555557;23.555555555555557;6.822222222222223;0.0;6.666666666666668;0.8444444444444446;1.5555555555555558;0.3377777777777778;0.9377777777777777;11.222222222222221;15.333333333333334
11286;zone68;6208.193116766784;3072.425066795916;0.0;zone68;S01010323;4;603;466;377;[0.555556,0.444444,0.0];[0.657143,0.271429,0.071429];[0.642857,0.321429,0.035714];[0.793651,0.166667,0.039683];[0.578431372549,0.166666666667,0.235294117647,0.0196078431373];1;970.0;0.57559463238;754;14;0.13;1.75;41.23;28.5;75.97;12.0;29.75;13.25;6.1499999999999995;0.0;1.1600000000000001;0.31;1.06;0.24000000000000002;1.89;8.0;8.25
11286;zone69;6517.651722029823;2240.572579661372;0.0;zone69;S01010324;6;759;566;403;[0.142857,0.571429,0.285714];[0.298077,0.490385,0.211538];[0.333333,0.530864,0.135802];[0.401674,0.414226,0.1841];[0.569620253165,0.101265822785,0.291139240506,0.0379746835443];1;407.0;-0.0721601679586;1994;23;0.15333333333333332;1.5;65.49333333333333;35.0;88.85333333333334;11.333333333333334;32.166666666666664;23.166666666666668;3.2600000000000002;0.0;1.4799999999999998;0.0;5.453333333333333;0.48666666666666664;2.74;7.0;9.5
11286;zone70;6038.016041009105;2402.8415869980217;0.0;zone70;S01010325;18;939;666;501;[0.263158,0.368421,0.368421];[0.383838,0.525253,0.090909];[0.253623,0.615942,0.130435];[0.451362,0.463035,0.085603];[0.545454545455,0.238636363636,0.193181818182,0.0227272727273];1;225.0;-0.281126582053;1770;79;0.1688888888888889;1.5;57.80444444444444;35.22222222222222;82.03333333333336;11.444444444444445;31.166666666666668;19.72222222222222;2.7577777777777777;0.0;1.0222222222222224;0.0;5.08;0.4155555555555556;2.255555555555555;6.222222222222222;8.38888888888889
11286;zone71;5272.359331052501;2740.775131541117;0.0;zone71;S01010326;39;987;707;494;[0.526316,0.368421,0.105263];[0.522523,0.333333,0.144144];[0.492188,0.3125,0.195313];[0.723514,0.224806,0.05168];[0.54375,0.16875,0.23125,0.05625];1;1389.0;1.05701743376;1008;173;0.1682051282051282;1.2820512820512822;50.21948717948718;39.30769230769231;78.42461538461536;10.846153846153847;29.692307692307693;17.102564102564102;1.906666666666667;0.0;7.829743589743591;0.00923076923076923;1.9876923076923072;0.3230769230769231;2.188717948717948;4.948717948717949;11.282051282051283
11286;zone72;4970.167032608406;2501.795090448298;0.0;zone72;S01010327;34;982;660;362;[0.031746,0.507937,0.460317];[0.372881,0.432203,0.194915];[0.289063,0.328125,0.382813];[0.516892,0.347973,0.135135];[0.416184971098,0.21387283237,0.236994219653,0.132947976879];1;470.0;0.000335688704598;966;142;0.1623529411764706;1.1176470588235294;50.437647058823536;35.5;78.32235294117648;11.0;30.029411764705884;17.176470588235293;2.354117647058824;0.0;6.934117647058824;0.0;1.5776470588235292;0.47882352941176465;2.5635294117647063;4.617647058823529;10.441176470588236
11286;zone73;5975.307390960257;2677.5485166167286;0.0;zone73;S01010328;24;969;706;445;[0.16129,0.5,0.33871];[0.27044,0.471698,0.257862];[0.192547,0.434783,0.372671];[0.338983,0.432203,0.228814];[0.309352517986,0.258992805755,0.280575539568,0.151079136691];2;457.0;-0.0138550124678;1786;85;0.13833333333333334;1.6666666666666667;64.46833333333332;34.125;80.90499999999999;10.083333333333334;29.708333333333332;22.208333333333332;2.805;0.0;1.6199999999999999;0.0;3.773333333333334;0.37333333333333346;1.8916666666666668;6.5;7.708333333333333
