cycle;name;location.x;location.y;location.z;name;dataZone;nm_children;pop;over16;nm_hh;AB_car_prob;C1_car_prob;C2_car_prob;DE_car_prob;prob_social;simd;crimeRate;norm_crime;avg_dis_sh;neigh_play;daily_play_per_child;avg_FSA;avg_walk;daily_OD;zone_mvpa;mvpa_home;mvpa_sc;mvpa_road;mvpa_play_field;mvpa_home_garden;mvpa_park;mvpa_PG;mvpa_amenity;mvpa_shops;mvpa_F_home;mvpa_fsa;mvpa_OD
11286;zone0;8448.90275962388;2625.4515469546564;0.0;zone0;S01010195;19;531;390;212;[0.0,0.481481,0.518519];[0.261538,0.646154,0.092308];[0.12,0.59,0.29];[0.447368,0.368421,0.184211];[0.418918918919,0.283783783784,0.202702702703,0.0945945945946];1;0.0;-0.540229885057;1126;65;0.13052631578947368;1.0;49.29052631578948;26.210526315789473;73.73894736842105;10.842105263157896;30.05263157894737;16.63157894736842;1.2463157894736843;0.0;2.9136842105263163;0.0;2.9178947368421055;0.46105263157894744;2.888421052631579;4.157894736842105;6.578947368421052
11286;zone1;8656.736904000718;2165.9902346445633;0.0;zone1;S01010198;18;1027;748;394;[0.058824,0.529412,0.411765];[0.305785,0.561983,0.132231];[0.219858,0.496454,0.283688];[0.523179,0.331126,0.145695];[0.48623853211,0.229357798165,0.266055045872,0.0183486238532];1;1609.0;1.3102524676;1340;46;0.1;1.6111111111111112;57.96666666666668;26.666666666666668;81.30222222222223;11.555555555555555;31.88888888888889;19.88888888888889;0.8355555555555556;0.0;2.502222222222223;0.04888888888888889;3.684444444444444;0.45333333333333337;2.622222222222222;6.277777777777778;6.611111111111111
11286;zone2;8537.588755655543;3024.028900129281;0.0;zone2;S01010201;22;643;453;253;[0.0,0.47619,0.52381];[0.270833,0.3125,0.416667];[0.088,0.48,0.432];[0.296552,0.434483,0.268966];[0.365853658537,0.292682926829,0.292682926829,0.0487804878049];2;219.0;-0.28762447053;1078;96;0.16727272727272727;1.2727272727272727;47.39090909090908;39.59090909090909;78.60181818181817;11.545454545454545;30.59090909090909;15.954545454545455;1.5690909090909089;0.0;4.820000000000001;0.06909090909090909;4.1872727272727275;0.3763636363636364;2.8436363636363633;4.7272727272727275;10.136363636363637
11286;zone3;8059.42097232239;3767.666522351409;0.0;zone3;S01010203;30;671;504;260;[0.090909,0.363636,0.545455];[0.263804,0.460123,0.276074];[0.094828,0.422414,0.482759];[0.183824,0.375,0.441176];[0.272727272727,0.218181818182,0.363636363636,0.145454545455];3;215.0;-0.292668818285;1942;134;0.16933333333333334;1.2333333333333334;75.83600000000003;43.2;82.776;9.033333333333333;28.633333333333333;26.133333333333333;2.801333333333333;0.0;3.5693333333333332;0.0;3.76;0.2733333333333334;1.852;5.1;9.633333333333333
11286;zone4;8368.288440296214;3565.498290652094;0.0;zone4;S01010204;30;800;589;381;[0.272727,0.727273,0.0];[0.627451,0.27451,0.098039];[0.444444,0.533333,0.022222];[0.600619,0.321981,0.077399];[0.595041322314,0.157024793388,0.239669421488,0.00826446280992];1;497.0;0.0317745673598;1230;105;0.13733333333333334;1.0333333333333334;47.20266666666667;32.6;75.84266666666667;11.466666666666667;30.533333333333335;16.233333333333334;1.424;0.0;2.7626666666666666;0.0;4.224000000000001;0.324;2.749333333333334;4.366666666666666;7.833333333333333
11286;zone5;8034.229745798958;3515.110462853287;0.0;zone5;S01010205;15;658;534;355;[0.411765,0.117647,0.470588];[0.465116,0.457364,0.077519];[0.317757,0.588785,0.093458];[0.593458,0.280374,0.126168];[0.466666666667,0.2,0.3,0.0333333333333];1;925.0;0.523434132086;1146;52;0.13866666666666666;1.4;48.89333333333333;30.733333333333334;78.18666666666665;11.2;30.8;16.866666666666667;2.2773333333333334;0.0;2.2106666666666666;0.0;3.9786666666666664;0.3146666666666667;2.469333333333333;6.466666666666667;8.066666666666666
11286;zone6;7457.064719570519;3739.055375726369;0.0;zone6;S01010208;18;903;745;565;[0.30137,0.589041,0.109589];[0.48062,0.457364,0.062016];[0.272727,0.613636,0.113636];[0.66055,0.270642,0.068807];[0.233333333333,0.133333333333,0.461111111111,0.172222222222];1;603.0;0.153385979085;1506;50;0.10888888888888888;2.1666666666666665;67.08;30.61111111111111;81.88444444444445;9.833333333333334;29.055555555555557;22.944444444444443;1.9911111111111113;0.0;1.5111111111111113;0.0;3.6799999999999997;0.5666666666666667;1.6533333333333333;8.833333333333334;6.611111111111111
11286;zone7;7917.838214725937;1939.334458859395;0.0;zone7;S01010209;24;966;677;468;[0.172414,0.586207,0.241379];[0.333333,0.414966,0.251701];[0.381944,0.458333,0.159722];[0.545852,0.336245,0.117904];[0.337931034483,0.248275862069,0.303448275862,0.110344827586];1;2053.0;1.82052250092;1614;68;0.10833333333333334;1.5416666666666667;67.08666666666666;29.916666666666668;82.62833333333333;10.625;30.333333333333332;22.958333333333332;1.673333333333333;0.0;3.635;0.0;3.0033333333333334;0.36166666666666675;2.341666666666667;6.083333333333333;7.791666666666667
11286;zone8;7878.406567747077;2721.2634132011362;0.0;zone8;S01010210;18;885;641;416;[0.173913,0.456522,0.369565];[0.21519,0.5,0.28481];[0.189781,0.386861,0.423358];[0.422111,0.442211,0.135678];[0.394736842105,0.236842105263,0.254385964912,0.114035087719];1;344.0;-0.144253829852;952;66;0.14;1.4444444444444444;45.37555555555555;26.0;68.46444444444445;9.722222222222221;28.055555555555557;15.333333333333334;0.8488888888888889;0.0;2.962222222222222;0.0;2.268888888888889;0.28222222222222226;2.191111111111111;5.055555555555555;5.555555555555555
11286;zone9;7785.599648345685;3201.783800714137;0.0;zone9;S01010211;22;858;634;452;[0.147059,0.705882,0.147059];[0.384615,0.452991,0.162393];[0.469565,0.4,0.130435];[0.722656,0.226563,0.050781];[0.473214285714,0.169642857143,0.285714285714,0.0714285714286];1;430.0;-0.0456985893816;1013;96;0.16363636363636364;1.5454545454545454;48.66909090909092;33.13636363636363;79.16363636363637;11.318181818181818;30.5;16.681818181818183;3.116363636363636;0.0;3.2036363636363636;0.0;3.136363636363637;0.4018181818181819;2.663636363636364;6.5;9.0
11286;zone10;7580.688680869333;3097.127786881416;0.0;zone10;S01010212;49;1083;779;559;[0.233333,0.633333,0.133333];[0.594771,0.339869,0.065359];[0.465517,0.405172,0.12931];[0.712821,0.269231,0.017949];[0.566037735849,0.138364779874,0.22641509434,0.0691823899371];1;1473.0;1.15298517036;1207;167;0.13306122448979593;1.4489795918367347;56.35836734693876;30.571428571428573;80.60653061224491;11.489795918367347;30.73469387755102;19.346938775510203;1.4465306122448982;0.0;3.771428571428572;0.0;3.404897959183673;0.38204081632653064;2.2685714285714287;6.061224489795919;8.081632653061224
11286;zone11;8065.177293237223;3111.5884965344962;0.0;zone11;S01010213;13;924;657;476;[0.105263,0.684211,0.210526];[0.382609,0.547826,0.069565];[0.218543,0.556291,0.225166];[0.467925,0.483019,0.049057];[0.451327433628,0.221238938053,0.274336283186,0.0530973451327];1;247.0;-0.255840453357;1131;51;0.1476923076923077;1.3076923076923077;45.867692307692316;36.23076923076923;72.11384615384615;10.846153846153847;28.53846153846154;15.615384615384615;1.1446153846153846;0.0;3.5384615384615383;0.0;3.827692307692308;0.2246153846153846;2.5138461538461536;4.230769230769231;8.153846153846153
11286;zone12;7144.994858230166;1947.4125453867302;0.0;zone12;S01010214;27;967;717;396;[0.098592,0.28169,0.619718];[0.197531,0.438272,0.364198];[0.173333,0.493333,0.333333];[0.237069,0.487069,0.275862];[0.361344537815,0.210084033613,0.310924369748,0.117647058824];3;176.0;-0.337854473183;2065;105;0.14666666666666667;1.4444444444444444;82.40592592592593;42.2962962962963;90.0385185185185;10.074074074074074;30.444444444444443;28.25925925925926;3.0237037037037036;0.0;3.6637037037037037;0.0;4.198518518518519;0.3718518518518518;2.311111111111111;5.962962962962963;10.518518518518519
11286;zone13;7013.590150664996;2618.495528189446;0.0;zone13;S01010215;24;850;608;492;[0.571429,0.285714,0.142857];[0.5,0.431373,0.068627];[0.382609,0.391304,0.226087];[0.678571,0.269841,0.051587];[0.467289719626,0.140186915888,0.345794392523,0.0467289719626];1;547.0;0.0886083430805;566;103;0.16;1.7083333333333333;40.48833333333334;40.291666666666664;75.48833333333334;10.791666666666666;29.625;13.708333333333334;1.9383333333333335;0.0;2.266666666666666;0.0;5.118333333333333;0.345;1.8383333333333336;7.958333333333333;8.791666666666666
11286;zone14;7332.222205807836;2329.961970144465;0.0;zone14;S01010216;15;621;464;361;[0.6,0.4,0.0];[0.597701,0.356322,0.045977];[0.409091,0.439394,0.151515];[0.709544,0.273859,0.016598];[0.5,0.163265306122,0.265306122449,0.0714285714286];1;600.0;0.150092344085;1336;47;0.11733333333333333;0.8666666666666667;58.42666666666667;36.6;81.904;11.333333333333334;31.333333333333332;20.0;1.5413333333333334;0.0;3.9013333333333335;0.0;4.5840000000000005;0.39733333333333337;3.0586666666666664;4.2;9.533333333333333
11286;zone15;7299.833172322251;2625.8610945736937;0.0;zone15;S01010217;33;817;598;406;[0.16129,0.516129,0.322581];[0.565517,0.4,0.034483];[0.5,0.431373,0.068627];[0.702703,0.283784,0.013514];[0.541935483871,0.0967741935484,0.296774193548,0.0645161290323];1;1060.0;0.679274950851;997;133;0.15757575757575756;1.121212121212121;46.41454545454545;37.515151515151516;76.02909090909091;11.515151515151516;30.363636363636363;15.787878787878787;2.2993939393939393;0.0;3.1903030303030295;0.0;4.256969696969697;0.4193939393939393;2.6;4.121212121212121;9.272727272727273
11286;zone16;7142.953643082513;3018.5401822929393;0.0;zone16;S01010218;31;1018;790;587;[0.425532,0.404255,0.170213];[0.392523,0.453271,0.154206];[0.358209,0.492537,0.149254];[0.589124,0.335347,0.075529];[0.424657534247,0.109589041096,0.369863013699,0.0958904109589];1;557.0;0.101026678737;511;107;0.1329032258064516;1.5161290322580645;36.55870967741935;31.032258064516128;72.02709677419355;11.516129032258064;30.032258064516128;12.290322580645162;1.5948387096774195;0.0;2.020645161290323;0.0;4.091612903225807;0.3341935483870968;2.3329032258064513;6.129032258064516;7.225806451612903
11286;zone17;6738.8937706128745;4298.8917997019325;0.0;zone17;S01010219;21;503;382;274;[0.695652,0.304348,0.0];[0.758621,0.215517,0.025862];[0.761905,0.166667,0.071429];[0.781609,0.195402,0.022989];[0.41935483871,0.0752688172043,0.408602150538,0.0967741935484];2;184.0;-0.327838932938;1567;106;0.1961904761904762;1.3333333333333333;72.7104761904762;42.857142857142854;89.16380952380952;10.857142857142858;30.285714285714285;24.857142857142858;6.139047619047621;0.0;4.984761904761904;0.05333333333333334;2.5161904761904763;0.300952380952381;2.441904761904761;5.0476190476190474;13.19047619047619
11286;zone18;5915.780765415368;4211.222876105162;0.0;zone18;S01010220;7;476;433;279;[0.181159,0.608696,0.210145];[0.404255,0.531915,0.06383];[0.227273,0.704545,0.068182];[0.448276,0.482759,0.068966];[0.154545454545,0.0636363636364,0.318181818182,0.463636363636];5;267.0;-0.232306706325;1248;38;0.2057142857142857;2.5714285714285716;55.41142857142858;40.42857142857143;77.2;8.857142857142858;28.0;19.0;4.525714285714286;0.0;3.531428571428571;0.07428571428571429;1.7200000000000002;0.10857142857142857;1.2342857142857144;8.142857142857142;9.571428571428571
11286;zone19;6341.0811208317455;3913.8398648988496;0.0;zone19;S01010221;13;546;394;260;[0.6,0.4,0.0];[0.557377,0.409836,0.032787];[0.538462,0.323077,0.138462];[0.699387,0.257669,0.042945];[0.609375,0.140625,0.203125,0.046875];1;635.0;0.19005459739;1228;44;0.12923076923076923;1.4615384615384615;58.39999999999999;25.76923076923077;81.58153846153846;11.23076923076923;30.46153846153846;19.923076923076923;4.664615384615384;0.0;2.172307692307692;0.06153846153846154;1.5815384615384613;0.4061538461538462;2.572307692307692;6.461538461538462;8.076923076923077
11286;zone20;7001.213463613622;4053.9957950241624;0.0;zone20;S01010222;15;492;414;285;[0.142857,0.5,0.357143];[0.432432,0.459459,0.108108];[0.348624,0.522936,0.12844];[0.747899,0.235294,0.016807];[0.345238095238,0.214285714286,0.309523809524,0.130952380952];1;377.0;-0.105830277325;1684;50;0.128;0.6666666666666666;61.35200000000001;34.8;82.21333333333334;11.733333333333333;31.533333333333335;20.733333333333334;4.024;0.0;3.064;0.0;3.5893333333333337;0.528;2.3813333333333326;3.0;10.266666666666667
11286;zone21;6986.8418912765155;3434.1450308482026;0.0;zone21;S01010223;4;556;462;337;[0.076923,0.538462,0.384615];[0.567797,0.330508,0.101695];[0.472222,0.444444,0.083333];[0.584699,0.36612,0.04918];[0.432432432432,0.162162162162,0.324324324324,0.0810810810811];1;439.0;-0.0353356041414;1539;11;0.1;0.75;64.71;33.5;78.92;10.5;29.75;22.25;3.5300000000000002;0.0;3.2800000000000002;0.0;2.32;0.29000000000000004;2.56;3.25;8.5
11286;zone22;6247.397837456437;3329.661273309237;0.0;zone22;S01010224;40;1036;727;469;[0.405405,0.540541,0.054054];[0.592593,0.274074,0.133333];[0.418803,0.504274,0.076923];[0.768421,0.202632,0.028947];[0.506097560976,0.140243902439,0.268292682927,0.0853658536585];1;1004.0;0.614259332793;1088;144;0.136;1.15;54.300000000000026;27.7;76.71200000000002;11.3;30.25;18.525;4.3549999999999995;0.0;1.6680000000000004;0.05300000000000001;1.7670000000000001;0.4129999999999999;2.314;4.175;7.4
11286;zone23;7827.985844039554;4105.4701191949;0.0;zone23;S01010225;33;812;636;431;[0.25,0.634615,0.115385];[0.469072,0.43299,0.097938];[0.54023,0.413793,0.045977];[0.672065,0.234818,0.093117];[0.385185185185,0.125925925926,0.325925925926,0.162962962963];1;1006.0;0.616572011517;1652;112;0.13090909090909092;1.3333333333333333;70.09333333333333;33.78787878787879;79.45575757575757;9.727272727272727;28.78787878787879;23.78787878787879;2.5333333333333337;0.0;2.3515151515151516;0.0;3.1648484848484855;0.43030303030303024;1.9915151515151515;4.878787878787879;7.606060606060606
11286;zone24;7040.363001382077;4481.052780471187;0.0;zone24;S01010226;40;816;565;394;[0.454545,0.242424,0.30303];[0.715385,0.2,0.084615];[0.540541,0.405405,0.054054];[0.766917,0.18797,0.045113];[0.503355704698,0.201342281879,0.221476510067,0.0738255033557];2;422.0;-0.0548014077425;1206;261;0.246;1.425;60.62600000000001;45.625;87.602;10.825;31.1;20.625;6.519999999999999;0.0;5.691999999999999;0.145;2.2559999999999993;0.35000000000000003;2.2399999999999993;6.175;14.15
11286;zone25;6847.772309074456;4638.663588163389;0.0;zone25;S01010227;39;692;454;294;[0.413793,0.413793,0.172414];[0.704545,0.238636,0.056818];[0.654545,0.345455,0.0];[0.810606,0.159091,0.030303];[0.672268907563,0.0924369747899,0.159663865546,0.0756302521008];4;0.0;-0.540229885057;1136;340;0.3353846153846154;1.0;56.80923076923076;55.8974358974359;83.9753846153846;9.794871794871796;30.05128205128205;19.41025641025641;5.9856410256410255;0.0;7.510769230769234;0.10153846153846154;2.611282051282051;0.32102564102564096;2.493333333333334;4.153846153846154;15.717948717948717
11286;zone26;8241.816993110848;4572.457656401622;0.0;zone26;S01010229;30;1016;787;508;[0.1,0.625,0.275];[0.350877,0.350877,0.298246];[0.348315,0.477528,0.174157];[0.565217,0.310559,0.124224];[0.420731707317,0.213414634146,0.292682926829,0.0731707317073];1;395.0;-0.0859445809966;1250;92;0.112;1.7;59.18666666666666;27.366666666666667;76.92133333333332;10.6;29.533333333333335;19.966666666666665;2.1506666666666665;0.0;2.405333333333333;0.0;2.4280000000000004;0.42400000000000004;1.9706666666666663;5.766666666666667;6.466666666666667
11286;zone27;7458.320056766788;4680.341251240345;0.0;zone27;S01010230;24;1005;772;577;[0.314286,0.628571,0.057143];[0.703883,0.296117,0.0];[0.727273,0.218182,0.054545];[0.71831,0.24507,0.03662];[0.517857142857,0.136904761905,0.267857142857,0.077380952381];1;846.0;0.433218203459;826;104;0.16333333333333333;1.1666666666666667;42.38333333333333;35.5;73.44833333333337;10.791666666666666;29.875;14.25;2.04;0.0;3.398333333333334;0.04500000000000001;3.423333333333334;0.345;2.5199999999999996;5.083333333333333;8.416666666666666
11286;zone28;7569.802990100143;4917.458811240416;0.0;zone28;S01010232;37;1074;792;485;[0.457143,0.485714,0.057143];[0.557292,0.338542,0.104167];[0.492063,0.333333,0.174603];[0.654229,0.251244,0.094527];[0.470297029703,0.153465346535,0.306930693069,0.0693069306931];1;771.0;0.347049794199;908;118;0.12216216216216216;1.4594594594594594;48.201081081081085;34.08108108108108;74.62054054054056;10.486486486486486;29.486486486486488;16.513513513513512;1.8789189189189184;0.0;2.842162162162162;0.08756756756756758;3.377297297297298;0.37405405405405406;2.1275675675675676;5.837837837837838;7.72972972972973
11286;zone29;7830.713068379679;4879.746446724283;0.0;zone29;S01010233;33;970;705;476;[0.275,0.625,0.1];[0.655629,0.245033,0.099338];[0.52809,0.426966,0.044944];[0.771505,0.212366,0.016129];[0.587209302326,0.093023255814,0.261627906977,0.0581395348837];1;284.0;-0.213781821634;1166;102;0.11757575757575757;1.5757575757575757;60.3478787878788;30.848484848484848;75.66181818181816;9.818181818181818;28.727272727272727;20.575757575757574;1.9042424242424243;0.0;1.922424242424243;0.08606060606060607;3.1272727272727274;0.29454545454545444;1.7333333333333332;5.636363636363637;6.636363636363637
11286;zone30;6473.383843181837;4954.519765957263;0.0;zone30;S01010261;6;2551;2373;526;[0.666667,0.270833,0.0625];[0.675841,0.281346,0.042813];[0.75,0.25,0.0];[0.824468,0.164894,0.010638];[0.41,0.06,0.41,0.12];3;176.0;-0.337679921334;2220;17;0.11333333333333333;1.5;86.18;37.833333333333336;94.97333333333334;10.333333333333334;32.0;30.333333333333332;2.6333333333333333;0.0;1.586666666666667;0.09333333333333334;6.140000000000001;0.28;3.0933333333333333;6.833333333333333;10.0
11286;zone31;4930.642193689802;4959.449818932565;0.0;zone31;S01010266;3;555;474;237;[0.320755,0.556604,0.122642];[0.677273,0.254545,0.068182];[0.5,0.461538,0.038462];[0.534247,0.30137,0.164384];[0.141176470588,0.0588235294118,0.4,0.4];3;536.0;0.0761386922126;1070;8;0.10666666666666667;3.0;57.666666666666664;25.666666666666668;77.21333333333332;9.666666666666666;28.333333333333332;20.0;0.7466666666666666;0.0;1.96;0.44;2.1866666666666665;0.19999999999999998;1.36;10.666666666666666;5.0
11286;zone32;5712.5549897826;4979.400336637217;0.0;zone32;S01010270;4;1153;972;817;[0.389831,0.533898,0.076271];[0.70255,0.252125,0.045326];[0.714286,0.272727,0.012987];[0.771552,0.228448,0.0];[0.125,0.0909090909091,0.454545454545,0.329545454545];1;871.0;0.461200629557;1614;14;0.13;0.5;62.24;43.75;69.53;9.0;26.25;21.25;2.7899999999999996;0.0;1.12;0.0;3.7;0.26;2.0199999999999996;1.75;7.0
11286;zone33;3394.0723536088512;4934.677182292946;0.0;zone33;S01010282;13;976;841;645;[0.438776,0.520408,0.040816];[0.545732,0.405488,0.04878];[0.521277,0.382979,0.095745];[0.712707,0.232044,0.055249];[0.190954773869,0.070351758794,0.35175879397,0.386934673367];2;350.0;-0.137812028107;1365;29;0.08923076923076922;1.8461538461538463;61.32000000000001;30.53846153846154;88.00307692307692;12.461538461538462;32.23076923076923;20.615384615384617;2.516923076923077;0.0;5.753846153846154;0.8769230769230768;0.953846153846154;0.45846153846153853;1.9046153846153848;8.538461538461538;9.692307692307692
11286;zone34;4385.789287498423;4835.237486850067;0.0;zone34;S01010289;15;771;687;380;[0.130952,0.511905,0.357143];[0.262911,0.502347,0.234742];[0.178571,0.464286,0.357143];[0.410256,0.435897,0.153846];[0.058064516129,0.0322580645161,0.245161290323,0.664516129032];5;259.0;-0.241396294863;1355;94;0.23733333333333334;2.466666666666667;57.55733333333334;44.86666666666667;76.38133333333333;8.666666666666666;27.0;19.666666666666668;1.890666666666667;0.0;4.232;2.032;1.0293333333333334;0.25333333333333335;1.2160000000000002;8.6;8.666666666666666
11286;zone35;4401.5375624188455;4669.062022109911;0.0;zone35;S01010290;13;546;485;278;[0.198198,0.603604,0.198198];[0.485944,0.449799,0.064257];[0.555556,0.444444,0.0];[0.435897,0.512821,0.051282];[0.10752688172,0.0430107526882,0.494623655914,0.354838709677];3;353.0;-0.133686757747;1080;98;0.2953846153846154;0.8461538461538461;54.855384615384615;61.30769230769231;85.32307692307693;10.692307692307692;30.46153846153846;18.692307692307693;3.1876923076923074;0.0;10.649230769230769;1.8553846153846152;1.606153846153846;0.52;1.8584615384615382;4.230769230769231;16.846153846153847
11286;zone36;4119.983651650423;4281.100418217042;0.0;zone36;S01010291;12;1075;975;481;[0.405594,0.447552,0.146853];[0.627907,0.277132,0.094961];[0.415094,0.433962,0.150943];[0.562963,0.325926,0.111111];[0.197080291971,0.0729927007299,0.445255474453,0.284671532847];3;438.0;-0.0363924713322;967;54;0.16333333333333333;0.9166666666666666;49.126666666666665;47.75;76.52666666666667;9.833333333333334;28.833333333333332;16.916666666666668;2.083333333333333;0.0;7.953333333333333;1.0199999999999998;1.0266666666666666;0.35333333333333333;2.2466666666666666;4.666666666666667;11.666666666666666
11286;zone37;4399.731076226201;4291.6703625917;0.0;zone37;S01010292;10;890;831;409;[0.348214,0.508929,0.142857];[0.477169,0.420091,0.10274];[0.339286,0.446429,0.214286];[0.55814,0.383721,0.05814];[0.128378378378,0.0540540540541,0.398648648649,0.418918918919];4;323.0;-0.168488563048;1111;68;0.26;1.3;54.644000000000005;51.3;80.184;9.7;28.9;18.5;5.068;0.0;7.372;1.0639999999999998;1.408;0.388;1.6839999999999997;4.5;14.5
11286;zone38;4514.690807242894;4541.15458266895;0.0;zone38;S01010293;16;839;723;373;[0.51773,0.35461,0.12766];[0.635389,0.262735,0.101877];[0.446809,0.319149,0.234043];[0.514286,0.392857,0.092857];[0.242424242424,0.0606060606061,0.393939393939,0.30303030303];3;290.0;-0.205814991507;847;124;0.295;1.6875;50.154999999999994;45.125;72.3825;8.1875;27.375;16.875;2.7175000000000002;0.0;6.277499999999999;0.585;1.0550000000000002;0.30750000000000005;1.4949999999999999;5.6875;10.125
11286;zone39;4541.7482834333705;4418.565122351524;0.0;zone39;S01010294;13;690;631;275;[0.242105,0.526316,0.231579];[0.650873,0.214464,0.134663];[0.583333,0.208333,0.208333];[0.414894,0.489362,0.095745];[0.164835164835,0.043956043956,0.494505494505,0.296703296703];4;440.0;-0.0342259463805;1177;90;0.26461538461538464;1.6923076923076923;56.28000000000001;50.38461538461539;80.27384615384615;9.384615384615385;28.923076923076923;18.846153846153847;3.086153846153846;0.0;6.941538461538463;1.0369230769230768;1.7384615384615383;0.3384615384615385;1.627692307692308;6.461538461538462;12.384615384615385
11286;zone40;4766.8646917667475;4574.50133624035;0.0;zone40;S01010295;18;974;870;427;[0.384615,0.391026,0.224359];[0.604555,0.310559,0.084886];[0.428571,0.285714,0.285714];[0.390728,0.516556,0.092715];[0.212765957447,0.113475177305,0.297872340426,0.375886524823];4;529.0;0.0680145754747;1055;104;0.22444444444444445;2.111111111111111;56.49111111111111;48.22222222222222;84.70666666666665;10.0;29.77777777777778;19.22222222222222;2.6399999999999997;0.0;7.664444444444445;0.8777777777777778;1.88;0.2466666666666667;1.5599999999999998;8.722222222222221;12.61111111111111
11286;zone41;4647.752341766679;4736.091736240359;0.0;zone41;S01010296;16;664;560;291;[0.294118,0.423529,0.282353];[0.520913,0.368821,0.110266];[0.375,0.375,0.25];[0.475524,0.391608,0.132867];[0.282828282828,0.111111111111,0.363636363636,0.242424242424];2;856.0;0.444094443477;1214;86;0.2;1.125;54.17;48.4375;87.22250000000001;11.875;32.25;18.125;4.119999999999999;0.0;8.8475;1.435;1.5299999999999998;0.3550000000000001;2.39;4.75;15.4375
11286;zone42;5522.849421766708;4411.996091240393;0.0;zone42;S01010297;7;1066;894;676;[0.582609,0.382609,0.034783];[0.691824,0.245283,0.062893];[0.540541,0.333333,0.126126];[0.681275,0.270916,0.047809];[0.260563380282,0.140845070423,0.37323943662,0.225352112676];1;504.0;0.0391758595379;2077;33;0.17714285714285713;1.0;79.17142857142856;32.57142857142857;79.65714285714286;10.142857142857142;28.285714285714285;27.142857142857142;2.542857142857143;0.0;1.1428571428571428;0.4857142857142857;2.5028571428571427;0.3371428571428572;2.0685714285714285;3.7142857142857144;6.285714285714286
11286;zone43;4706.481893689814;4143.807995855712;0.0;zone43;S01010298;12;880;677;515;[0.308943,0.479675,0.211382];[0.581395,0.356589,0.062016];[0.539683,0.396825,0.063492];[0.744828,0.193103,0.062069];[0.227272727273,0.0984848484848,0.371212121212,0.30303030303];1;486.0;0.0190902878356;998;37;0.12;1.9166666666666667;49.24;30.166666666666668;76.42333333333333;10.666666666666666;29.0;16.916666666666668;2.4566666666666666;0.0;4.8133333333333335;0.3066666666666667;0.9733333333333335;0.34333333333333327;1.5233333333333332;7.583333333333333;8.083333333333334
11286;zone44;4885.424673909578;4209.645754097502;0.0;zone44;S01010299;4;536;404;292;[0.3,0.54,0.16];[0.556701,0.340206,0.103093];[0.458333,0.520833,0.020833];[0.584906,0.283019,0.132075];[0.428571428571,0.0857142857143,0.285714285714,0.2];1;375.0;-0.10827530326;562;17;0.16;1.25;34.28;41.0;77.57;12.25;31.75;11.25;2.42;0.0;0.7899999999999999;0.47;6.65;0.2;3.0;7.0;9.75
11286;zone45;4883.397012115578;4340.414778682246;0.0;zone45;S01010300;21;934;764;478;[0.460784,0.411765,0.127451];[0.664653,0.238671,0.096677];[0.632353,0.323529,0.044118];[0.606383,0.329787,0.06383];[0.3046875,0.125,0.3515625,0.21875];2;513.0;0.0498225801839;701;111;0.2038095238095238;1.0952380952380953;42.33142857142856;42.285714285714285;73.27428571428572;10.666666666666666;29.333333333333332;14.333333333333334;3.9295238095238094;0.0;2.881904761904762;0.5676190476190476;2.8152380952380955;0.5085714285714285;2.5047619047619047;4.0;9.714285714285714
11286;zone46;5144.66081966521;4032.769083704074;0.0;zone46;S01010301;6;522;457;283;[0.292683,0.597561,0.109756];[0.57563,0.315126,0.109244];[0.222222,0.703704,0.074074];[0.561798,0.393258,0.044944];[0.214285714286,0.0612244897959,0.459183673469,0.265306122449];4;490.0;0.0232745011966;1581;51;0.3333333333333333;2.5;67.63333333333333;61.0;87.94666666666666;9.666666666666666;29.0;22.666666666666668;7.846666666666667;0.0;1.3800000000000001;0.02666666666666667;5.5200000000000005;0.20666666666666667;1.0;8.666666666666666;14.333333333333334
11286;zone47;5165.568789180556;4297.038752619699;0.0;zone47;S01010302;24;669;495;388;[0.65625,0.28125,0.0625];[0.6,0.356522,0.043478];[0.716981,0.226415,0.056604];[0.801802,0.18018,0.018018];[0.582417582418,0.0769230769231,0.263736263736,0.0769230769231];1;392.0;-0.0896499889057;1332;122;0.195;1.4583333333333333;55.975;42.416666666666664;83.50833333333334;11.166666666666666;31.166666666666668;19.125;5.01;0.0;1.3150000000000002;0.3916666666666668;4.4766666666666675;0.38000000000000006;2.6466666666666665;6.125;10.708333333333334
11286;zone48;5241.140616766716;4139.402270499609;0.0;zone48;S01010303;33;579;387;250;[0.692308,0.153846,0.153846];[0.56701,0.298969,0.134021];[0.630435,0.282609,0.086957];[0.658879,0.285047,0.056075];[0.58407079646,0.106194690265,0.274336283186,0.0353982300885];1;415.0;-0.0627120940391;1607;177;0.20242424242424242;0.9696969696969697;64.44000000000001;40.75757575757576;83.08969696969696;10.848484848484848;30.545454545454547;22.12121212121212;6.104242424242425;0.0;1.2739393939393941;0.48484848484848486;3.0303030303030294;0.37575757575757573;2.6703030303030304;3.878787878787879;10.363636363636363
11286;zone49;4853.647576226233;3833.123065294377;0.0;zone49;S01010304;12;542;456;332;[0.323529,0.514706,0.161765];[0.635135,0.25,0.114865];[0.477273,0.522727,0.0];[0.829268,0.109756,0.060976];[0.372340425532,0.0425531914894,0.297872340426,0.287234042553];1;804.0;0.384523850516;1685;49;0.15;1.0833333333333333;72.11;43.333333333333336;91.31333333333332;11.0;32.333333333333336;24.833333333333332;7.593333333333333;0.0;2.506666666666667;0.5466666666666667;3.01;0.32333333333333336;2.5700000000000003;5.083333333333333;13.25
11286;zone50;4697.410406890209;3639.1027396354093;0.0;zone50;S01010305;7;807;694;478;[0.36036,0.468468,0.171171];[0.553191,0.33617,0.110638];[0.409639,0.301205,0.289157];[0.589888,0.337079,0.073034];[0.198529411765,0.0735294117647,0.382352941176,0.345588235294];1;223.0;-0.28282788147;464;33;0.17714285714285713;1.5714285714285714;36.31428571428571;34.42857142857143;72.04;11.142857142857142;29.0;12.428571428571429;5.194285714285714;0.0;1.862857142857143;1.6857142857142857;0.34857142857142864;0.35428571428571426;1.7885714285714285;6.0;8.857142857142858
11286;zone51;4591.3082521834585;3868.367573740388;0.0;zone51;S01010306;13;752;675;449;[0.35625,0.56875,0.075];[0.570588,0.355882,0.073529];[0.283019,0.566038,0.150943];[0.650943,0.330189,0.018868];[0.165680473373,0.0473372781065,0.479289940828,0.307692307692];2;238.0;-0.265781391166;678;65;0.18769230769230769;1.6923076923076923;43.51384615384615;37.0;76.3446153846154;11.23076923076923;29.76923076923077;14.923076923076923;5.2153846153846155;0.0;1.7753846153846153;2.030769230769231;0.9969230769230768;0.52;1.6584615384615387;6.230769230769231;9.538461538461538
11286;zone52;4503.72067559025;3742.2957906521283;0.0;zone52;S01010307;9;821;732;428;[0.189922,0.577519,0.232558];[0.407407,0.487654,0.104938];[0.346154,0.538462,0.115385];[0.71875,0.234375,0.046875];[0.0681818181818,0.0568181818182,0.375,0.5];5;319.0;-0.172537833795;456;81;0.3422222222222222;1.0;40.968888888888884;59.44444444444444;72.47555555555556;10.11111111111111;28.444444444444443;13.88888888888889;4.248888888888889;0.0;2.937777777777778;4.191111111111112;1.0;0.4222222222222222;1.6177777777777775;3.888888888888889;11.88888888888889
11286;zone53;4364.519870735056;4047.768725526131;0.0;zone53;S01010308;9;975;858;480;[0.285714,0.54007,0.174216];[0.511936,0.384615,0.103448];[0.254902,0.411765,0.333333];[0.648352,0.307692,0.043956];[0.0970873786408,0.0631067961165,0.359223300971,0.480582524272];4;257.0;-0.244477582955;1070;62;0.26222222222222225;1.5555555555555556;66.56888888888888;50.22222222222222;81.65333333333334;9.444444444444445;29.0;22.666666666666668;3.822222222222222;0.0;4.52888888888889;2.4133333333333336;1.5066666666666668;0.4133333333333334;1.3511111111111114;4.888888888888889;11.777777777777779
11286;zone54;5381.88771051669;3636.3205112402793;0.0;zone54;S01010309;4;419;356;264;[0.333333,0.25,0.416667];[0.478873,0.422535,0.098592];[0.352941,0.382353,0.264706];[0.705882,0.24183,0.052288];[0.365853658537,0.170731707317,0.390243902439,0.0731707317073];1;0.0;-0.540229885057;2087;14;0.14;1.75;82.06;32.0;91.97;11.0;31.0;29.0;3.3600000000000003;0.0;2.02;0.0;3.29;0.64;1.56;8.0;8.0
11286;zone55;5657.373406240428;3625.6586165034923;0.0;zone55;S01010310;13;706;540;381;[0.333333,0.238095,0.428571];[0.565517,0.337931,0.096552];[0.54902,0.27451,0.176471];[0.715415,0.256917,0.027668];[0.484848484848,0.151515151515,0.318181818182,0.0454545454545];1;574.0;0.120406534162;807;41;0.11692307692307692;1.8461538461538463;51.93846153846153;29.153846153846153;82.13538461538461;11.846153846153847;31.76923076923077;17.923076923076923;2.6584615384615384;0.0;0.8676923076923078;0.18153846153846154;4.44923076923077;0.36000000000000004;2.0307692307692307;8.307692307692308;7.6923076923076925
11286;zone56;5685.425126382168;3318.6970593171873;0.0;zone56;S01010311;22;721;556;351;[0.411765,0.352941,0.235294];[0.472222,0.453704,0.074074];[0.571429,0.404762,0.02381];[0.717949,0.271062,0.010989];[0.565217391304,0.121739130435,0.269565217391,0.0434782608696];1;1534.0;1.22364271569;1623;81;0.14;1.2272727272727273;68.48363636363636;30.727272727272727;83.65454545454546;11.227272727272727;30.681818181818183;23.545454545454547;2.0818181818181816;0.0;2.552727272727273;0.08545454545454546;3.2618181818181813;0.38000000000000006;2.867272727272727;5.181818181818182;7.409090909090909
11286;zone57;5466.52613028024;3072.1402274564575;0.0;zone57;S01010312;34;868;647;425;[0.117647,0.823529,0.058824];[0.754386,0.22807,0.017544];[0.407407,0.444444,0.148148];[0.804945,0.153846,0.041209];[0.586956521739,0.115942028986,0.268115942029,0.0289855072464];1;685.0;0.247477927043;1647;100;0.11411764705882353;1.3823529411764706;73.09176470588235;33.05882352941177;82.9364705882353;10.058823529411764;29.91176470588235;24.970588235294116;2.1058823529411765;0.0;2.9282352941176466;0.04941176470588235;3.3258823529411763;0.3164705882352942;2.5494117647058823;5.0588235294117645;8.0
11286;zone58;5251.7403530303945;3502.549209042501;0.0;zone58;S01010313;16;654;529;356;[0.428571,0.285714,0.285714];[0.6,0.333333,0.066667];[0.433735,0.481928,0.084337];[0.739623,0.162264,0.098113];[0.648351648352,0.131868131868,0.175824175824,0.043956043956];1;565.0;0.109617915218;2124;62;0.1525;1.3125;81.1575;35.25;81.8875;8.875;28.25;28.1875;4.115;0.0;1.1625;0.0675;2.665;0.28500000000000003;2.2150000000000003;4.375;7.5
11286;zone59;4840.312157862589;3385.4448126102257;0.0;zone59;S01010314;21;1248;1034;550;[0.358209,0.507463,0.134328];[0.514493,0.333333,0.152174];[0.5,0.326923,0.173077];[0.636,0.324,0.04];[0.316901408451,0.133802816901,0.401408450704,0.147887323944];1;637.0;0.192402372167;1548;90;0.1657142857142857;1.0476190476190477;62.77142857142857;35.19047619047619;82.75238095238095;11.619047619047619;30.857142857142858;21.19047619047619;3.592380952380953;0.0;3.4609523809523806;0.3123809523809524;2.7390476190476187;0.3466666666666668;2.5580952380952384;4.333333333333333;9.666666666666666
11286;zone60;4536.293429266749;2504.1273706154316;0.0;zone60;S01010315;43;911;678;409;[0.180723,0.554217,0.26506];[0.252632,0.457895,0.289474];[0.208333,0.5,0.291667];[0.55144,0.345679,0.102881];[0.308176100629,0.169811320755,0.358490566038,0.163522012579];2;382.0;-0.100954860853;1666;233;0.2055813953488372;1.2093023255813953;69.2846511627907;41.97674418604651;83.34883720930233;9.581395348837209;29.813953488372093;23.651162790697676;5.059534883720931;0.0;2.546046511627907;0.0027906976744186;3.5032558139534893;0.26139534883720933;2.407441860465116;4.744186046511628;10.627906976744185
11286;zone61;4589.6619547948285;2943.195659127726;0.0;zone61;S01010316;25;512;414;304;[0.392157,0.529412,0.078431];[0.62931,0.37069,0.0];[0.439024,0.560976,0.0];[0.775401,0.224599,0.0];[0.439252336449,0.102803738318,0.252336448598,0.205607476636];1;481.0;0.0128180141103;1437;103;0.1632;1.64;64.60319999999999;37.24;81.31040000000002;9.84;29.16;22.04;3.427200000000001;0.0;2.6304;0.1776;3.6304;0.2784000000000001;2.1952000000000003;6.28;9.44
11286;zone63;4421.5566371748755;3071.026327566895;0.0;zone63;S01010318;12;1588;1497;304;[0.5,0.456522,0.043478];[0.469799,0.47651,0.053691];[0.310345,0.37931,0.310345];[0.678571,0.285714,0.035714];[0.36,0.14,0.34,0.16];3;317.0;-0.175110645645;975;72;0.24;0.9166666666666666;53.01333333333333;46.0;75.09666666666668;9.416666666666666;28.166666666666668;18.083333333333332;5.993333333333333;0.0;4.543333333333334;0.64;0.8033333333333333;0.24333333333333332;1.9966666666666668;3.75;11.5
11286;zone64;4173.240913470097;2893.8040771744095;0.0;zone64;S01010319;9;711;624;407;[0.258741,0.608392,0.132867];[0.383399,0.486166,0.130435];[0.439394,0.212121,0.348485];[0.530769,0.384615,0.084615];[0.171974522293,0.0700636942675,0.471337579618,0.286624203822];2;473.0;0.00423719084943;1524;39;0.16444444444444445;1.3333333333333333;67.72444444444444;42.55555555555556;80.2622222222222;9.222222222222221;28.77777777777778;23.333333333333332;5.417777777777777;0.0;1.6888888888888889;0.0977777777777778;2.6844444444444444;0.28;2.186666666666667;5.0;9.444444444444445
11286;zone65;3940.1918462749595;2900.8899784533987;0.0;zone65;S01010320;4;675;594;437;[0.257813,0.523438,0.21875];[0.61753,0.298805,0.083665];[0.526316,0.22807,0.245614];[0.805085,0.169492,0.025424];[0.172185430464,0.0662251655629,0.443708609272,0.317880794702];1;646.0;0.202453315259;1199;12;0.1;2.25;66.25;39.5;71.15;6.5;24.0;23.75;3.8599999999999994;0.0;1.4100000000000001;0.54;1.52;0.12000000000000001;1.5699999999999998;6.25;6.75
11286;zone66;3905.8658739096163;2664.6669636212755;0.0;zone66;S01010321;7;837;634;432;[0.401709,0.555556,0.042735];[0.54717,0.433962,0.018868];[0.45122,0.439024,0.109756];[0.666667,0.271186,0.062147];[0.212328767123,0.0958904109589,0.390410958904,0.301369863014];1;1019.0;0.631764531736;1727;33;0.18857142857142858;1.5714285714285714;79.64;29.285714285714285;80.44000000000001;9.428571428571429;27.428571428571427;27.428571428571427;4.622857142857143;0.0;1.6;0.25142857142857145;1.32;0.5714285714285714;1.4742857142857144;4.428571428571429;7.428571428571429
11286;zone67;3630.3978644730896;3132.1651121578075;0.0;zone67;S01010322;9;1028;914;549;[0.174419,0.549419,0.276163];[0.412399,0.471698,0.115903];[0.298507,0.38806,0.313433];[0.647059,0.323529,0.029412];[0.057268722467,0.0352422907489,0.449339207048,0.458149779736];5;124.0;-0.397569575369;1404;77;0.3333333333333333;1.5555555555555556;60.31111111111112;62.22222222222222;80.61777777777779;8.222222222222221;28.0;20.77777777777778;5.262222222222222;0.0;6.551111111111111;1.5244444444444443;2.097777777777778;0.22666666666666668;1.3555555555555554;4.777777777777778;14.777777777777779
11286;zone68;6208.193116766784;3072.425066795916;0.0;zone68;S01010323;4;603;466;377;[0.555556,0.444444,0.0];[0.657143,0.271429,0.071429];[0.642857,0.321429,0.035714];[0.793651,0.166667,0.039683];[0.578431372549,0.166666666667,0.235294117647,0.0196078431373];1;970.0;0.57559463238;943;13;0.13;0.5;45.43;35.0;68.85;9.75;27.25;15.5;7.26;0.0;2.02;0.0;0.4;0.42;2.73;2.0;9.25
11286;zone69;6517.651722029823;2240.572579661372;0.0;zone69;S01010324;6;759;566;403;[0.142857,0.571429,0.285714];[0.298077,0.490385,0.211538];[0.333333,0.530864,0.135802];[0.401674,0.414226,0.1841];[0.569620253165,0.101265822785,0.291139240506,0.0379746835443];1;407.0;-0.0721601679586;1687;25;0.16666666666666666;0.3333333333333333;52.62666666666667;46.166666666666664;76.04;11.0;30.333333333333332;18.0;2.8200000000000003;0.0;1.7333333333333334;0.0;5.706666666666667;0.4466666666666667;3.4200000000000004;0.8333333333333334;9.833333333333334
11286;zone70;6038.016041009105;2402.8415869980217;0.0;zone70;S01010325;18;939;666;501;[0.263158,0.368421,0.368421];[0.383838,0.525253,0.090909];[0.253623,0.615942,0.130435];[0.451362,0.463035,0.085603];[0.545454545455,0.238636363636,0.193181818182,0.0227272727273];1;225.0;-0.281126582053;1758;67;0.14222222222222222;0.9444444444444444;58.42222222222222;35.5;74.3488888888889;9.88888888888889;28.944444444444443;19.833333333333332;1.9133333333333336;0.0;1.4622222222222223;0.0;4.675555555555556;0.48222222222222233;2.3644444444444446;3.0;7.555555555555555
11286;zone71;5272.359331052501;2740.775131541117;0.0;zone71;S01010326;39;987;707;494;[0.526316,0.368421,0.105263];[0.522523,0.333333,0.144144];[0.492188,0.3125,0.195313];[0.723514,0.224806,0.05168];[0.54375,0.16875,0.23125,0.05625];1;1389.0;1.05701743376;938;146;0.14461538461538462;1.3333333333333333;50.6748717948718;31.871794871794872;78.57435897435897;11.256410256410257;30.28205128205128;17.358974358974358;2.120000000000001;0.0;5.717948717948719;0.0;1.7384615384615383;0.42051282051282046;2.4492307692307693;5.461538461538462;9.051282051282051
11286;zone72;4970.167032608406;2501.795090448298;0.0;zone72;S01010327;34;982;660;362;[0.031746,0.507937,0.460317];[0.372881,0.432203,0.194915];[0.289063,0.328125,0.382813];[0.516892,0.347973,0.135135];[0.416184971098,0.21387283237,0.236994219653,0.132947976879];1;470.0;0.000335688704598;946;132;0.15058823529411763;1.3235294117647058;51.12;35.5;83.00235294117648;11.794117647058824;31.61764705882353;17.205882352941178;2.9376470588235284;0.0;7.610588235294119;0.0;1.730588235294117;0.4458823529411764;2.3788235294117643;5.529411764705882;11.823529411764707
11286;zone73;5975.307390960257;2677.5485166167286;0.0;zone73;S01010328;24;969;706;445;[0.16129,0.5,0.33871];[0.27044,0.471698,0.257862];[0.192547,0.434783,0.372671];[0.338983,0.432203,0.228814];[0.309352517986,0.258992805755,0.280575539568,0.151079136691];2;457.0;-0.0138550124678;1973;112;0.17833333333333334;0.9166666666666666;68.18666666666667;40.041666666666664;83.425;10.625;30.666666666666668;23.458333333333332;2.926666666666667;0.0;1.661666666666667;0.0;5.48;0.4133333333333333;2.5500000000000003;3.875;9.625
11286;zone74;4421.847657862615;2232.0860934321454;0.0;zone74;S01010329;21;573;435;290;[0.368421,0.263158,0.368421];[0.341176,0.470588,0.188235];[0.255814,0.465116,0.27907];[0.52,0.354286,0.125714];[0.438356164384,0.191780821918,0.27397260274,0.0958904109589];2;105.0;-0.418628586414;1702;78;0.14476190476190476;0.9047619047619048;65.44380952380952;42.285714285714285;83.45714285714286;10.619047619047619;30.523809523809526;22.476190476190474;4.996190476190476;0.0;2.312380952380952;0.0;3.620952380952381;0.3923809523809524;2.586666666666667;4.523809523809524;10.523809523809524
