cycle;name;location.x;location.y;location.z;name;dataZone;nm_children;pop;over16;nm_hh;AB_car_prob;C1_car_prob;C2_car_prob;DE_car_prob;prob_social;simd;crimeRate;norm_crime;avg_dis_sh;neigh_play;daily_play_per_child;avg_FSA;avg_walk;daily_OD;zone_mvpa;mvpa_home;mvpa_sc;mvpa_road;mvpa_play_field;mvpa_home_garden;mvpa_park;mvpa_PG;mvpa_amenity;mvpa_shops;mvpa_F_home;mvpa_fsa;mvpa_OD
11286;zone0;8448.90275962388;2625.4515469546564;0.0;zone0;S01010195;19;531;390;212;[0.0,0.481481,0.518519];[0.261538,0.646154,0.092308];[0.12,0.59,0.29];[0.447368,0.368421,0.184211];[0.418918918919,0.283783783784,0.202702702703,0.0945945945946];1;0.0;-0.540229885057;979;67;0.14105263157894737;0.5789473684210527;43.802105263157905;35.421052631578945;72.22315789473684;10.894736842105264;29.526315789473685;14.947368421052632;1.5663157894736845;0.0;3.941052631578947;0.09052631578947368;3.8126315789473684;0.5452631578947369;3.103157894736842;2.1578947368421053;9.0
11286;zone1;8656.736904000718;2165.9902346445633;0.0;zone1;S01010198;18;1027;748;394;[0.058824,0.529412,0.411765];[0.305785,0.561983,0.132231];[0.219858,0.496454,0.283688];[0.523179,0.331126,0.145695];[0.48623853211,0.229357798165,0.266055045872,0.0183486238532];1;1609.0;1.3102524676;1380;67;0.14666666666666667;1.0;58.768888888888895;37.22222222222222;77.86222222222221;10.444444444444445;29.833333333333332;19.944444444444443;1.744444444444444;0.0;3.4044444444444446;0.06222222222222223;4.475555555555555;0.36666666666666675;2.3066666666666666;3.388888888888889;9.222222222222221
11286;zone2;8537.588755655543;3024.028900129281;0.0;zone2;S01010201;22;643;453;253;[0.0,0.47619,0.52381];[0.270833,0.3125,0.416667];[0.088,0.48,0.432];[0.296552,0.434483,0.268966];[0.365853658537,0.292682926829,0.292682926829,0.0487804878049];2;219.0;-0.28762447053;893;99;0.17636363636363636;1.1818181818181819;42.236363636363635;41.13636363636363;69.06909090909092;9.590909090909092;27.363636363636363;14.5;1.270909090909091;0.0;4.425454545454546;0.0;3.787272727272727;0.37636363636363634;2.1290909090909094;3.8636363636363638;9.090909090909092
11286;zone3;8059.42097232239;3767.666522351409;0.0;zone3;S01010203;30;671;504;260;[0.090909,0.363636,0.545455];[0.263804,0.460123,0.276074];[0.094828,0.422414,0.482759];[0.183824,0.375,0.441176];[0.272727272727,0.218181818182,0.363636363636,0.145454545455];3;215.0;-0.292668818285;1979;130;0.168;1.2;77.97066666666666;41.233333333333334;86.68533333333332;10.266666666666667;30.4;26.7;2.0786666666666664;0.0;3.5866666666666664;0.0;5.489333333333333;0.20800000000000005;2.2453333333333334;4.0;10.633333333333333
11286;zone4;8368.288440296214;3565.498290652094;0.0;zone4;S01010204;30;800;589;381;[0.272727,0.727273,0.0];[0.627451,0.27451,0.098039];[0.444444,0.533333,0.022222];[0.600619,0.321981,0.077399];[0.595041322314,0.157024793388,0.239669421488,0.00826446280992];1;497.0;0.0317745673598;1496;103;0.12666666666666668;1.3666666666666667;60.38933333333334;36.96666666666667;76.70933333333333;9.466666666666667;28.7;20.933333333333334;1.5213333333333332;0.0;3.3520000000000008;0.04533333333333333;3.8400000000000003;0.31600000000000006;2.1533333333333333;4.8;8.266666666666667
11286;zone5;8034.229745798958;3515.110462853287;0.0;zone5;S01010205;15;658;534;355;[0.411765,0.117647,0.470588];[0.465116,0.457364,0.077519];[0.317757,0.588785,0.093458];[0.593458,0.280374,0.126168];[0.466666666667,0.2,0.3,0.0333333333333];1;925.0;0.523434132086;1153;50;0.13333333333333333;1.2666666666666666;48.30133333333333;32.333333333333336;73.45599999999999;11.133333333333333;29.266666666666666;16.466666666666665;1.6826666666666665;0.0;3.189333333333333;0.0;3.181333333333333;0.44000000000000006;1.976;4.466666666666667;7.533333333333333
11286;zone6;7457.064719570519;3739.055375726369;0.0;zone6;S01010208;18;903;745;565;[0.30137,0.589041,0.109589];[0.48062,0.457364,0.062016];[0.272727,0.613636,0.113636];[0.66055,0.270642,0.068807];[0.233333333333,0.133333333333,0.461111111111,0.172222222222];1;603.0;0.153385979085;1351;47;0.10222222222222223;1.8888888888888888;57.126666666666665;25.833333333333332;74.46888888888888;9.88888888888889;28.666666666666668;19.5;1.808888888888889;0.0;1.5644444444444443;0.0;2.6222222222222222;0.38222222222222224;1.913333333333333;6.222222222222222;5.444444444444445
11286;zone7;7917.838214725937;1939.334458859395;0.0;zone7;S01010209;24;966;677;468;[0.172414,0.586207,0.241379];[0.333333,0.414966,0.251701];[0.381944,0.458333,0.159722];[0.545852,0.336245,0.117904];[0.337931034483,0.248275862069,0.303448275862,0.110344827586];1;2053.0;1.82052250092;1706;71;0.115;1.4166666666666667;65.98666666666665;30.875;76.78000000000002;9.333333333333334;28.375;22.75;1.2083333333333333;0.0;3.6333333333333333;0.0;2.643333333333333;0.34500000000000003;2.0466666666666664;4.916666666666667;6.958333333333333
11286;zone8;7878.406567747077;2721.2634132011362;0.0;zone8;S01010210;18;885;641;416;[0.173913,0.456522,0.369565];[0.21519,0.5,0.28481];[0.189781,0.386861,0.423358];[0.422111,0.442211,0.135678];[0.394736842105,0.236842105263,0.254385964912,0.114035087719];1;344.0;-0.144253829852;1119;81;0.16666666666666666;1.0;52.12444444444444;37.72222222222222;79.50222222222222;11.666666666666666;30.333333333333332;17.72222222222222;2.4666666666666663;0.0;5.015555555555556;0.0;3.433333333333334;0.36444444444444446;2.5488888888888894;4.166666666666667;10.444444444444445
11286;zone9;7785.599648345685;3201.783800714137;0.0;zone9;S01010211;22;858;634;452;[0.147059,0.705882,0.147059];[0.384615,0.452991,0.162393];[0.469565,0.4,0.130435];[0.722656,0.226563,0.050781];[0.473214285714,0.169642857143,0.285714285714,0.0714285714286];1;430.0;-0.0456985893816;1105;65;0.11090909090909092;1.6818181818181819;54.940000000000005;28.59090909090909;74.0109090909091;10.136363636363637;28.318181818181817;18.772727272727273;2.2018181818181817;0.0;3.2545454545454544;0.0;2.0690909090909093;0.3381818181818182;1.7327272727272727;5.363636363636363;7.0
11286;zone10;7580.688680869333;3097.127786881416;0.0;zone10;S01010212;49;1083;779;559;[0.233333,0.633333,0.133333];[0.594771,0.339869,0.065359];[0.465517,0.405172,0.12931];[0.712821,0.269231,0.017949];[0.566037735849,0.138364779874,0.22641509434,0.0691823899371];1;1473.0;1.15298517036;1097;176;0.13714285714285715;1.3265306122448979;52.3257142857143;33.95918367346939;78.25469387755099;10.918367346938776;30.06122448979592;17.93877551020408;1.5934693877551016;0.0;3.425306122448978;0.0;3.99265306122449;0.3232653061224489;2.630204081632653;5.673469387755102;8.510204081632653
11286;zone11;8065.177293237223;3111.5884965344962;0.0;zone11;S01010213;13;924;657;476;[0.105263,0.684211,0.210526];[0.382609,0.547826,0.069565];[0.218543,0.556291,0.225166];[0.467925,0.483019,0.049057];[0.451327433628,0.221238938053,0.274336283186,0.0530973451327];1;247.0;-0.255840453357;927;61;0.18769230769230769;0.7692307692307693;42.93538461538461;41.30769230769231;73.3323076923077;11.153846153846153;29.076923076923077;14.461538461538462;3.0246153846153847;0.0;5.249230769230769;0.0;3.110769230769231;0.5046153846153846;2.6215384615384614;2.5384615384615383;10.76923076923077
11286;zone12;7144.994858230166;1947.4125453867302;0.0;zone12;S01010214;27;967;717;396;[0.098592,0.28169,0.619718];[0.197531,0.438272,0.364198];[0.173333,0.493333,0.333333];[0.237069,0.487069,0.275862];[0.361344537815,0.210084033613,0.310924369748,0.117647058824];3;176.0;-0.337854473183;2047;100;0.14074074074074075;1.2962962962962963;82.16296296296298;38.925925925925924;88.76000000000003;9.925925925925926;30.51851851851852;28.11111111111111;2.6888888888888887;0.0;3.274074074074074;0.0;4.5777777777777775;0.35111111111111115;2.468148148148148;5.111111111111111;10.074074074074074
11286;zone13;7013.590150664996;2618.495528189446;0.0;zone13;S01010215;24;850;608;492;[0.571429,0.285714,0.142857];[0.5,0.431373,0.068627];[0.382609,0.391304,0.226087];[0.678571,0.269841,0.051587];[0.467289719626,0.140186915888,0.345794392523,0.0467289719626];1;547.0;0.0886083430805;729;93;0.15;1.5416666666666667;47.461666666666666;35.458333333333336;78.25166666666668;10.875;30.541666666666668;16.166666666666668;2.1616666666666666;0.0;3.4233333333333333;0.0;4.37;0.23666666666666672;2.2816666666666667;6.458333333333333;9.458333333333334
11286;zone14;7332.222205807836;2329.961970144465;0.0;zone14;S01010216;15;621;464;361;[0.6,0.4,0.0];[0.597701,0.356322,0.045977];[0.409091,0.439394,0.151515];[0.709544,0.273859,0.016598];[0.5,0.163265306122,0.265306122449,0.0714285714286];1;600.0;0.150092344085;1250;53;0.128;1.0;54.261333333333326;29.066666666666666;78.48266666666665;11.933333333333334;31.0;19.133333333333333;1.2053333333333334;0.0;3.813333333333333;0.0;2.8186666666666667;0.4106666666666667;2.608;4.066666666666666;7.333333333333333
11286;zone15;7299.833172322251;2625.8610945736937;0.0;zone15;S01010217;33;817;598;406;[0.16129,0.516129,0.322581];[0.565517,0.4,0.034483];[0.5,0.431373,0.068627];[0.702703,0.283784,0.013514];[0.541935483871,0.0967741935484,0.296774193548,0.0645161290323];1;1060.0;0.679274950851;1026;176;0.20484848484848484;1.3636363636363635;49.19878787878789;39.27272727272727;77.57575757575758;10.727272727272727;29.818181818181817;16.818181818181817;2.0521212121212122;0.0;3.5115151515151513;0.0;4.465454545454546;0.3854545454545454;2.042424242424242;5.9393939393939394;9.454545454545455
11286;zone16;7142.953643082513;3018.5401822929393;0.0;zone16;S01010218;31;1018;790;587;[0.425532,0.404255,0.170213];[0.392523,0.453271,0.154206];[0.358209,0.492537,0.149254];[0.589124,0.335347,0.075529];[0.424657534247,0.109589041096,0.369863013699,0.0958904109589];1;557.0;0.101026678737;554;91;0.11483870967741935;1.6129032258064515;36.803870967741936;29.741935483870968;69.7432258064516;10.903225806451612;29.225806451612904;12.258064516129032;1.089032258064516;0.0;1.6864516129032256;0.0;4.033548387096775;0.3406451612903225;2.0167741935483874;6.32258064516129;6.387096774193548
11286;zone17;6738.8937706128745;4298.8917997019325;0.0;zone17;S01010219;21;503;382;274;[0.695652,0.304348,0.0];[0.758621,0.215517,0.025862];[0.761905,0.166667,0.071429];[0.781609,0.195402,0.022989];[0.41935483871,0.0752688172043,0.408602150538,0.0967741935484];2;184.0;-0.327838932938;1475;86;0.1580952380952381;1.5238095238095237;73.72952380952381;35.714285714285715;85.53904761904761;9.619047619047619;29.428571428571427;25.476190476190474;4.5219047619047625;0.0;4.293333333333333;0.05714285714285715;1.4514285714285713;0.36380952380952386;2.468571428571429;6.0476190476190474;9.904761904761905
11286;zone18;5915.780765415368;4211.222876105162;0.0;zone18;S01010220;7;476;433;279;[0.181159,0.608696,0.210145];[0.404255,0.531915,0.06383];[0.227273,0.704545,0.068182];[0.448276,0.482759,0.068966];[0.154545454545,0.0636363636364,0.318181818182,0.463636363636];5;267.0;-0.232306706325;1529;37;0.21142857142857144;1.4285714285714286;66.08571428571427;42.142857142857146;77.4742857142857;8.142857142857142;27.285714285714285;23.0;3.7657142857142856;0.0;5.491428571428571;0.3828571428571429;0.7885714285714285;0.42857142857142855;1.8800000000000001;4.428571428571429;9.714285714285714
11286;zone19;6341.0811208317455;3913.8398648988496;0.0;zone19;S01010221;13;546;394;260;[0.6,0.4,0.0];[0.557377,0.409836,0.032787];[0.538462,0.323077,0.138462];[0.699387,0.257669,0.042945];[0.609375,0.140625,0.203125,0.046875];1;635.0;0.19005459739;1173;32;0.08923076923076922;1.3076923076923077;56.033846153846156;25.384615384615383;76.6123076923077;11.307692307692308;29.307692307692307;19.076923076923077;3.5938461538461537;0.0;2.6215384615384627;0.0;1.2676923076923075;0.3169230769230769;2.163076923076923;5.0;7.0
11286;zone20;7001.213463613622;4053.9957950241624;0.0;zone20;S01010222;15;492;414;285;[0.142857,0.5,0.357143];[0.432432,0.459459,0.108108];[0.348624,0.522936,0.12844];[0.747899,0.235294,0.016807];[0.345238095238,0.214285714286,0.309523809524,0.130952380952];1;377.0;-0.105830277325;1858;42;0.10666666666666667;1.2666666666666666;66.84;33.4;90.09599999999999;13.333333333333334;33.06666666666667;22.866666666666667;3.1893333333333334;0.0;3.1626666666666656;0.06133333333333334;4.416;0.36266666666666675;2.6693333333333333;5.466666666666667;10.2
11286;zone21;6986.8418912765155;3434.1450308482026;0.0;zone21;S01010223;4;556;462;337;[0.076923,0.538462,0.384615];[0.567797,0.330508,0.101695];[0.472222,0.444444,0.083333];[0.584699,0.36612,0.04918];[0.432432432432,0.162162162162,0.324324324324,0.0810810810811];1;439.0;-0.0353356041414;1617;11;0.11;1.0;74.67;32.25;82.77000000000001;10.5;30.0;25.25;4.38;0.0;2.6799999999999997;0.0;1.77;0.15000000000000002;2.34;4.25;8.25
11286;zone22;6247.397837456437;3329.661273309237;0.0;zone22;S01010224;40;1036;727;469;[0.405405,0.540541,0.054054];[0.592593,0.274074,0.133333];[0.418803,0.504274,0.076923];[0.768421,0.202632,0.028947];[0.506097560976,0.140243902439,0.268292682927,0.0853658536585];1;1004.0;0.614259332793;1026;122;0.117;1.475;54.34099999999999;25.825;77.52599999999998;10.875;29.875;18.85;4.11;0.0;1.8320000000000003;0.027;1.722;0.40499999999999997;2.4349999999999996;5.9;7.2
11286;zone23;7827.985844039554;4105.4701191949;0.0;zone23;S01010225;33;812;636;431;[0.25,0.634615,0.115385];[0.469072,0.43299,0.097938];[0.54023,0.413793,0.045977];[0.672065,0.234818,0.093117];[0.385185185185,0.125925925926,0.325925925926,0.162962962963];1;1006.0;0.616572011517;1540;96;0.1103030303030303;1.2424242424242424;65.3781818181818;33.878787878787875;80.5951515151515;10.363636363636363;29.484848484848484;22.454545454545453;2.1345454545454547;0.0;3.6460606060606064;0.0;3.2375757575757578;0.36363636363636365;2.473939393939394;4.787878787878788;8.454545454545455
11286;zone24;7040.363001382077;4481.052780471187;0.0;zone24;S01010226;40;816;565;394;[0.454545,0.242424,0.30303];[0.715385,0.2,0.084615];[0.540541,0.405405,0.054054];[0.766917,0.18797,0.045113];[0.503355704698,0.201342281879,0.221476510067,0.0738255033557];2;422.0;-0.0548014077425;1215;225;0.213;1.675;62.541;42.6;79.20900000000003;8.625;28.0;21.4;3.8650000000000007;0.0;5.1610000000000005;0.15900000000000003;1.784;0.33099999999999996;2.075;5.975;10.475
11286;zone25;6847.772309074456;4638.663588163389;0.0;zone25;S01010227;39;692;454;294;[0.413793,0.413793,0.172414];[0.704545,0.238636,0.056818];[0.654545,0.345455,0.0];[0.810606,0.159091,0.030303];[0.672268907563,0.0924369747899,0.159663865546,0.0756302521008];4;0.0;-0.540229885057;1098;338;0.3312820512820513;1.205128205128205;58.037948717948716;59.41025641025641;85.07897435897436;9.487179487179487;29.435897435897434;19.94871794871795;6.342564102564103;0.0;8.539487179487178;0.09333333333333334;2.6317948717948716;0.29641025641025637;2.163076923076923;4.564102564102564;17.102564102564102
11286;zone26;8241.816993110848;4572.457656401622;0.0;zone26;S01010229;30;1016;787;508;[0.1,0.625,0.275];[0.350877,0.350877,0.298246];[0.348315,0.477528,0.174157];[0.565217,0.310559,0.124224];[0.420731707317,0.213414634146,0.292682926829,0.0731707317073];1;395.0;-0.0859445809966;1393;86;0.11466666666666667;1.1666666666666667;61.011999999999986;28.7;76.70666666666665;10.233333333333333;29.333333333333332;20.666666666666668;2.3866666666666676;0.0;2.938666666666666;0.1;2.1746666666666665;0.3106666666666667;2.0493333333333337;4.666666666666667;7.1
11286;zone27;7458.320056766788;4680.341251240345;0.0;zone27;S01010230;24;1005;772;577;[0.314286,0.628571,0.057143];[0.703883,0.296117,0.0];[0.727273,0.218182,0.054545];[0.71831,0.24507,0.03662];[0.517857142857,0.136904761905,0.267857142857,0.077380952381];1;846.0;0.433218203459;987;106;0.16833333333333333;1.25;47.74166666666667;36.583333333333336;76.94166666666668;11.041666666666666;29.958333333333332;16.166666666666668;2.556666666666667;0.0;5.696666666666666;0.105;2.0049999999999994;0.4133333333333333;2.171666666666667;5.041666666666667;9.791666666666666
11286;zone28;7569.802990100143;4917.458811240416;0.0;zone28;S01010232;37;1074;792;485;[0.457143,0.485714,0.057143];[0.557292,0.338542,0.104167];[0.492063,0.333333,0.174603];[0.654229,0.251244,0.094527];[0.470297029703,0.153465346535,0.306930693069,0.0693069306931];1;771.0;0.347049794199;1177;135;0.13945945945945945;1.4594594594594594;54.96972972972974;33.0;78.50702702702702;10.783783783783784;29.972972972972972;18.864864864864863;2.2691891891891895;0.0;4.330810810810812;0.10702702702702704;2.31027027027027;0.3535135135135134;2.0983783783783787;5.72972972972973;8.594594594594595
11286;zone29;7830.713068379679;4879.746446724283;0.0;zone29;S01010233;33;970;705;476;[0.275,0.625,0.1];[0.655629,0.245033,0.099338];[0.52809,0.426966,0.044944];[0.771505,0.212366,0.016129];[0.587209302326,0.093023255814,0.261627906977,0.0581395348837];1;284.0;-0.213781821634;1065;132;0.15636363636363637;0.9696969696969697;51.35757575757576;38.60606060606061;80.66181818181819;11.848484848484848;31.21212121212121;17.606060606060606;2.2436363636363637;0.0;4.0618181818181816;0.24242424242424243;4.065454545454546;0.4666666666666667;2.7915151515151506;4.484848484848484;10.151515151515152
11286;zone30;6473.383843181837;4954.519765957263;0.0;zone30;S01010261;6;2551;2373;526;[0.666667,0.270833,0.0625];[0.675841,0.281346,0.042813];[0.75,0.25,0.0];[0.824468,0.164894,0.010638];[0.41,0.06,0.41,0.12];3;176.0;-0.337679921334;1422;33;0.2;1.8333333333333333;68.82;37.0;84.11333333333333;10.333333333333334;29.833333333333332;24.0;2.986666666666667;0.0;1.906666666666667;0.0;3.8666666666666667;0.34;1.3733333333333333;7.5;8.333333333333334
11286;zone31;4930.642193689802;4959.449818932565;0.0;zone31;S01010266;3;555;474;237;[0.320755,0.556604,0.122642];[0.677273,0.254545,0.068182];[0.5,0.461538,0.038462];[0.534247,0.30137,0.164384];[0.141176470588,0.0588235294118,0.4,0.4];3;536.0;0.0761386922126;1211;11;0.12;1.6666666666666667;52.413333333333334;44.333333333333336;86.92;13.0;31.0;18.0;0.5066666666666667;0.0;5.533333333333334;1.36;4.266666666666667;0.4266666666666667;2.373333333333333;8.333333333333334;11.333333333333334
11286;zone32;5712.5549897826;4979.400336637217;0.0;zone32;S01010270;4;1153;972;817;[0.389831,0.533898,0.076271];[0.70255,0.252125,0.045326];[0.714286,0.272727,0.012987];[0.771552,0.228448,0.0];[0.125,0.0909090909091,0.454545454545,0.329545454545];1;871.0;0.461200629557;1207;9;0.08;1.75;62.74;22.75;71.44999999999999;9.25;26.75;21.0;2.9;0.0;0.98;0.11;0.9000000000000001;0.28;1.44;5.75;4.25
11286;zone33;3394.0723536088512;4934.677182292946;0.0;zone33;S01010282;13;976;841;645;[0.438776,0.520408,0.040816];[0.545732,0.405488,0.04878];[0.521277,0.382979,0.095745];[0.712707,0.232044,0.055249];[0.190954773869,0.070351758794,0.35175879397,0.386934673367];2;350.0;-0.137812028107;1385;40;0.11692307692307692;1.8461538461538463;67.9323076923077;38.61538461538461;90.92307692307692;11.153846153846153;31.23076923076923;23.307692307692307;3.307692307692307;0.0;7.467692307692308;0.6061538461538463;1.390769230769231;0.5292307692307693;2.3076923076923075;7.846153846153846;12.23076923076923
11286;zone34;4385.789287498423;4835.237486850067;0.0;zone34;S01010289;15;771;687;380;[0.130952,0.511905,0.357143];[0.262911,0.502347,0.234742];[0.178571,0.464286,0.357143];[0.410256,0.435897,0.153846];[0.058064516129,0.0322580645161,0.245161290323,0.664516129032];5;259.0;-0.241396294863;1658;104;0.26666666666666666;1.3333333333333333;71.07733333333334;61.13333333333333;87.69066666666666;9.4;28.933333333333334;24.4;3.6533333333333333;0.0;8.863999999999999;1.7893333333333337;1.8800000000000003;0.2933333333333334;1.6213333333333335;5.2;15.8
11286;zone35;4401.5375624188455;4669.062022109911;0.0;zone35;S01010290;13;546;485;278;[0.198198,0.603604,0.198198];[0.485944,0.449799,0.064257];[0.555556,0.444444,0.0];[0.435897,0.512821,0.051282];[0.10752688172,0.0430107526882,0.494623655914,0.354838709677];3;353.0;-0.133686757747;1252;89;0.25846153846153846;1.6923076923076923;51.636923076923075;47.07692307692308;75.07384615384616;8.615384615384615;28.0;17.384615384615383;2.0707692307692307;0.0;5.950769230769231;0.76;1.929230769230769;0.3630769230769231;1.652307692307692;6.6923076923076925;10.153846153846153
11286;zone36;4119.983651650423;4281.100418217042;0.0;zone36;S01010291;12;1075;975;481;[0.405594,0.447552,0.146853];[0.627907,0.277132,0.094961];[0.415094,0.433962,0.150943];[0.562963,0.325926,0.111111];[0.197080291971,0.0729927007299,0.445255474453,0.284671532847];3;438.0;-0.0363924713322;891;65;0.21;2.0;50.78666666666667;46.166666666666664;82.48333333333333;10.416666666666666;29.916666666666668;17.25;4.666666666666667;0.0;6.1066666666666665;0.9;1.4566666666666668;0.3266666666666667;1.633333333333333;8.083333333333334;12.833333333333334
11286;zone37;4399.731076226201;4291.6703625917;0.0;zone37;S01010292;10;890;831;409;[0.348214,0.508929,0.142857];[0.477169,0.420091,0.10274];[0.339286,0.446429,0.214286];[0.55814,0.383721,0.05814];[0.128378378378,0.0540540540541,0.398648648649,0.418918918919];4;323.0;-0.168488563048;1111;51;0.188;2.3;55.232000000000006;41.7;95.15200000000002;12.7;33.4;19.1;4.9079999999999995;0.0;7.620000000000002;0.6719999999999999;1.392;0.4600000000000001;1.6079999999999999;11.5;14.1
11286;zone38;4514.690807242894;4541.15458266895;0.0;zone38;S01010293;16;839;723;373;[0.51773,0.35461,0.12766];[0.635389,0.262735,0.101877];[0.446809,0.319149,0.234043];[0.514286,0.392857,0.092857];[0.242424242424,0.0606060606061,0.393939393939,0.30303030303];3;290.0;-0.205814991507;1338;104;0.245;1.375;63.370000000000005;56.375;85.03250000000001;9.75;29.5;21.5;4.6625;0.0;6.5175;1.1175;2.2925;0.22750000000000004;1.4500000000000002;6.375;14.1875
11286;zone39;4541.7482834333705;4418.565122351524;0.0;zone39;S01010294;13;690;631;275;[0.242105,0.526316,0.231579];[0.650873,0.214464,0.134663];[0.583333,0.208333,0.208333];[0.414894,0.489362,0.095745];[0.164835164835,0.043956043956,0.494505494505,0.296703296703];4;440.0;-0.0342259463805;1079;109;0.32;1.9230769230769231;59.31076923076924;58.61538461538461;88.47999999999999;9.692307692307692;30.076923076923077;19.846153846153847;6.344615384615384;0.0;6.295384615384616;1.0492307692307692;2.910769230769231;0.24307692307692313;1.169230769230769;8.923076923076923;16.076923076923077
11286;zone40;4766.8646917667475;4574.50133624035;0.0;zone40;S01010295;18;974;870;427;[0.384615,0.391026,0.224359];[0.604555,0.310559,0.084886];[0.428571,0.285714,0.285714];[0.390728,0.516556,0.092715];[0.212765957447,0.113475177305,0.297872340426,0.375886524823];4;529.0;0.0680145754747;1430;118;0.24888888888888888;2.0;64.56888888888889;46.888888888888886;82.66;9.333333333333334;28.944444444444443;22.166666666666668;3.0288888888888885;0.0;4.5488888888888885;0.7066666666666668;2.3466666666666662;0.3488888888888889;1.5222222222222221;7.944444444444445;10.222222222222221
11286;zone41;4647.752341766679;4736.091736240359;0.0;zone41;S01010296;16;664;560;291;[0.294118,0.423529,0.282353];[0.520913,0.368821,0.110266];[0.375,0.375,0.25];[0.475524,0.391608,0.132867];[0.282828282828,0.111111111111,0.363636363636,0.242424242424];2;856.0;0.444094443477;1235;81;0.1975;1.75;55.5725;42.25;83.6175;10.8125;30.4375;19.125;2.81;0.0;4.619999999999999;1.0425;2.8150000000000004;0.41500000000000004;1.9025000000000003;7.75;10.875
11286;zone42;5522.849421766708;4411.996091240393;0.0;zone42;S01010297;7;1066;894;676;[0.582609,0.382609,0.034783];[0.691824,0.245283,0.062893];[0.540541,0.333333,0.126126];[0.681275,0.270916,0.047809];[0.260563380282,0.140845070423,0.37323943662,0.225352112676];1;504.0;0.0391758595379;1552;27;0.13714285714285715;2.2857142857142856;61.548571428571435;28.428571428571427;86.13142857142857;12.285714285714286;31.857142857142858;21.142857142857142;2.685714285714286;0.0;0.8171428571428573;0.25142857142857145;4.182857142857143;0.34857142857142864;1.582857142857143;9.285714285714286;7.428571428571429
11286;zone43;4706.481893689814;4143.807995855712;0.0;zone43;S01010298;12;880;677;515;[0.308943,0.479675,0.211382];[0.581395,0.356589,0.062016];[0.539683,0.396825,0.063492];[0.744828,0.193103,0.062069];[0.227272727273,0.0984848484848,0.371212121212,0.30303030303];1;486.0;0.0190902878356;1064;52;0.15666666666666668;1.75;59.96;38.666666666666664;84.14;10.916666666666666;30.166666666666668;20.833333333333332;2.8033333333333332;0.0;6.593333333333334;0.67;1.4166666666666667;0.3166666666666667;1.8333333333333333;6.916666666666667;10.916666666666666
11286;zone44;4885.424673909578;4209.645754097502;0.0;zone44;S01010299;4;536;404;292;[0.3,0.54,0.16];[0.556701,0.340206,0.103093];[0.458333,0.520833,0.020833];[0.584906,0.283019,0.132075];[0.428571428571,0.0857142857143,0.285714285714,0.2];1;375.0;-0.10827530326;634;13;0.12;1.5;34.56;35.5;79.77000000000001;12.75;31.75;11.75;3.8800000000000003;0.0;1.4100000000000001;0.24;4.630000000000001;0.56;1.9699999999999998;9.0;9.5
11286;zone45;4883.397012115578;4340.414778682246;0.0;zone45;S01010300;21;934;764;478;[0.460784,0.411765,0.127451];[0.664653,0.238671,0.096677];[0.632353,0.323529,0.044118];[0.606383,0.329787,0.06383];[0.3046875,0.125,0.3515625,0.21875];2;513.0;0.0498225801839;630;113;0.2019047619047619;1.3333333333333333;40.02666666666666;41.666666666666664;76.59619047619046;10.761904761904763;30.952380952380953;13.761904761904763;3.786666666666667;0.0;3.8800000000000003;0.3466666666666667;3.628571428571428;0.29333333333333333;2.268571428571429;5.285714285714286;11.19047619047619
11286;zone46;5144.66081966521;4032.769083704074;0.0;zone46;S01010301;6;522;457;283;[0.292683,0.597561,0.109756];[0.57563,0.315126,0.109244];[0.222222,0.703704,0.074074];[0.561798,0.393258,0.044944];[0.214285714286,0.0612244897959,0.459183673469,0.265306122449];4;490.0;0.0232745011966;1867;43;0.2733333333333333;1.8333333333333333;79.44;47.833333333333336;80.43333333333334;8.166666666666666;26.833333333333332;27.833333333333332;3.9466666666666668;0.0;1.2933333333333332;0.3333333333333333;3.6999999999999997;0.18666666666666668;1.5733333333333335;5.0;8.833333333333334
11286;zone47;5165.568789180556;4297.038752619699;0.0;zone47;S01010302;24;669;495;388;[0.65625,0.28125,0.0625];[0.6,0.356522,0.043478];[0.716981,0.226415,0.056604];[0.801802,0.18018,0.018018];[0.582417582418,0.0769230769231,0.263736263736,0.0769230769231];1;392.0;-0.0896499889057;938;123;0.19333333333333333;1.0833333333333333;44.02333333333333;40.916666666666664;70.75999999999999;10.041666666666666;28.416666666666668;14.916666666666666;3.4966666666666675;0.0;1.9983333333333333;0.22333333333333336;3.59;0.21500000000000008;2.3016666666666667;3.9166666666666665;9.0
11286;zone48;5241.140616766716;4139.402270499609;0.0;zone48;S01010303;33;579;387;250;[0.692308,0.153846,0.153846];[0.56701,0.298969,0.134021];[0.630435,0.282609,0.086957];[0.658879,0.285047,0.056075];[0.58407079646,0.106194690265,0.274336283186,0.0353982300885];1;415.0;-0.0627120940391;1271;155;0.17454545454545456;1.303030303030303;55.20727272727271;35.93939393939394;76.97212121212122;10.696969696969697;28.90909090909091;18.848484848484848;4.909090909090908;0.0;1.8630303030303028;0.3818181818181818;2.086060606060606;0.39515151515151514;2.1103030303030303;5.121212121212121;8.696969696969697
11286;zone49;4853.647576226233;3833.123065294377;0.0;zone49;S01010304;12;542;456;332;[0.323529,0.514706,0.161765];[0.635135,0.25,0.114865];[0.477273,0.522727,0.0];[0.829268,0.109756,0.060976];[0.372340425532,0.0425531914894,0.297872340426,0.287234042553];1;804.0;0.384523850516;2075;53;0.16333333333333333;1.8333333333333333;85.96333333333335;34.416666666666664;86.40666666666668;9.416666666666666;29.0;29.333333333333332;4.436666666666667;0.0;2.1133333333333337;0.36000000000000004;1.9166666666666667;0.22;1.4866666666666666;6.333333333333333;8.416666666666666
11286;zone50;4697.410406890209;3639.1027396354093;0.0;zone50;S01010305;7;807;694;478;[0.36036,0.468468,0.171171];[0.553191,0.33617,0.110638];[0.409639,0.301205,0.289157];[0.589888,0.337079,0.073034];[0.198529411765,0.0735294117647,0.382352941176,0.345588235294];1;223.0;-0.28282788147;698;24;0.12571428571428572;1.5714285714285714;52.86285714285715;33.285714285714285;77.38857142857144;10.857142857142858;28.857142857142858;18.0;4.588571428571429;0.0;2.182857142857143;1.497142857142857;0.5885714285714286;0.6;2.0685714285714285;6.571428571428571;8.571428571428571
11286;zone51;4591.3082521834585;3868.367573740388;0.0;zone51;S01010306;13;752;675;449;[0.35625,0.56875,0.075];[0.570588,0.355882,0.073529];[0.283019,0.566038,0.150943];[0.650943,0.330189,0.018868];[0.165680473373,0.0473372781065,0.479289940828,0.307692307692];2;238.0;-0.265781391166;677;63;0.18461538461538463;1.6153846153846154;46.48307692307693;42.69230769230769;80.8953846153846;11.153846153846153;30.153846153846153;15.846153846153847;7.396923076923078;0.0;2.3723076923076922;1.729230769230769;0.5846153846153845;0.25230769230769234;1.9969230769230768;7.615384615384615;11.538461538461538
11286;zone52;4503.72067559025;3742.2957906521283;0.0;zone52;S01010307;9;821;732;428;[0.189922,0.577519,0.232558];[0.407407,0.487654,0.104938];[0.346154,0.538462,0.115385];[0.71875,0.234375,0.046875];[0.0681818181818,0.0568181818182,0.375,0.5];5;319.0;-0.172537833795;473;59;0.24888888888888888;2.7777777777777777;45.14222222222222;47.77777777777778;84.16444444444444;10.222222222222221;30.0;15.444444444444445;9.026666666666667;0.0;2.8000000000000003;0.9688888888888888;0.5288888888888889;0.16888888888888892;1.4577777777777776;11.88888888888889;12.777777777777779
11286;zone53;4364.519870735056;4047.768725526131;0.0;zone53;S01010308;9;975;858;480;[0.285714,0.54007,0.174216];[0.511936,0.384615,0.103448];[0.254902,0.411765,0.333333];[0.648352,0.307692,0.043956];[0.0970873786408,0.0631067961165,0.359223300971,0.480582524272];4;257.0;-0.244477582955;1134;56;0.24444444444444444;1.5555555555555556;68.09333333333332;59.22222222222222;86.38666666666667;9.11111111111111;29.22222222222222;23.333333333333332;7.328888888888888;0.0;4.053333333333333;1.7377777777777779;1.688888888888889;0.25777777777777783;1.5911111111111111;6.333333333333333;14.444444444444445
11286;zone54;5381.88771051669;3636.3205112402793;0.0;zone54;S01010309;4;419;356;264;[0.333333,0.25,0.416667];[0.478873,0.422535,0.098592];[0.352941,0.382353,0.264706];[0.705882,0.24183,0.052288];[0.365853658537,0.170731707317,0.390243902439,0.0731707317073];1;0.0;-0.540229885057;2078;13;0.13;0.75;83.38;41.25;93.47;11.5;32.25;28.75;2.12;0.0;2.8899999999999997;0.41000000000000003;5.39;0.59;3.4799999999999995;4.25;10.25
11286;zone55;5657.373406240428;3625.6586165034923;0.0;zone55;S01010310;13;706;540;381;[0.333333,0.238095,0.428571];[0.565517,0.337931,0.096552];[0.54902,0.27451,0.176471];[0.715415,0.256917,0.027668];[0.484848484848,0.151515151515,0.318181818182,0.0454545454545];1;574.0;0.120406534162;749;35;0.10153846153846154;1.5384615384615385;50.34461538461539;28.23076923076923;73.24;10.615384615384615;29.153846153846153;17.23076923076923;1.981538461538461;0.0;1.763076923076923;0.2030769230769231;2.56;0.31999999999999995;2.1784615384615384;5.6923076923076925;6.0
11286;zone56;5685.425126382168;3318.6970593171873;0.0;zone56;S01010311;22;721;556;351;[0.411765,0.352941,0.235294];[0.472222,0.453704,0.074074];[0.571429,0.404762,0.02381];[0.717949,0.271062,0.010989];[0.565217391304,0.121739130435,0.269565217391,0.0434782608696];1;1534.0;1.22364271569;1761;66;0.11454545454545455;1.2272727272727273;66.85272727272728;29.227272727272727;75.63818181818182;9.727272727272727;28.045454545454547;22.727272727272727;2.212727272727273;0.0;2.3781818181818184;0.08727272727272728;2.0818181818181816;0.3654545454545454;2.274545454545454;4.0;6.318181818181818
11286;zone57;5466.52613028024;3072.1402274564575;0.0;zone57;S01010312;34;868;647;425;[0.117647,0.823529,0.058824];[0.754386,0.22807,0.017544];[0.407407,0.444444,0.148148];[0.804945,0.153846,0.041209];[0.586956521739,0.115942028986,0.268115942029,0.0289855072464];1;685.0;0.247477927043;1676;133;0.14941176470588236;1.088235294117647;71.51529411764707;33.85294117647059;81.74588235294115;9.941176470588236;29.58823529411765;24.41176470588235;2.3011764705882354;0.0;3.2470588235294113;0.05411764705882353;3.4835294117647044;0.3905882352941176;2.51764705882353;4.0588235294117645;8.617647058823529
11286;zone58;5251.7403530303945;3502.549209042501;0.0;zone58;S01010313;16;654;529;356;[0.428571,0.285714,0.285714];[0.6,0.333333,0.066667];[0.433735,0.481928,0.084337];[0.739623,0.162264,0.098113];[0.648351648352,0.131868131868,0.175824175824,0.043956043956];1;565.0;0.109617915218;2134;40;0.0975;1.4375;82.975;27.0;86.275;10.375;30.125;28.4375;3.1275000000000004;0.0;2.3625;0.15250000000000002;2.0425;0.2975;2.5925;5.3125;7.1875
11286;zone59;4840.312157862589;3385.4448126102257;0.0;zone59;S01010314;21;1248;1034;550;[0.358209,0.507463,0.134328];[0.514493,0.333333,0.152174];[0.5,0.326923,0.173077];[0.636,0.324,0.04];[0.316901408451,0.133802816901,0.401408450704,0.147887323944];1;637.0;0.192402372167;1529;83;0.14857142857142858;0.9523809523809523;65.14095238095238;35.476190476190474;78.99619047619046;10.047619047619047;29.095238095238095;22.476190476190474;4.2666666666666675;0.0;2.8114285714285714;0.2;1.7104761904761903;0.32761904761904764;2.403809523809523;3.9047619047619047;8.476190476190476
11286;zone60;4536.293429266749;2504.1273706154316;0.0;zone60;S01010315;43;911;678;409;[0.180723,0.554217,0.26506];[0.252632,0.457895,0.289474];[0.208333,0.5,0.291667];[0.55144,0.345679,0.102881];[0.308176100629,0.169811320755,0.358490566038,0.163522012579];2;382.0;-0.100954860853;1648;167;0.14790697674418604;1.697674418604651;69.5274418604651;34.18604651162791;84.43999999999998;10.279069767441861;29.86046511627907;23.72093023255814;3.4939534883720937;0.0;1.9888372093023259;0.02790697674418605;3.5190697674418603;0.2567441860465116;2.016744186046512;7.441860465116279;8.604651162790697
11286;zone61;4589.6619547948285;2943.195659127726;0.0;zone61;S01010316;25;512;414;304;[0.392157,0.529412,0.078431];[0.62931,0.37069,0.0];[0.439024,0.560976,0.0];[0.775401,0.224599,0.0];[0.439252336449,0.102803738318,0.252336448598,0.205607476636];1;481.0;0.0128180141103;1286;103;0.1568;0.56;56.08640000000001;39.08;74.1952;9.48;28.2;19.08;3.4160000000000004;0.0;4.500799999999999;0.1216;2.7088;0.3711999999999999;2.5168;1.92;10.32
11286;zone63;4421.5566371748755;3071.026327566895;0.0;zone63;S01010318;12;1588;1497;304;[0.5,0.456522,0.043478];[0.469799,0.47651,0.053691];[0.310345,0.37931,0.310345];[0.678571,0.285714,0.035714];[0.36,0.14,0.34,0.16];3;317.0;-0.175110645645;1083;63;0.2;0.8333333333333334;54.73666666666667;47.833333333333336;78.56666666666666;10.0;29.25;18.75;7.593333333333333;0.0;4.24;0.6733333333333333;1.0766666666666667;0.36333333333333334;2.6333333333333333;2.4166666666666665;13.083333333333334
11286;zone64;4173.240913470097;2893.8040771744095;0.0;zone64;S01010319;9;711;624;407;[0.258741,0.608392,0.132867];[0.383399,0.486166,0.130435];[0.439394,0.212121,0.348485];[0.530769,0.384615,0.084615];[0.171974522293,0.0700636942675,0.471337579618,0.286624203822];2;473.0;0.00423719084943;1497;46;0.18666666666666668;1.4444444444444444;61.55111111111111;42.0;84.49777777777778;10.777777777777779;30.22222222222222;21.11111111111111;4.9688888888888885;0.0;1.8355555555555556;0.1688888888888889;4.106666666666666;0.30666666666666664;2.0311111111111106;7.333333333333333;10.555555555555555
11286;zone65;3940.1918462749595;2900.8899784533987;0.0;zone65;S01010320;4;675;594;437;[0.257813,0.523438,0.21875];[0.61753,0.298805,0.083665];[0.526316,0.22807,0.245614];[0.805085,0.169492,0.025424];[0.172185430464,0.0662251655629,0.443708609272,0.317880794702];1;646.0;0.202453315259;1131;17;0.16;2.25;60.989999999999995;33.0;86.14;11.5;30.0;20.75;4.35;0.0;1.66;0.35;2.53;0.43000000000000005;1.5;11.0;8.5
11286;zone66;3905.8658739096163;2664.6669636212755;0.0;zone66;S01010321;7;837;634;432;[0.401709,0.555556,0.042735];[0.54717,0.433962,0.018868];[0.45122,0.439024,0.109756];[0.666667,0.271186,0.062147];[0.212328767123,0.0958904109589,0.390410958904,0.301369863014];1;1019.0;0.631764531736;1708;21;0.12;1.4285714285714286;67.13714285714285;35.857142857142854;76.06285714285715;8.142857142857142;27.285714285714285;23.0;4.011428571428572;0.0;2.914285714285714;0.18857142857142858;1.1771428571428573;0.32;2.222857142857143;4.857142857142857;8.0
11286;zone67;3630.3978644730896;3132.1651121578075;0.0;zone67;S01010322;9;1028;914;549;[0.174419,0.549419,0.276163];[0.412399,0.471698,0.115903];[0.298507,0.38806,0.313433];[0.647059,0.323529,0.029412];[0.057268722467,0.0352422907489,0.449339207048,0.458149779736];5;124.0;-0.397569575369;1318;74;0.3244444444444444;2.4444444444444446;62.11555555555557;46.44444444444444;84.70666666666666;9.222222222222221;28.444444444444443;21.666666666666668;4.022222222222222;0.0;6.302222222222223;0.4977777777777778;2.1866666666666665;0.36;1.2577777777777777;8.88888888888889;12.333333333333334
11286;zone68;6208.193116766784;3072.425066795916;0.0;zone68;S01010323;4;603;466;377;[0.555556,0.444444,0.0];[0.657143,0.271429,0.071429];[0.642857,0.321429,0.035714];[0.793651,0.166667,0.039683];[0.578431372549,0.166666666667,0.235294117647,0.0196078431373];1;970.0;0.57559463238;968;14;0.12;0.5;47.8;31.0;80.63;12.5;33.0;16.25;8.1;0.0;0.84;0.0;2.07;0.52;3.9699999999999998;2.75;10.5
11286;zone69;6517.651722029823;2240.572579661372;0.0;zone69;S01010324;6;759;566;403;[0.142857,0.571429,0.285714];[0.298077,0.490385,0.211538];[0.333333,0.530864,0.135802];[0.401674,0.414226,0.1841];[0.569620253165,0.101265822785,0.291139240506,0.0379746835443];1;407.0;-0.0721601679586;2188;14;0.08666666666666667;0.8333333333333334;65.36666666666667;34.166666666666664;76.65333333333334;10.0;29.333333333333332;22.333333333333332;1.9333333333333336;0.0;0.88;0.0;4.62;0.28;2.98;2.5;7.0
11286;zone70;6038.016041009105;2402.8415869980217;0.0;zone70;S01010325;18;939;666;501;[0.263158,0.368421,0.368421];[0.383838,0.525253,0.090909];[0.253623,0.615942,0.130435];[0.451362,0.463035,0.085603];[0.545454545455,0.238636363636,0.193181818182,0.0227272727273];1;225.0;-0.281126582053;1624;56;0.11777777777777777;1.6666666666666667;53.540000000000006;29.5;75.47777777777777;10.11111111111111;29.38888888888889;18.555555555555557;1.7355555555555555;0.0;0.5733333333333334;0.0;4.457777777777778;0.31111111111111117;2.257777777777778;6.444444444444445;6.444444444444445
11286;zone71;5272.359331052501;2740.775131541117;0.0;zone71;S01010326;39;987;707;494;[0.526316,0.368421,0.105263];[0.522523,0.333333,0.144144];[0.492188,0.3125,0.195313];[0.723514,0.224806,0.05168];[0.54375,0.16875,0.23125,0.05625];1;1389.0;1.05701743376;1130;143;0.14153846153846153;1.205128205128205;56.171282051282056;33.97435897435897;78.58666666666669;10.948717948717949;29.82051282051282;19.102564102564102;2.3292307692307688;0.0;5.2389743589743585;0.0482051282051282;2.464615384615384;0.3917948717948717;2.316923076923077;4.3076923076923075;9.564102564102564
11286;zone72;4970.167032608406;2501.795090448298;0.0;zone72;S01010327;34;982;660;362;[0.031746,0.507937,0.460317];[0.372881,0.432203,0.194915];[0.289063,0.328125,0.382813];[0.516892,0.347973,0.135135];[0.416184971098,0.21387283237,0.236994219653,0.132947976879];1;470.0;0.000335688704598;940;145;0.1588235294117647;1.0588235294117647;53.547058823529404;37.5;80.31882352941174;11.235294117647058;30.58823529411765;18.235294117647058;3.356470588235293;0.0;6.875294117647059;0.0;1.563529411764706;0.4800000000000001;2.0447058823529414;4.294117647058823;11.323529411764707
11286;zone73;5975.307390960257;2677.5485166167286;0.0;zone73;S01010328;24;969;706;445;[0.16129,0.5,0.33871];[0.27044,0.471698,0.257862];[0.192547,0.434783,0.372671];[0.338983,0.432203,0.228814];[0.309352517986,0.258992805755,0.280575539568,0.151079136691];2;457.0;-0.0138550124678;1982;102;0.16333333333333333;1.4583333333333333;69.23166666666667;36.958333333333336;82.54500000000002;10.291666666666666;29.541666666666668;24.041666666666668;2.273333333333333;0.0;1.4766666666666666;0.0;4.795000000000001;0.44166666666666665;2.2183333333333337;5.708333333333333;7.958333333333333
