cycle;name;location.x;location.y;location.z;name;dataZone;nm_children;pop;over16;nm_hh;AB_car_prob;C1_car_prob;C2_car_prob;DE_car_prob;prob_social;simd;crimeRate;norm_crime;avg_dis_sh;neigh_play;daily_play_per_child;avg_FSA;avg_walk;daily_OD;zone_mvpa;mvpa_home;mvpa_sc;mvpa_road;mvpa_play_field;mvpa_home_garden;mvpa_park;mvpa_PG;mvpa_amenity;mvpa_shops;mvpa_F_home;mvpa_fsa;mvpa_OD
11286;zone0;8448.90275962388;2625.4515469546564;0.0;zone0;S01010195;19;531;390;212;[0.0,0.481481,0.518519];[0.261538,0.646154,0.092308];[0.12,0.59,0.29];[0.447368,0.368421,0.184211];[0.418918918919,0.283783783784,0.202702702703,0.0945945945946];1;0.0;-0.540229885057;983;59;0.12210526315789473;1.631578947368421;49.95157894736843;30.210526315789473;84.50315789473684;13.263157894736842;32.73684210526316;17.263157894736842;0.9326315789473684;0.0;3.9978947368421056;0.0;4.096842105263158;0.28631578947368425;2.138947368421053;8.052631578947368;8.68421052631579
11286;zone1;8656.736904000718;2165.9902346445633;0.0;zone1;S01010198;18;1027;748;394;[0.058824,0.529412,0.411765];[0.305785,0.561983,0.132231];[0.219858,0.496454,0.283688];[0.523179,0.331126,0.145695];[0.48623853211,0.229357798165,0.266055045872,0.0183486238532];1;1609.0;1.3102524676;1288;55;0.1111111111111111;1.1111111111111112;56.29777777777778;34.5;77.68888888888888;10.722222222222221;30.11111111111111;19.11111111111111;1.1;0.0;2.8333333333333335;0.3222222222222222;4.288888888888888;0.34;2.542222222222222;4.555555555555555;8.0
11286;zone2;8537.588755655543;3024.028900129281;0.0;zone2;S01010201;22;643;453;253;[0.0,0.47619,0.52381];[0.270833,0.3125,0.416667];[0.088,0.48,0.432];[0.296552,0.434483,0.268966];[0.365853658537,0.292682926829,0.292682926829,0.0487804878049];2;219.0;-0.28762447053;789;84;0.14545454545454545;1.5454545454545454;40.163636363636364;39.54545454545455;73.75818181818182;10.454545454545455;29.818181818181817;13.409090909090908;1.1036363636363635;0.0;3.3090909090909095;0.06909090909090909;5.3490909090909105;0.30363636363636365;2.032727272727273;5.954545454545454;9.272727272727273
11286;zone3;8059.42097232239;3767.666522351409;0.0;zone3;S01010203;30;671;504;260;[0.090909,0.363636,0.545455];[0.263804,0.460123,0.276074];[0.094828,0.422414,0.482759];[0.183824,0.375,0.441176];[0.272727272727,0.218181818182,0.363636363636,0.145454545455];3;215.0;-0.292668818285;2013;115;0.14666666666666667;1.7666666666666666;81.21466666666667;38.53333333333333;85.48133333333334;8.966666666666667;28.966666666666665;27.9;1.8959999999999997;0.0;2.8160000000000003;0.0;4.133333333333332;0.3493333333333333;1.8039999999999998;6.8;8.366666666666667
11286;zone4;8368.288440296214;3565.498290652094;0.0;zone4;S01010204;30;800;589;381;[0.272727,0.727273,0.0];[0.627451,0.27451,0.098039];[0.444444,0.533333,0.022222];[0.600619,0.321981,0.077399];[0.595041322314,0.157024793388,0.239669421488,0.00826446280992];1;497.0;0.0317745673598;1191;99;0.12933333333333333;1.2666666666666666;51.02800000000001;32.03333333333333;77.36399999999999;11.3;30.333333333333332;17.2;2.117333333333333;0.0;2.1253333333333333;0.01866666666666667;3.8453333333333344;0.45733333333333337;2.7506666666666675;5.4;7.566666666666666
11286;zone5;8034.229745798958;3515.110462853287;0.0;zone5;S01010205;15;658;534;355;[0.411765,0.117647,0.470588];[0.465116,0.457364,0.077519];[0.317757,0.588785,0.093458];[0.593458,0.280374,0.126168];[0.466666666667,0.2,0.3,0.0333333333333];1;925.0;0.523434132086;1117;43;0.112;0.8666666666666667;46.042666666666676;32.0;72.69333333333333;11.133333333333333;30.0;15.533333333333333;1.5999999999999999;0.0;2.152;0.0;4.16;0.3813333333333333;2.9893333333333336;3.066666666666667;7.4
11286;zone6;7457.064719570519;3739.055375726369;0.0;zone6;S01010208;18;903;745;565;[0.30137,0.589041,0.109589];[0.48062,0.457364,0.062016];[0.272727,0.613636,0.113636];[0.66055,0.270642,0.068807];[0.233333333333,0.133333333333,0.461111111111,0.172222222222];1;603.0;0.153385979085;1387;45;0.09555555555555556;1.7222222222222223;56.357777777777784;34.333333333333336;81.98;10.833333333333334;30.666666666666668;19.5;1.7355555555555555;0.0;1.808888888888889;0.0;4.866666666666666;0.4200000000000001;1.8733333333333329;8.5;7.888888888888889
11286;zone7;7917.838214725937;1939.334458859395;0.0;zone7;S01010209;24;966;677;468;[0.172414,0.586207,0.241379];[0.333333,0.414966,0.251701];[0.381944,0.458333,0.159722];[0.545852,0.336245,0.117904];[0.337931034483,0.248275862069,0.303448275862,0.110344827586];1;2053.0;1.82052250092;1583;62;0.10166666666666667;1.25;67.54;31.291666666666668;80.69499999999998;10.666666666666666;29.833333333333332;23.041666666666668;0.6966666666666667;0.0;3.736666666666666;0.0;3.3883333333333336;0.3200000000000001;2.3833333333333333;4.916666666666667;7.291666666666667
11286;zone8;7878.406567747077;2721.2634132011362;0.0;zone8;S01010210;18;885;641;416;[0.173913,0.456522,0.369565];[0.21519,0.5,0.28481];[0.189781,0.386861,0.423358];[0.422111,0.442211,0.135678];[0.394736842105,0.236842105263,0.254385964912,0.114035087719];1;344.0;-0.144253829852;1357;63;0.13333333333333333;1.0;53.65777777777778;32.22222222222222;74.56;10.722222222222221;29.11111111111111;18.166666666666668;1.5866666666666664;0.0;3.8844444444444455;0.00666666666666667;2.7888888888888896;0.3288888888888889;2.4844444444444442;3.5555555555555554;7.944444444444445
11286;zone9;7785.599648345685;3201.783800714137;0.0;zone9;S01010211;22;858;634;452;[0.147059,0.705882,0.147059];[0.384615,0.452991,0.162393];[0.469565,0.4,0.130435];[0.722656,0.226563,0.050781];[0.473214285714,0.169642857143,0.285714285714,0.0714285714286];1;430.0;-0.0456985893816;1146;95;0.1618181818181818;0.7727272727272727;48.32909090909091;36.36363636363637;75.23272727272729;11.545454545454545;29.954545454545453;16.454545454545453;2.2454545454545456;0.0;3.598181818181818;0.00363636363636364;3.390909090909091;0.42363636363636364;2.72;3.409090909090909;8.772727272727273
11286;zone10;7580.688680869333;3097.127786881416;0.0;zone10;S01010212;49;1083;779;559;[0.233333,0.633333,0.133333];[0.594771,0.339869,0.065359];[0.465517,0.405172,0.12931];[0.712821,0.269231,0.017949];[0.566037735849,0.138364779874,0.22641509434,0.0691823899371];1;1473.0;1.15298517036;1175;168;0.12979591836734694;1.3265306122448979;53.11183673469389;33.142857142857146;72.37142857142855;9.387755102040817;28.122448979591837;18.142857142857142;2.0873469387755095;0.0;2.8318367346938773;0.0;2.92734693877551;0.38285714285714273;2.0571428571428565;4.571428571428571;7.326530612244898
11286;zone11;8065.177293237223;3111.5884965344962;0.0;zone11;S01010213;13;924;657;476;[0.105263,0.684211,0.210526];[0.382609,0.547826,0.069565];[0.218543,0.556291,0.225166];[0.467925,0.483019,0.049057];[0.451327433628,0.221238938053,0.274336283186,0.0530973451327];1;247.0;-0.255840453357;1098;58;0.16923076923076924;1.6923076923076923;47.19692307692307;31.76923076923077;70.77538461538461;9.846153846153847;28.076923076923077;15.846153846153847;1.156923076923077;0.0;2.3723076923076922;0.01230769230769231;3.427692307692307;0.4553846153846154;2.0892307692307694;5.846153846153846;6.538461538461538
11286;zone12;7144.994858230166;1947.4125453867302;0.0;zone12;S01010214;27;967;717;396;[0.098592,0.28169,0.619718];[0.197531,0.438272,0.364198];[0.173333,0.493333,0.333333];[0.237069,0.487069,0.275862];[0.361344537815,0.210084033613,0.310924369748,0.117647058824];3;176.0;-0.337854473183;1886;107;0.15555555555555556;1.1111111111111112;71.85925925925925;43.851851851851855;85.26222222222222;10.11111111111111;30.0;24.48148148148148;4.648888888888888;0.0;3.7051851851851856;0.0;4.155555555555555;0.40296296296296297;2.1392592592592585;3.888888888888889;12.11111111111111
11286;zone13;7013.590150664996;2618.495528189446;0.0;zone13;S01010215;24;850;608;492;[0.571429,0.285714,0.142857];[0.5,0.431373,0.068627];[0.382609,0.391304,0.226087];[0.678571,0.269841,0.051587];[0.467289719626,0.140186915888,0.345794392523,0.0467289719626];1;547.0;0.0886083430805;630;102;0.15833333333333333;1.2916666666666667;40.62833333333332;31.333333333333332;74.94166666666666;11.875;30.541666666666668;13.666666666666666;1.3533333333333335;0.0;2.4883333333333333;0.0;4.3516666666666675;0.33666666666666667;2.435;6.0;7.583333333333333
11286;zone14;7332.222205807836;2329.961970144465;0.0;zone14;S01010216;15;621;464;361;[0.6,0.4,0.0];[0.597701,0.356322,0.045977];[0.409091,0.439394,0.151515];[0.709544,0.273859,0.016598];[0.5,0.163265306122,0.265306122449,0.0714285714286];1;600.0;0.150092344085;1339;39;0.104;0.8666666666666667;55.789333333333346;26.666666666666668;79.27733333333335;12.6;31.266666666666666;19.133333333333333;0.7333333333333333;0.0;3.504;0.0;2.848;0.4320000000000001;3.3706666666666667;3.6;6.6
11286;zone15;7299.833172322251;2625.8610945736937;0.0;zone15;S01010217;33;817;598;406;[0.16129,0.516129,0.322581];[0.565517,0.4,0.034483];[0.5,0.431373,0.068627];[0.702703,0.283784,0.013514];[0.541935483871,0.0967741935484,0.296774193548,0.0645161290323];1;1060.0;0.679274950851;976;168;0.1903030303030303;0.9393939393939394;46.92727272727272;38.24242424242424;75.70545454545456;11.090909090909092;29.96969696969697;16.0;2.1139393939393942;0.0;3.6157575757575753;0.0;4.214545454545454;0.36727272727272725;2.9551515151515155;3.696969696969697;9.484848484848484
11286;zone16;7142.953643082513;3018.5401822929393;0.0;zone16;S01010218;31;1018;790;587;[0.425532,0.404255,0.170213];[0.392523,0.453271,0.154206];[0.358209,0.492537,0.149254];[0.589124,0.335347,0.075529];[0.424657534247,0.109589041096,0.369863013699,0.0958904109589];1;557.0;0.101026678737;541;86;0.10580645161290322;1.6451612903225807;36.339354838709674;30.967741935483872;71.16645161290322;11.129032258064516;29.612903225806452;12.290322580645162;0.9625806451612902;0.0;1.6709677419354836;0.0;4.349677419354838;0.39612903225806456;2.1019354838709683;6.935483870967742;6.451612903225806
11286;zone17;6738.8937706128745;4298.8917997019325;0.0;zone17;S01010219;21;503;382;274;[0.695652,0.304348,0.0];[0.758621,0.215517,0.025862];[0.761905,0.166667,0.071429];[0.781609,0.195402,0.022989];[0.41935483871,0.0752688172043,0.408602150538,0.0967741935484];2;184.0;-0.327838932938;1654;119;0.21142857142857144;1.4761904761904763;73.32;42.714285714285715;88.11428571428573;10.428571428571429;29.857142857142858;25.095238095238095;6.022857142857144;0.0;5.563809523809524;0.21523809523809523;1.3657142857142857;0.34857142857142864;1.8380952380952384;5.476190476190476;12.666666666666666
11286;zone18;5915.780765415368;4211.222876105162;0.0;zone18;S01010220;7;476;433;279;[0.181159,0.608696,0.210145];[0.404255,0.531915,0.06383];[0.227273,0.704545,0.068182];[0.448276,0.482759,0.068966];[0.154545454545,0.0636363636364,0.318181818182,0.463636363636];5;267.0;-0.232306706325;1172;30;0.16;2.2857142857142856;57.559999999999995;29.857142857142858;71.09142857142857;8.285714285714286;25.571428571428573;19.857142857142858;2.045714285714286;0.0;2.9885714285714284;0.03428571428571429;0.6342857142857142;0.45142857142857146;1.2514285714285713;8.142857142857142;5.285714285714286
11286;zone19;6341.0811208317455;3913.8398648988496;0.0;zone19;S01010221;13;546;394;260;[0.6,0.4,0.0];[0.557377,0.409836,0.032787];[0.538462,0.323077,0.138462];[0.699387,0.257669,0.042945];[0.609375,0.140625,0.203125,0.046875];1;635.0;0.19005459739;1338;39;0.12;0.46153846153846156;59.57230769230769;34.15384615384615;77.8923076923077;11.23076923076923;29.923076923076923;20.153846153846153;5.3538461538461535;0.0;3.944615384615385;0.03076923076923077;0.9753846153846154;0.44615384615384623;2.8923076923076922;1.3846153846153846;9.846153846153847
11286;zone20;7001.213463613622;4053.9957950241624;0.0;zone20;S01010222;15;492;414;285;[0.142857,0.5,0.357143];[0.432432,0.459459,0.108108];[0.348624,0.522936,0.12844];[0.747899,0.235294,0.016807];[0.345238095238,0.214285714286,0.309523809524,0.130952380952];1;377.0;-0.105830277325;1739;45;0.112;1.4666666666666666;67.64533333333333;29.8;78.68;9.933333333333334;28.333333333333332;22.666666666666668;2.8213333333333335;0.0;2.6880000000000006;0.0;2.128;0.2586666666666667;2.296;5.533333333333333;7.133333333333334
11286;zone21;6986.8418912765155;3434.1450308482026;0.0;zone21;S01010223;4;556;462;337;[0.076923,0.538462,0.384615];[0.567797,0.330508,0.101695];[0.472222,0.444444,0.083333];[0.584699,0.36612,0.04918];[0.432432432432,0.162162162162,0.324324324324,0.0810810810811];1;439.0;-0.0353356041414;1539;15;0.14;1.25;66.17;32.5;75.32;9.0;28.5;22.5;4.92;0.0;1.21;0.0;1.8599999999999999;0.28;1.5700000000000003;4.0;7.5
11286;zone22;6247.397837456437;3329.661273309237;0.0;zone22;S01010224;40;1036;727;469;[0.405405,0.540541,0.054054];[0.592593,0.274074,0.133333];[0.418803,0.504274,0.076923];[0.768421,0.202632,0.028947];[0.506097560976,0.140243902439,0.268292682927,0.0853658536585];1;1004.0;0.614259332793;905;120;0.116;1.7;47.88600000000001;25.375;73.006;10.4;28.975;16.45;3.657000000000001;0.0;1.7410000000000003;0.085;1.5080000000000005;0.30400000000000005;2.0490000000000004;6.025;6.6
11286;zone23;7827.985844039554;4105.4701191949;0.0;zone23;S01010225;33;812;636;431;[0.25,0.634615,0.115385];[0.469072,0.43299,0.097938];[0.54023,0.413793,0.045977];[0.672065,0.234818,0.093117];[0.385185185185,0.125925925926,0.325925925926,0.162962962963];1;1006.0;0.616572011517;1720;95;0.10666666666666667;2.0;74.24969696969697;30.303030303030305;83.73454545454547;9.969696969696969;29.636363636363637;25.363636363636363;2.0533333333333337;0.0;1.7987878787878788;0.04363636363636363;3.7587878787878792;0.193939393939394;1.673939393939394;7.484848484848484;7.121212121212121
11286;zone24;7040.363001382077;4481.052780471187;0.0;zone24;S01010226;40;816;565;394;[0.454545,0.242424,0.30303];[0.715385,0.2,0.084615];[0.540541,0.405405,0.054054];[0.766917,0.18797,0.045113];[0.503355704698,0.201342281879,0.221476510067,0.0738255033557];2;422.0;-0.0548014077425;1292;248;0.234;1.275;59.907999999999994;43.75;82.41099999999999;9.8;29.575;20.475;5.400999999999998;0.0;5.494000000000001;0.077;2.123;0.38799999999999996;2.247;5.05;12.6
11286;zone25;6847.772309074456;4638.663588163389;0.0;zone25;S01010227;39;692;454;294;[0.413793,0.413793,0.172414];[0.704545,0.238636,0.056818];[0.654545,0.345455,0.0];[0.810606,0.159091,0.030303];[0.672268907563,0.0924369747899,0.159663865546,0.0756302521008];4;0.0;-0.540229885057;1130;364;0.358974358974359;1.0256410256410255;53.7917948717949;59.17948717948718;82.35897435897434;9.692307692307692;29.46153846153846;18.205128205128204;6.356923076923078;0.0;8.031794871794872;0.05025641025641026;2.44;0.39384615384615373;2.2502564102564104;3.717948717948718;16.333333333333332
11286;zone26;8241.816993110848;4572.457656401622;0.0;zone26;S01010229;30;1016;787;508;[0.1,0.625,0.275];[0.350877,0.350877,0.298246];[0.348315,0.477528,0.174157];[0.565217,0.310559,0.124224];[0.420731707317,0.213414634146,0.292682926829,0.0731707317073];1;395.0;-0.0859445809966;1212;95;0.12266666666666666;1.5;54.24933333333333;25.833333333333332;78.01599999999999;11.433333333333334;30.2;18.533333333333335;1.7093333333333336;0.0;3.3360000000000003;0.03066666666666666;2.2319999999999998;0.37600000000000006;2.4146666666666676;6.066666666666666;6.833333333333333
11286;zone27;7458.320056766788;4680.341251240345;0.0;zone27;S01010230;24;1005;772;577;[0.314286,0.628571,0.057143];[0.703883,0.296117,0.0];[0.727273,0.218182,0.054545];[0.71831,0.24507,0.03662];[0.517857142857,0.136904761905,0.267857142857,0.077380952381];1;846.0;0.433218203459;1033;94;0.14666666666666667;1.625;53.74000000000001;36.083333333333336;78.39333333333335;10.0;29.125;18.333333333333332;2.9116666666666666;0.0;5.233333333333334;0.01166666666666667;1.6400000000000003;0.275;2.2050000000000005;6.916666666666667;9.333333333333334
11286;zone28;7569.802990100143;4917.458811240416;0.0;zone28;S01010232;37;1074;792;485;[0.457143,0.485714,0.057143];[0.557292,0.338542,0.104167];[0.492063,0.333333,0.174603];[0.654229,0.251244,0.094527];[0.470297029703,0.153465346535,0.306930693069,0.0693069306931];1;771.0;0.347049794199;962;140;0.1437837837837838;1.2972972972972974;48.90486486486488;36.5945945945946;77.92864864864865;11.18918918918919;30.43243243243243;16.675675675675677;2.3913513513513514;0.0;3.8054054054054047;0.1102702702702703;3.6551351351351347;0.3664864864864865;2.2572972972972978;5.243243243243243;9.513513513513514
11286;zone29;7830.713068379679;4879.746446724283;0.0;zone29;S01010233;33;970;705;476;[0.275,0.625,0.1];[0.655629,0.245033,0.099338];[0.52809,0.426966,0.044944];[0.771505,0.212366,0.016129];[0.587209302326,0.093023255814,0.261627906977,0.0581395348837];1;284.0;-0.213781821634;1145;108;0.12848484848484848;1.7272727272727273;56.04484848484847;28.96969696969697;78.60242424242425;10.818181818181818;30.151515151515152;19.242424242424242;1.5030303030303032;0.0;2.0557575757575752;0.03878787878787879;3.495757575757575;0.37818181818181806;1.8230303030303037;7.303030303030303;6.696969696969697
11286;zone30;6473.383843181837;4954.519765957263;0.0;zone30;S01010261;6;2551;2373;526;[0.666667,0.270833,0.0625];[0.675841,0.281346,0.042813];[0.75,0.25,0.0];[0.824468,0.164894,0.010638];[0.41,0.06,0.41,0.12];3;176.0;-0.337679921334;1989;22;0.14;0.6666666666666666;88.14666666666666;48.833333333333336;86.99333333333334;9.5;29.0;30.5;3.3266666666666667;0.0;1.58;0.11333333333333333;6.113333333333333;0.19333333333333333;2.6733333333333333;2.3333333333333335;10.666666666666666
11286;zone31;4930.642193689802;4959.449818932565;0.0;zone31;S01010266;3;555;474;237;[0.320755,0.556604,0.122642];[0.677273,0.254545,0.068182];[0.5,0.461538,0.038462];[0.534247,0.30137,0.164384];[0.141176470588,0.0588235294118,0.4,0.4];3;536.0;0.0761386922126;1044;13;0.13333333333333333;2.6666666666666665;56.45333333333334;34.0;78.77333333333333;9.333333333333334;28.333333333333332;19.333333333333332;0.41333333333333333;0.0;3.8666666666666667;1.1866666666666668;2.76;0.10666666666666667;1.5999999999999999;10.666666666666666;8.0
11286;zone32;5712.5549897826;4979.400336637217;0.0;zone32;S01010270;4;1153;972;817;[0.389831,0.533898,0.076271];[0.70255,0.252125,0.045326];[0.714286,0.272727,0.012987];[0.771552,0.228448,0.0];[0.125,0.0909090909091,0.454545454545,0.329545454545];1;871.0;0.461200629557;1633;11;0.1;2.0;77.42;24.75;87.50999999999999;10.5;31.0;26.5;3.08;0.0;2.5;0.38;0.8;0.36000000000000004;2.0500000000000003;8.5;6.25
11286;zone33;3394.0723536088512;4934.677182292946;0.0;zone33;S01010282;13;976;841;645;[0.438776,0.520408,0.040816];[0.545732,0.405488,0.04878];[0.521277,0.382979,0.095745];[0.712707,0.232044,0.055249];[0.190954773869,0.070351758794,0.35175879397,0.386934673367];2;350.0;-0.137812028107;1309;52;0.15384615384615385;1.7692307692307692;63.39076923076922;35.23076923076923;81.63384615384615;9.76923076923077;29.384615384615383;21.53846153846154;1.44;0.0;7.0;1.0123076923076924;0.6799999999999998;0.38461538461538464;2.209230769230769;6.615384615384615;9.615384615384615
11286;zone34;4385.789287498423;4835.237486850067;0.0;zone34;S01010289;15;771;687;380;[0.130952,0.511905,0.357143];[0.262911,0.502347,0.234742];[0.178571,0.464286,0.357143];[0.410256,0.435897,0.153846];[0.058064516129,0.0322580645161,0.245161290323,0.664516129032];5;259.0;-0.241396294863;1370;114;0.29333333333333333;1.8666666666666667;57.458666666666666;53.6;80.472;9.2;29.666666666666668;19.6;1.9866666666666668;0.0;4.28;2.8559999999999994;3.202666666666666;0.264;1.792;5.733333333333333;11.733333333333333
11286;zone35;4401.5375624188455;4669.062022109911;0.0;zone35;S01010290;13;546;485;278;[0.198198,0.603604,0.198198];[0.485944,0.449799,0.064257];[0.555556,0.444444,0.0];[0.435897,0.512821,0.051282];[0.10752688172,0.0430107526882,0.494623655914,0.354838709677];3;353.0;-0.133686757747;906;61;0.17846153846153845;2.3076923076923075;46.93538461538461;38.61538461538461;70.93846153846154;8.538461538461538;27.076923076923077;16.153846153846153;1.089230769230769;0.0;4.138461538461538;1.393846153846154;1.6861538461538463;0.40615384615384625;1.153846153846154;7.3076923076923075;7.846153846153846
11286;zone36;4119.983651650423;4281.100418217042;0.0;zone36;S01010291;12;1075;975;481;[0.405594,0.447552,0.146853];[0.627907,0.277132,0.094961];[0.415094,0.433962,0.150943];[0.562963,0.325926,0.111111];[0.197080291971,0.0729927007299,0.445255474453,0.284671532847];3;438.0;-0.0363924713322;1123;53;0.17666666666666667;1.8333333333333333;53.663333333333334;39.583333333333336;83.78666666666668;11.333333333333334;31.083333333333332;17.916666666666668;1.8066666666666666;0.0;4.806666666666667;2.4166666666666665;1.1633333333333333;0.4266666666666667;2.0233333333333334;9.0;9.75
11286;zone37;4399.731076226201;4291.6703625917;0.0;zone37;S01010292;10;890;831;409;[0.348214,0.508929,0.142857];[0.477169,0.420091,0.10274];[0.339286,0.446429,0.214286];[0.55814,0.383721,0.05814];[0.128378378378,0.0540540540541,0.398648648649,0.418918918919];4;323.0;-0.168488563048;1310;45;0.18;1.6;58.472;46.5;83.15599999999999;10.7;30.0;19.9;3.62;0.0;4.936000000000001;2.08;1.6880000000000002;0.41200000000000003;1.7120000000000002;6.2;11.7
11286;zone38;4514.690807242894;4541.15458266895;0.0;zone38;S01010293;16;839;723;373;[0.51773,0.35461,0.12766];[0.635389,0.262735,0.101877];[0.446809,0.319149,0.234043];[0.514286,0.392857,0.092857];[0.242424242424,0.0606060606061,0.393939393939,0.30303030303];3;290.0;-0.205814991507;1139;89;0.2175;1.9375;56.4425;43.5625;77.99999999999999;9.3125;28.5;19.25;2.2824999999999998;0.0;4.970000000000001;1.265;2.0300000000000002;0.44500000000000006;1.3325;6.8125;10.125
11286;zone39;4541.7482834333705;4418.565122351524;0.0;zone39;S01010294;13;690;631;275;[0.242105,0.526316,0.231579];[0.650873,0.214464,0.134663];[0.583333,0.208333,0.208333];[0.414894,0.489362,0.095745];[0.164835164835,0.043956043956,0.494505494505,0.296703296703];4;440.0;-0.0342259463805;1208;68;0.2;1.7692307692307692;54.03384615384615;42.92307692307692;73.04923076923077;9.0;27.46153846153846;18.46153846153846;2.2553846153846155;0.0;2.753846153846154;1.0923076923076924;2.7323076923076925;0.25538461538461543;1.4215384615384616;5.923076923076923;8.384615384615385
11286;zone40;4766.8646917667475;4574.50133624035;0.0;zone40;S01010295;18;974;870;427;[0.384615,0.391026,0.224359];[0.604555,0.310559,0.084886];[0.428571,0.285714,0.285714];[0.390728,0.516556,0.092715];[0.212765957447,0.113475177305,0.297872340426,0.375886524823];4;529.0;0.0680145754747;1298;115;0.24888888888888888;1.8888888888888888;61.45777777777778;47.94444444444444;84.69777777777779;10.11111111111111;29.77777777777778;20.944444444444443;2.771111111111111;0.0;4.726666666666667;2.1133333333333333;2.92;0.35333333333333344;1.4288888888888887;7.777777777777778;12.055555555555555
11286;zone41;4647.752341766679;4736.091736240359;0.0;zone41;S01010296;16;664;560;291;[0.294118,0.423529,0.282353];[0.520913,0.368821,0.110266];[0.375,0.375,0.25];[0.475524,0.391608,0.132867];[0.282828282828,0.111111111111,0.363636363636,0.242424242424];2;856.0;0.444094443477;1349;64;0.1575;1.3125;62.4825;37.5;79.7325;10.375;29.1875;21.625;2.0399999999999996;0.0;2.9825;1.835;2.1774999999999998;0.4125;2.0575;5.25;8.4375
11286;zone42;5522.849421766708;4411.996091240393;0.0;zone42;S01010297;7;1066;894;676;[0.582609,0.382609,0.034783];[0.691824,0.245283,0.062893];[0.540541,0.333333,0.126126];[0.681275,0.270916,0.047809];[0.260563380282,0.140845070423,0.37323943662,0.225352112676];1;504.0;0.0391758595379;1434;32;0.17714285714285713;2.0;64.80571428571429;32.714285714285715;84.42285714285715;11.285714285714286;31.0;21.857142857142858;3.525714285714286;0.0;1.6171428571428574;0.35428571428571437;3.4285714285714284;0.3485714285714286;1.8628571428571428;7.428571428571429;8.571428571428571
11286;zone43;4706.481893689814;4143.807995855712;0.0;zone43;S01010298;12;880;677;515;[0.308943,0.479675,0.211382];[0.581395,0.356589,0.062016];[0.539683,0.396825,0.063492];[0.744828,0.193103,0.062069];[0.227272727273,0.0984848484848,0.371212121212,0.30303030303];1;486.0;0.0190902878356;1091;46;0.15;0.5;47.583333333333336;32.75;81.63666666666666;13.166666666666666;32.833333333333336;16.333333333333332;5.486666666666667;0.0;4.243333333333334;0.20666666666666667;2.276666666666667;0.5100000000000001;3.236666666666667;1.9166666666666667;11.666666666666666
11286;zone44;4885.424673909578;4209.645754097502;0.0;zone44;S01010299;4;536;404;292;[0.3,0.54,0.16];[0.556701,0.340206,0.103093];[0.458333,0.520833,0.020833];[0.584906,0.283019,0.132075];[0.428571428571,0.0857142857143,0.285714285714,0.2];1;375.0;-0.10827530326;650;18;0.17;3.25;44.31999999999999;30.75;69.63;8.5;26.75;15.0;1.5899999999999999;0.0;1.06;0.69;2.44;0.29000000000000004;1.17;10.5;5.25
11286;zone45;4883.397012115578;4340.414778682246;0.0;zone45;S01010300;21;934;764;478;[0.460784,0.411765,0.127451];[0.664653,0.238671,0.096677];[0.632353,0.323529,0.044118];[0.606383,0.329787,0.06383];[0.3046875,0.125,0.3515625,0.21875];2;513.0;0.0498225801839;665;102;0.18285714285714286;1.4285714285714286;39.83428571428571;40.42857142857143;70.16190476190474;9.904761904761905;28.19047619047619;13.428571428571429;2.4114285714285715;0.0;3.554285714285714;0.300952380952381;3.2990476190476197;0.31619047619047624;2.3714285714285714;4.761904761904762;9.047619047619047
11286;zone46;5144.66081966521;4032.769083704074;0.0;zone46;S01010301;6;522;457;283;[0.292683,0.597561,0.109756];[0.57563,0.315126,0.109244];[0.222222,0.703704,0.074074];[0.561798,0.393258,0.044944];[0.214285714286,0.0612244897959,0.459183673469,0.265306122449];4;490.0;0.0232745011966;1265;28;0.18;1.1666666666666667;53.36666666666667;51.5;83.98666666666666;11.0;31.333333333333332;18.5;5.506666666666668;0.0;1.4866666666666666;0.16666666666666666;6.16;0.39333333333333337;3.2266666666666666;5.0;12.666666666666666
11286;zone47;5165.568789180556;4297.038752619699;0.0;zone47;S01010302;24;669;495;388;[0.65625,0.28125,0.0625];[0.6,0.356522,0.043478];[0.716981,0.226415,0.056604];[0.801802,0.18018,0.018018];[0.582417582418,0.0769230769231,0.263736263736,0.0769230769231];1;392.0;-0.0896499889057;1443;115;0.18333333333333332;1.2916666666666667;57.15166666666667;34.833333333333336;74.20666666666665;9.708333333333334;28.0;19.583333333333332;3.3933333333333326;0.0;1.7933333333333332;0.13166666666666668;2.8733333333333326;0.2666666666666668;2.3816666666666664;4.375;7.666666666666667
11286;zone48;5241.140616766716;4139.402270499609;0.0;zone48;S01010303;33;579;387;250;[0.692308,0.153846,0.153846];[0.56701,0.298969,0.134021];[0.630435,0.282609,0.086957];[0.658879,0.285047,0.056075];[0.58407079646,0.106194690265,0.274336283186,0.0353982300885];1;415.0;-0.0627120940391;1463;154;0.18424242424242424;1.3333333333333333;61.09818181818181;32.515151515151516;80.7430303030303;10.909090909090908;29.96969696969697;20.96969696969697;4.616969696969695;0.0;1.2957575757575759;0.3515151515151515;2.4836363636363643;0.31636363636363635;2.471515151515151;5.545454545454546;8.242424242424242
11286;zone49;4853.647576226233;3833.123065294377;0.0;zone49;S01010304;12;542;456;332;[0.323529,0.514706,0.161765];[0.635135,0.25,0.114865];[0.477273,0.522727,0.0];[0.829268,0.109756,0.060976];[0.372340425532,0.0425531914894,0.297872340426,0.287234042553];1;804.0;0.384523850516;1444;43;0.13666666666666666;1.5833333333333333;62.86333333333334;30.583333333333332;87.04666666666667;12.0;31.666666666666668;21.583333333333332;3.1933333333333334;0.0;1.6133333333333333;0.4833333333333334;3.693333333333334;0.3566666666666667;2.533333333333333;8.0;8.416666666666666
11286;zone50;4697.410406890209;3639.1027396354093;0.0;zone50;S01010305;7;807;694;478;[0.36036,0.468468,0.171171];[0.553191,0.33617,0.110638];[0.409639,0.301205,0.289157];[0.589888,0.337079,0.073034];[0.198529411765,0.0735294117647,0.382352941176,0.345588235294];1;223.0;-0.28282788147;470;36;0.19428571428571428;1.8571428571428572;39.08571428571428;41.857142857142854;85.42285714285713;12.285714285714286;32.714285714285715;13.285714285714286;9.102857142857143;0.0;2.6514285714285712;0.7085714285714285;1.7885714285714285;0.45142857142857146;1.9085714285714286;8.857142857142858;13.714285714285714
11286;zone51;4591.3082521834585;3868.367573740388;0.0;zone51;S01010306;13;752;675;449;[0.35625,0.56875,0.075];[0.570588,0.355882,0.073529];[0.283019,0.566038,0.150943];[0.650943,0.330189,0.018868];[0.165680473373,0.0473372781065,0.479289940828,0.307692307692];2;238.0;-0.265781391166;650;69;0.19384615384615383;1.6153846153846154;49.612307692307695;44.69230769230769;73.19384615384615;8.76923076923077;27.615384615384617;17.0;6.12;0.0;1.7446153846153851;0.8830769230769231;1.3415384615384616;0.24307692307692316;1.7600000000000002;5.846153846153846;9.692307692307692
11286;zone52;4503.72067559025;3742.2957906521283;0.0;zone52;S01010307;9;821;732;428;[0.189922,0.577519,0.232558];[0.407407,0.487654,0.104938];[0.346154,0.538462,0.115385];[0.71875,0.234375,0.046875];[0.0681818181818,0.0568181818182,0.375,0.5];5;319.0;-0.172537833795;409;82;0.36444444444444446;0.5555555555555556;42.18222222222222;72.44444444444444;78.91111111111111;9.222222222222221;29.444444444444443;14.11111111111111;12.795555555555557;0.0;3.1288888888888895;2.4933333333333336;1.408888888888889;0.2755555555555556;2.177777777777778;2.0;19.444444444444443
11286;zone53;4364.519870735056;4047.768725526131;0.0;zone53;S01010308;9;975;858;480;[0.285714,0.54007,0.174216];[0.511936,0.384615,0.103448];[0.254902,0.411765,0.333333];[0.648352,0.307692,0.043956];[0.0970873786408,0.0631067961165,0.359223300971,0.480582524272];4;257.0;-0.244477582955;1114;43;0.18666666666666668;1.3333333333333333;57.24444444444445;45.22222222222222;76.41333333333336;9.333333333333334;27.88888888888889;19.333333333333332;5.746666666666666;0.0;2.724444444444445;1.8622222222222224;1.0577777777777777;0.3155555555555556;1.7333333333333332;4.444444444444445;11.11111111111111
11286;zone54;5381.88771051669;3636.3205112402793;0.0;zone54;S01010309;4;419;356;264;[0.333333,0.25,0.416667];[0.478873,0.422535,0.098592];[0.352941,0.382353,0.264706];[0.705882,0.24183,0.052288];[0.365853658537,0.170731707317,0.390243902439,0.0731707317073];1;0.0;-0.540229885057;2195;6;0.05;1.5;93.66;28.0;81.69;8.5;26.5;31.5;1.59;0.0;2.38;0.39;1.1800000000000002;0.27;1.61;5.5;5.0
11286;zone55;5657.373406240428;3625.6586165034923;0.0;zone55;S01010310;13;706;540;381;[0.333333,0.238095,0.428571];[0.565517,0.337931,0.096552];[0.54902,0.27451,0.176471];[0.715415,0.256917,0.027668];[0.484848484848,0.151515151515,0.318181818182,0.0454545454545];1;574.0;0.120406534162;809;34;0.09538461538461539;1.4615384615384615;49.04615384615386;34.84615384615385;74.31384615384616;10.615384615384615;29.692307692307693;16.76923076923077;2.0092307692307694;0.0;2.083076923076923;2.3846153846153846;1.1938461538461538;0.3046153846153847;2.2369230769230772;4.923076923076923;7.153846153846154
11286;zone56;5685.425126382168;3318.6970593171873;0.0;zone56;S01010311;22;721;556;351;[0.411765,0.352941,0.235294];[0.472222,0.453704,0.074074];[0.571429,0.404762,0.02381];[0.717949,0.271062,0.010989];[0.565217391304,0.121739130435,0.269565217391,0.0434782608696];1;1534.0;1.22364271569;1692;88;0.15454545454545454;1.0;69.21272727272726;34.59090909090909;78.93272727272728;9.727272727272727;28.863636363636363;23.90909090909091;2.1763636363636367;0.0;3.841818181818182;0.3454545454545455;2.090909090909091;0.35818181818181827;2.3836363636363633;3.5454545454545454;7.909090909090909
11286;zone57;5466.52613028024;3072.1402274564575;0.0;zone57;S01010312;34;868;647;425;[0.117647,0.823529,0.058824];[0.754386,0.22807,0.017544];[0.407407,0.444444,0.148148];[0.804945,0.153846,0.041209];[0.586956521739,0.115942028986,0.268115942029,0.0289855072464];1;685.0;0.247477927043;1671;87;0.1;1.7352941176470589;74.70588235294116;30.941176470588236;86.60117647058823;10.264705882352942;29.61764705882353;25.735294117647058;1.6388235294117646;0.0;4.694117647058825;0.04117647058823529;2.494117647058823;0.23529411764705882;2.352941176470588;7.705882352941177;8.352941176470589
11286;zone58;5251.7403530303945;3502.549209042501;0.0;zone58;S01010313;16;654;529;356;[0.428571,0.285714,0.285714];[0.6,0.333333,0.066667];[0.433735,0.481928,0.084337];[0.739623,0.162264,0.098113];[0.648351648352,0.131868131868,0.175824175824,0.043956043956];1;565.0;0.109617915218;2112;40;0.0975;2.0;85.95;32.8125;89.58500000000001;9.8125;29.625;29.625;2.235;0.0;4.505000000000001;0.33749999999999997;2.1025;0.31000000000000005;1.9724999999999997;7.125;8.625
11286;zone59;4840.312157862589;3385.4448126102257;0.0;zone59;S01010314;21;1248;1034;550;[0.358209,0.507463,0.134328];[0.514493,0.333333,0.152174];[0.5,0.326923,0.173077];[0.636,0.324,0.04];[0.316901408451,0.133802816901,0.401408450704,0.147887323944];1;637.0;0.192402372167;856;77;0.14285714285714285;0.9523809523809523;55.05333333333333;37.0;77.64190476190477;10.714285714285714;29.333333333333332;18.61904761904762;6.567619047619047;0.0;2.7999999999999994;0.699047619047619;0.8361904761904762;0.30285714285714294;2.7676190476190468;3.238095238095238;10.428571428571429
11286;zone60;4536.293429266749;2504.1273706154316;0.0;zone60;S01010315;43;911;678;409;[0.180723,0.554217,0.26506];[0.252632,0.457895,0.289474];[0.208333,0.5,0.291667];[0.55144,0.345679,0.102881];[0.308176100629,0.169811320755,0.358490566038,0.163522012579];2;382.0;-0.100954860853;1615;193;0.17302325581395347;1.5116279069767442;68.79906976744184;44.53488372093023;87.113488372093;10.325581395348838;29.976744186046513;23.651162790697676;2.765581395348837;0.0;5.950697674418604;0.04372093023255814;3.8316279069767445;0.3302325581395349;2.0548837209302326;6.395348837209302;12.093023255813954
11286;zone61;4589.6619547948285;2943.195659127726;0.0;zone61;S01010316;25;512;414;304;[0.392157,0.529412,0.078431];[0.62931,0.37069,0.0];[0.439024,0.560976,0.0];[0.775401,0.224599,0.0];[0.439252336449,0.102803738318,0.252336448598,0.205607476636];1;481.0;0.0128180141103;1304;105;0.1632;1.24;59.601600000000005;35.8;80.83680000000001;10.52;30.28;20.32;3.1312;0.0;4.484799999999999;0.15839999999999999;2.3808;0.3792000000000001;2.3968000000000003;5.28;9.64
11286;zone63;4421.5566371748755;3071.026327566895;0.0;zone63;S01010318;12;1588;1497;304;[0.5,0.456522,0.043478];[0.469799,0.47651,0.053691];[0.310345,0.37931,0.310345];[0.678571,0.285714,0.035714];[0.36,0.14,0.34,0.16];3;317.0;-0.175110645645;1143;70;0.22666666666666666;1.3333333333333333;61.64666666666667;43.0;84.59333333333335;11.0;30.333333333333332;21.166666666666668;5.810000000000001;0.0;5.93;0.7266666666666667;0.7000000000000001;0.39333333333333326;1.8;4.916666666666667;12.666666666666666
11286;zone64;4173.240913470097;2893.8040771744095;0.0;zone64;S01010319;9;711;624;407;[0.258741,0.608392,0.132867];[0.383399,0.486166,0.130435];[0.439394,0.212121,0.348485];[0.530769,0.384615,0.084615];[0.171974522293,0.0700636942675,0.471337579618,0.286624203822];2;473.0;0.00423719084943;1417;31;0.13777777777777778;1.8888888888888888;60.16888888888889;33.111111111111114;80.60888888888888;10.555555555555555;30.0;20.333333333333332;3.906666666666667;0.0;3.1599999999999997;0.08888888888888889;2.9022222222222225;0.24444444444444446;2.1333333333333333;5.777777777777778;9.666666666666666
11286;zone65;3940.1918462749595;2900.8899784533987;0.0;zone65;S01010320;4;675;594;437;[0.257813,0.523438,0.21875];[0.61753,0.298805,0.083665];[0.526316,0.22807,0.245614];[0.805085,0.169492,0.025424];[0.172185430464,0.0662251655629,0.443708609272,0.317880794702];1;646.0;0.202453315259;1183;18;0.16;1.75;52.82;40.75;82.37;11.0;30.25;18.25;3.59;0.0;2.66;0.16;3.3;0.29000000000000004;1.8599999999999999;9.0;9.25
11286;zone66;3905.8658739096163;2664.6669636212755;0.0;zone66;S01010321;7;837;634;432;[0.401709,0.555556,0.042735];[0.54717,0.433962,0.018868];[0.45122,0.439024,0.109756];[0.666667,0.271186,0.062147];[0.212328767123,0.0958904109589,0.390410958904,0.301369863014];1;1019.0;0.631764531736;2050;21;0.11428571428571428;1.7142857142857142;78.71428571428571;31.714285714285715;89.30857142857144;10.285714285714286;30.428571428571427;27.285714285714285;3.657142857142857;0.0;3.662857142857143;0.02285714285714286;1.9942857142857144;0.32;2.3485714285714283;7.428571428571429;9.0
11286;zone67;3630.3978644730896;3132.1651121578075;0.0;zone67;S01010322;9;1028;914;549;[0.174419,0.549419,0.276163];[0.412399,0.471698,0.115903];[0.298507,0.38806,0.313433];[0.647059,0.323529,0.029412];[0.057268722467,0.0352422907489,0.449339207048,0.458149779736];5;124.0;-0.397569575369;1547;86;0.3688888888888889;1.3333333333333333;66.52;73.77777777777777;90.00888888888889;8.777777777777779;28.22222222222222;23.0;9.115555555555554;0.0;9.04;1.2577777777777779;2.275555555555555;0.43555555555555553;1.2977777777777777;4.666666666666667;21.11111111111111
11286;zone68;6208.193116766784;3072.425066795916;0.0;zone68;S01010323;4;603;466;377;[0.555556,0.444444,0.0];[0.657143,0.271429,0.071429];[0.642857,0.321429,0.035714];[0.793651,0.166667,0.039683];[0.578431372549,0.166666666667,0.235294117647,0.0196078431373];1;970.0;0.57559463238;1106;16;0.16;1.75;56.019999999999996;33.0;75.53;9.0;27.75;19.5;4.31;0.0;2.72;0.0;1.4500000000000002;0.30000000000000004;2.21;6.5;7.75
11286;zone69;6517.651722029823;2240.572579661372;0.0;zone69;S01010324;6;759;566;403;[0.142857,0.571429,0.285714];[0.298077,0.490385,0.211538];[0.333333,0.530864,0.135802];[0.401674,0.414226,0.1841];[0.569620253165,0.101265822785,0.291139240506,0.0379746835443];1;407.0;-0.0721601679586;1496;20;0.12666666666666668;0.6666666666666666;45.56666666666666;39.0;75.92666666666666;11.5;31.333333333333332;15.666666666666666;1.6000000000000003;0.0;1.2933333333333334;0.0;6.853333333333334;0.6000000000000001;3.453333333333333;2.3333333333333335;9.333333333333334
11286;zone70;6038.016041009105;2402.8415869980217;0.0;zone70;S01010325;18;939;666;501;[0.263158,0.368421,0.368421];[0.383838,0.525253,0.090909];[0.253623,0.615942,0.130435];[0.451362,0.463035,0.085603];[0.545454545455,0.238636363636,0.193181818182,0.0227272727273];1;225.0;-0.281126582053;1680;61;0.12444444444444444;1.6666666666666667;58.49111111111111;34.5;78.94888888888889;10.38888888888889;29.88888888888889;20.055555555555557;2.464444444444444;0.0;1.7466666666666664;0.0;4.942222222222223;0.41555555555555557;1.7866666666666664;5.5;8.61111111111111
11286;zone71;5272.359331052501;2740.775131541117;0.0;zone71;S01010326;39;987;707;494;[0.526316,0.368421,0.105263];[0.522523,0.333333,0.144144];[0.492188,0.3125,0.195313];[0.723514,0.224806,0.05168];[0.54375,0.16875,0.23125,0.05625];1;1389.0;1.05701743376;1028;122;0.12102564102564102;1.1794871794871795;54.56102564102563;32.87179487179487;78.36;10.897435897435898;29.82051282051282;18.615384615384617;1.9241025641025646;0.0;6.195897435897436;0.0;1.755897435897436;0.4225641025641025;2.2769230769230764;4.794871794871795;9.384615384615385
11286;zone72;4970.167032608406;2501.795090448298;0.0;zone72;S01010327;34;982;660;362;[0.031746,0.507937,0.460317];[0.372881,0.432203,0.194915];[0.289063,0.328125,0.382813];[0.516892,0.347973,0.135135];[0.416184971098,0.21387283237,0.236994219653,0.132947976879];1;470.0;0.000335688704598;924;128;0.14588235294117646;1.3529411764705883;52.681176470588234;36.35294117647059;76.46;9.676470588235293;29.08823529411765;17.88235294117647;2.0388235294117645;0.0;6.1776470588235295;0.05764705882352942;1.702352941176471;0.2964705882352941;2.2317647058823527;5.382352941176471;9.558823529411764
11286;zone73;5975.307390960257;2677.5485166167286;0.0;zone73;S01010328;24;969;706;445;[0.16129,0.5,0.33871];[0.27044,0.471698,0.257862];[0.192547,0.434783,0.372671];[0.338983,0.432203,0.228814];[0.309352517986,0.258992805755,0.280575539568,0.151079136691];2;457.0;-0.0138550124678;1955;104;0.16666666666666666;1.0416666666666667;68.02999999999999;45.208333333333336;85.88833333333332;11.041666666666666;30.541666666666668;23.416666666666668;2.8816666666666673;0.0;2.8633333333333333;0.0;6.044999999999999;0.3883333333333335;2.378333333333334;4.416666666666667;11.416666666666666
