cycle;name;location.x;location.y;location.z;name;dataZone;nm_children;pop;over16;nm_hh;AB_car_prob;C1_car_prob;C2_car_prob;DE_car_prob;prob_social;simd;crimeRate;norm_crime;avg_dis_sh;neigh_play;daily_play_per_child;avg_FSA;avg_walk;daily_OD;zone_mvpa;mvpa_home;mvpa_sc;mvpa_road;mvpa_play_field;mvpa_home_garden;mvpa_park;mvpa_PG;mvpa_amenity;mvpa_shops;mvpa_F_home;mvpa_fsa;mvpa_OD
11286;zone0;8448.90275962388;2625.4515469546564;0.0;zone0;S01010195;19;531;390;212;[0.0,0.481481,0.518519];[0.261538,0.646154,0.092308];[0.12,0.59,0.29];[0.447368,0.368421,0.184211];[0.418918918919,0.283783783784,0.202702702703,0.0945945945946];1;0.0;-0.540229885057;972;58;0.10947368421052632;1.368421052631579;47.6378947368421;29.263157894736842;75.4021052631579;11.421052631578947;30.210526315789473;16.0;1.7052631578947368;0.0;4.202105263157895;0.04;2.547368421052632;0.35157894736842116;2.3515789473684205;5.157894736842105;8.052631578947368
11286;zone1;8656.736904000718;2165.9902346445633;0.0;zone1;S01010198;18;1027;748;394;[0.058824,0.529412,0.411765];[0.305785,0.561983,0.132231];[0.219858,0.496454,0.283688];[0.523179,0.331126,0.145695];[0.48623853211,0.229357798165,0.266055045872,0.0183486238532];1;1609.0;1.3102524676;1204;44;0.09333333333333334;1.0555555555555556;51.682222222222215;31.166666666666668;72.2711111111111;10.055555555555555;28.944444444444443;17.666666666666668;1.688888888888889;0.0;2.1466666666666665;0.12888888888888891;3.066666666666667;0.4444444444444444;3.0111111111111115;3.2777777777777777;6.666666666666667
11286;zone2;8537.588755655543;3024.028900129281;0.0;zone2;S01010201;22;643;453;253;[0.0,0.47619,0.52381];[0.270833,0.3125,0.416667];[0.088,0.48,0.432];[0.296552,0.434483,0.268966];[0.365853658537,0.292682926829,0.292682926829,0.0487804878049];2;219.0;-0.28762447053;970;94;0.16;1.7727272727272727;45.07818181818182;42.54545454545455;75.7272727272727;10.5;29.363636363636363;15.227272727272727;1.6999999999999995;0.0;3.8072727272727276;0.01818181818181818;4.914545454545453;0.4290909090909091;1.750909090909091;6.2727272727272725;9.909090909090908
11286;zone3;8059.42097232239;3767.666522351409;0.0;zone3;S01010203;30;671;504;260;[0.090909,0.363636,0.545455];[0.263804,0.460123,0.276074];[0.094828,0.422414,0.482759];[0.183824,0.375,0.441176];[0.272727272727,0.218181818182,0.363636363636,0.145454545455];3;215.0;-0.292668818285;1971;122;0.15866666666666668;1.1666666666666667;80.37066666666668;40.86666666666667;90.96133333333333;11.0;31.3;27.566666666666666;2.4880000000000004;0.0;3.7239999999999993;0.0;5.445333333333332;0.38266666666666677;2.6719999999999993;4.7;11.166666666666666
11286;zone4;8368.288440296214;3565.498290652094;0.0;zone4;S01010204;30;800;589;381;[0.272727,0.727273,0.0];[0.627451,0.27451,0.098039];[0.444444,0.533333,0.022222];[0.600619,0.321981,0.077399];[0.595041322314,0.157024793388,0.239669421488,0.00826446280992];1;497.0;0.0317745673598;1260;85;0.11066666666666666;1.3666666666666667;52.22266666666667;30.233333333333334;78.28533333333331;11.933333333333334;30.333333333333332;17.766666666666666;1.1159999999999999;0.0;2.9186666666666667;0.096;3.8373333333333335;0.5026666666666666;2.5586666666666664;5.4;7.433333333333334
11286;zone5;8034.229745798958;3515.110462853287;0.0;zone5;S01010205;15;658;534;355;[0.411765,0.117647,0.470588];[0.465116,0.457364,0.077519];[0.317757,0.588785,0.093458];[0.593458,0.280374,0.126168];[0.466666666667,0.2,0.3,0.0333333333333];1;925.0;0.523434132086;1249;53;0.13333333333333333;1.4;54.04533333333333;34.266666666666666;76.01866666666666;10.133333333333333;28.8;18.533333333333335;2.605333333333333;0.0;2.3013333333333335;0.0;3.608;0.3306666666666668;2.514666666666666;5.4;8.133333333333333
11286;zone6;7457.064719570519;3739.055375726369;0.0;zone6;S01010208;18;903;745;565;[0.30137,0.589041,0.109589];[0.48062,0.457364,0.062016];[0.272727,0.613636,0.113636];[0.66055,0.270642,0.068807];[0.233333333333,0.133333333333,0.461111111111,0.172222222222];1;603.0;0.153385979085;1368;44;0.09111111111111111;1.2777777777777777;58.820000000000014;28.166666666666668;70.42222222222222;8.555555555555555;27.166666666666668;20.0;1.6244444444444446;0.0;2.2466666666666666;0.0;2.8133333333333335;0.25777777777777783;2.673333333333334;3.3333333333333335;6.166666666666667
11286;zone7;7917.838214725937;1939.334458859395;0.0;zone7;S01010209;24;966;677;468;[0.172414,0.586207,0.241379];[0.333333,0.414966,0.251701];[0.381944,0.458333,0.159722];[0.545852,0.336245,0.117904];[0.337931034483,0.248275862069,0.303448275862,0.110344827586];1;2053.0;1.82052250092;1750;61;0.09833333333333333;1.1666666666666667;71.63333333333334;33.875;83.20666666666666;10.75;30.083333333333332;24.666666666666668;1.0916666666666666;0.0;3.186666666666666;0.0;4.281666666666667;0.3333333333333333;2.485;4.791666666666667;8.041666666666666
11286;zone8;7878.406567747077;2721.2634132011362;0.0;zone8;S01010210;18;885;641;416;[0.173913,0.456522,0.369565];[0.21519,0.5,0.28481];[0.189781,0.386861,0.423358];[0.422111,0.442211,0.135678];[0.394736842105,0.236842105263,0.254385964912,0.114035087719];1;344.0;-0.144253829852;1221;45;0.09777777777777778;1.8333333333333333;49.66;26.77777777777778;72.07333333333332;10.277777777777779;28.38888888888889;17.11111111111111;0.8333333333333334;0.0;2.9022222222222225;0.0;2.695555555555556;0.3755555555555556;1.8666666666666663;6.055555555555555;5.888888888888889
11286;zone9;7785.599648345685;3201.783800714137;0.0;zone9;S01010211;22;858;634;452;[0.147059,0.705882,0.147059];[0.384615,0.452991,0.162393];[0.469565,0.4,0.130435];[0.722656,0.226563,0.050781];[0.473214285714,0.169642857143,0.285714285714,0.0714285714286];1;430.0;-0.0456985893816;1130;92;0.1618181818181818;1.1363636363636365;51.358181818181826;35.5;78.38909090909091;11.318181818181818;29.681818181818183;17.681818181818183;3.336363636363636;0.0;4.219999999999999;0.0;2.4727272727272727;0.42;2.5672727272727274;5.090909090909091;9.545454545454545
11286;zone10;7580.688680869333;3097.127786881416;0.0;zone10;S01010212;49;1083;779;559;[0.233333,0.633333,0.133333];[0.594771,0.339869,0.065359];[0.465517,0.405172,0.12931];[0.712821,0.269231,0.017949];[0.566037735849,0.138364779874,0.22641509434,0.0691823899371];1;1473.0;1.15298517036;1136;190;0.15183673469387754;1.183673469387755;52.526530612244905;35.04081632653061;74.46938775510203;10.020408163265307;28.897959183673468;17.93877551020408;2.535510204081633;0.0;3.576326530612244;0.0;3.052244897959183;0.33387755102040817;2.4024489795918367;4.020408163265306;8.693877551020408
11286;zone11;8065.177293237223;3111.5884965344962;0.0;zone11;S01010213;13;924;657;476;[0.105263,0.684211,0.210526];[0.382609,0.547826,0.069565];[0.218543,0.556291,0.225166];[0.467925,0.483019,0.049057];[0.451327433628,0.221238938053,0.274336283186,0.0530973451327];1;247.0;-0.255840453357;953;49;0.14461538461538462;1.4615384615384615;41.83384615384615;27.692307692307693;70.64307692307692;10.846153846153847;28.923076923076923;14.307692307692308;1.089230769230769;0.0;3.910769230769231;0.0;2.3476923076923075;0.4615384615384616;2.3015384615384615;4.846153846153846;6.846153846153846
11286;zone12;7144.994858230166;1947.4125453867302;0.0;zone12;S01010214;27;967;717;396;[0.098592,0.28169,0.619718];[0.197531,0.438272,0.364198];[0.173333,0.493333,0.333333];[0.237069,0.487069,0.275862];[0.361344537815,0.210084033613,0.310924369748,0.117647058824];3;176.0;-0.337854473183;2005;84;0.11703703703703704;1.7037037037037037;80.19111111111111;37.51851851851852;88.65185185185183;9.777777777777779;29.814814814814813;27.74074074074074;2.995555555555555;0.0;3.4444444444444446;0.0;3.7881481481481494;0.22666666666666674;2.0488888888888885;6.925925925925926;9.703703703703704
11286;zone13;7013.590150664996;2618.495528189446;0.0;zone13;S01010215;24;850;608;492;[0.571429,0.285714,0.142857];[0.5,0.431373,0.068627];[0.382609,0.391304,0.226087];[0.678571,0.269841,0.051587];[0.467289719626,0.140186915888,0.345794392523,0.0467289719626];1;547.0;0.0886083430805;816;87;0.13833333333333334;1.625;48.12;30.75;75.86;10.875;29.541666666666668;16.583333333333332;1.1683333333333332;0.0;2.188333333333333;0.0;4.1850000000000005;0.4216666666666667;2.351666666666667;6.833333333333333;7.125
11286;zone14;7332.222205807836;2329.961970144465;0.0;zone14;S01010216;15;621;464;361;[0.6,0.4,0.0];[0.597701,0.356322,0.045977];[0.409091,0.439394,0.151515];[0.709544,0.273859,0.016598];[0.5,0.163265306122,0.265306122449,0.0714285714286];1;600.0;0.150092344085;1333;38;0.096;1.2;58.442666666666675;27.933333333333334;78.32000000000001;11.266666666666667;30.0;19.666666666666668;1.2399999999999998;0.0;2.610666666666667;0.0;3.245333333333333;0.33866666666666667;3.064;5.266666666666667;6.533333333333333
11286;zone15;7299.833172322251;2625.8610945736937;0.0;zone15;S01010217;33;817;598;406;[0.16129,0.516129,0.322581];[0.565517,0.4,0.034483];[0.5,0.431373,0.068627];[0.702703,0.283784,0.013514];[0.541935483871,0.0967741935484,0.296774193548,0.0645161290323];1;1060.0;0.679274950851;1025;131;0.1503030303030303;1.1818181818181819;49.60969696969697;33.81818181818182;79.53818181818181;11.727272727272727;31.09090909090909;17.0;2.608484848484849;0.0;2.8703030303030297;0.0;4.046060606060607;0.4812121212121213;2.4981818181818185;5.575757575757576;9.090909090909092
11286;zone16;7142.953643082513;3018.5401822929393;0.0;zone16;S01010218;31;1018;790;587;[0.425532,0.404255,0.170213];[0.392523,0.453271,0.154206];[0.358209,0.492537,0.149254];[0.589124,0.335347,0.075529];[0.424657534247,0.109589041096,0.369863013699,0.0958904109589];1;557.0;0.101026678737;521;110;0.1329032258064516;1.064516129032258;34.947096774193554;35.064516129032256;68.26322580645159;10.64516129032258;28.870967741935484;11.935483870967742;2.0012903225806458;0.0;1.9638709677419357;0.0;4.08258064516129;0.45161290322580644;2.415483870967742;4.064516129032258;7.580645161290323
11286;zone17;6738.8937706128745;4298.8917997019325;0.0;zone17;S01010219;21;503;382;274;[0.695652,0.304348,0.0];[0.758621,0.215517,0.025862];[0.761905,0.166667,0.071429];[0.781609,0.195402,0.022989];[0.41935483871,0.0752688172043,0.408602150538,0.0967741935484];2;184.0;-0.327838932938;1628;79;0.14666666666666667;1.8095238095238095;78.37904761904763;36.857142857142854;94.57714285714285;10.666666666666666;32.38095238095238;27.095238095238095;4.358095238095238;0.0;5.83809523809524;0.0;2.3600000000000003;0.2742857142857143;1.9409523809523808;7.857142857142857;12.0
11286;zone18;5915.780765415368;4211.222876105162;0.0;zone18;S01010220;7;476;433;279;[0.181159,0.608696,0.210145];[0.404255,0.531915,0.06383];[0.227273,0.704545,0.068182];[0.448276,0.482759,0.068966];[0.154545454545,0.0636363636364,0.318181818182,0.463636363636];5;267.0;-0.232306706325;1798;32;0.1657142857142857;2.7142857142857144;71.81714285714285;43.285714285714285;94.65714285714284;10.571428571428571;30.571428571428573;25.428571428571427;5.222857142857143;0.0;4.748571428571429;0.03428571428571429;2.5885714285714285;0.21142857142857144;0.76;12.714285714285714;12.142857142857142
11286;zone19;6341.0811208317455;3913.8398648988496;0.0;zone19;S01010221;13;546;394;260;[0.6,0.4,0.0];[0.557377,0.409836,0.032787];[0.538462,0.323077,0.138462];[0.699387,0.257669,0.042945];[0.609375,0.140625,0.203125,0.046875];1;635.0;0.19005459739;1574;30;0.08615384615384615;1.5384615384615385;71.99076923076925;31.53846153846154;81.48923076923076;9.615384615384615;28.692307692307693;24.53846153846154;4.243076923076923;0.0;3.4984615384615383;0.0;0.7476923076923078;0.1876923076923077;2.338461538461538;5.769230769230769;8.0
11286;zone20;7001.213463613622;4053.9957950241624;0.0;zone20;S01010222;15;492;414;285;[0.142857,0.5,0.357143];[0.432432,0.459459,0.108108];[0.348624,0.522936,0.12844];[0.747899,0.235294,0.016807];[0.345238095238,0.214285714286,0.309523809524,0.130952380952];1;377.0;-0.105830277325;1768;52;0.13866666666666666;1.8;63.33066666666668;28.866666666666667;78.92266666666666;9.6;29.4;21.733333333333334;1.8159999999999996;0.0;1.9386666666666668;0.0;2.7866666666666666;0.37866666666666676;2.0986666666666665;7.333333333333333;5.933333333333334
11286;zone21;6986.8418912765155;3434.1450308482026;0.0;zone21;S01010223;4;556;462;337;[0.076923,0.538462,0.384615];[0.567797,0.330508,0.101695];[0.472222,0.444444,0.083333];[0.584699,0.36612,0.04918];[0.432432432432,0.162162162162,0.324324324324,0.0810810810811];1;439.0;-0.0353356041414;2009;8;0.08;2.5;87.95000000000002;25.25;90.25;10.5;29.25;30.5;3.1799999999999997;0.0;1.6600000000000001;0.0;1.68;0.2;1.9200000000000002;9.75;6.0
11286;zone22;6247.397837456437;3329.661273309237;0.0;zone22;S01010224;40;1036;727;469;[0.405405,0.540541,0.054054];[0.592593,0.274074,0.133333];[0.418803,0.504274,0.076923];[0.768421,0.202632,0.028947];[0.506097560976,0.140243902439,0.268292682927,0.0853658536585];1;1004.0;0.614259332793;890;148;0.142;1.225;47.147;27.4;74.875;11.325;29.725;16.1;4.263000000000001;0.0;2.1379999999999995;0.04;1.4749999999999999;0.38099999999999995;2.5839999999999996;5.325;7.475
11286;zone23;7827.985844039554;4105.4701191949;0.0;zone23;S01010225;33;812;636;431;[0.25,0.634615,0.115385];[0.469072,0.43299,0.097938];[0.54023,0.413793,0.045977];[0.672065,0.234818,0.093117];[0.385185185185,0.125925925926,0.325925925926,0.162962962963];1;1006.0;0.616572011517;1683;80;0.09575757575757576;1.5151515151515151;69.4569696969697;30.90909090909091;82.08484848484848;10.242424242424242;29.87878787878788;23.78787878787879;2.161212121212121;0.0;2.8884848484848478;0.0;2.9333333333333336;0.35393939393939394;1.991515151515152;6.0606060606060606;7.454545454545454
11286;zone24;7040.363001382077;4481.052780471187;0.0;zone24;S01010226;40;816;565;394;[0.454545,0.242424,0.30303];[0.715385,0.2,0.084615];[0.540541,0.405405,0.054054];[0.766917,0.18797,0.045113];[0.503355704698,0.201342281879,0.221476510067,0.0738255033557];2;422.0;-0.0548014077425;1200;224;0.212;1.025;55.879000000000005;45.4;82.643;10.225;30.375;19.15;5.568999999999998;0.0;5.849000000000001;0.016;2.2369999999999997;0.35000000000000003;2.555;4.675;13.225
11286;zone25;6847.772309074456;4638.663588163389;0.0;zone25;S01010227;39;692;454;294;[0.413793,0.413793,0.172414];[0.704545,0.238636,0.056818];[0.654545,0.345455,0.0];[0.810606,0.159091,0.030303];[0.672268907563,0.0924369747899,0.159663865546,0.0756302521008];4;0.0;-0.540229885057;1203;343;0.3323076923076923;1.4615384615384615;59.890256410256406;59.743589743589745;87.17025641025641;9.41025641025641;29.71794871794872;20.333333333333332;4.304615384615384;0.0;11.285128205128204;0.01128205128205128;2.6266666666666665;0.26051282051282054;2.1507692307692308;5.282051282051282;17.82051282051282
11286;zone26;8241.816993110848;4572.457656401622;0.0;zone26;S01010229;30;1016;787;508;[0.1,0.625,0.275];[0.350877,0.350877,0.298246];[0.348315,0.477528,0.174157];[0.565217,0.310559,0.124224];[0.420731707317,0.213414634146,0.292682926829,0.0731707317073];1;395.0;-0.0859445809966;1360;78;0.092;1.3333333333333333;57.566666666666656;27.7;80.27866666666668;11.566666666666666;30.666666666666668;19.866666666666667;2.5386666666666664;0.0;2.825333333333334;0.0;2.7879999999999994;0.35066666666666657;2.694666666666667;5.433333333333334;7.666666666666667
11286;zone27;7458.320056766788;4680.341251240345;0.0;zone27;S01010230;24;1005;772;577;[0.314286,0.628571,0.057143];[0.703883,0.296117,0.0];[0.727273,0.218182,0.054545];[0.71831,0.24507,0.03662];[0.517857142857,0.136904761905,0.267857142857,0.077380952381];1;846.0;0.433218203459;980;93;0.14833333333333334;1.5833333333333333;51.69833333333333;35.458333333333336;78.81666666666668;10.25;29.916666666666668;17.625;3.106666666666667;0.0;4.101666666666667;0.005;2.98;0.255;2.2516666666666674;6.75;9.625
11286;zone28;7569.802990100143;4917.458811240416;0.0;zone28;S01010232;37;1074;792;485;[0.457143,0.485714,0.057143];[0.557292,0.338542,0.104167];[0.492063,0.333333,0.174603];[0.654229,0.251244,0.094527];[0.470297029703,0.153465346535,0.306930693069,0.0693069306931];1;771.0;0.347049794199;912;167;0.17405405405405405;0.9459459459459459;43.827027027027036;38.62162162162162;76.21189189189188;11.324324324324325;30.45945945945946;14.891891891891891;3.006486486486487;0.0;4.327567567567567;0.06702702702702704;3.487567567567568;0.2616216216216216;2.886486486486487;3.72972972972973;10.378378378378379
11286;zone29;7830.713068379679;4879.746446724283;0.0;zone29;S01010233;33;970;705;476;[0.275,0.625,0.1];[0.655629,0.245033,0.099338];[0.52809,0.426966,0.044944];[0.771505,0.212366,0.016129];[0.587209302326,0.093023255814,0.261627906977,0.0581395348837];1;284.0;-0.213781821634;1162;108;0.12242424242424242;1.303030303030303;56.43272727272728;31.96969696969697;76.23757575757575;10.636363636363637;29.151515151515152;19.393939393939394;1.6339393939393936;0.0;2.7139393939393934;0.04727272727272727;3.413333333333334;0.43636363636363634;2.1357575757575753;4.818181818181818;7.242424242424242
11286;zone30;6473.383843181837;4954.519765957263;0.0;zone30;S01010261;6;2551;2373;526;[0.666667,0.270833,0.0625];[0.675841,0.281346,0.042813];[0.75,0.25,0.0];[0.824468,0.164894,0.010638];[0.41,0.06,0.41,0.12];3;176.0;-0.337679921334;1683;19;0.12;1.6666666666666667;77.76666666666667;44.0;89.0;10.166666666666666;30.166666666666668;27.0;4.36;0.0;2.3866666666666663;0.2066666666666667;4.24;0.48666666666666664;1.4799999999999998;6.5;10.666666666666666
11286;zone31;4930.642193689802;4959.449818932565;0.0;zone31;S01010266;3;555;474;237;[0.320755,0.556604,0.122642];[0.677273,0.254545,0.068182];[0.5,0.461538,0.038462];[0.534247,0.30137,0.164384];[0.141176470588,0.0588235294118,0.4,0.4];3;536.0;0.0761386922126;1061;5;0.06666666666666667;2.3333333333333335;53.6;22.333333333333332;68.89333333333333;9.666666666666666;26.666666666666668;17.666666666666668;0.14666666666666667;0.0;1.4266666666666667;0.39999999999999997;2.026666666666667;0.5733333333333334;1.3066666666666666;7.333333333333333;3.6666666666666665
11286;zone32;5712.5549897826;4979.400336637217;0.0;zone32;S01010270;4;1153;972;817;[0.389831,0.533898,0.076271];[0.70255,0.252125,0.045326];[0.714286,0.272727,0.012987];[0.771552,0.228448,0.0];[0.125,0.0909090909091,0.454545454545,0.329545454545];1;871.0;0.461200629557;1535;7;0.05;2.25;75.49000000000001;34.0;95.94999999999999;11.25;32.5;26.25;6.3;0.0;2.12;0.52;1.53;0.22999999999999998;1.59;12.25;10.0
11286;zone33;3394.0723536088512;4934.677182292946;0.0;zone33;S01010282;13;976;841;645;[0.438776,0.520408,0.040816];[0.545732,0.405488,0.04878];[0.521277,0.382979,0.095745];[0.712707,0.232044,0.055249];[0.190954773869,0.070351758794,0.35175879397,0.386934673367];2;350.0;-0.137812028107;1324;47;0.13846153846153847;1.1538461538461537;63.21846153846153;40.07692307692308;89.5323076923077;12.307692307692308;32.07692307692308;21.53846153846154;2.8984615384615386;0.0;8.264615384615384;0.5630769230769231;1.9046153846153844;0.4338461538461539;2.418461538461538;5.3076923076923075;13.153846153846153
11286;zone34;4385.789287498423;4835.237486850067;0.0;zone34;S01010289;15;771;687;380;[0.130952,0.511905,0.357143];[0.262911,0.502347,0.234742];[0.178571,0.464286,0.357143];[0.410256,0.435897,0.153846];[0.058064516129,0.0322580645161,0.245161290323,0.664516129032];5;259.0;-0.241396294863;1286;125;0.32266666666666666;1.4;57.303999999999995;59.266666666666666;85.936;10.333333333333334;30.666666666666668;19.933333333333334;2.7279999999999998;0.0;6.8613333333333335;1.4746666666666668;4.357333333333334;0.2906666666666667;1.4426666666666668;6.333333333333333;14.8
11286;zone35;4401.5375624188455;4669.062022109911;0.0;zone35;S01010290;13;546;485;278;[0.198198,0.603604,0.198198];[0.485944,0.449799,0.064257];[0.555556,0.444444,0.0];[0.435897,0.512821,0.051282];[0.10752688172,0.0430107526882,0.494623655914,0.354838709677];3;353.0;-0.133686757747;753;74;0.2153846153846154;2.6153846153846154;48.79076923076923;40.61538461538461;80.24615384615383;10.153846153846153;29.53846153846154;16.46153846153846;1.7969230769230768;0.0;5.886153846153847;0.5630769230769231;2.5846153846153848;0.3169230769230769;1.3938461538461542;9.846153846153847;10.384615384615385
11286;zone36;4119.983651650423;4281.100418217042;0.0;zone36;S01010291;12;1075;975;481;[0.405594,0.447552,0.146853];[0.627907,0.277132,0.094961];[0.415094,0.433962,0.150943];[0.562963,0.325926,0.111111];[0.197080291971,0.0729927007299,0.445255474453,0.284671532847];3;438.0;-0.0363924713322;1075;45;0.14666666666666667;2.4166666666666665;56.62000000000001;37.75;85.64333333333333;10.833333333333334;29.75;19.416666666666668;2.39;0.0;7.463333333333332;0.6766666666666667;1.4100000000000001;0.2866666666666667;1.5033333333333336;10.0;11.333333333333334
11286;zone37;4399.731076226201;4291.6703625917;0.0;zone37;S01010292;10;890;831;409;[0.348214,0.508929,0.142857];[0.477169,0.420091,0.10274];[0.339286,0.446429,0.214286];[0.55814,0.383721,0.05814];[0.128378378378,0.0540540540541,0.398648648649,0.418918918919];4;323.0;-0.168488563048;1092;42;0.156;1.7;53.75999999999999;49.1;75.864;9.1;27.2;18.6;3.5799999999999996;0.0;6.256;0.6559999999999999;1.456;0.252;1.2840000000000003;5.7;11.4
11286;zone38;4514.690807242894;4541.15458266895;0.0;zone38;S01010293;16;839;723;373;[0.51773,0.35461,0.12766];[0.635389,0.262735,0.101877];[0.446809,0.319149,0.234043];[0.514286,0.392857,0.092857];[0.242424242424,0.0606060606061,0.393939393939,0.30303030303];3;290.0;-0.205814991507;1255;107;0.255;1.625;61.72249999999999;49.0625;79.2225;8.75;28.375;21.0;3.8449999999999998;0.0;5.115;0.34500000000000003;2.945;0.23000000000000004;1.7274999999999998;5.3125;11.8125
11286;zone39;4541.7482834333705;4418.565122351524;0.0;zone39;S01010294;13;690;631;275;[0.242105,0.526316,0.231579];[0.650873,0.214464,0.134663];[0.583333,0.208333,0.208333];[0.414894,0.489362,0.095745];[0.164835164835,0.043956043956,0.494505494505,0.296703296703];4;440.0;-0.0342259463805;1045;83;0.24307692307692308;1.3076923076923077;55.15384615384615;56.84615384615385;87.5723076923077;11.153846153846153;31.384615384615383;18.846153846153847;5.489230769230768;0.0;5.544615384615384;0.9384615384615385;4.52;0.3076923076923077;1.8246153846153845;5.846153846153846;16.0
11286;zone40;4766.8646917667475;4574.50133624035;0.0;zone40;S01010295;18;974;870;427;[0.384615,0.391026,0.224359];[0.604555,0.310559,0.084886];[0.428571,0.285714,0.285714];[0.390728,0.516556,0.092715];[0.212765957447,0.113475177305,0.297872340426,0.375886524823];4;529.0;0.0680145754747;1157;101;0.2111111111111111;1.5555555555555556;55.95777777777778;48.22222222222222;90.04;11.166666666666666;32.27777777777778;19.27777777777778;3.48;0.0;6.635555555555555;1.0488888888888888;3.586666666666667;0.52;2.111111111111111;8.277777777777779;14.277777777777779
11286;zone41;4647.752341766679;4736.091736240359;0.0;zone41;S01010296;16;664;560;291;[0.294118,0.423529,0.282353];[0.520913,0.368821,0.110266];[0.375,0.375,0.25];[0.475524,0.391608,0.132867];[0.282828282828,0.111111111111,0.363636363636,0.242424242424];2;856.0;0.444094443477;1263;91;0.215;1.25;55.392500000000005;49.625;80.49749999999999;10.625;29.875;18.5;2.7325;0.0;5.092500000000001;1.3525;3.5850000000000004;0.38500000000000006;1.7875;4.8125;12.1875
11286;zone42;5522.849421766708;4411.996091240393;0.0;zone42;S01010297;7;1066;894;676;[0.582609,0.382609,0.034783];[0.691824,0.245283,0.062893];[0.540541,0.333333,0.126126];[0.681275,0.270916,0.047809];[0.260563380282,0.140845070423,0.37323943662,0.225352112676];1;504.0;0.0391758595379;1566;21;0.10285714285714286;1.8571428571428572;61.07999999999999;29.428571428571427;80.96000000000001;11.285714285714286;29.857142857142858;20.857142857142858;3.382857142857142;0.0;0.72;0.25142857142857145;2.4457142857142857;0.21714285714285714;2.1257142857142854;7.571428571428571;6.142857142857143
11286;zone43;4706.481893689814;4143.807995855712;0.0;zone43;S01010298;12;880;677;515;[0.308943,0.479675,0.211382];[0.581395,0.356589,0.062016];[0.539683,0.396825,0.063492];[0.744828,0.193103,0.062069];[0.227272727273,0.0984848484848,0.371212121212,0.30303030303];1;486.0;0.0190902878356;980;40;0.12666666666666668;1.5833333333333333;52.800000000000004;28.083333333333332;85.28;13.5;32.333333333333336;18.25;3.4033333333333338;0.0;3.0766666666666667;0.4366666666666667;1.9366666666666668;0.5466666666666667;2.06;8.0;8.5
11286;zone44;4885.424673909578;4209.645754097502;0.0;zone44;S01010299;4;536;404;292;[0.3,0.54,0.16];[0.556701,0.340206,0.103093];[0.458333,0.520833,0.020833];[0.584906,0.283019,0.132075];[0.428571428571,0.0857142857143,0.285714285714,0.2];1;375.0;-0.10827530326;691;20;0.2;1.0;39.57;38.25;67.6;10.25;29.0;13.25;4.32;0.0;1.6;0.12000000000000001;3.14;0.24;1.5799999999999998;2.75;8.75
11286;zone45;4883.397012115578;4340.414778682246;0.0;zone45;S01010300;21;934;764;478;[0.460784,0.411765,0.127451];[0.664653,0.238671,0.096677];[0.632353,0.323529,0.044118];[0.606383,0.329787,0.06383];[0.3046875,0.125,0.3515625,0.21875];2;513.0;0.0498225801839;631;92;0.1676190476190476;1.7142857142857142;38.90285714285714;35.523809523809526;68.22857142857143;9.571428571428571;27.904761904761905;13.142857142857142;2.4438095238095237;0.0;2.702857142857143;0.6171428571428572;2.0380952380952375;0.36190476190476195;2.0114285714285716;5.523809523809524;7.380952380952381
11286;zone46;5144.66081966521;4032.769083704074;0.0;zone46;S01010301;6;522;457;283;[0.292683,0.597561,0.109756];[0.57563,0.315126,0.109244];[0.222222,0.703704,0.074074];[0.561798,0.393258,0.044944];[0.214285714286,0.0612244897959,0.459183673469,0.265306122449];4;490.0;0.0232745011966;1503;50;0.32666666666666666;2.5;68.33999999999999;46.666666666666664;101.24000000000001;12.166666666666666;33.833333333333336;23.166666666666668;6.94;0.0;2.146666666666667;0.4533333333333333;5.386666666666667;0.34;1.2666666666666666;13.5;14.5
11286;zone47;5165.568789180556;4297.038752619699;0.0;zone47;S01010302;24;669;495;388;[0.65625,0.28125,0.0625];[0.6,0.356522,0.043478];[0.716981,0.226415,0.056604];[0.801802,0.18018,0.018018];[0.582417582418,0.0769230769231,0.263736263736,0.0769230769231];1;392.0;-0.0896499889057;1067;116;0.185;1.375;49.021666666666654;37.375;80.74;12.208333333333334;31.166666666666668;16.375;4.588333333333332;0.0;1.0833333333333337;0.6433333333333334;3.630000000000001;0.4116666666666667;2.0916666666666663;6.583333333333333;9.458333333333334
11286;zone48;5241.140616766716;4139.402270499609;0.0;zone48;S01010303;33;579;387;250;[0.692308,0.153846,0.153846];[0.56701,0.298969,0.134021];[0.630435,0.282609,0.086957];[0.658879,0.285047,0.056075];[0.58407079646,0.106194690265,0.274336283186,0.0353982300885];1;415.0;-0.0627120940391;1568;155;0.17939393939393938;1.4545454545454546;66.70060606060608;39.96969696969697;82.89090909090909;10.030303030303031;29.696969696969695;22.78787878787879;5.432727272727273;0.0;1.136969696969697;0.5890909090909091;2.9600000000000004;0.3454545454545455;2.5030303030303034;5.666666666666667;9.727272727272727
11286;zone49;4853.647576226233;3833.123065294377;0.0;zone49;S01010304;12;542;456;332;[0.323529,0.514706,0.161765];[0.635135,0.25,0.114865];[0.477273,0.522727,0.0];[0.829268,0.109756,0.060976];[0.372340425532,0.0425531914894,0.297872340426,0.287234042553];1;804.0;0.384523850516;1986;35;0.11333333333333333;1.4166666666666667;81.18;29.916666666666668;86.93666666666667;10.5;30.0;27.583333333333332;4.09;0.0;1.5366666666666668;0.53;1.91;0.3066666666666667;2.9;5.75;7.666666666666667
11286;zone50;4697.410406890209;3639.1027396354093;0.0;zone50;S01010305;7;807;694;478;[0.36036,0.468468,0.171171];[0.553191,0.33617,0.110638];[0.409639,0.301205,0.289157];[0.589888,0.337079,0.073034];[0.198529411765,0.0735294117647,0.382352941176,0.345588235294];1;223.0;-0.28282788147;631;34;0.18285714285714286;1.2857142857142858;42.78857142857142;35.57142857142857;66.86857142857143;9.142857142857142;27.714285714285715;15.0;4.222857142857143;0.0;1.6171428571428572;2.314285714285714;0.5142857142857143;0.2685714285714285;1.8457142857142856;2.4285714285714284;8.142857142857142
11286;zone51;4591.3082521834585;3868.367573740388;0.0;zone51;S01010306;13;752;675;449;[0.35625,0.56875,0.075];[0.570588,0.355882,0.073529];[0.283019,0.566038,0.150943];[0.650943,0.330189,0.018868];[0.165680473373,0.0473372781065,0.479289940828,0.307692307692];2;238.0;-0.265781391166;793;56;0.16307692307692306;1.4615384615384615;47.612307692307695;42.53846153846154;71.49538461538462;9.23076923076923;27.846153846153847;16.384615384615383;3.556923076923077;0.0;2.4276923076923076;2.5169230769230775;0.6984615384615386;0.1907692307692308;1.5784615384615384;5.3076923076923075;8.76923076923077
11286;zone52;4503.72067559025;3742.2957906521283;0.0;zone52;S01010307;9;821;732;428;[0.189922,0.577519,0.232558];[0.407407,0.487654,0.104938];[0.346154,0.538462,0.115385];[0.71875,0.234375,0.046875];[0.0681818181818,0.0568181818182,0.375,0.5];5;319.0;-0.172537833795;430;79;0.32;1.3333333333333333;40.59555555555556;61.0;76.90222222222222;10.0;29.555555555555557;13.88888888888889;4.533333333333333;0.0;3.1466666666666665;4.986666666666666;0.9955555555555554;0.3066666666666667;1.6711111111111112;6.0;13.222222222222221
11286;zone53;4364.519870735056;4047.768725526131;0.0;zone53;S01010308;9;975;858;480;[0.285714,0.54007,0.174216];[0.511936,0.384615,0.103448];[0.254902,0.411765,0.333333];[0.648352,0.307692,0.043956];[0.0970873786408,0.0631067961165,0.359223300971,0.480582524272];4;257.0;-0.244477582955;1327;50;0.21777777777777776;1.2222222222222223;64.19999999999999;50.0;88.84444444444443;11.11111111111111;31.11111111111111;21.555555555555557;6.608888888888888;0.0;5.0088888888888885;1.7422222222222221;0.8133333333333334;0.20888888888888887;2.5155555555555558;6.444444444444445;13.777777777777779
11286;zone54;5381.88771051669;3636.3205112402793;0.0;zone54;S01010309;4;419;356;264;[0.333333,0.25,0.416667];[0.478873,0.422535,0.098592];[0.352941,0.382353,0.264706];[0.705882,0.24183,0.052288];[0.365853658537,0.170731707317,0.390243902439,0.0731707317073];1;0.0;-0.540229885057;1534;21;0.2;0.5;67.14;47.5;79.14999999999999;8.75;28.5;22.75;5.23;0.0;2.7199999999999998;0.09;4.54;0.21;2.7399999999999998;2.0;12.0
11286;zone55;5657.373406240428;3625.6586165034923;0.0;zone55;S01010310;13;706;540;381;[0.333333,0.238095,0.428571];[0.565517,0.337931,0.096552];[0.54902,0.27451,0.176471];[0.715415,0.256917,0.027668];[0.484848484848,0.151515151515,0.318181818182,0.0454545454545];1;574.0;0.120406534162;768;38;0.11384615384615385;1.2307692307692308;50.01846153846154;30.76923076923077;80.63384615384618;12.076923076923077;31.615384615384617;16.923076923076923;3.335384615384615;0.0;1.689230769230769;0.0676923076923077;4.003076923076923;0.2153846153846154;3.0430769230769235;5.769230769230769;8.692307692307692
11286;zone56;5685.425126382168;3318.6970593171873;0.0;zone56;S01010311;22;721;556;351;[0.411765,0.352941,0.235294];[0.472222,0.453704,0.074074];[0.571429,0.404762,0.02381];[0.717949,0.271062,0.010989];[0.565217391304,0.121739130435,0.269565217391,0.0434782608696];1;1534.0;1.22364271569;1667;55;0.09636363636363636;1.1818181818181819;73.68909090909092;30.727272727272727;79.43272727272728;9.5;27.90909090909091;25.40909090909091;1.8254545454545457;0.0;2.5181818181818176;0.05818181818181818;2.8054545454545456;0.3363636363636364;2.3200000000000003;5.0;6.7727272727272725
11286;zone57;5466.52613028024;3072.1402274564575;0.0;zone57;S01010312;34;868;647;425;[0.117647,0.823529,0.058824];[0.754386,0.22807,0.017544];[0.407407,0.444444,0.148148];[0.804945,0.153846,0.041209];[0.586956521739,0.115942028986,0.268115942029,0.0289855072464];1;685.0;0.247477927043;1745;112;0.12352941176470589;1.088235294117647;72.79647058823528;34.1764705882353;83.87764705882353;10.735294117647058;30.176470588235293;25.058823529411764;1.9258823529411757;0.0;2.6141176470588228;0.10823529411764708;3.7788235294117634;0.3658823529411764;2.5235294117647054;4.911764705882353;7.911764705882353
11286;zone58;5251.7403530303945;3502.549209042501;0.0;zone58;S01010313;16;654;529;356;[0.428571,0.285714,0.285714];[0.6,0.333333,0.066667];[0.433735,0.481928,0.084337];[0.739623,0.162264,0.098113];[0.648351648352,0.131868131868,0.175824175824,0.043956043956];1;565.0;0.109617915218;2120;78;0.1825;0.875;83.82749999999999;37.6875;89.69750000000002;10.625;31.0;28.1875;2.7274999999999996;0.0;3.1624999999999996;0.135;4.595000000000001;0.42500000000000004;2.635;4.4375;10.125
11286;zone59;4840.312157862589;3385.4448126102257;0.0;zone59;S01010314;21;1248;1034;550;[0.358209,0.507463,0.134328];[0.514493,0.333333,0.152174];[0.5,0.326923,0.173077];[0.636,0.324,0.04];[0.316901408451,0.133802816901,0.401408450704,0.147887323944];1;637.0;0.192402372167;1421;104;0.18857142857142858;0.7619047619047619;61.71619047619048;41.95238095238095;76.70285714285713;9.380952380952381;28.333333333333332;21.19047619047619;4.045714285714285;0.0;4.215238095238097;0.8019047619047619;1.5733333333333333;0.3352380952380953;2.626666666666667;2.5238095238095237;10.142857142857142
11286;zone60;4536.293429266749;2504.1273706154316;0.0;zone60;S01010315;43;911;678;409;[0.180723,0.554217,0.26506];[0.252632,0.457895,0.289474];[0.208333,0.5,0.291667];[0.55144,0.345679,0.102881];[0.308176100629,0.169811320755,0.358490566038,0.163522012579];2;382.0;-0.100954860853;1585;223;0.19627906976744186;1.6744186046511629;65.44093023255813;39.97674418604651;87.55069767441863;10.651162790697674;31.046511627906977;22.558139534883722;2.953488372093023;0.0;3.7367441860465105;0.00651162790697674;4.465116279069768;0.3479069767441861;2.1590697674418604;7.906976744186046;10.720930232558139
11286;zone61;4589.6619547948285;2943.195659127726;0.0;zone61;S01010316;25;512;414;304;[0.392157,0.529412,0.078431];[0.62931,0.37069,0.0];[0.439024,0.560976,0.0];[0.775401,0.224599,0.0];[0.439252336449,0.102803738318,0.252336448598,0.205607476636];1;481.0;0.0128180141103;1273;112;0.1744;0.96;56.87680000000001;39.68;78.55680000000001;10.88;29.36;19.28;3.448;0.0;4.4144000000000005;0.13920000000000002;2.928;0.4320000000000001;2.3407999999999998;3.56;10.4
11286;zone63;4421.5566371748755;3071.026327566895;0.0;zone63;S01010318;12;1588;1497;304;[0.5,0.456522,0.043478];[0.469799,0.47651,0.053691];[0.310345,0.37931,0.310345];[0.678571,0.285714,0.035714];[0.36,0.14,0.34,0.16];3;317.0;-0.175110645645;1101;52;0.17333333333333334;1.5833333333333333;55.25;44.666666666666664;90.43666666666667;11.833333333333334;32.583333333333336;19.25;7.240000000000001;0.0;5.096666666666667;1.1400000000000001;1.1633333333333333;0.34;2.3966666666666665;7.916666666666667;14.166666666666666
11286;zone64;4173.240913470097;2893.8040771744095;0.0;zone64;S01010319;9;711;624;407;[0.258741,0.608392,0.132867];[0.383399,0.486166,0.130435];[0.439394,0.212121,0.348485];[0.530769,0.384615,0.084615];[0.171974522293,0.0700636942675,0.471337579618,0.286624203822];2;473.0;0.00423719084943;1493;28;0.12;2.111111111111111;69.18666666666667;30.22222222222222;87.44888888888892;11.11111111111111;31.666666666666668;23.666666666666668;4.026666666666667;0.0;1.0799999999999998;0.43555555555555553;2.7466666666666666;0.4577777777777779;1.2488888888888887;9.333333333333334;7.888888888888889
11286;zone65;3940.1918462749595;2900.8899784533987;0.0;zone65;S01010320;4;675;594;437;[0.257813,0.523438,0.21875];[0.61753,0.298805,0.083665];[0.526316,0.22807,0.245614];[0.805085,0.169492,0.025424];[0.172185430464,0.0662251655629,0.443708609272,0.317880794702];1;646.0;0.202453315259;1210;11;0.1;2.25;63.82;40.5;74.0;6.75;26.5;22.0;4.41;0.0;1.8499999999999999;0.31;1.5499999999999998;0.24;1.31;7.0;7.75
11286;zone66;3905.8658739096163;2664.6669636212755;0.0;zone66;S01010321;7;837;634;432;[0.401709,0.555556,0.042735];[0.54717,0.433962,0.018868];[0.45122,0.439024,0.109756];[0.666667,0.271186,0.062147];[0.212328767123,0.0958904109589,0.390410958904,0.301369863014];1;1019.0;0.631764531736;1807;21;0.11428571428571428;1.4285714285714286;73.59428571428573;34.42857142857143;89.29142857142857;10.857142857142858;31.714285714285715;25.571428571428573;4.445714285714286;0.0;2.382857142857143;0.56;3.5599999999999996;0.35428571428571437;2.994285714285714;5.142857142857143;10.428571428571429
11286;zone67;3630.3978644730896;3132.1651121578075;0.0;zone67;S01010322;9;1028;914;549;[0.174419,0.549419,0.276163];[0.412399,0.471698,0.115903];[0.298507,0.38806,0.313433];[0.647059,0.323529,0.029412];[0.057268722467,0.0352422907489,0.449339207048,0.458149779736];5;124.0;-0.397569575369;1514;50;0.2088888888888889;2.3333333333333335;69.33777777777777;46.666666666666664;92.80444444444444;10.88888888888889;31.0;23.444444444444443;4.586666666666667;0.0;7.004444444444445;0.72;2.3866666666666667;0.2222222222222222;1.1022222222222224;9.88888888888889;14.333333333333334
11286;zone68;6208.193116766784;3072.425066795916;0.0;zone68;S01010323;4;603;466;377;[0.555556,0.444444,0.0];[0.657143,0.271429,0.071429];[0.642857,0.321429,0.035714];[0.793651,0.166667,0.039683];[0.578431372549,0.166666666667,0.235294117647,0.0196078431373];1;970.0;0.57559463238;916;17;0.17;1.25;54.55;50.25;79.79;10.0;29.0;18.25;8.23;0.0;2.19;0.0;3.8;0.25;2.08;4.75;13.75
11286;zone69;6517.651722029823;2240.572579661372;0.0;zone69;S01010324;6;759;566;403;[0.142857,0.571429,0.285714];[0.298077,0.490385,0.211538];[0.333333,0.530864,0.135802];[0.401674,0.414226,0.1841];[0.569620253165,0.101265822785,0.291139240506,0.0379746835443];1;407.0;-0.0721601679586;1686;27;0.18;1.3333333333333333;62.86000000000001;32.833333333333336;78.76;10.833333333333334;29.833333333333332;21.833333333333332;2.413333333333333;0.0;0.6466666666666666;0.0;3.7866666666666666;0.3933333333333333;1.6533333333333333;5.833333333333333;6.333333333333333
11286;zone70;6038.016041009105;2402.8415869980217;0.0;zone70;S01010325;18;939;666;501;[0.263158,0.368421,0.368421];[0.383838,0.525253,0.090909];[0.253623,0.615942,0.130435];[0.451362,0.463035,0.085603];[0.545454545455,0.238636363636,0.193181818182,0.0227272727273];1;225.0;-0.281126582053;1681;69;0.14444444444444443;1.1111111111111112;53.82888888888888;33.22222222222222;77.8022222222222;11.61111111111111;30.27777777777778;18.166666666666668;3.028888888888889;0.0;0.8911111111111111;0.0;4.32;0.4799999999999999;2.5;4.777777777777778;7.833333333333333
11286;zone71;5272.359331052501;2740.775131541117;0.0;zone71;S01010326;39;987;707;494;[0.526316,0.368421,0.105263];[0.522523,0.333333,0.144144];[0.492188,0.3125,0.195313];[0.723514,0.224806,0.05168];[0.54375,0.16875,0.23125,0.05625];1;1389.0;1.05701743376;1067;159;0.15487179487179487;1.0;51.79076923076922;36.51282051282051;74.66358974358975;10.41025641025641;28.82051282051282;17.46153846153846;1.9220512820512818;0.0;5.443076923076922;0.0317948717948718;2.011282051282051;0.3682051282051282;2.144615384615384;4.461538461538462;8.923076923076923
11286;zone72;4970.167032608406;2501.795090448298;0.0;zone72;S01010327;34;982;660;362;[0.031746,0.507937,0.460317];[0.372881,0.432203,0.194915];[0.289063,0.328125,0.382813];[0.516892,0.347973,0.135135];[0.416184971098,0.21387283237,0.236994219653,0.132947976879];1;470.0;0.000335688704598;948;134;0.15294117647058825;1.2352941176470589;52.57764705882353;35.3235294117647;83.38470588235293;11.911764705882353;31.38235294117647;17.91176470588235;2.8964705882352932;0.0;7.455294117647058;0.04117647058823529;1.6517647058823526;0.37764705882352956;2.632941176470588;5.411764705882353;11.5
11286;zone73;5975.307390960257;2677.5485166167286;0.0;zone73;S01010328;24;969;706;445;[0.16129,0.5,0.33871];[0.27044,0.471698,0.257862];[0.192547,0.434783,0.372671];[0.338983,0.432203,0.228814];[0.309352517986,0.258992805755,0.280575539568,0.151079136691];2;457.0;-0.0138550124678;2127;109;0.17333333333333334;1.5;72.40333333333332;43.041666666666664;85.93166666666666;10.625;30.375;24.5;3.7233333333333327;0.0;1.5400000000000003;0.0;5.375000000000001;0.2833333333333334;1.9433333333333336;5.875;10.208333333333334
