cycle;name;location.x;location.y;location.z;name;dataZone;nm_children;pop;over16;nm_hh;AB_car_prob;C1_car_prob;C2_car_prob;DE_car_prob;prob_social;simd;crimeRate;norm_crime;avg_dis_sh;neigh_play;daily_play_per_child;avg_FSA;avg_walk;daily_OD;zone_mvpa;mvpa_home;mvpa_sc;mvpa_road;mvpa_play_field;mvpa_home_garden;mvpa_park;mvpa_PG;mvpa_amenity;mvpa_shops;mvpa_F_home;mvpa_fsa;mvpa_OD
11286;zone0;8448.90275962388;2625.4515469546564;0.0;zone0;S01010195;19;531;390;212;[0.0,0.481481,0.518519];[0.261538,0.646154,0.092308];[0.12,0.59,0.29];[0.447368,0.368421,0.184211];[0.418918918919,0.283783783784,0.202702702703,0.0945945945946];1;0.0;-0.540229885057;1083;28;0.05894736842105263;1.105263157894737;40.103157894736846;24.157894736842106;59.82315789473684;9.894736842105264;22.263157894736842;13.68421052631579;0.5894736842105264;0.0;2.8294736842105257;0.0;2.1242105263157893;0.3368421052631579;2.4;3.9473684210526314;5.157894736842105
11286;zone1;8656.736904000718;2165.9902346445633;0.0;zone1;S01010198;18;1027;748;394;[0.058824,0.529412,0.411765];[0.305785,0.561983,0.132231];[0.219858,0.496454,0.283688];[0.523179,0.331126,0.145695];[0.48623853211,0.229357798165,0.266055045872,0.0183486238532];1;1609.0;1.3102524676;1205;17;0.03777777777777778;1.1666666666666667;36.38444444444444;26.27777777777778;63.20000000000001;12.0;23.333333333333332;12.38888888888889;0.6733333333333333;0.0;2.824444444444444;0.02888888888888889;3.0155555555555553;0.4266666666666667;2.1311111111111107;4.833333333333333;6.111111111111111
11286;zone2;8537.588755655543;3024.028900129281;0.0;zone2;S01010201;22;643;453;253;[0.0,0.47619,0.52381];[0.270833,0.3125,0.416667];[0.088,0.48,0.432];[0.296552,0.434483,0.268966];[0.365853658537,0.292682926829,0.292682926829,0.0487804878049];2;219.0;-0.28762447053;892;52;0.09272727272727273;1.8181818181818181;37.232727272727274;26.136363636363637;63.556363636363635;11.090909090909092;22.454545454545453;12.636363636363637;1.0854545454545454;0.0;2.9181818181818175;0.01818181818181818;2.6072727272727274;0.3727272727272728;1.783636363636363;6.818181818181818;6.136363636363637
11286;zone3;8059.42097232239;3767.666522351409;0.0;zone3;S01010203;30;671;504;260;[0.090909,0.363636,0.545455];[0.263804,0.460123,0.276074];[0.094828,0.422414,0.482759];[0.183824,0.375,0.441176];[0.272727272727,0.218181818182,0.363636363636,0.145454545455];3;215.0;-0.292668818285;1941;55;0.06933333333333333;1.2333333333333334;36.18933333333334;24.633333333333333;64.84266666666667;12.366666666666667;23.8;12.0;1.6786666666666668;0.0;2.3573333333333335;0.0;2.88;0.3866666666666666;2.5;5.166666666666667;6.4
11286;zone4;8368.288440296214;3565.498290652094;0.0;zone4;S01010204;30;800;589;381;[0.272727,0.727273,0.0];[0.627451,0.27451,0.098039];[0.444444,0.533333,0.022222];[0.600619,0.321981,0.077399];[0.595041322314,0.157024793388,0.239669421488,0.00826446280992];1;497.0;0.0317745673598;1188;55;0.068;0.8333333333333334;35.66933333333332;25.933333333333334;62.39066666666667;12.133333333333333;22.933333333333334;12.133333333333333;1.4560000000000002;0.0;2.615999999999999;0.05466666666666666;2.858666666666667;0.4893333333333334;2.5586666666666664;3.533333333333333;6.433333333333334
11286;zone5;8034.229745798958;3515.110462853287;0.0;zone5;S01010205;15;658;534;355;[0.411765,0.117647,0.470588];[0.465116,0.457364,0.077519];[0.317757,0.588785,0.093458];[0.593458,0.280374,0.126168];[0.466666666667,0.2,0.3,0.0333333333333];1;925.0;0.523434132086;1371;23;0.05866666666666667;1.2666666666666666;44.594666666666654;26.266666666666666;66.448;11.666666666666666;23.333333333333332;15.0;1.8666666666666665;0.0;2.2106666666666666;0.032;2.9386666666666668;0.49599999999999994;2.1466666666666665;5.0;6.666666666666667
11286;zone6;7457.064719570519;3739.055375726369;0.0;zone6;S01010208;18;903;745;565;[0.30137,0.589041,0.109589];[0.48062,0.457364,0.062016];[0.272727,0.613636,0.113636];[0.66055,0.270642,0.068807];[0.233333333333,0.133333333333,0.461111111111,0.172222222222];1;603.0;0.153385979085;1446;21;0.04444444444444445;1.9444444444444444;53.1311111111111;23.944444444444443;72.41333333333333;12.222222222222221;23.444444444444443;17.944444444444443;1.7355555555555553;0.0;1.28;0.0;3.148888888888889;0.3577777777777779;2.0822222222222226;8.333333333333334;5.5
11286;zone7;7917.838214725937;1939.334458859395;0.0;zone7;S01010209;24;966;677;468;[0.172414,0.586207,0.241379];[0.333333,0.414966,0.251701];[0.381944,0.458333,0.159722];[0.545852,0.336245,0.117904];[0.337931034483,0.248275862069,0.303448275862,0.110344827586];1;2053.0;1.82052250092;1661;33;0.05333333333333334;1.3333333333333333;45.04833333333334;22.458333333333332;64.39666666666666;10.958333333333334;22.625;15.208333333333334;0.7850000000000001;0.0;2.9983333333333335;0.0;2.1616666666666657;0.36000000000000004;2.4516666666666667;4.958333333333333;5.5
11286;zone8;7878.406567747077;2721.2634132011362;0.0;zone8;S01010210;18;885;641;416;[0.173913,0.456522,0.369565];[0.21519,0.5,0.28481];[0.189781,0.386861,0.423358];[0.422111,0.442211,0.135678];[0.394736842105,0.236842105263,0.254385964912,0.114035087719];1;344.0;-0.144253829852;1268;31;0.06444444444444444;2.3333333333333335;37.266666666666666;18.77777777777778;62.74888888888888;10.38888888888889;22.72222222222222;12.666666666666666;0.788888888888889;0.0;1.7577777777777779;0.01111111111111111;1.9377777777777778;0.35111111111111115;1.755555555555556;8.777777777777779;4.0
11286;zone9;7785.599648345685;3201.783800714137;0.0;zone9;S01010211;22;858;634;452;[0.147059,0.705882,0.147059];[0.384615,0.452991,0.162393];[0.469565,0.4,0.130435];[0.722656,0.226563,0.050781];[0.473214285714,0.169642857143,0.285714285714,0.0714285714286];1;430.0;-0.0456985893816;1038;38;0.06363636363636363;1.5909090909090908;35.45818181818182;22.272727272727273;65.34;12.181818181818182;23.0;11.863636363636363;1.2490909090909093;0.0;2.803636363636364;0.02;2.3181818181818183;0.3472727272727273;2.287272727272727;7.363636363636363;6.045454545454546
11286;zone10;7580.688680869333;3097.127786881416;0.0;zone10;S01010212;49;1083;779;559;[0.233333,0.633333,0.133333];[0.594771,0.339869,0.065359];[0.465517,0.405172,0.12931];[0.712821,0.269231,0.017949];[0.566037735849,0.138364779874,0.22641509434,0.0691823899371];1;1473.0;1.15298517036;1222;90;0.07183673469387755;1.3061224489795917;52.297142857142866;28.081632653061224;67.42204081632651;10.510204081632653;22.775510204081634;17.836734693877553;1.443265306122449;0.0;2.504489795918368;0.0;2.766530612244898;0.4016326530612244;2.2522448979591827;5.183673469387755;6.3061224489795915
11286;zone11;8065.177293237223;3111.5884965344962;0.0;zone11;S01010213;13;924;657;476;[0.105263,0.684211,0.210526];[0.382609,0.547826,0.069565];[0.218543,0.556291,0.225166];[0.467925,0.483019,0.049057];[0.451327433628,0.221238938053,0.274336283186,0.0530973451327];1;247.0;-0.255840453357;748;21;0.06461538461538462;1.1538461538461537;23.20923076923077;21.23076923076923;60.870769230769234;13.076923076923077;23.076923076923077;7.6923076923076925;1.0646153846153845;0.0;2.984615384615385;0.05230769230769231;2.2123076923076925;0.34769230769230774;2.8369230769230773;5.846153846153846;5.769230769230769
11286;zone12;7144.994858230166;1947.4125453867302;0.0;zone12;S01010214;27;967;717;396;[0.098592,0.28169,0.619718];[0.197531,0.438272,0.364198];[0.173333,0.493333,0.333333];[0.237069,0.487069,0.275862];[0.361344537815,0.210084033613,0.310924369748,0.117647058824];3;176.0;-0.337854473183;1907;46;0.06518518518518518;1.0;44.89185185185185;27.22222222222222;64.95703703703705;11.296296296296296;22.77777777777778;15.333333333333334;1.794074074074074;0.0;2.4770370370370367;0.0;2.9348148148148145;0.5051851851851851;2.4192592592592597;3.7777777777777777;6.666666666666667
11286;zone13;7013.590150664996;2618.495528189446;0.0;zone13;S01010215;24;850;608;492;[0.571429,0.285714,0.142857];[0.5,0.431373,0.068627];[0.382609,0.391304,0.226087];[0.678571,0.269841,0.051587];[0.467289719626,0.140186915888,0.345794392523,0.0467289719626];1;547.0;0.0886083430805;622;51;0.08166666666666667;0.8333333333333334;35.24833333333334;30.458333333333332;62.645;11.583333333333334;23.416666666666668;11.666666666666666;0.9299999999999998;0.0;2.388333333333333;0.0;4.37;0.5883333333333333;2.6716666666666673;3.2916666666666665;7.166666666666667
11286;zone14;7332.222205807836;2329.961970144465;0.0;zone14;S01010216;15;621;464;361;[0.6,0.4,0.0];[0.597701,0.356322,0.045977];[0.409091,0.439394,0.151515];[0.709544,0.273859,0.016598];[0.5,0.163265306122,0.265306122449,0.0714285714286];1;600.0;0.150092344085;1303;26;0.06933333333333333;1.1333333333333333;52.690666666666665;28.333333333333332;66.13600000000001;10.333333333333334;22.333333333333332;17.933333333333334;0.7653333333333333;0.0;3.3839999999999995;0.0;2.8;0.39200000000000007;2.2026666666666666;4.133333333333334;6.466666666666667
11286;zone15;7299.833172322251;2625.8610945736937;0.0;zone15;S01010217;33;817;598;406;[0.16129,0.516129,0.322581];[0.565517,0.4,0.034483];[0.5,0.431373,0.068627];[0.702703,0.283784,0.013514];[0.541935483871,0.0967741935484,0.296774193548,0.0645161290323];1;1060.0;0.679274950851;1008;59;0.06909090909090909;1.6666666666666667;42.740606060606055;23.515151515151516;66.96121212121211;11.757575757575758;22.87878787878788;14.515151515151516;0.9151515151515152;0.0;2.127272727272727;0.0;2.764848484848485;0.42545454545454553;2.558787878787879;7.212121212121212;5.424242424242424
11286;zone16;7142.953643082513;3018.5401822929393;0.0;zone16;S01010218;31;1018;790;587;[0.425532,0.404255,0.170213];[0.392523,0.453271,0.154206];[0.358209,0.492537,0.149254];[0.589124,0.335347,0.075529];[0.424657534247,0.109589041096,0.369863013699,0.0958904109589];1;557.0;0.101026678737;568;52;0.06322580645161291;1.5161290322580645;35.16516129032259;23.29032258064516;62.301935483870956;11.129032258064516;22.93548387096774;11.870967741935484;0.944516129032258;0.0;1.1109677419354835;0.0;3.5174193548387103;0.34322580645161294;2.402580645161291;6.129032258064516;5.193548387096774
11286;zone17;6738.8937706128745;4298.8917997019325;0.0;zone17;S01010219;21;503;382;274;[0.695652,0.304348,0.0];[0.758621,0.215517,0.025862];[0.761905,0.166667,0.071429];[0.781609,0.195402,0.022989];[0.41935483871,0.0752688172043,0.408602150538,0.0967741935484];2;184.0;-0.327838932938;1516;30;0.05714285714285714;1.5714285714285714;54.18666666666668;26.428571428571427;70.15619047619047;10.761904761904763;22.904761904761905;18.428571428571427;2.455238095238095;0.0;4.085714285714286;0.0;1.0933333333333333;0.3123809523809524;2.1904761904761907;6.238095238095238;7.190476190476191
11286;zone18;5915.780765415368;4211.222876105162;0.0;zone18;S01010220;7;476;433;279;[0.181159,0.608696,0.210145];[0.404255,0.531915,0.06383];[0.227273,0.704545,0.068182];[0.448276,0.482759,0.068966];[0.154545454545,0.0636363636364,0.318181818182,0.463636363636];5;267.0;-0.232306706325;1424;24;0.13714285714285715;0.5714285714285714;33.805714285714295;33.857142857142854;65.55999999999999;12.142857142857142;23.857142857142858;11.571428571428571;3.4;0.0;6.062857142857143;0.4971428571428572;1.0342857142857143;0.5714285714285714;2.531428571428571;2.2857142857142856;10.428571428571429
11286;zone19;6341.0811208317455;3913.8398648988496;0.0;zone19;S01010221;13;546;394;260;[0.6,0.4,0.0];[0.557377,0.409836,0.032787];[0.538462,0.323077,0.138462];[0.699387,0.257669,0.042945];[0.609375,0.140625,0.203125,0.046875];1;635.0;0.19005459739;957;9;0.02769230769230769;1.3846153846153846;43.18153846153845;16.923076923076923;66.22769230769231;12.76923076923077;23.846153846153847;14.538461538461538;3.323076923076923;0.0;1.3476923076923077;0.0;0.8338461538461538;0.5661538461538462;2.541538461538462;4.769230769230769;5.0
11286;zone20;7001.213463613622;4053.9957950241624;0.0;zone20;S01010222;15;492;414;285;[0.142857,0.5,0.357143];[0.432432,0.459459,0.108108];[0.348624,0.522936,0.12844];[0.747899,0.235294,0.016807];[0.345238095238,0.214285714286,0.309523809524,0.130952380952];1;377.0;-0.105830277325;1813;25;0.064;2.066666666666667;47.448;19.266666666666666;66.66666666666669;10.733333333333333;22.4;16.066666666666666;1.9226666666666667;0.0;1.5200000000000002;0.00266666666666667;1.5919999999999999;0.37333333333333335;2.2960000000000003;7.733333333333333;4.6
11286;zone21;6986.8418912765155;3434.1450308482026;0.0;zone21;S01010223;4;556;462;337;[0.076923,0.538462,0.384615];[0.567797,0.330508,0.101695];[0.472222,0.444444,0.083333];[0.584699,0.36612,0.04918];[0.432432432432,0.162162162162,0.324324324324,0.0810810810811];1;439.0;-0.0353356041414;1677;3;0.03;1.25;40.709999999999994;22.25;74.2;16.75;24.25;13.75;4.7;0.0;1.38;0.0;1.9700000000000002;0.47;2.6999999999999997;6.5;7.5
11286;zone22;6247.397837456437;3329.661273309237;0.0;zone22;S01010224;40;1036;727;469;[0.405405,0.540541,0.054054];[0.592593,0.274074,0.133333];[0.418803,0.504274,0.076923];[0.768421,0.202632,0.028947];[0.506097560976,0.140243902439,0.268292682927,0.0853658536585];1;1004.0;0.614259332793;976;60;0.059;1.35;43.856;19.975;66.08399999999999;11.95;23.475;14.8;3.318;0.0;0.9000000000000004;0.12999999999999998;1.2590000000000001;0.491;2.386;5.6;5.15
11286;zone23;7827.985844039554;4105.4701191949;0.0;zone23;S01010225;33;812;636;431;[0.25,0.634615,0.115385];[0.469072,0.43299,0.097938];[0.54023,0.413793,0.045977];[0.672065,0.234818,0.093117];[0.385185185185,0.125925925926,0.325925925926,0.162962962963];1;1006.0;0.616572011517;1627;46;0.05333333333333334;1.5151515151515151;47.4;22.363636363636363;65.62181818181818;10.666666666666666;22.96969696969697;16.393939393939394;2.1987878787878787;0.0;1.7575757575757576;0.0;2.0533333333333337;0.34545454545454546;2.088484848484848;5.454545454545454;5.545454545454546
11286;zone24;7040.363001382077;4481.052780471187;0.0;zone24;S01010226;40;816;565;394;[0.454545,0.242424,0.30303];[0.715385,0.2,0.084615];[0.540541,0.405405,0.054054];[0.766917,0.18797,0.045113];[0.503355704698,0.201342281879,0.221476510067,0.0738255033557];2;422.0;-0.0548014077425;1354;122;0.119;1.025;47.77;36.2;69.44500000000002;10.975;23.325;16.2;3.261;0.0;4.774000000000001;0.0;2.133;0.34;2.249999999999999;4.525;9.675
11286;zone25;6847.772309074456;4638.663588163389;0.0;zone25;S01010227;39;692;454;294;[0.413793,0.413793,0.172414];[0.704545,0.238636,0.056818];[0.654545,0.345455,0.0];[0.810606,0.159091,0.030303];[0.672268907563,0.0924369747899,0.159663865546,0.0756302521008];4;0.0;-0.540229885057;1054;137;0.13641025641025642;1.0256410256410255;45.75384615384615;47.56410256410256;72.2328205128205;10.923076923076923;22.76923076923077;15.487179487179487;2.454358974358975;0.0;10.177435897435897;0.05025641025641026;1.954871794871795;0.4707692307692308;2.045128205128205;4.17948717948718;14.153846153846153
11286;zone26;8241.816993110848;4572.457656401622;0.0;zone26;S01010229;30;1016;787;508;[0.1,0.625,0.275];[0.350877,0.350877,0.298246];[0.348315,0.477528,0.174157];[0.565217,0.310559,0.124224];[0.420731707317,0.213414634146,0.292682926829,0.0731707317073];1;395.0;-0.0859445809966;1257;45;0.05866666666666667;1.2;40.59066666666666;21.133333333333333;63.925333333333334;11.6;23.333333333333332;13.6;1.74;0.0;2.305333333333333;0.0;2.050666666666667;0.43600000000000005;2.3599999999999994;4.933333333333334;5.533333333333333
11286;zone27;7458.320056766788;4680.341251240345;0.0;zone27;S01010230;24;1005;772;577;[0.314286,0.628571,0.057143];[0.703883,0.296117,0.0];[0.727273,0.218182,0.054545];[0.71831,0.24507,0.03662];[0.517857142857,0.136904761905,0.267857142857,0.077380952381];1;846.0;0.433218203459;901;32;0.05333333333333334;1.0416666666666667;35.85666666666666;30.208333333333332;64.31333333333335;11.416666666666666;23.708333333333332;12.0;2.523333333333333;0.0;3.293333333333333;0.0;2.9483333333333337;0.49333333333333346;2.606666666666667;3.625;8.291666666666666
11286;zone28;7569.802990100143;4917.458811240416;0.0;zone28;S01010232;37;1074;792;485;[0.457143,0.485714,0.057143];[0.557292,0.338542,0.104167];[0.492063,0.333333,0.174603];[0.654229,0.251244,0.094527];[0.470297029703,0.153465346535,0.306930693069,0.0693069306931];1;771.0;0.347049794199;1170;63;0.06702702702702702;0.7567567567567568;43.21945945945945;29.783783783783782;65.8454054054054;12.08108108108108;23.405405405405407;14.702702702702704;1.964324324324325;0.0;2.9362162162162164;0.01297297297297297;3.174054054054054;0.4410810810810811;2.6356756756756754;2.918918918918919;7.594594594594595
11286;zone29;7830.713068379679;4879.746446724283;0.0;zone29;S01010233;33;970;705;476;[0.275,0.625,0.1];[0.655629,0.245033,0.099338];[0.52809,0.426966,0.044944];[0.771505,0.212366,0.016129];[0.587209302326,0.093023255814,0.261627906977,0.0581395348837];1;284.0;-0.213781821634;1110;68;0.07878787878787878;1.2424242424242424;44.30303030303031;27.90909090909091;65.13090909090909;11.272727272727273;22.87878787878788;14.909090909090908;1.5878787878787881;0.0;2.176969696969697;0.00363636363636364;3.326060606060606;0.36606060606060603;2.3781818181818175;4.515151515151516;6.606060606060606
11286;zone30;6473.383843181837;4954.519765957263;0.0;zone30;S01010261;6;2551;2373;526;[0.666667,0.270833,0.0625];[0.675841,0.281346,0.042813];[0.75,0.25,0.0];[0.824468,0.164894,0.010638];[0.41,0.06,0.41,0.12];3;176.0;-0.337679921334;2197;13;0.08666666666666667;0.0;71.81333333333333;38.5;74.56666666666668;11.333333333333334;23.666666666666668;23.833333333333332;6.4866666666666655;0.0;1.6733333333333336;0.20666666666666667;2.7133333333333334;0.3333333333333333;3.073333333333333;0.0;10.666666666666666
11286;zone31;4930.642193689802;4959.449818932565;0.0;zone31;S01010266;3;555;474;237;[0.320755,0.556604,0.122642];[0.677273,0.254545,0.068182];[0.5,0.461538,0.038462];[0.534247,0.30137,0.164384];[0.141176470588,0.0588235294118,0.4,0.4];3;536.0;0.0761386922126;1137;4;0.05333333333333334;2.0;40.86666666666667;24.0;69.54666666666667;12.0;24.0;13.666666666666666;0.9066666666666666;0.0;2.5866666666666664;0.48000000000000004;3.3733333333333335;0.29333333333333333;2.466666666666667;8.0;6.666666666666667
11286;zone32;5712.5549897826;4979.400336637217;0.0;zone32;S01010270;4;1153;972;817;[0.389831,0.533898,0.076271];[0.70255,0.252125,0.045326];[0.714286,0.272727,0.012987];[0.771552,0.228448,0.0];[0.125,0.0909090909091,0.454545454545,0.329545454545];1;871.0;0.461200629557;1644;4;0.03;1.25;55.730000000000004;30.5;70.65;10.25;23.25;18.5;5.83;0.0;0.8200000000000001;0.0;1.8299999999999998;0.21000000000000002;3.01;5.0;8.0
11286;zone33;3394.0723536088512;4934.677182292946;0.0;zone33;S01010282;13;976;841;645;[0.438776,0.520408,0.040816];[0.545732,0.405488,0.04878];[0.521277,0.382979,0.095745];[0.712707,0.232044,0.055249];[0.190954773869,0.070351758794,0.35175879397,0.386934673367];2;350.0;-0.137812028107;1353;17;0.04923076923076923;2.076923076923077;53.32000000000001;26.0;73.94461538461539;11.461538461538462;23.76923076923077;18.384615384615383;1.4030769230769229;0.0;4.5600000000000005;0.34153846153846157;0.9938461538461538;0.19692307692307695;1.7815384615384617;9.23076923076923;6.846153846153846
11286;zone34;4385.789287498423;4835.237486850067;0.0;zone34;S01010289;15;771;687;380;[0.130952,0.511905,0.357143];[0.262911,0.502347,0.234742];[0.178571,0.464286,0.357143];[0.410256,0.435897,0.153846];[0.058064516129,0.0322580645161,0.245161290323,0.664516129032];5;259.0;-0.241396294863;1715;45;0.11466666666666667;1.2;55.09066666666668;48.733333333333334;67.58133333333333;8.4;22.866666666666667;18.733333333333334;2.162666666666667;0.0;4.8453333333333335;1.0746666666666667;2.7946666666666666;0.30133333333333334;1.4240000000000002;3.2;10.4
11286;zone35;4401.5375624188455;4669.062022109911;0.0;zone35;S01010290;13;546;485;278;[0.198198,0.603604,0.198198];[0.485944,0.449799,0.064257];[0.555556,0.444444,0.0];[0.435897,0.512821,0.051282];[0.10752688172,0.0430107526882,0.494623655914,0.354838709677];3;353.0;-0.133686757747;903;28;0.08615384615384615;1.6153846153846154;44.870769230769234;39.61538461538461;74.79692307692308;12.538461538461538;23.46153846153846;15.076923076923077;2.116923076923077;0.0;4.84;0.5446153846153846;4.332307692307692;0.3661538461538462;2.3015384615384615;7.461538461538462;11.384615384615385
11286;zone36;4119.983651650423;4281.100418217042;0.0;zone36;S01010291;12;1075;975;481;[0.405594,0.447552,0.146853];[0.627907,0.277132,0.094961];[0.415094,0.433962,0.150943];[0.562963,0.325926,0.111111];[0.197080291971,0.0729927007299,0.445255474453,0.284671532847];3;438.0;-0.0363924713322;877;25;0.08;1.25;45.33666666666667;38.166666666666664;67.21333333333332;10.333333333333334;22.583333333333332;15.416666666666666;1.7033333333333331;0.0;7.286666666666665;0.36000000000000004;1.47;0.26333333333333336;2.06;4.0;10.25
11286;zone37;4399.731076226201;4291.6703625917;0.0;zone37;S01010292;10;890;831;409;[0.348214,0.508929,0.142857];[0.477169,0.420091,0.10274];[0.339286,0.446429,0.214286];[0.55814,0.383721,0.05814];[0.128378378378,0.0540540540541,0.398648648649,0.418918918919];4;323.0;-0.168488563048;1431;27;0.104;0.9;52.32399999999999;45.3;67.804;9.0;22.5;17.9;3.376;0.0;5.76;0.6159999999999999;1.6199999999999999;0.2960000000000001;1.948;3.1;10.8
11286;zone38;4514.690807242894;4541.15458266895;0.0;zone38;S01010293;16;839;723;373;[0.51773,0.35461,0.12766];[0.635389,0.262735,0.101877];[0.446809,0.319149,0.234043];[0.514286,0.392857,0.092857];[0.242424242424,0.0606060606061,0.393939393939,0.30303030303];3;290.0;-0.205814991507;905;45;0.1075;1.1875;41.862500000000004;43.375;66.77;10.4375;22.5;13.875;2.5425;0.0;5.932500000000001;0.41750000000000004;2.7125;0.4325000000000001;1.94;4.3125;11.25
11286;zone39;4541.7482834333705;4418.565122351524;0.0;zone39;S01010294;13;690;631;275;[0.242105,0.526316,0.231579];[0.650873,0.214464,0.134663];[0.583333,0.208333,0.208333];[0.414894,0.489362,0.095745];[0.164835164835,0.043956043956,0.494505494505,0.296703296703];4;440.0;-0.0342259463805;879;35;0.10461538461538461;1.0769230769230769;37.19384615384616;45.92307692307692;64.84;10.384615384615385;22.53846153846154;12.461538461538462;3.547692307692308;0.0;3.2830769230769232;0.44307692307692303;4.178461538461539;0.37538461538461537;1.9261538461538459;4.076923076923077;11.0
11286;zone40;4766.8646917667475;4574.50133624035;0.0;zone40;S01010295;18;974;870;427;[0.384615,0.391026,0.224359];[0.604555,0.310559,0.084886];[0.428571,0.285714,0.285714];[0.390728,0.516556,0.092715];[0.212765957447,0.113475177305,0.297872340426,0.375886524823];4;529.0;0.0680145754747;1118;52;0.11555555555555555;1.4444444444444444;39.19555555555556;40.666666666666664;65.67555555555556;10.333333333333334;22.166666666666668;13.0;2.7755555555555556;0.0;4.837777777777777;0.43333333333333335;2.502222222222222;0.3355555555555556;2.0755555555555554;5.277777777777778;9.944444444444445
11286;zone41;4647.752341766679;4736.091736240359;0.0;zone41;S01010296;16;664;560;291;[0.294118,0.423529,0.282353];[0.520913,0.368821,0.110266];[0.375,0.375,0.25];[0.475524,0.391608,0.132867];[0.282828282828,0.111111111111,0.363636363636,0.242424242424];2;856.0;0.444094443477;1360;41;0.0975;2.0;35.995;28.875;65.91749999999999;11.125;22.875;11.9375;2.53;0.0;3.1275000000000004;0.4800000000000001;1.8775;0.30000000000000004;1.9975;7.9375;7.625
11286;zone42;5522.849421766708;4411.996091240393;0.0;zone42;S01010297;7;1066;894;676;[0.582609,0.382609,0.034783];[0.691824,0.245283,0.062893];[0.540541,0.333333,0.126126];[0.681275,0.270916,0.047809];[0.260563380282,0.140845070423,0.37323943662,0.225352112676];1;504.0;0.0391758595379;1389;12;0.06857142857142857;0.5714285714285714;42.78285714285715;24.571428571428573;57.75428571428571;10.0;21.428571428571427;15.0;2.6342857142857143;0.0;0.9199999999999999;0.2;1.6971428571428573;0.3885714285714286;2.948571428571429;1.0;5.0
11286;zone43;4706.481893689814;4143.807995855712;0.0;zone43;S01010298;12;880;677;515;[0.308943,0.479675,0.211382];[0.581395,0.356589,0.062016];[0.539683,0.396825,0.063492];[0.744828,0.193103,0.062069];[0.227272727273,0.0984848484848,0.371212121212,0.30303030303];1;486.0;0.0190902878356;1143;25;0.07666666666666666;1.25;45.45666666666667;29.916666666666668;69.52333333333333;11.916666666666666;23.25;15.5;3.1966666666666668;0.0;4.026666666666666;0.5000000000000001;1.2299999999999998;0.32666666666666666;2.1333333333333333;6.0;8.333333333333334
11286;zone44;4885.424673909578;4209.645754097502;0.0;zone44;S01010299;4;536;404;292;[0.3,0.54,0.16];[0.556701,0.340206,0.103093];[0.458333,0.520833,0.020833];[0.584906,0.283019,0.132075];[0.428571428571,0.0857142857143,0.285714285714,0.2];1;375.0;-0.10827530326;722;9;0.08;2.25;33.46;24.75;71.92;13.25;25.5;11.25;4.72;0.0;1.4100000000000001;0.2;2.48;0.6200000000000001;2.23;8.75;8.5
11286;zone45;4883.397012115578;4340.414778682246;0.0;zone45;S01010300;21;934;764;478;[0.460784,0.411765,0.127451];[0.664653,0.238671,0.096677];[0.632353,0.323529,0.044118];[0.606383,0.329787,0.06383];[0.3046875,0.125,0.3515625,0.21875];2;513.0;0.0498225801839;604;52;0.09142857142857143;1.2380952380952381;34.586666666666666;27.666666666666668;66.6057142857143;12.761904761904763;23.714285714285715;11.80952380952381;2.3066666666666666;0.0;1.8666666666666667;0.4780952380952381;2.9257142857142857;0.40952380952380957;2.5638095238095233;6.142857142857143;7.142857142857143
11286;zone46;5144.66081966521;4032.769083704074;0.0;zone46;S01010301;6;522;457;283;[0.292683,0.597561,0.109756];[0.57563,0.315126,0.109244];[0.222222,0.703704,0.074074];[0.561798,0.393258,0.044944];[0.214285714286,0.0612244897959,0.459183673469,0.265306122449];4;490.0;0.0232745011966;1352;21;0.14;1.1666666666666667;41.26;43.333333333333336;69.87333333333333;12.666666666666666;22.833333333333332;13.666666666666666;7.113333333333333;0.0;1.5933333333333335;0.3;2.393333333333333;0.26;2.7733333333333334;4.666666666666667;10.666666666666666
11286;zone47;5165.568789180556;4297.038752619699;0.0;zone47;S01010302;24;669;495;388;[0.65625,0.28125,0.0625];[0.6,0.356522,0.043478];[0.716981,0.226415,0.056604];[0.801802,0.18018,0.018018];[0.582417582418,0.0769230769231,0.263736263736,0.0769230769231];1;392.0;-0.0896499889057;1262;67;0.10833333333333334;0.7083333333333334;48.95166666666666;30.583333333333332;65.73833333333334;11.041666666666666;23.208333333333332;16.708333333333332;3.1600000000000006;0.0;0.7866666666666666;0.4799999999999999;2.931666666666666;0.41333333333333333;2.8033333333333332;2.625;6.916666666666667
11286;zone48;5241.140616766716;4139.402270499609;0.0;zone48;S01010303;33;579;387;250;[0.692308,0.153846,0.153846];[0.56701,0.298969,0.134021];[0.630435,0.282609,0.086957];[0.658879,0.285047,0.056075];[0.58407079646,0.106194690265,0.274336283186,0.0353982300885];1;415.0;-0.0627120940391;1755;59;0.0703030303030303;1.0303030303030303;50.69818181818181;28.696969696969695;66.33454545454543;10.303030303030303;22.848484848484848;17.333333333333332;4.604848484848487;0.0;1.069090909090909;0.35878787878787877;1.490909090909091;0.3236363636363636;2.61090909090909;3.757575757575758;7.0
11286;zone49;4853.647576226233;3833.123065294377;0.0;zone49;S01010304;12;542;456;332;[0.323529,0.514706,0.161765];[0.635135,0.25,0.114865];[0.477273,0.522727,0.0];[0.829268,0.109756,0.060976];[0.372340425532,0.0425531914894,0.297872340426,0.287234042553];1;804.0;0.384523850516;1521;18;0.05666666666666666;1.4166666666666667;63.24666666666667;32.416666666666664;74.33333333333334;10.833333333333334;23.0;21.416666666666668;4.846666666666667;0.0;1.996666666666667;0.18000000000000002;1.46;0.3766666666666667;2.3266666666666667;6.166666666666667;8.083333333333334
11286;zone50;4697.410406890209;3639.1027396354093;0.0;zone50;S01010305;7;807;694;478;[0.36036,0.468468,0.171171];[0.553191,0.33617,0.110638];[0.409639,0.301205,0.289157];[0.589888,0.337079,0.073034];[0.198529411765,0.0735294117647,0.382352941176,0.345588235294];1;223.0;-0.28282788147;724;8;0.04571428571428571;0.8571428571428571;44.0;34.285714285714285;63.08;10.285714285714286;23.285714285714285;15.142857142857142;3.8057142857142856;0.0;1.3085714285714285;1.897142857142857;0.4742857142857143;0.2857142857142857;2.3085714285714287;2.7142857142857144;7.0
11286;zone51;4591.3082521834585;3868.367573740388;0.0;zone51;S01010306;13;752;675;449;[0.35625,0.56875,0.075];[0.570588,0.355882,0.073529];[0.283019,0.566038,0.150943];[0.650943,0.330189,0.018868];[0.165680473373,0.0473372781065,0.479289940828,0.307692307692];2;238.0;-0.265781391166;845;38;0.11692307692307692;2.0;43.84615384615385;33.76923076923077;71.2923076923077;12.384615384615385;23.076923076923077;15.0;3.1630769230769227;0.0;2.2030769230769227;2.9076923076923076;0.4215384615384616;0.5076923076923078;1.4430769230769231;8.153846153846153;8.153846153846153
11286;zone52;4503.72067559025;3742.2957906521283;0.0;zone52;S01010307;9;821;732;428;[0.189922,0.577519,0.232558];[0.407407,0.487654,0.104938];[0.346154,0.538462,0.115385];[0.71875,0.234375,0.046875];[0.0681818181818,0.0568181818182,0.375,0.5];5;319.0;-0.172537833795;455;31;0.13333333333333333;2.5555555555555554;44.88;39.888888888888886;77.09333333333333;12.555555555555555;23.555555555555557;15.11111111111111;3.337777777777778;0.0;2.386666666666667;4.679999999999999;0.26666666666666666;0.19111111111111112;1.5555555555555556;11.88888888888889;10.222222222222221
11286;zone53;4364.519870735056;4047.768725526131;0.0;zone53;S01010308;9;975;858;480;[0.285714,0.54007,0.174216];[0.511936,0.384615,0.103448];[0.254902,0.411765,0.333333];[0.648352,0.307692,0.043956];[0.0970873786408,0.0631067961165,0.359223300971,0.480582524272];4;257.0;-0.244477582955;1345;24;0.10222222222222223;1.2222222222222223;44.65777777777779;37.22222222222222;64.67999999999999;10.555555555555555;21.77777777777778;15.333333333333334;2.644444444444444;0.0;4.853333333333333;1.04;1.2177777777777776;0.2755555555555556;1.417777777777778;3.7777777777777777;9.333333333333334
11286;zone54;5381.88771051669;3636.3205112402793;0.0;zone54;S01010309;4;419;356;264;[0.333333,0.25,0.416667];[0.478873,0.422535,0.098592];[0.352941,0.382353,0.264706];[0.705882,0.24183,0.052288];[0.365853658537,0.170731707317,0.390243902439,0.0731707317073];1;0.0;-0.540229885057;2153;2;0.02;2.5;67.94;21.0;72.07000000000001;9.25;22.25;23.5;0.66;0.0;1.26;0.59;2.1599999999999997;0.29000000000000004;1.53;9.0;4.0
11286;zone55;5657.373406240428;3625.6586165034923;0.0;zone55;S01010310;13;706;540;381;[0.333333,0.238095,0.428571];[0.565517,0.337931,0.096552];[0.54902,0.27451,0.176471];[0.715415,0.256917,0.027668];[0.484848484848,0.151515151515,0.318181818182,0.0454545454545];1;574.0;0.120406534162;845;21;0.06461538461538462;0.7692307692307693;43.664615384615395;25.923076923076923;61.10769230769232;10.538461538461538;22.53846153846154;14.615384615384615;1.975384615384615;0.0;1.4246153846153846;0.24615384615384617;2.227692307692308;0.34769230769230774;3.0553846153846154;2.3846153846153846;5.384615384615385
11286;zone56;5685.425126382168;3318.6970593171873;0.0;zone56;S01010311;22;721;556;351;[0.411765,0.352941,0.235294];[0.472222,0.453704,0.074074];[0.571429,0.404762,0.02381];[0.717949,0.271062,0.010989];[0.565217391304,0.121739130435,0.269565217391,0.0434782608696];1;1534.0;1.22364271569;1642;35;0.06;1.3181818181818181;52.83090909090908;22.454545454545453;66.20727272727274;10.454545454545455;22.636363636363637;17.90909090909091;1.241818181818182;0.0;1.4909090909090907;0.0890909090909091;2.4454545454545458;0.3600000000000001;2.3981818181818184;5.590909090909091;4.7272727272727275
11286;zone57;5466.52613028024;3072.1402274564575;0.0;zone57;S01010312;34;868;647;425;[0.117647,0.823529,0.058824];[0.754386,0.22807,0.017544];[0.407407,0.444444,0.148148];[0.804945,0.153846,0.041209];[0.586956521739,0.115942028986,0.268115942029,0.0289855072464];1;685.0;0.247477927043;1651;48;0.05411764705882353;1.1764705882352942;58.90823529411765;24.823529411764707;68.71411764705883;10.470588235294118;22.852941176470587;20.235294117647058;1.4670588235294115;0.0;2.4294117647058826;0.09529411764705883;2.1117647058823534;0.351764705882353;2.3976470588235297;4.911764705882353;5.588235294117647
11286;zone58;5251.7403530303945;3502.549209042501;0.0;zone58;S01010313;16;654;529;356;[0.428571,0.285714,0.285714];[0.6,0.333333,0.066667];[0.433735,0.481928,0.084337];[0.739623,0.162264,0.098113];[0.648351648352,0.131868131868,0.175824175824,0.043956043956];1;565.0;0.109617915218;2142;20;0.05;1.4375;61.68750000000001;24.6875;74.36250000000003;11.6875;23.5;21.4375;2.8975;0.0;2.0500000000000003;0.07;2.0875000000000004;0.2750000000000001;2.5250000000000004;6.25;6.625
11286;zone59;4840.312157862589;3385.4448126102257;0.0;zone59;S01010314;21;1248;1034;550;[0.358209,0.507463,0.134328];[0.514493,0.333333,0.152174];[0.5,0.326923,0.173077];[0.636,0.324,0.04];[0.316901408451,0.133802816901,0.401408450704,0.147887323944];1;637.0;0.192402372167;1141;36;0.06666666666666667;1.2380952380952381;43.935238095238105;31.761904761904763;68.73142857142857;12.428571428571429;23.285714285714285;15.0;2.2666666666666666;0.0;3.885714285714285;1.1714285714285715;1.201904761904762;0.3466666666666667;1.897142857142857;5.619047619047619;8.19047619047619
11286;zone60;4536.293429266749;2504.1273706154316;0.0;zone60;S01010315;43;911;678;409;[0.180723,0.554217,0.26506];[0.252632,0.457895,0.289474];[0.208333,0.5,0.291667];[0.55144,0.345679,0.102881];[0.308176100629,0.169811320755,0.358490566038,0.163522012579];2;382.0;-0.100954860853;1601;82;0.07162790697674419;1.5813953488372092;44.673488372093026;26.72093023255814;64.886511627907;10.488372093023257;22.790697674418606;15.162790697674419;2.5655813953488376;0.0;1.7423255813953489;0.00930232558139535;2.33953488372093;0.3209302325581395;2.206511627906977;5.5813953488372094;6.1395348837209305
11286;zone61;4589.6619547948285;2943.195659127726;0.0;zone61;S01010316;25;512;414;304;[0.392157,0.529412,0.078431];[0.62931,0.37069,0.0];[0.439024,0.560976,0.0];[0.775401,0.224599,0.0];[0.439252336449,0.102803738318,0.252336448598,0.205607476636];1;481.0;0.0128180141103;1417;53;0.0816;1.44;52.60320000000001;27.68;70.9536;11.28;23.16;17.84;3.0928000000000004;0.0;2.5247999999999995;0.0624;2.1984000000000004;0.2784000000000001;2.096;6.84;7.36
11286;zone63;4421.5566371748755;3071.026327566895;0.0;zone63;S01010318;12;1588;1497;304;[0.5,0.456522,0.043478];[0.469799,0.47651,0.053691];[0.310345,0.37931,0.310345];[0.678571,0.285714,0.035714];[0.36,0.14,0.34,0.16];3;317.0;-0.175110645645;1040;34;0.11;1.5833333333333333;51.629999999999995;38.166666666666664;73.67666666666668;11.083333333333334;23.5;17.5;5.523333333333333;0.0;4.926666666666667;0.37000000000000005;0.7266666666666667;0.29;1.4233333333333336;6.416666666666667;11.166666666666666
11286;zone64;4173.240913470097;2893.8040771744095;0.0;zone64;S01010319;9;711;624;407;[0.258741,0.608392,0.132867];[0.383399,0.486166,0.130435];[0.439394,0.212121,0.348485];[0.530769,0.384615,0.084615];[0.171974522293,0.0700636942675,0.471337579618,0.286624203822];2;473.0;0.00423719084943;1412;14;0.06222222222222222;1.7777777777777777;48.31555555555556;29.666666666666668;67.19999999999999;9.88888888888889;22.77777777777778;16.77777777777778;4.435555555555556;0.0;1.488888888888889;0.08888888888888889;1.7111111111111112;0.47555555555555556;2.017777777777778;5.666666666666667;7.222222222222222
11286;zone65;3940.1918462749595;2900.8899784533987;0.0;zone65;S01010320;4;675;594;437;[0.257813,0.523438,0.21875];[0.61753,0.298805,0.083665];[0.526316,0.22807,0.245614];[0.805085,0.169492,0.025424];[0.172185430464,0.0662251655629,0.443708609272,0.317880794702];1;646.0;0.202453315259;1189;4;0.04;1.5;40.370000000000005;31.0;69.87;12.5;23.5;13.75;2.67;0.0;2.46;0.34;3.28;0.25;2.0;7.25;8.25
11286;zone66;3905.8658739096163;2664.6669636212755;0.0;zone66;S01010321;7;837;634;432;[0.401709,0.555556,0.042735];[0.54717,0.433962,0.018868];[0.45122,0.439024,0.109756];[0.666667,0.271186,0.062147];[0.212328767123,0.0958904109589,0.390410958904,0.301369863014];1;1019.0;0.631764531736;1941;17;0.09142857142857143;1.2857142857142858;52.73714285714287;25.285714285714285;71.07428571428572;12.571428571428571;23.285714285714285;18.0;3.891428571428572;0.0;2.4914285714285715;0.04;1.3657142857142859;0.5657142857142857;2.2457142857142856;5.142857142857143;7.285714285714286
11286;zone67;3630.3978644730896;3132.1651121578075;0.0;zone67;S01010322;9;1028;914;549;[0.174419,0.549419,0.276163];[0.412399,0.471698,0.115903];[0.298507,0.38806,0.313433];[0.647059,0.323529,0.029412];[0.057268722467,0.0352422907489,0.449339207048,0.458149779736];5;124.0;-0.397569575369;1511;28;0.12444444444444444;1.6666666666666667;40.284444444444446;38.666666666666664;69.53777777777778;11.444444444444445;23.0;13.666666666666666;3.3866666666666663;0.0;5.124444444444444;0.7911111111111111;1.56;0.3911111111111112;1.688888888888889;6.555555555555555;10.222222222222221
11286;zone68;6208.193116766784;3072.425066795916;0.0;zone68;S01010323;4;603;466;377;[0.555556,0.444444,0.0];[0.657143,0.271429,0.071429];[0.642857,0.321429,0.035714];[0.793651,0.166667,0.039683];[0.578431372549,0.166666666667,0.235294117647,0.0196078431373];1;970.0;0.57559463238;1077;9;0.09;2.0;58.19;24.0;76.89;12.5;23.75;20.75;5.4399999999999995;0.0;1.9000000000000001;0.0;1.11;0.5;2.1100000000000003;7.0;8.0
11286;zone69;6517.651722029823;2240.572579661372;0.0;zone69;S01010324;6;759;566;403;[0.142857,0.571429,0.285714];[0.298077,0.490385,0.211538];[0.333333,0.530864,0.135802];[0.401674,0.414226,0.1841];[0.569620253165,0.101265822785,0.291139240506,0.0379746835443];1;407.0;-0.0721601679586;1232;13;0.08;1.3333333333333333;43.779999999999994;31.666666666666668;68.75999999999999;11.5;23.666666666666668;14.666666666666666;1.7466666666666668;0.0;1.3266666666666667;0.0;4.3066666666666675;0.4066666666666667;2.8200000000000003;6.333333333333333;6.833333333333333
11286;zone70;6038.016041009105;2402.8415869980217;0.0;zone70;S01010325;18;939;666;501;[0.263158,0.368421,0.368421];[0.383838,0.525253,0.090909];[0.253623,0.615942,0.130435];[0.451362,0.463035,0.085603];[0.545454545455,0.238636363636,0.193181818182,0.0227272727273];1;225.0;-0.281126582053;1585;38;0.08222222222222222;0.7777777777777778;38.24222222222223;26.11111111111111;63.28888888888889;12.722222222222221;23.0;13.055555555555555;1.5377777777777777;0.0;1.1044444444444446;0.0;3.775555555555555;0.6133333333333332;2.5044444444444443;3.388888888888889;5.833333333333333
11286;zone71;5272.359331052501;2740.775131541117;0.0;zone71;S01010326;39;987;707;494;[0.526316,0.368421,0.105263];[0.522523,0.333333,0.144144];[0.492188,0.3125,0.195313];[0.723514,0.224806,0.05168];[0.54375,0.16875,0.23125,0.05625];1;1389.0;1.05701743376;1010;51;0.05025641025641026;1.358974358974359;47.990769230769224;24.358974358974358;68.2071794871795;11.35897435897436;22.923076923076923;16.358974358974358;1.2779487179487174;0.0;4.208205128205129;0.02051282051282051;1.478974358974359;0.41435897435897445;2.592820512820513;5.923076923076923;6.512820512820513
11286;zone72;4970.167032608406;2501.795090448298;0.0;zone72;S01010327;34;982;660;362;[0.031746,0.507937,0.460317];[0.372881,0.432203,0.194915];[0.289063,0.328125,0.382813];[0.516892,0.347973,0.135135];[0.416184971098,0.21387283237,0.236994219653,0.132947976879];1;470.0;0.000335688704598;927;56;0.06352941176470588;1.1470588235294117;39.84352941176471;26.558823529411764;63.3070588235294;10.323529411764707;23.0;13.676470588235293;1.9294117647058822;0.0;4.774117647058824;0.00705882352941176;1.0070588235294118;0.36705882352941177;2.1882352941176473;4.4411764705882355;7.176470588235294
11286;zone73;5975.307390960257;2677.5485166167286;0.0;zone73;S01010328;24;969;706;445;[0.16129,0.5,0.33871];[0.27044,0.471698,0.257862];[0.192547,0.434783,0.372671];[0.338983,0.432203,0.228814];[0.309352517986,0.258992805755,0.280575539568,0.151079136691];2;457.0;-0.0138550124678;1993;46;0.075;1.9166666666666667;44.48333333333334;26.583333333333332;65.02166666666666;10.416666666666666;22.583333333333332;15.25;1.661666666666667;0.0;1.3599999999999997;0.0;3.1;0.3233333333333334;1.99;6.583333333333333;5.75
