cycle;name;location.x;location.y;location.z;name;dataZone;nm_children;pop;over16;nm_hh;AB_car_prob;C1_car_prob;C2_car_prob;DE_car_prob;prob_social;simd;crimeRate;norm_crime;avg_dis_sh;neigh_play;daily_play_per_child;avg_FSA;avg_walk;daily_OD;zone_mvpa;mvpa_home;mvpa_sc;mvpa_road;mvpa_play_field;mvpa_home_garden;mvpa_park;mvpa_PG;mvpa_amenity;mvpa_shops;mvpa_F_home;mvpa_fsa;mvpa_OD
11286;zone0;8448.90275962388;2625.4515469546564;0.0;zone0;S01010195;19;531;390;212;[0.0,0.481481,0.518519];[0.261538,0.646154,0.092308];[0.12,0.59,0.29];[0.447368,0.368421,0.184211];[0.418918918919,0.283783783784,0.202702702703,0.0945945945946];1;0.0;-0.540229885057;1091;40;0.08;0.5789473684210527;34.18105263157895;27.05263157894737;55.656842105263145;10.210526315789474;21.789473684210527;11.31578947368421;0.6778947368421053;0.0;2.6547368421052635;0.05052631578947368;2.452631578947368;0.30526315789473685;2.3157894736842106;2.3157894736842106;5.368421052631579
11286;zone1;8656.736904000718;2165.9902346445633;0.0;zone1;S01010198;18;1027;748;394;[0.058824,0.529412,0.411765];[0.305785,0.561983,0.132231];[0.219858,0.496454,0.283688];[0.523179,0.331126,0.145695];[0.48623853211,0.229357798165,0.266055045872,0.0183486238532];1;1609.0;1.3102524676;1323;27;0.06;1.0555555555555556;30.33777777777778;21.444444444444443;59.766666666666666;11.88888888888889;23.055555555555557;10.055555555555555;1.0666666666666667;0.0;1.9622222222222225;0.0;2.657777777777778;0.5111111111111112;2.5955555555555554;4.166666666666667;5.222222222222222
11286;zone2;8537.588755655543;3024.028900129281;0.0;zone2;S01010201;22;643;453;253;[0.0,0.47619,0.52381];[0.270833,0.3125,0.416667];[0.088,0.48,0.432];[0.296552,0.434483,0.268966];[0.365853658537,0.292682926829,0.292682926829,0.0487804878049];2;219.0;-0.28762447053;953;37;0.06;1.9545454545454546;35.78545454545455;24.136363636363637;62.436363636363645;11.090909090909092;22.227272727272727;12.272727272727273;0.7545454545454546;0.0;2.0945454545454543;0.0;2.7290909090909095;0.30909090909090914;2.014545454545454;7.136363636363637;5.090909090909091
11286;zone3;8059.42097232239;3767.666522351409;0.0;zone3;S01010203;30;671;504;260;[0.090909,0.363636,0.545455];[0.263804,0.460123,0.276074];[0.094828,0.422414,0.482759];[0.183824,0.375,0.441176];[0.272727272727,0.218181818182,0.363636363636,0.145454545455];3;215.0;-0.292668818285;1941;56;0.07333333333333333;1.5333333333333334;42.00266666666667;23.866666666666667;68.20400000000001;12.2;23.9;14.333333333333334;1.8466666666666671;0.0;1.9000000000000001;0.0;2.913333333333334;0.3946666666666667;2.444;6.5;6.2
11286;zone4;8368.288440296214;3565.498290652094;0.0;zone4;S01010204;30;800;589;381;[0.272727,0.727273,0.0];[0.627451,0.27451,0.098039];[0.444444,0.533333,0.022222];[0.600619,0.321981,0.077399];[0.595041322314,0.157024793388,0.239669421488,0.00826446280992];1;497.0;0.0317745673598;1221;50;0.06133333333333333;1.2666666666666666;36.10133333333332;28.366666666666667;64.73200000000003;11.666666666666666;23.333333333333332;12.066666666666666;1.4653333333333332;0.0;2.477333333333333;0.0;3.4906666666666673;0.3333333333333333;2.489333333333333;5.7;6.933333333333334
11286;zone5;8034.229745798958;3515.110462853287;0.0;zone5;S01010205;15;658;534;355;[0.411765,0.117647,0.470588];[0.465116,0.457364,0.077519];[0.317757,0.588785,0.093458];[0.593458,0.280374,0.126168];[0.466666666667,0.2,0.3,0.0333333333333];1;925.0;0.523434132086;1228;16;0.04266666666666667;1.4666666666666666;44.016;21.533333333333335;66.61333333333333;12.133333333333333;23.4;15.066666666666666;1.4106666666666665;0.0;1.3679999999999999;0.0;3.034666666666667;0.42133333333333334;2.3013333333333335;6.0;5.266666666666667
11286;zone6;7457.064719570519;3739.055375726369;0.0;zone6;S01010208;18;903;745;565;[0.30137,0.589041,0.109589];[0.48062,0.457364,0.062016];[0.272727,0.613636,0.113636];[0.66055,0.270642,0.068807];[0.233333333333,0.133333333333,0.461111111111,0.172222222222];1;603.0;0.153385979085;1446;20;0.04444444444444445;0.7777777777777778;42.87555555555556;26.5;66.3488888888889;12.61111111111111;23.38888888888889;14.833333333333334;1.6266666666666665;0.0;1.6955555555555555;0.0;3.51111111111111;0.33111111111111113;2.8555555555555556;3.7222222222222223;6.333333333333333
11286;zone7;7917.838214725937;1939.334458859395;0.0;zone7;S01010209;24;966;677;468;[0.172414,0.586207,0.241379];[0.333333,0.414966,0.251701];[0.381944,0.458333,0.159722];[0.545852,0.336245,0.117904];[0.337931034483,0.248275862069,0.303448275862,0.110344827586];1;2053.0;1.82052250092;1661;28;0.04333333333333333;1.9166666666666667;48.17333333333334;19.5;66.58000000000003;10.875;22.5;16.375;0.5883333333333333;0.0;1.7299999999999998;0.0;2.3866666666666663;0.3533333333333333;2.1033333333333335;7.75;4.25
11286;zone8;7878.406567747077;2721.2634132011362;0.0;zone8;S01010210;18;885;641;416;[0.173913,0.456522,0.369565];[0.21519,0.5,0.28481];[0.189781,0.386861,0.423358];[0.422111,0.442211,0.135678];[0.394736842105,0.236842105263,0.254385964912,0.114035087719];1;344.0;-0.144253829852;1264;32;0.06888888888888889;1.1666666666666667;33.471111111111114;25.944444444444443;59.50444444444444;10.88888888888889;22.38888888888889;11.166666666666666;1.2111111111111112;0.0;3.586666666666667;0.0;2.151111111111111;0.25333333333333335;2.3200000000000003;3.8333333333333335;6.333333333333333
11286;zone9;7785.599648345685;3201.783800714137;0.0;zone9;S01010211;22;858;634;452;[0.147059,0.705882,0.147059];[0.384615,0.452991,0.162393];[0.469565,0.4,0.130435];[0.722656,0.226563,0.050781];[0.473214285714,0.169642857143,0.285714285714,0.0714285714286];1;430.0;-0.0456985893816;1147;49;0.08727272727272728;1.0454545454545454;33.54909090909091;26.90909090909091;63.709090909090904;12.227272727272727;23.681818181818183;11.136363636363637;1.74;0.0;2.932727272727273;0.0;2.9436363636363634;0.36363636363636365;2.5109090909090908;4.545454545454546;7.0
11286;zone10;7580.688680869333;3097.127786881416;0.0;zone10;S01010212;49;1083;779;559;[0.233333,0.633333,0.133333];[0.594771,0.339869,0.065359];[0.465517,0.405172,0.12931];[0.712821,0.269231,0.017949];[0.566037735849,0.138364779874,0.22641509434,0.0691823899371];1;1473.0;1.15298517036;1192;83;0.0653061224489796;1.2653061224489797;49.61142857142858;28.448979591836736;66.82122448979592;10.612244897959183;22.897959183673468;16.775510204081634;1.528979591836735;0.0;2.623673469387756;0.0;2.9297959183673465;0.36244897959183664;2.4963265306122446;4.8979591836734695;6.612244897959184
11286;zone11;8065.177293237223;3111.5884965344962;0.0;zone11;S01010213;13;924;657;476;[0.105263,0.684211,0.210526];[0.382609,0.547826,0.069565];[0.218543,0.556291,0.225166];[0.467925,0.483019,0.049057];[0.451327433628,0.221238938053,0.274336283186,0.0530973451327];1;247.0;-0.255840453357;725;20;0.05846153846153846;1.6923076923076923;29.03384615384615;21.076923076923077;64.19384615384617;12.923076923076923;23.153846153846153;9.846153846153847;0.606153846153846;0.0;2.338461538461538;0.07076923076923078;2.9753846153846153;0.5907692307692307;1.9600000000000004;7.923076923076923;5.3076923076923075
11286;zone12;7144.994858230166;1947.4125453867302;0.0;zone12;S01010214;27;967;717;396;[0.098592,0.28169,0.619718];[0.197531,0.438272,0.364198];[0.173333,0.493333,0.333333];[0.237069,0.487069,0.275862];[0.361344537815,0.210084033613,0.310924369748,0.117647058824];3;176.0;-0.337854473183;1950;54;0.07851851851851852;1.4444444444444444;48.53925925925927;28.62962962962963;67.94666666666667;10.925925925925926;22.925925925925927;16.48148148148148;1.9244444444444444;0.0;1.8933333333333335;0.0;3.37925925925926;0.3822222222222222;2.331851851851852;5.925925925925926;6.62962962962963
11286;zone13;7013.590150664996;2618.495528189446;0.0;zone13;S01010215;24;850;608;492;[0.571429,0.285714,0.142857];[0.5,0.431373,0.068627];[0.382609,0.391304,0.226087];[0.678571,0.269841,0.051587];[0.467289719626,0.140186915888,0.345794392523,0.0467289719626];1;547.0;0.0886083430805;622;46;0.075;1.0833333333333333;33.94833333333333;28.125;62.31999999999999;11.5;23.25;11.333333333333334;1.1166666666666667;0.0;1.8783333333333336;0.0;4.033333333333334;0.5083333333333333;2.473333333333333;4.416666666666667;6.583333333333333
11286;zone14;7332.222205807836;2329.961970144465;0.0;zone14;S01010216;15;621;464;361;[0.6,0.4,0.0];[0.597701,0.356322,0.045977];[0.409091,0.439394,0.151515];[0.709544,0.273859,0.016598];[0.5,0.163265306122,0.265306122449,0.0714285714286];1;600.0;0.150092344085;1303;23;0.056;1.2;50.10933333333333;22.133333333333333;63.768;10.2;22.2;17.266666666666666;0.6906666666666665;0.0;2.106666666666667;0.0;2.341333333333333;0.38666666666666666;2.146666666666667;4.466666666666667;4.6
11286;zone15;7299.833172322251;2625.8610945736937;0.0;zone15;S01010217;33;817;598;406;[0.16129,0.516129,0.322581];[0.565517,0.4,0.034483];[0.5,0.431373,0.068627];[0.702703,0.283784,0.013514];[0.541935483871,0.0967741935484,0.296774193548,0.0645161290323];1;1060.0;0.679274950851;1008;65;0.07636363636363637;1.5454545454545454;44.33575757575758;31.333333333333332;68.44848484848487;11.515151515151516;23.060606060606062;15.151515151515152;1.367272727272727;0.0;2.539393939393939;0.0;3.877575757575757;0.3357575757575757;2.403636363636364;6.424242424242424;7.333333333333333
11286;zone16;7142.953643082513;3018.5401822929393;0.0;zone16;S01010218;31;1018;790;587;[0.425532,0.404255,0.170213];[0.392523,0.453271,0.154206];[0.358209,0.492537,0.149254];[0.589124,0.335347,0.075529];[0.424657534247,0.109589041096,0.369863013699,0.0958904109589];1;557.0;0.101026678737;568;47;0.05806451612903226;1.1290322580645162;31.77032258064517;28.612903225806452;60.800000000000004;11.129032258064516;23.032258064516128;10.67741935483871;1.2606451612903224;0.0;1.6103225806451615;0.0;3.6774193548387095;0.33419354838709686;2.6529032258064515;4.741935483870968;6.096774193548387
11286;zone17;6738.8937706128745;4298.8917997019325;0.0;zone17;S01010219;21;503;382;274;[0.695652,0.304348,0.0];[0.758621,0.215517,0.025862];[0.761905,0.166667,0.071429];[0.781609,0.195402,0.022989];[0.41935483871,0.0752688172043,0.408602150538,0.0967741935484];2;184.0;-0.327838932938;1427;47;0.08761904761904762;1.6666666666666667;53.135238095238094;29.095238095238095;69.86857142857144;10.476190476190476;22.952380952380953;17.952380952380953;2.5276190476190474;0.0;3.403809523809524;0.06285714285714286;1.847619047619047;0.4590476190476191;2.2590476190476187;6.238095238095238;7.380952380952381
11286;zone18;5915.780765415368;4211.222876105162;0.0;zone18;S01010220;7;476;433;279;[0.181159,0.608696,0.210145];[0.404255,0.531915,0.06383];[0.227273,0.704545,0.068182];[0.448276,0.482759,0.068966];[0.154545454545,0.0636363636364,0.318181818182,0.463636363636];5;267.0;-0.232306706325;1143;18;0.09714285714285714;2.0;44.44571428571428;23.714285714285715;70.28571428571429;12.285714285714286;23.857142857142858;15.0;2.9714285714285715;0.0;1.965714285714286;0.03428571428571429;2.634285714285714;0.4114285714285715;1.7314285714285713;7.714285714285714;7.285714285714286
11286;zone19;6341.0811208317455;3913.8398648988496;0.0;zone19;S01010221;13;546;394;260;[0.6,0.4,0.0];[0.557377,0.409836,0.032787];[0.538462,0.323077,0.138462];[0.699387,0.257669,0.042945];[0.609375,0.140625,0.203125,0.046875];1;635.0;0.19005459739;1112;16;0.04615384615384616;1.5384615384615385;46.12;18.53846153846154;68.71076923076922;12.307692307692308;23.76923076923077;15.615384615384615;2.6338461538461546;0.0;2.5846153846153848;0.08307692307692308;0.6707692307692308;0.3784615384615385;2.209230769230769;6.6923076923076925;5.384615384615385
11286;zone20;7001.213463613622;4053.9957950241624;0.0;zone20;S01010222;15;492;414;285;[0.142857,0.5,0.357143];[0.432432,0.459459,0.108108];[0.348624,0.522936,0.12844];[0.747899,0.235294,0.016807];[0.345238095238,0.214285714286,0.309523809524,0.130952380952];1;377.0;-0.105830277325;1701;17;0.04266666666666667;1.0666666666666667;40.461333333333336;20.666666666666668;61.37866666666668;11.533333333333333;22.666666666666668;13.6;1.7440000000000002;0.0;1.248;0.0;1.9626666666666666;0.3413333333333334;2.4320000000000004;4.333333333333333;4.533333333333333
11286;zone21;6986.8418912765155;3434.1450308482026;0.0;zone21;S01010223;4;556;462;337;[0.076923,0.538462,0.384615];[0.567797,0.330508,0.101695];[0.472222,0.444444,0.083333];[0.584699,0.36612,0.04918];[0.432432432432,0.162162162162,0.324324324324,0.0810810810811];1;439.0;-0.0353356041414;1651;5;0.05;1.0;43.900000000000006;21.5;75.37;16.0;25.75;14.75;1.62;0.0;1.6;0.0;3.7500000000000004;1.04;2.92;6.25;6.5
11286;zone22;6247.397837456437;3329.661273309237;0.0;zone22;S01010224;40;1036;727;469;[0.405405,0.540541,0.054054];[0.592593,0.274074,0.133333];[0.418803,0.504274,0.076923];[0.768421,0.202632,0.028947];[0.506097560976,0.140243902439,0.268292682927,0.0853658536585];1;1004.0;0.614259332793;973;65;0.061;1.225;44.18900000000001;22.25;67.30300000000001;11.825;23.6;15.075;3.7739999999999996;0.0;1.597;0.031;1.059;0.38800000000000007;2.757;5.55;6.075
11286;zone23;7827.985844039554;4105.4701191949;0.0;zone23;S01010225;33;812;636;431;[0.25,0.634615,0.115385];[0.469072,0.43299,0.097938];[0.54023,0.413793,0.045977];[0.672065,0.234818,0.093117];[0.385185185185,0.125925925926,0.325925925926,0.162962962963];1;1006.0;0.616572011517;1644;42;0.04848484848484848;1.2424242424242424;46.52484848484849;21.696969696969695;65.2739393939394;10.848484848484848;23.181818181818183;15.909090909090908;1.716363636363636;0.0;2.347878787878788;0.0;1.9527272727272726;0.3866666666666667;2.5127272727272727;4.848484848484849;5.666666666666667
11286;zone24;7040.363001382077;4481.052780471187;0.0;zone24;S01010226;40;816;565;394;[0.454545,0.242424,0.30303];[0.715385,0.2,0.084615];[0.540541,0.405405,0.054054];[0.766917,0.18797,0.045113];[0.503355704698,0.201342281879,0.221476510067,0.0738255033557];2;422.0;-0.0548014077425;1244;124;0.12;0.825;44.333999999999996;35.125;68.06600000000002;11.425;23.25;15.125;4.089999999999999;0.0;4.259;0.032;1.81;0.466;2.6260000000000003;3.3;9.7
11286;zone25;6847.772309074456;4638.663588163389;0.0;zone25;S01010227;39;692;454;294;[0.413793,0.413793,0.172414];[0.704545,0.238636,0.056818];[0.654545,0.345455,0.0];[0.810606,0.159091,0.030303];[0.672268907563,0.0924369747899,0.159663865546,0.0756302521008];4;0.0;-0.540229885057;1104;162;0.15897435897435896;1.1538461538461537;45.264615384615404;41.87179487179487;71.79179487179488;11.256410256410257;23.0;15.487179487179487;3.231794871794872;0.0;7.729230769230771;0.07794871794871795;1.9025641025641016;0.4369230769230769;2.1117948717948716;4.871794871794871;12.512820512820513
11286;zone26;8241.816993110848;4572.457656401622;0.0;zone26;S01010229;30;1016;787;508;[0.1,0.625,0.275];[0.350877,0.350877,0.298246];[0.348315,0.477528,0.174157];[0.565217,0.310559,0.124224];[0.420731707317,0.213414634146,0.292682926829,0.0731707317073];1;395.0;-0.0859445809966;1226;54;0.068;1.2333333333333334;42.212;20.8;64.012;11.266666666666667;23.033333333333335;14.3;1.5493333333333335;0.0;2.5013333333333336;0.0;1.7053333333333334;0.31733333333333336;2.3946666666666663;5.2;5.233333333333333
11286;zone27;7458.320056766788;4680.341251240345;0.0;zone27;S01010230;24;1005;772;577;[0.314286,0.628571,0.057143];[0.703883,0.296117,0.0];[0.727273,0.218182,0.054545];[0.71831,0.24507,0.03662];[0.517857142857,0.136904761905,0.267857142857,0.077380952381];1;846.0;0.433218203459;906;42;0.065;0.9583333333333334;32.708333333333336;28.458333333333332;61.945000000000014;11.583333333333334;23.0;11.0;1.6849999999999998;0.0;4.158333333333334;0.08333333333333333;2.023333333333333;0.4366666666666666;2.7533333333333334;3.5416666666666665;7.416666666666667
11286;zone28;7569.802990100143;4917.458811240416;0.0;zone28;S01010232;37;1074;792;485;[0.457143,0.485714,0.057143];[0.557292,0.338542,0.104167];[0.492063,0.333333,0.174603];[0.654229,0.251244,0.094527];[0.470297029703,0.153465346535,0.306930693069,0.0693069306931];1;771.0;0.347049794199;947;51;0.05405405405405406;1.3243243243243243;40.84972972972974;26.81081081081081;67.34054054054054;11.864864864864865;23.54054054054054;13.945945945945946;1.5502702702702704;0.0;3.004324324324324;0.01081081081081081;2.8518918918918916;0.44432432432432434;2.5956756756756754;5.783783783783784;7.0
11286;zone29;7830.713068379679;4879.746446724283;0.0;zone29;S01010233;33;970;705;476;[0.275,0.625,0.1];[0.655629,0.245033,0.099338];[0.52809,0.426966,0.044944];[0.771505,0.212366,0.016129];[0.587209302326,0.093023255814,0.261627906977,0.0581395348837];1;284.0;-0.213781821634;1421;64;0.07515151515151515;1.1818181818181819;52.781818181818174;25.515151515151516;68.50424242424242;11.151515151515152;23.151515151515152;17.757575757575758;1.6315151515151516;0.0;2.3393939393939394;0.08606060606060606;2.618181818181818;0.40606060606060607;2.6521212121212123;4.96969696969697;6.2727272727272725
11286;zone30;6473.383843181837;4954.519765957263;0.0;zone30;S01010261;6;2551;2373;526;[0.666667,0.270833,0.0625];[0.675841,0.281346,0.042813];[0.75,0.25,0.0];[0.824468,0.164894,0.010638];[0.41,0.06,0.41,0.12];3;176.0;-0.337679921334;1637;15;0.1;1.6666666666666667;67.70666666666666;27.666666666666668;77.71999999999998;11.833333333333334;24.0;23.166666666666668;1.9066666666666665;0.0;1.5000000000000002;0.03333333333333333;3.1333333333333333;0.46;2.766666666666667;7.5;6.166666666666667
11286;zone31;4930.642193689802;4959.449818932565;0.0;zone31;S01010266;3;555;474;237;[0.320755,0.556604,0.122642];[0.677273,0.254545,0.068182];[0.5,0.461538,0.038462];[0.534247,0.30137,0.164384];[0.141176470588,0.0588235294118,0.4,0.4];3;536.0;0.0761386922126;1226;2;0.02666666666666667;3.6666666666666665;27.05333333333333;19.0;70.72000000000001;13.0;24.333333333333332;8.666666666666666;0.7200000000000001;0.0;4.666666666666667;0.27999999999999997;0.48;0.3066666666666667;0.9866666666666667;15.333333333333334;5.333333333333333
11286;zone32;5712.5549897826;4979.400336637217;0.0;zone32;S01010270;4;1153;972;817;[0.389831,0.533898,0.076271];[0.70255,0.252125,0.045326];[0.714286,0.272727,0.012987];[0.771552,0.228448,0.0];[0.125,0.0909090909091,0.454545454545,0.329545454545];1;871.0;0.461200629557;1682;1;0.01;2.0;63.00000000000001;19.5;71.68;10.75;23.0;21.0;1.9400000000000002;0.0;1.29;0.1;1.9000000000000001;0.28;1.47;8.0;4.75
11286;zone33;3394.0723536088512;4934.677182292946;0.0;zone33;S01010282;13;976;841;645;[0.438776,0.520408,0.040816];[0.545732,0.405488,0.04878];[0.521277,0.382979,0.095745];[0.712707,0.232044,0.055249];[0.190954773869,0.070351758794,0.35175879397,0.386934673367];2;350.0;-0.137812028107;1381;16;0.04615384615384616;2.3846153846153846;52.24615384615384;24.846153846153847;74.41538461538462;11.0;24.076923076923077;17.615384615384617;2.36;0.0;3.7507692307692313;0.6923076923076923;1.0769230769230769;0.4707692307692308;1.4061538461538463;9.846153846153847;7.3076923076923075
11286;zone34;4385.789287498423;4835.237486850067;0.0;zone34;S01010289;15;771;687;380;[0.130952,0.511905,0.357143];[0.262911,0.502347,0.234742];[0.178571,0.464286,0.357143];[0.410256,0.435897,0.153846];[0.058064516129,0.0322580645161,0.245161290323,0.664516129032];5;259.0;-0.241396294863;1479;44;0.10933333333333334;1.6666666666666667;33.45333333333333;33.4;58.91733333333333;9.066666666666666;22.066666666666666;11.133333333333333;1.3253333333333333;0.0;3.965333333333333;1.3813333333333333;1.0346666666666668;0.28;1.4906666666666666;5.333333333333333;7.266666666666667
11286;zone35;4401.5375624188455;4669.062022109911;0.0;zone35;S01010290;13;546;485;278;[0.198198,0.603604,0.198198];[0.485944,0.449799,0.064257];[0.555556,0.444444,0.0];[0.435897,0.512821,0.051282];[0.10752688172,0.0430107526882,0.494623655914,0.354838709677];3;353.0;-0.133686757747;1272;42;0.12307692307692308;1.6923076923076923;52.400000000000006;38.23076923076923;78.51384615384616;12.23076923076923;24.53846153846154;17.615384615384617;2.7138461538461534;0.0;7.781538461538461;1.0061538461538464;1.0953846153846154;0.4000000000000001;1.8430769230769228;7.538461538461538;12.076923076923077
11286;zone36;4119.983651650423;4281.100418217042;0.0;zone36;S01010291;12;1075;975;481;[0.405594,0.447552,0.146853];[0.627907,0.277132,0.094961];[0.415094,0.433962,0.150943];[0.562963,0.325926,0.111111];[0.197080291971,0.0729927007299,0.445255474453,0.284671532847];3;438.0;-0.0363924713322;1018;22;0.07333333333333333;1.75;51.956666666666656;36.666666666666664;69.74666666666667;9.833333333333334;22.666666666666668;17.666666666666668;1.2666666666666668;0.0;6.09;2.0366666666666666;0.5266666666666666;0.49;1.6966666666666665;5.75;9.416666666666666
11286;zone37;4399.731076226201;4291.6703625917;0.0;zone37;S01010292;10;890;831;409;[0.348214,0.508929,0.142857];[0.477169,0.420091,0.10274];[0.339286,0.446429,0.214286];[0.55814,0.383721,0.05814];[0.128378378378,0.0540540540541,0.398648648649,0.418918918919];4;323.0;-0.168488563048;1051;15;0.06;1.6;40.356;30.0;63.164;9.7;22.1;13.3;2.408;0.0;4.232;0.992;0.44000000000000006;0.28800000000000003;1.716;5.8;7.7
11286;zone38;4514.690807242894;4541.15458266895;0.0;zone38;S01010293;16;839;723;373;[0.51773,0.35461,0.12766];[0.635389,0.262735,0.101877];[0.446809,0.319149,0.234043];[0.514286,0.392857,0.092857];[0.242424242424,0.0606060606061,0.393939393939,0.30303030303];3;290.0;-0.205814991507;1486;41;0.1;1.5625;59.165;38.4375;72.3;10.5;22.625;20.125;2.1125000000000003;0.0;5.4975000000000005;1.5275000000000003;0.7925;0.42250000000000004;2.2750000000000004;4.75;9.4375
11286;zone39;4541.7482834333705;4418.565122351524;0.0;zone39;S01010294;13;690;631;275;[0.242105,0.526316,0.231579];[0.650873,0.214464,0.134663];[0.583333,0.208333,0.208333];[0.414894,0.489362,0.095745];[0.164835164835,0.043956043956,0.494505494505,0.296703296703];4;440.0;-0.0342259463805;1077;37;0.11076923076923077;2.0;37.49846153846154;36.92307692307692;65.73846153846154;9.846153846153847;22.615384615384617;12.615384615384615;2.470769230769231;0.0;4.726153846153846;1.5415384615384615;0.7538461538461539;0.39076923076923087;1.643076923076923;7.615384615384615;9.0
11286;zone40;4766.8646917667475;4574.50133624035;0.0;zone40;S01010295;18;974;870;427;[0.384615,0.391026,0.224359];[0.604555,0.310559,0.084886];[0.428571,0.285714,0.285714];[0.390728,0.516556,0.092715];[0.212765957447,0.113475177305,0.297872340426,0.375886524823];4;529.0;0.0680145754747;1500;48;0.10222222222222223;1.8888888888888888;54.495555555555555;38.388888888888886;71.06666666666666;10.0;22.27777777777778;18.5;1.5644444444444445;0.0;6.182222222222222;1.3466666666666665;1.0933333333333333;0.388888888888889;1.2733333333333334;6.444444444444445;9.722222222222221
11286;zone41;4647.752341766679;4736.091736240359;0.0;zone41;S01010296;16;664;560;291;[0.294118,0.423529,0.282353];[0.520913,0.368821,0.110266];[0.375,0.375,0.25];[0.475524,0.391608,0.132867];[0.282828282828,0.111111111111,0.363636363636,0.242424242424];2;856.0;0.444094443477;1015;37;0.085;1.625;36.19;32.0;65.1825;11.375;22.6875;12.3125;2.1225;0.0;4.6899999999999995;1.0899999999999996;0.6399999999999999;0.4625;1.6500000000000001;6.375;8.0625
11286;zone42;5522.849421766708;4411.996091240393;0.0;zone42;S01010297;7;1066;894;676;[0.582609,0.382609,0.034783];[0.691824,0.245283,0.062893];[0.540541,0.333333,0.126126];[0.681275,0.270916,0.047809];[0.260563380282,0.140845070423,0.37323943662,0.225352112676];1;504.0;0.0391758595379;1310;11;0.06285714285714286;1.4285714285714286;45.565714285714286;25.857142857142858;60.457142857142856;9.142857142857142;22.0;15.571428571428571;1.7028571428571428;0.0;1.2685714285714287;0.2571428571428572;1.9942857142857142;0.48;2.2914285714285714;4.0;4.857142857142857
11286;zone43;4706.481893689814;4143.807995855712;0.0;zone43;S01010298;12;880;677;515;[0.308943,0.479675,0.211382];[0.581395,0.356589,0.062016];[0.539683,0.396825,0.063492];[0.744828,0.193103,0.062069];[0.227272727273,0.0984848484848,0.371212121212,0.30303030303];1;486.0;0.0190902878356;1158;11;0.03666666666666667;2.0;45.78333333333334;22.916666666666668;69.58666666666666;11.75;22.916666666666668;15.75;1.75;0.0;3.366666666666667;0.8933333333333332;0.58;0.28;1.5500000000000005;8.916666666666666;6.0
11286;zone44;4885.424673909578;4209.645754097502;0.0;zone44;S01010299;4;536;404;292;[0.3,0.54,0.16];[0.556701,0.340206,0.103093];[0.458333,0.520833,0.020833];[0.584906,0.283019,0.132075];[0.428571428571,0.0857142857143,0.285714285714,0.2];1;375.0;-0.10827530326;722;10;0.09;1.0;34.42;21.25;68.72;14.5;25.0;12.0;1.9200000000000002;0.0;0.77;0.64;3.4499999999999997;0.37;3.8600000000000003;4.5;6.0
11286;zone45;4883.397012115578;4340.414778682246;0.0;zone45;S01010300;21;934;764;478;[0.460784,0.411765,0.127451];[0.664653,0.238671,0.096677];[0.632353,0.323529,0.044118];[0.606383,0.329787,0.06383];[0.3046875,0.125,0.3515625,0.21875];2;513.0;0.0498225801839;604;46;0.0838095238095238;1.3333333333333333;36.024761904761895;26.904761904761905;67.63809523809525;12.714285714285714;23.61904761904762;12.095238095238095;1.8571428571428572;0.0;2.586666666666667;0.3123809523809524;2.8495238095238102;0.49142857142857144;2.420952380952381;6.809523809523809;7.142857142857143
11286;zone46;5144.66081966521;4032.769083704074;0.0;zone46;S01010301;6;522;457;283;[0.292683,0.597561,0.109756];[0.57563,0.315126,0.109244];[0.222222,0.703704,0.074074];[0.561798,0.393258,0.044944];[0.214285714286,0.0612244897959,0.459183673469,0.265306122449];4;490.0;0.0232745011966;2067;25;0.14666666666666667;0.8333333333333334;53.55333333333335;48.5;73.57333333333334;10.833333333333334;22.833333333333332;17.833333333333332;6.093333333333334;0.0;2.36;0.6733333333333333;4.500000000000001;0.52;2.1133333333333333;3.6666666666666665;13.166666666666666
11286;zone47;5165.568789180556;4297.038752619699;0.0;zone47;S01010302;24;669;495;388;[0.65625,0.28125,0.0625];[0.6,0.356522,0.043478];[0.716981,0.226415,0.056604];[0.801802,0.18018,0.018018];[0.582417582418,0.0769230769231,0.263736263736,0.0769230769231];1;392.0;-0.0896499889057;1207;44;0.06833333333333333;1.5;49.835;28.583333333333332;67.66833333333332;10.708333333333334;22.875;16.75;2.0849999999999995;0.0;1.2716666666666667;0.23666666666666666;2.7399999999999998;0.37166666666666676;1.8966666666666667;7.083333333333333;5.916666666666667
11286;zone48;5241.140616766716;4139.402270499609;0.0;zone48;S01010303;33;579;387;250;[0.692308,0.153846,0.153846];[0.56701,0.298969,0.134021];[0.630435,0.282609,0.086957];[0.658879,0.285047,0.056075];[0.58407079646,0.106194690265,0.274336283186,0.0353982300885];1;415.0;-0.0627120940391;1465;68;0.07757575757575758;1.2424242424242424;43.021818181818176;29.848484848484848;63.850909090909106;10.515151515151516;22.424242424242426;14.393939393939394;3.0048484848484844;0.0;1.246060606060606;0.26545454545454544;2.45939393939394;0.41090909090909084;2.0351515151515147;5.242424242424242;6.515151515151516
11286;zone49;4853.647576226233;3833.123065294377;0.0;zone49;S01010304;12;542;456;332;[0.323529,0.514706,0.161765];[0.635135,0.25,0.114865];[0.477273,0.522727,0.0];[0.829268,0.109756,0.060976];[0.372340425532,0.0425531914894,0.297872340426,0.287234042553];1;804.0;0.384523850516;1680;24;0.07666666666666666;1.1666666666666667;54.74666666666667;34.416666666666664;69.60666666666667;10.75;22.75;18.75;3.5533333333333332;0.0;1.04;0.6133333333333333;2.9699999999999993;0.32000000000000006;2.106666666666667;5.083333333333333;7.75
11286;zone50;4697.410406890209;3639.1027396354093;0.0;zone50;S01010305;7;807;694;478;[0.36036,0.468468,0.171171];[0.553191,0.33617,0.110638];[0.409639,0.301205,0.289157];[0.589888,0.337079,0.073034];[0.198529411765,0.0735294117647,0.382352941176,0.345588235294];1;223.0;-0.28282788147;578;9;0.05142857142857143;3.142857142857143;45.41714285714285;23.285714285714285;68.6;9.714285714285714;22.857142857142858;15.857142857142858;3.6857142857142855;0.0;1.1942857142857142;0.6857142857142857;0.4114285714285714;0.34285714285714286;1.1371428571428572;10.714285714285714;5.428571428571429
11286;zone51;4591.3082521834585;3868.367573740388;0.0;zone51;S01010306;13;752;675;449;[0.35625,0.56875,0.075];[0.570588,0.355882,0.073529];[0.283019,0.566038,0.150943];[0.650943,0.330189,0.018868];[0.165680473373,0.0473372781065,0.479289940828,0.307692307692];2;238.0;-0.265781391166;832;32;0.09538461538461539;2.076923076923077;45.30769230769231;26.53846153846154;72.34769230769231;12.538461538461538;23.53846153846154;15.76923076923077;2.421538461538461;0.0;1.5692307692307692;2.3261538461538462;0.4338461538461539;0.4553846153846154;2.0615384615384618;9.615384615384615;6.3076923076923075
11286;zone52;4503.72067559025;3742.2957906521283;0.0;zone52;S01010307;9;821;732;428;[0.189922,0.577519,0.232558];[0.407407,0.487654,0.104938];[0.346154,0.538462,0.115385];[0.71875,0.234375,0.046875];[0.0681818181818,0.0568181818182,0.375,0.5];5;319.0;-0.172537833795;438;22;0.09333333333333334;2.6666666666666665;40.760000000000005;43.55555555555556;76.19111111111111;12.333333333333334;23.666666666666668;13.666666666666666;2.9822222222222217;0.0;1.0755555555555556;5.115555555555556;0.5777777777777778;0.20444444444444446;1.0977777777777777;13.555555555555555;9.333333333333334
11286;zone53;4364.519870735056;4047.768725526131;0.0;zone53;S01010308;9;975;858;480;[0.285714,0.54007,0.174216];[0.511936,0.384615,0.103448];[0.254902,0.411765,0.333333];[0.648352,0.307692,0.043956];[0.0970873786408,0.0631067961165,0.359223300971,0.480582524272];4;257.0;-0.244477582955;1246;34;0.14666666666666667;1.3333333333333333;48.82666666666667;36.44444444444444;66.33777777777777;10.666666666666666;22.22222222222222;17.22222222222222;3.5555555555555554;0.0;2.0;2.151111111111111;0.7377777777777778;0.32000000000000006;2.0044444444444443;3.888888888888889;8.11111111111111
11286;zone54;5381.88771051669;3636.3205112402793;0.0;zone54;S01010309;4;419;356;264;[0.333333,0.25,0.416667];[0.478873,0.422535,0.098592];[0.352941,0.382353,0.264706];[0.705882,0.24183,0.052288];[0.365853658537,0.170731707317,0.390243902439,0.0731707317073];1;0.0;-0.540229885057;2153;6;0.06;1.0;44.480000000000004;32.75;64.12;10.75;22.75;15.0;2.74;0.0;3.02;0.38;2.1399999999999997;0.30000000000000004;1.6;3.5;7.75
11286;zone55;5657.373406240428;3625.6586165034923;0.0;zone55;S01010310;13;706;540;381;[0.333333,0.238095,0.428571];[0.565517,0.337931,0.096552];[0.54902,0.27451,0.176471];[0.715415,0.256917,0.027668];[0.484848484848,0.151515151515,0.318181818182,0.0454545454545];1;574.0;0.120406534162;845;28;0.08615384615384615;0.5384615384615384;42.83076923076923;29.23076923076923;60.94461538461538;10.76923076923077;22.53846153846154;14.461538461538462;2.16;0.0;0.9353846153846154;0.5753846153846154;2.686153846153846;0.3846153846153847;2.6276923076923073;2.1538461538461537;5.923076923076923
11286;zone56;5685.425126382168;3318.6970593171873;0.0;zone56;S01010311;22;721;556;351;[0.411765,0.352941,0.235294];[0.472222,0.453704,0.074074];[0.571429,0.404762,0.02381];[0.717949,0.271062,0.010989];[0.565217391304,0.121739130435,0.269565217391,0.0434782608696];1;1534.0;1.22364271569;1642;40;0.06909090909090909;0.9090909090909091;50.785454545454556;30.0;65.75454545454544;10.590909090909092;22.227272727272727;17.363636363636363;2.501818181818182;0.0;3.3636363636363638;0.03090909090909091;2.1000000000000005;0.3690909090909091;2.169090909090909;3.227272727272727;7.545454545454546
11286;zone57;5466.52613028024;3072.1402274564575;0.0;zone57;S01010312;34;868;647;425;[0.117647,0.823529,0.058824];[0.754386,0.22807,0.017544];[0.407407,0.444444,0.148148];[0.804945,0.153846,0.041209];[0.586956521739,0.115942028986,0.268115942029,0.0289855072464];1;685.0;0.247477927043;1651;46;0.05058823529411765;0.9705882352941176;54.08941176470588;26.41176470588235;66.6929411764706;10.558823529411764;22.441176470588236;18.38235294117647;1.5823529411764705;0.0;3.16;0.03058823529411765;2.0682352941176463;0.456470588235294;2.5717647058823525;3.7941176470588234;6.382352941176471
11286;zone58;5251.7403530303945;3502.549209042501;0.0;zone58;S01010313;16;654;529;356;[0.428571,0.285714,0.285714];[0.6,0.333333,0.066667];[0.433735,0.481928,0.084337];[0.739623,0.162264,0.098113];[0.648351648352,0.131868131868,0.175824175824,0.043956043956];1;565.0;0.109617915218;2142;29;0.0675;0.8125;59.80500000000001;28.875;72.78999999999999;12.25;23.375;20.5;3.7749999999999995;0.0;2.0274999999999994;0.0175;2.6575000000000006;0.5325000000000001;2.4725;3.5;8.1875
11286;zone59;4840.312157862589;3385.4448126102257;0.0;zone59;S01010314;21;1248;1034;550;[0.358209,0.507463,0.134328];[0.514493,0.333333,0.152174];[0.5,0.326923,0.173077];[0.636,0.324,0.04];[0.316901408451,0.133802816901,0.401408450704,0.147887323944];1;637.0;0.192402372167;1120;34;0.06476190476190476;1.4761904761904763;42.2552380952381;25.095238095238095;68.46095238095238;12.523809523809524;23.571428571428573;14.047619047619047;3.001904761904762;0.0;2.5180952380952384;1.0133333333333334;0.7238095238095238;0.5295238095238095;1.8742857142857146;6.809523809523809;6.666666666666667
11286;zone60;4536.293429266749;2504.1273706154316;0.0;zone60;S01010315;43;911;678;409;[0.180723,0.554217,0.26506];[0.252632,0.457895,0.289474];[0.208333,0.5,0.291667];[0.55144,0.345679,0.102881];[0.308176100629,0.169811320755,0.358490566038,0.163522012579];2;382.0;-0.100954860853;1612;77;0.06976744186046512;1.3255813953488371;42.93395348837209;29.511627906976745;64.67255813953487;10.511627906976743;22.6046511627907;14.581395348837209;3.4269767441860477;0.0;1.9423255813953488;0.02232558139534884;2.411162790697674;0.3246511627906976;2.3813953488372093;4.767441860465116;7.325581395348837
11286;zone61;4589.6619547948285;2943.195659127726;0.0;zone61;S01010316;25;512;414;304;[0.392157,0.529412,0.078431];[0.62931,0.37069,0.0];[0.439024,0.560976,0.0];[0.775401,0.224599,0.0];[0.439252336449,0.102803738318,0.252336448598,0.205607476636];1;481.0;0.0128180141103;1417;55;0.0848;1.28;49.5712;28.28;69.70559999999999;11.48;23.4;16.68;2.8256;0.0;2.7680000000000002;0.0352;2.3584;0.4976000000000001;2.4048;5.4;7.32
11286;zone63;4421.5566371748755;3071.026327566895;0.0;zone63;S01010318;12;1588;1497;304;[0.5,0.456522,0.043478];[0.469799,0.47651,0.053691];[0.310345,0.37931,0.310345];[0.678571,0.285714,0.035714];[0.36,0.14,0.34,0.16];3;317.0;-0.175110645645;1009;30;0.09666666666666666;0.9166666666666666;51.26333333333333;38.333333333333336;71.36666666666666;10.75;23.416666666666668;17.333333333333332;6.696666666666666;0.0;3.7733333333333334;0.37333333333333335;0.62;0.38666666666666677;2.6566666666666667;3.3333333333333335;10.916666666666666
11286;zone64;4173.240913470097;2893.8040771744095;0.0;zone64;S01010319;9;711;624;407;[0.258741,0.608392,0.132867];[0.383399,0.486166,0.130435];[0.439394,0.212121,0.348485];[0.530769,0.384615,0.084615];[0.171974522293,0.0700636942675,0.471337579618,0.286624203822];2;473.0;0.00423719084943;1405;15;0.06666666666666667;1.6666666666666667;46.91111111111111;27.88888888888889;66.16;10.666666666666666;22.555555555555557;16.22222222222222;2.977777777777778;0.0;1.2977777777777777;0.3022222222222222;1.9911111111111113;0.32888888888888895;1.6622222222222223;6.444444444444445;6.222222222222222
11286;zone65;3940.1918462749595;2900.8899784533987;0.0;zone65;S01010320;4;675;594;437;[0.257813,0.523438,0.21875];[0.61753,0.298805,0.083665];[0.526316,0.22807,0.245614];[0.805085,0.169492,0.025424];[0.172185430464,0.0662251655629,0.443708609272,0.317880794702];1;646.0;0.202453315259;1189;8;0.08;2.25;44.8;18.25;71.57000000000001;12.75;23.5;14.75;2.5100000000000002;0.0;0.76;0.5;1.2;0.45;1.3800000000000001;12.5;4.75
11286;zone66;3905.8658739096163;2664.6669636212755;0.0;zone66;S01010321;7;837;634;432;[0.401709,0.555556,0.042735];[0.54717,0.433962,0.018868];[0.45122,0.439024,0.109756];[0.666667,0.271186,0.062147];[0.212328767123,0.0958904109589,0.390410958904,0.301369863014];1;1019.0;0.631764531736;1924;15;0.08;1.5714285714285714;48.068571428571424;21.142857142857142;68.20571428571428;12.428571428571429;23.142857142857142;16.285714285714285;2.1999999999999997;0.0;1.3714285714285717;0.01714285714285714;2.1714285714285713;0.27999999999999997;2.0685714285714285;6.142857142857143;5.428571428571429
11286;zone67;3630.3978644730896;3132.1651121578075;0.0;zone67;S01010322;9;1028;914;549;[0.174419,0.549419,0.276163];[0.412399,0.471698,0.115903];[0.298507,0.38806,0.313433];[0.647059,0.323529,0.029412];[0.057268722467,0.0352422907489,0.449339207048,0.458149779736];5;124.0;-0.397569575369;1492;27;0.12;1.5555555555555556;30.77777777777778;31.22222222222222;63.58222222222222;11.555555555555555;23.0;10.333333333333334;1.951111111111111;0.0;3.9644444444444438;1.0888888888888888;1.4844444444444447;0.4844444444444444;1.4755555555555557;6.444444444444445;8.0
11286;zone68;6208.193116766784;3072.425066795916;0.0;zone68;S01010323;4;603;466;377;[0.555556,0.444444,0.0];[0.657143,0.271429,0.071429];[0.642857,0.321429,0.035714];[0.793651,0.166667,0.039683];[0.578431372549,0.166666666667,0.235294117647,0.0196078431373];1;970.0;0.57559463238;1077;10;0.08;0.25;52.56;25.75;71.15;11.75;24.75;18.75;6.670000000000001;0.0;0.78;0.0;1.42;0.35000000000000003;4.2700000000000005;0.75;8.5
11286;zone69;6517.651722029823;2240.572579661372;0.0;zone69;S01010324;6;759;566;403;[0.142857,0.571429,0.285714];[0.298077,0.490385,0.211538];[0.333333,0.530864,0.135802];[0.401674,0.414226,0.1841];[0.569620253165,0.101265822785,0.291139240506,0.0379746835443];1;407.0;-0.0721601679586;1573;6;0.03333333333333333;2.0;51.526666666666664;22.0;71.80666666666666;12.166666666666666;23.333333333333332;17.5;1.3399999999999999;0.0;0.9199999999999999;0.0;2.6666666666666665;0.48;1.5866666666666667;10.0;4.5
11286;zone70;6038.016041009105;2402.8415869980217;0.0;zone70;S01010325;18;939;666;501;[0.263158,0.368421,0.368421];[0.383838,0.525253,0.090909];[0.253623,0.615942,0.130435];[0.451362,0.463035,0.085603];[0.545454545455,0.238636363636,0.193181818182,0.0227272727273];1;225.0;-0.281126582053;1526;37;0.08222222222222222;1.2777777777777777;38.69333333333334;26.333333333333332;64.38;12.333333333333334;22.833333333333332;13.11111111111111;1.5666666666666664;0.0;1.0844444444444443;0.0;4.202222222222222;0.49555555555555564;2.2577777777777777;4.777777777777778;6.333333333333333
11286;zone71;5272.359331052501;2740.775131541117;0.0;zone71;S01010326;39;987;707;494;[0.526316,0.368421,0.105263];[0.522523,0.333333,0.144144];[0.492188,0.3125,0.195313];[0.723514,0.224806,0.05168];[0.54375,0.16875,0.23125,0.05625];1;1389.0;1.05701743376;1008;55;0.05333333333333334;1.6153846153846154;49.347692307692306;28.205128205128204;70.45128205128205;11.076923076923077;22.974358974358974;16.615384615384617;1.9323076923076918;0.0;5.306666666666667;0.0;1.3046153846153845;0.3087179487179487;2.185641025641025;6.948717948717949;8.179487179487179
11286;zone72;4970.167032608406;2501.795090448298;0.0;zone72;S01010327;34;982;660;362;[0.031746,0.507937,0.460317];[0.372881,0.432203,0.194915];[0.289063,0.328125,0.382813];[0.516892,0.347973,0.135135];[0.416184971098,0.21387283237,0.236994219653,0.132947976879];1;470.0;0.000335688704598;926;66;0.07647058823529412;1.7941176470588236;39.676470588235276;25.08823529411765;64.38;10.176470588235293;22.41176470588235;13.558823529411764;1.775294117647059;0.0;4.661176470588234;0.01294117647058824;0.9058823529411766;0.3623529411764706;2.012941176470588;6.794117647058823;6.911764705882353
11286;zone73;5975.307390960257;2677.5485166167286;0.0;zone73;S01010328;24;969;706;445;[0.16129,0.5,0.33871];[0.27044,0.471698,0.257862];[0.192547,0.434783,0.372671];[0.338983,0.432203,0.228814];[0.309352517986,0.258992805755,0.280575539568,0.151079136691];2;457.0;-0.0138550124678;1990;47;0.07666666666666666;1.2916666666666667;42.629999999999995;29.916666666666668;62.80333333333332;10.791666666666666;22.208333333333332;14.333333333333334;2.3783333333333334;0.0;1.12;0.0;3.403333333333333;0.4083333333333334;2.016666666666666;4.375;6.416666666666667
