cycle;name;location.x;location.y;location.z;name;dataZone;nm_children;pop;over16;nm_hh;AB_car_prob;C1_car_prob;C2_car_prob;DE_car_prob;prob_social;simd;crimeRate;norm_crime;avg_dis_sh;neigh_play;daily_play_per_child;avg_FSA;avg_walk;daily_OD;zone_mvpa;mvpa_home;mvpa_sc;mvpa_road;mvpa_play_field;mvpa_home_garden;mvpa_park;mvpa_PG;mvpa_amenity;mvpa_shops;mvpa_F_home;mvpa_fsa;mvpa_OD
11286;zone0;8448.90275962388;2625.4515469546564;0.0;zone0;S01010195;19;531;390;212;[0.0,0.481481,0.518519];[0.261538,0.646154,0.092308];[0.12,0.59,0.29];[0.447368,0.368421,0.184211];[0.418918918919,0.283783783784,0.202702702703,0.0945945945946];1;0.0;-0.540229885057;1180;28;0.05894736842105263;0.7368421052631579;36.18947368421052;26.894736842105264;56.73684210526314;10.0;21.68421052631579;12.263157894736842;0.8757894736842106;0.0;2.2063157894736847;0.0;2.8421052631578956;0.2547368421052632;2.44;2.6315789473684212;5.473684210526316
11286;zone1;8656.736904000718;2165.9902346445633;0.0;zone1;S01010198;18;1027;748;394;[0.058824,0.529412,0.411765];[0.305785,0.561983,0.132231];[0.219858,0.496454,0.283688];[0.523179,0.331126,0.145695];[0.48623853211,0.229357798165,0.266055045872,0.0183486238532];1;1609.0;1.3102524676;1330;27;0.05777777777777778;1.2777777777777777;39.02;25.22222222222222;64.08222222222223;11.833333333333334;23.27777777777778;13.055555555555555;0.8622222222222221;0.0;2.7444444444444445;0.05555555555555555;3.1022222222222218;0.33777777777777784;2.4222222222222225;4.833333333333333;6.444444444444445
11286;zone2;8537.588755655543;3024.028900129281;0.0;zone2;S01010201;22;643;453;253;[0.0,0.47619,0.52381];[0.270833,0.3125,0.416667];[0.088,0.48,0.432];[0.296552,0.434483,0.268966];[0.365853658537,0.292682926829,0.292682926829,0.0487804878049];2;219.0;-0.28762447053;912;44;0.07818181818181819;1.4090909090909092;37.91818181818183;28.363636363636363;63.27272727272727;11.045454545454545;22.363636363636363;12.772727272727273;0.8745454545454545;0.0;3.0981818181818186;0.01090909090909091;2.638181818181818;0.45818181818181825;2.2709090909090905;5.954545454545454;6.2272727272727275
11286;zone3;8059.42097232239;3767.666522351409;0.0;zone3;S01010203;30;671;504;260;[0.090909,0.363636,0.545455];[0.263804,0.460123,0.276074];[0.094828,0.422414,0.482759];[0.183824,0.375,0.441176];[0.272727272727,0.218181818182,0.363636363636,0.145454545455];3;215.0;-0.292668818285;1941;56;0.072;1.2666666666666666;38.216;25.7;66.24266666666666;12.233333333333333;24.0;12.833333333333334;1.404;0.0;2.808;0.0;3.2866666666666666;0.4320000000000001;2.5506666666666664;4.9;7.0
11286;zone4;8368.288440296214;3565.498290652094;0.0;zone4;S01010204;30;800;589;381;[0.272727,0.727273,0.0];[0.627451,0.27451,0.098039];[0.444444,0.533333,0.022222];[0.600619,0.321981,0.077399];[0.595041322314,0.157024793388,0.239669421488,0.00826446280992];1;497.0;0.0317745673598;1044;55;0.06933333333333333;1.0666666666666667;34.00266666666666;28.533333333333335;63.01066666666667;12.033333333333333;23.166666666666668;11.433333333333334;1.3359999999999999;0.0;2.505333333333334;0.012;3.3439999999999994;0.38266666666666677;2.7520000000000007;4.4;6.7
11286;zone5;8034.229745798958;3515.110462853287;0.0;zone5;S01010205;15;658;534;355;[0.411765,0.117647,0.470588];[0.465116,0.457364,0.077519];[0.317757,0.588785,0.093458];[0.593458,0.280374,0.126168];[0.466666666667,0.2,0.3,0.0333333333333];1;925.0;0.523434132086;1248;26;0.064;1.2;46.12266666666666;31.6;68.33866666666667;11.733333333333333;23.133333333333333;15.533333333333333;2.0213333333333336;0.0;2.7973333333333334;0.0;3.864;0.35466666666666663;2.1573333333333333;5.066666666666666;8.2
11286;zone6;7457.064719570519;3739.055375726369;0.0;zone6;S01010208;18;903;745;565;[0.30137,0.589041,0.109589];[0.48062,0.457364,0.062016];[0.272727,0.613636,0.113636];[0.66055,0.270642,0.068807];[0.233333333333,0.133333333333,0.461111111111,0.172222222222];1;603.0;0.153385979085;1446;23;0.04888888888888889;1.8333333333333333;50.94000000000002;20.055555555555557;71.03555555555555;12.277777777777779;23.666666666666668;17.22222222222222;1.3111111111111111;0.0;0.8155555555555556;0.0;3.228888888888889;0.42444444444444446;2.4044444444444446;8.055555555555555;4.944444444444445
11286;zone7;7917.838214725937;1939.334458859395;0.0;zone7;S01010209;24;966;677;468;[0.172414,0.586207,0.241379];[0.333333,0.414966,0.251701];[0.381944,0.458333,0.159722];[0.545852,0.336245,0.117904];[0.337931034483,0.248275862069,0.303448275862,0.110344827586];1;2053.0;1.82052250092;1655;40;0.06333333333333334;1.3333333333333333;45.57166666666669;24.791666666666668;64.12666666666667;11.0;22.75;15.541666666666666;0.7400000000000001;0.0;2.9816666666666674;0.0;2.5766666666666667;0.395;2.3633333333333337;4.25;5.875
11286;zone8;7878.406567747077;2721.2634132011362;0.0;zone8;S01010210;18;885;641;416;[0.173913,0.456522,0.369565];[0.21519,0.5,0.28481];[0.189781,0.386861,0.423358];[0.422111,0.442211,0.135678];[0.394736842105,0.236842105263,0.254385964912,0.114035087719];1;344.0;-0.144253829852;1271;24;0.05333333333333334;1.0555555555555556;31.92444444444445;21.444444444444443;57.971111111111114;11.277777777777779;22.444444444444443;10.777777777777779;0.8333333333333334;0.0;2.2333333333333334;0.0;2.126666666666667;0.3622222222222223;2.540000000000001;3.9444444444444446;4.722222222222222
11286;zone9;7785.599648345685;3201.783800714137;0.0;zone9;S01010211;22;858;634;452;[0.147059,0.705882,0.147059];[0.384615,0.452991,0.162393];[0.469565,0.4,0.130435];[0.722656,0.226563,0.050781];[0.473214285714,0.169642857143,0.285714285714,0.0714285714286];1;430.0;-0.0456985893816;992;35;0.06181818181818182;1.3636363636363635;33.410909090909094;22.818181818181817;63.58727272727274;12.545454545454545;23.636363636363637;11.227272727272727;1.589090909090909;0.0;2.7509090909090905;0.0;2.4872727272727273;0.3872727272727273;2.6036363636363635;4.818181818181818;6.409090909090909
11286;zone10;7580.688680869333;3097.127786881416;0.0;zone10;S01010212;49;1083;779;559;[0.233333,0.633333,0.133333];[0.594771,0.339869,0.065359];[0.465517,0.405172,0.12931];[0.712821,0.269231,0.017949];[0.566037735849,0.138364779874,0.22641509434,0.0691823899371];1;1473.0;1.15298517036;1228;77;0.06040816326530613;1.3673469387755102;52.636734693877536;25.367346938775512;67.21959183673466;10.326530612244898;22.755102040816325;17.918367346938776;1.7363265306122455;0.0;2.0465306122448976;0.0;2.543673469387756;0.37632653061224486;2.3942857142857146;5.387755102040816;5.816326530612245
11286;zone11;8065.177293237223;3111.5884965344962;0.0;zone11;S01010213;13;924;657;476;[0.105263,0.684211,0.210526];[0.382609,0.547826,0.069565];[0.218543,0.556291,0.225166];[0.467925,0.483019,0.049057];[0.451327433628,0.221238938053,0.274336283186,0.0530973451327];1;247.0;-0.255840453357;948;26;0.07076923076923076;1.0;28.772307692307688;25.153846153846153;62.12;12.615384615384615;23.692307692307693;9.76923076923077;0.9692307692307693;0.0;2.9569230769230774;0.0;3.110769230769231;0.5076923076923078;3.104615384615384;3.6153846153846154;6.461538461538462
11286;zone12;7144.994858230166;1947.4125453867302;0.0;zone12;S01010214;27;967;717;396;[0.098592,0.28169,0.619718];[0.197531,0.438272,0.364198];[0.173333,0.493333,0.333333];[0.237069,0.487069,0.275862];[0.361344537815,0.210084033613,0.310924369748,0.117647058824];3;176.0;-0.337854473183;2118;40;0.05777777777777778;1.6296296296296295;41.056296296296296;25.703703703703702;66.10370370370369;11.296296296296296;23.037037037037038;14.11111111111111;1.52;0.0;2.376296296296297;0.0;2.722962962962963;0.45333333333333325;1.9111111111111114;7.148148148148148;6.111111111111111
11286;zone13;7013.590150664996;2618.495528189446;0.0;zone13;S01010215;24;850;608;492;[0.571429,0.285714,0.142857];[0.5,0.431373,0.068627];[0.382609,0.391304,0.226087];[0.678571,0.269841,0.051587];[0.467289719626,0.140186915888,0.345794392523,0.0467289719626];1;547.0;0.0886083430805;622;53;0.08;1.0833333333333333;34.72333333333332;29.916666666666668;63.22499999999999;11.625;23.416666666666668;11.625;0.7883333333333334;0.0;2.3883333333333328;0.0;4.101666666666667;0.3683333333333334;2.4250000000000003;4.708333333333333;6.791666666666667
11286;zone14;7332.222205807836;2329.961970144465;0.0;zone14;S01010216;15;621;464;361;[0.6,0.4,0.0];[0.597701,0.356322,0.045977];[0.409091,0.439394,0.151515];[0.709544,0.273859,0.016598];[0.5,0.163265306122,0.265306122449,0.0714285714286];1;600.0;0.150092344085;1303;24;0.05866666666666667;1.3333333333333333;51.973333333333336;27.0;65.376;10.466666666666667;22.133333333333333;17.4;1.576;0.0;2.525333333333334;0.0;2.522666666666667;0.32000000000000006;2.2026666666666666;4.266666666666667;6.2
11286;zone15;7299.833172322251;2625.8610945736937;0.0;zone15;S01010217;33;817;598;406;[0.16129,0.516129,0.322581];[0.565517,0.4,0.034483];[0.5,0.431373,0.068627];[0.702703,0.283784,0.013514];[0.541935483871,0.0967741935484,0.296774193548,0.0645161290323];1;1060.0;0.679274950851;1008;65;0.07515151515151515;1.3636363636363635;41.538181818181826;27.424242424242426;66.2048484848485;11.515151515151516;23.303030303030305;14.06060606060606;1.3551515151515154;0.0;2.146666666666667;0.0;3.101818181818181;0.3381818181818183;2.483636363636364;6.242424242424242;6.121212121212121
11286;zone16;7142.953643082513;3018.5401822929393;0.0;zone16;S01010218;31;1018;790;587;[0.425532,0.404255,0.170213];[0.392523,0.453271,0.154206];[0.358209,0.492537,0.149254];[0.589124,0.335347,0.075529];[0.424657534247,0.109589041096,0.369863013699,0.0958904109589];1;557.0;0.101026678737;568;41;0.05032258064516129;1.6129032258064515;33.82838709677419;24.580645161290324;60.96645161290323;11.064516129032258;22.870967741935484;11.161290322580646;0.9225806451612903;0.0;1.2;0.0;3.5741935483870977;0.392258064516129;1.9729032258064516;5.967741935483871;5.290322580645161
11286;zone17;6738.8937706128745;4298.8917997019325;0.0;zone17;S01010219;21;503;382;274;[0.695652,0.304348,0.0];[0.758621,0.215517,0.025862];[0.761905,0.166667,0.071429];[0.781609,0.195402,0.022989];[0.41935483871,0.0752688172043,0.408602150538,0.0967741935484];2;184.0;-0.327838932938;1569;46;0.08761904761904762;1.1904761904761905;49.86857142857143;29.904761904761905;67.69714285714288;10.714285714285714;22.904761904761905;16.904761904761905;3.761904761904762;0.0;3.241904761904762;0.0;1.3980952380952383;0.3352380952380953;2.375238095238095;4.380952380952381;7.857142857142857
11286;zone18;5915.780765415368;4211.222876105162;0.0;zone18;S01010220;7;476;433;279;[0.181159,0.608696,0.210145];[0.404255,0.531915,0.06383];[0.227273,0.704545,0.068182];[0.448276,0.482759,0.068966];[0.154545454545,0.0636363636364,0.318181818182,0.463636363636];5;267.0;-0.232306706325;1336;16;0.08571428571428572;1.7142857142857142;35.748571428571424;28.714285714285715;69.52571428571429;12.285714285714286;23.857142857142858;12.142857142857142;4.668571428571428;0.0;3.988571428571429;0.07428571428571429;1.1085714285714285;0.2571428571428572;1.5485714285714285;7.857142857142857;9.285714285714286
11286;zone19;6341.0811208317455;3913.8398648988496;0.0;zone19;S01010221;13;546;394;260;[0.6,0.4,0.0];[0.557377,0.409836,0.032787];[0.538462,0.323077,0.138462];[0.699387,0.257669,0.042945];[0.609375,0.140625,0.203125,0.046875];1;635.0;0.19005459739;1159;21;0.06461538461538462;0.8461538461538461;42.56307692307692;22.0;66.20307692307694;12.384615384615385;23.53846153846154;14.23076923076923;3.6953846153846164;0.0;2.2123076923076925;0.12923076923076923;0.8399999999999999;0.6246153846153847;2.849230769230769;4.0;6.461538461538462
11286;zone20;7001.213463613622;4053.9957950241624;0.0;zone20;S01010222;15;492;414;285;[0.142857,0.5,0.357143];[0.432432,0.459459,0.108108];[0.348624,0.522936,0.12844];[0.747899,0.235294,0.016807];[0.345238095238,0.214285714286,0.309523809524,0.130952380952];1;377.0;-0.105830277325;1834;24;0.05866666666666667;1.2;42.21333333333334;22.466666666666665;62.61600000000001;11.266666666666667;22.4;14.6;1.5093333333333334;0.0;2.3200000000000003;0.02666666666666667;1.7973333333333332;0.36533333333333334;2.610666666666667;4.2;5.266666666666667
11286;zone21;6986.8418912765155;3434.1450308482026;0.0;zone21;S01010223;4;556;462;337;[0.076923,0.538462,0.384615];[0.567797,0.330508,0.101695];[0.472222,0.444444,0.083333];[0.584699,0.36612,0.04918];[0.432432432432,0.162162162162,0.324324324324,0.0810810810811];1;439.0;-0.0353356041414;1732;2;0.01;1.5;52.720000000000006;18.5;79.24000000000001;16.0;25.75;17.25;4.99;0.0;0.8400000000000001;0.0;1.35;0.44;3.1199999999999997;7.75;6.5
11286;zone22;6247.397837456437;3329.661273309237;0.0;zone22;S01010224;40;1036;727;469;[0.405405,0.540541,0.054054];[0.592593,0.274074,0.133333];[0.418803,0.504274,0.076923];[0.768421,0.202632,0.028947];[0.506097560976,0.140243902439,0.268292682927,0.0853658536585];1;1004.0;0.614259332793;975;65;0.064;1.375;41.98;19.675;66.344;12.05;23.375;14.15;3.308;0.0;1.198;0.11599999999999999;1.199;0.4710000000000001;2.419;6.175;5.425
11286;zone23;7827.985844039554;4105.4701191949;0.0;zone23;S01010225;33;812;636;431;[0.25,0.634615,0.115385];[0.469072,0.43299,0.097938];[0.54023,0.413793,0.045977];[0.672065,0.234818,0.093117];[0.385185185185,0.125925925926,0.325925925926,0.162962962963];1;1006.0;0.616572011517;1575;49;0.05818181818181818;1.696969696969697;46.75151515151515;21.90909090909091;65.37212121212121;10.696969696969697;22.727272727272727;15.969696969696969;1.3054545454545456;0.0;2.1309090909090913;0.0;2.524848484848485;0.26787878787878794;2.184242424242424;5.848484848484849;5.484848484848484
11286;zone24;7040.363001382077;4481.052780471187;0.0;zone24;S01010226;40;816;565;394;[0.454545,0.242424,0.30303];[0.715385,0.2,0.084615];[0.540541,0.405405,0.054054];[0.766917,0.18797,0.045113];[0.503355704698,0.201342281879,0.221476510067,0.0738255033557];2;422.0;-0.0548014077425;1024;93;0.092;1.225;42.00599999999999;34.675;68.52400000000002;11.375;23.2;14.1;5.569000000000001;0.0;3.1830000000000007;0.086;1.6280000000000001;0.2599999999999999;2.351;4.95;10.1
11286;zone25;6847.772309074456;4638.663588163389;0.0;zone25;S01010227;39;692;454;294;[0.413793,0.413793,0.172414];[0.704545,0.238636,0.056818];[0.654545,0.345455,0.0];[0.810606,0.159091,0.030303];[0.672268907563,0.0924369747899,0.159663865546,0.0756302521008];4;0.0;-0.540229885057;1256;111;0.11076923076923077;1.5128205128205128;50.526153846153846;42.0;73.78666666666666;10.58974358974359;23.153846153846153;17.205128205128204;4.617435897435897;0.0;5.528205128205128;0.06564102564102565;2.3630769230769233;0.3353846153846153;2.003076923076923;6.076923076923077;12.153846153846153
11286;zone26;8241.816993110848;4572.457656401622;0.0;zone26;S01010229;30;1016;787;508;[0.1,0.625,0.275];[0.350877,0.350877,0.298246];[0.348315,0.477528,0.174157];[0.565217,0.310559,0.124224];[0.420731707317,0.213414634146,0.292682926829,0.0731707317073];1;395.0;-0.0859445809966;1253;56;0.07066666666666667;0.7666666666666667;39.524;22.633333333333333;62.263999999999996;11.6;23.166666666666668;13.466666666666667;2.110666666666667;0.0;2.3773333333333326;0.03333333333333333;1.8519999999999999;0.5106666666666667;2.745333333333334;2.933333333333333;5.866666666666666
11286;zone27;7458.320056766788;4680.341251240345;0.0;zone27;S01010230;24;1005;772;577;[0.314286,0.628571,0.057143];[0.703883,0.296117,0.0];[0.727273,0.218182,0.054545];[0.71831,0.24507,0.03662];[0.517857142857,0.136904761905,0.267857142857,0.077380952381];1;846.0;0.433218203459;1029;40;0.065;1.25;42.71333333333333;27.791666666666668;67.14666666666666;11.208333333333334;23.333333333333332;14.791666666666666;2.0549999999999997;0.0;3.985;0.055;2.0833333333333335;0.4033333333333333;2.688333333333334;4.958333333333333;7.75
11286;zone28;7569.802990100143;4917.458811240416;0.0;zone28;S01010232;37;1074;792;485;[0.457143,0.485714,0.057143];[0.557292,0.338542,0.104167];[0.492063,0.333333,0.174603];[0.654229,0.251244,0.094527];[0.470297029703,0.153465346535,0.306930693069,0.0693069306931];1;771.0;0.347049794199;1102;68;0.07243243243243243;1.5405405405405406;47.51891891891891;28.83783783783784;70.36000000000001;11.675675675675675;23.54054054054054;15.91891891891892;2.505945945945946;0.0;3.4605405405405403;0.05837837837837838;2.4270270270270276;0.33189189189189194;2.3556756756756765;6.297297297297297;8.0
11286;zone29;7830.713068379679;4879.746446724283;0.0;zone29;S01010233;33;970;705;476;[0.275,0.625,0.1];[0.655629,0.245033,0.099338];[0.52809,0.426966,0.044944];[0.771505,0.212366,0.016129];[0.587209302326,0.093023255814,0.261627906977,0.0581395348837];1;284.0;-0.213781821634;1174;55;0.06424242424242424;0.8787878787878788;49.61454545454546;29.848484848484848;66.40121212121211;11.333333333333334;22.90909090909091;16.848484848484848;2.0787878787878786;0.0;2.4484848484848487;0.08727272727272727;3.123636363636363;0.3309090909090909;2.4824242424242424;3.1818181818181817;7.181818181818182
11286;zone30;6473.383843181837;4954.519765957263;0.0;zone30;S01010261;6;2551;2373;526;[0.666667,0.270833,0.0625];[0.675841,0.281346,0.042813];[0.75,0.25,0.0];[0.824468,0.164894,0.010638];[0.41,0.06,0.41,0.12];3;176.0;-0.337679921334;1578;9;0.05333333333333334;2.3333333333333335;62.453333333333326;24.5;78.48666666666666;11.333333333333334;24.166666666666668;21.666666666666668;1.4933333333333334;0.0;1.6333333333333335;0.14666666666666667;2.653333333333333;0.07333333333333333;1.3733333333333333;11.833333333333334;5.333333333333333
11286;zone31;4930.642193689802;4959.449818932565;0.0;zone31;S01010266;3;555;474;237;[0.320755,0.556604,0.122642];[0.677273,0.254545,0.068182];[0.5,0.461538,0.038462];[0.534247,0.30137,0.164384];[0.141176470588,0.0588235294118,0.4,0.4];3;536.0;0.0761386922126;1277;7;0.08;2.3333333333333335;45.81333333333333;21.333333333333332;69.70666666666666;12.333333333333334;23.333333333333332;15.0;0.9333333333333332;0.0;1.6533333333333333;0.44;2.9600000000000004;0.21333333333333335;1.5066666666666666;9.0;5.666666666666667
11286;zone32;5712.5549897826;4979.400336637217;0.0;zone32;S01010270;4;1153;972;817;[0.389831,0.533898,0.076271];[0.70255,0.252125,0.045326];[0.714286,0.272727,0.012987];[0.771552,0.228448,0.0];[0.125,0.0909090909091,0.454545454545,0.329545454545];1;871.0;0.461200629557;1601;9;0.08;1.5;65.59;25.0;70.9;10.75;22.5;22.0;1.3199999999999998;0.0;1.75;0.03;2.45;0.43000000000000005;1.46;6.75;5.0
11286;zone33;3394.0723536088512;4934.677182292946;0.0;zone33;S01010282;13;976;841;645;[0.438776,0.520408,0.040816];[0.545732,0.405488,0.04878];[0.521277,0.382979,0.095745];[0.712707,0.232044,0.055249];[0.190954773869,0.070351758794,0.35175879397,0.386934673367];2;350.0;-0.137812028107;1357;20;0.06153846153846154;1.2307692307692308;45.867692307692316;24.384615384615383;68.31384615384617;11.615384615384615;24.0;15.538461538461538;1.809230769230769;0.0;4.535384615384616;0.6184615384615384;0.7292307692307692;0.4492307692307692;1.996923076923077;5.230769230769231;7.153846153846154
11286;zone34;4385.789287498423;4835.237486850067;0.0;zone34;S01010289;15;771;687;380;[0.130952,0.511905,0.357143];[0.262911,0.502347,0.234742];[0.178571,0.464286,0.357143];[0.410256,0.435897,0.153846];[0.058064516129,0.0322580645161,0.245161290323,0.664516129032];5;259.0;-0.241396294863;1253;45;0.11466666666666667;1.8666666666666667;46.07466666666667;37.0;64.59733333333334;9.133333333333333;21.6;15.4;1.6906666666666663;0.0;3.685333333333334;1.5413333333333334;0.8773333333333332;0.19733333333333336;1.232;7.4;7.4
11286;zone35;4401.5375624188455;4669.062022109911;0.0;zone35;S01010290;13;546;485;278;[0.198198,0.603604,0.198198];[0.485944,0.449799,0.064257];[0.555556,0.444444,0.0];[0.435897,0.512821,0.051282];[0.10752688172,0.0430107526882,0.494623655914,0.354838709677];3;353.0;-0.133686757747;1027;34;0.09538461538461539;2.076923076923077;48.01846153846154;36.30769230769231;77.56;12.23076923076923;24.46153846153846;16.23076923076923;2.0492307692307694;0.0;5.981538461538462;0.9476923076923077;2.033846153846154;0.3661538461538462;1.84;9.692307692307692;10.538461538461538
11286;zone36;4119.983651650423;4281.100418217042;0.0;zone36;S01010291;12;1075;975;481;[0.405594,0.447552,0.146853];[0.627907,0.277132,0.094961];[0.415094,0.433962,0.150943];[0.562963,0.325926,0.111111];[0.197080291971,0.0729927007299,0.445255474453,0.284671532847];3;438.0;-0.0363924713322;1273;19;0.06333333333333334;1.5;49.85666666666666;35.833333333333336;68.50666666666667;9.916666666666666;22.333333333333332;17.0;1.6866666666666668;0.0;6.590000000000001;0.7366666666666667;0.56;0.2366666666666667;2.2;5.333333333333333;9.166666666666666
11286;zone37;4399.731076226201;4291.6703625917;0.0;zone37;S01010292;10;890;831;409;[0.348214,0.508929,0.142857];[0.477169,0.420091,0.10274];[0.339286,0.446429,0.214286];[0.55814,0.383721,0.05814];[0.128378378378,0.0540540540541,0.398648648649,0.418918918919];4;323.0;-0.168488563048;1082;26;0.096;1.8;44.827999999999996;28.1;63.968;9.3;21.7;15.5;2.54;0.0;3.504;0.27599999999999997;1.152;0.26000000000000006;1.6400000000000001;6.5;6.9
11286;zone38;4514.690807242894;4541.15458266895;0.0;zone38;S01010293;16;839;723;373;[0.51773,0.35461,0.12766];[0.635389,0.262735,0.101877];[0.446809,0.319149,0.234043];[0.514286,0.392857,0.092857];[0.242424242424,0.0606060606061,0.393939393939,0.30303030303];3;290.0;-0.205814991507;1275;38;0.09;0.9375;46.9575;38.0;66.80250000000001;10.9375;22.375;16.0;1.6975;0.0;6.057499999999998;0.7450000000000001;1.1849999999999998;0.4025000000000001;2.1525;3.6875;9.1875
11286;zone39;4541.7482834333705;4418.565122351524;0.0;zone39;S01010294;13;690;631;275;[0.242105,0.526316,0.231579];[0.650873,0.214464,0.134663];[0.583333,0.208333,0.208333];[0.414894,0.489362,0.095745];[0.164835164835,0.043956043956,0.494505494505,0.296703296703];4;440.0;-0.0342259463805;1210;43;0.13230769230769232;1.0769230769230769;41.53230769230769;41.84615384615385;65.73230769230769;10.307692307692308;22.46153846153846;14.384615384615385;2.8492307692307697;0.0;6.073846153846153;0.7138461538461539;1.32;0.19384615384615383;1.9723076923076923;3.8461538461538463;10.538461538461538
11286;zone40;4766.8646917667475;4574.50133624035;0.0;zone40;S01010295;18;974;870;427;[0.384615,0.391026,0.224359];[0.604555,0.310559,0.084886];[0.428571,0.285714,0.285714];[0.390728,0.516556,0.092715];[0.212765957447,0.113475177305,0.297872340426,0.375886524823];4;529.0;0.0680145754747;1224;49;0.10666666666666667;1.8333333333333333;46.806666666666665;36.55555555555556;69.11111111111111;10.444444444444445;22.166666666666668;15.88888888888889;1.9422222222222223;0.0;6.7622222222222215;0.41777777777777786;1.2066666666666668;0.35111111111111115;1.4977777777777779;6.444444444444445;9.777777777777779
11286;zone41;4647.752341766679;4736.091736240359;0.0;zone41;S01010296;16;664;560;291;[0.294118,0.423529,0.282353];[0.520913,0.368821,0.110266];[0.375,0.375,0.25];[0.475524,0.391608,0.132867];[0.282828282828,0.111111111111,0.363636363636,0.242424242424];2;856.0;0.444094443477;1266;30;0.075;1.625;39.934999999999995;29.5;66.16000000000001;11.125;22.8125;13.5;1.23;0.0;5.134999999999999;0.7675;1.3;0.27;2.3325;5.9375;8.0
11286;zone42;5522.849421766708;4411.996091240393;0.0;zone42;S01010297;7;1066;894;676;[0.582609,0.382609,0.034783];[0.691824,0.245283,0.062893];[0.540541,0.333333,0.126126];[0.681275,0.270916,0.047809];[0.260563380282,0.140845070423,0.37323943662,0.225352112676];1;504.0;0.0391758595379;1725;19;0.10857142857142857;1.5714285714285714;36.21142857142857;19.428571428571427;56.09714285714286;9.428571428571429;21.428571428571427;12.285714285714286;1.9428571428571428;0.0;0.16;0.44571428571428573;1.5085714285714287;0.34857142857142864;1.8457142857142856;4.857142857142857;3.5714285714285716
11286;zone43;4706.481893689814;4143.807995855712;0.0;zone43;S01010298;12;880;677;515;[0.308943,0.479675,0.211382];[0.581395,0.356589,0.062016];[0.539683,0.396825,0.063492];[0.744828,0.193103,0.062069];[0.227272727273,0.0984848484848,0.371212121212,0.30303030303];1;486.0;0.0190902878356;1076;11;0.03;2.3333333333333335;43.73666666666666;23.166666666666668;70.69000000000001;12.166666666666666;23.333333333333332;14.916666666666666;1.8000000000000005;0.0;3.93;0.8233333333333333;0.41333333333333333;0.3766666666666667;1.4033333333333333;9.75;6.5
11286;zone44;4885.424673909578;4209.645754097502;0.0;zone44;S01010299;4;536;404;292;[0.3,0.54,0.16];[0.556701,0.340206,0.103093];[0.458333,0.520833,0.020833];[0.584906,0.283019,0.132075];[0.428571428571,0.0857142857143,0.285714285714,0.2];1;375.0;-0.10827530326;722;5;0.05;2.75;31.779999999999998;23.75;78.6;13.5;25.5;11.25;2.13;0.0;0.8500000000000001;0.08;2.85;0.13;1.3;19.0;5.25
11286;zone45;4883.397012115578;4340.414778682246;0.0;zone45;S01010300;21;934;764;478;[0.460784,0.411765,0.127451];[0.664653,0.238671,0.096677];[0.632353,0.323529,0.044118];[0.606383,0.329787,0.06383];[0.3046875,0.125,0.3515625,0.21875];2;513.0;0.0498225801839;604;49;0.09142857142857143;1.380952380952381;34.622857142857136;29.952380952380953;67.57904761904761;13.095238095238095;23.904761904761905;11.666666666666666;2.801904761904762;0.0;1.8114285714285714;0.34285714285714286;3.567619047619047;0.3676190476190476;1.9219047619047616;6.428571428571429;8.047619047619047
11286;zone46;5144.66081966521;4032.769083704074;0.0;zone46;S01010301;6;522;457;283;[0.292683,0.597561,0.109756];[0.57563,0.315126,0.109244];[0.222222,0.703704,0.074074];[0.561798,0.393258,0.044944];[0.214285714286,0.0612244897959,0.459183673469,0.265306122449];4;490.0;0.0232745011966;1504;13;0.07333333333333333;1.6666666666666667;39.88666666666666;29.833333333333332;68.61333333333333;12.833333333333334;23.166666666666668;13.833333333333334;3.2000000000000006;0.0;0.8799999999999999;0.19999999999999998;3.2533333333333334;0.5333333333333333;1.4799999999999998;7.333333333333333;7.166666666666667
11286;zone47;5165.568789180556;4297.038752619699;0.0;zone47;S01010302;24;669;495;388;[0.65625,0.28125,0.0625];[0.6,0.356522,0.043478];[0.716981,0.226415,0.056604];[0.801802,0.18018,0.018018];[0.582417582418,0.0769230769231,0.263736263736,0.0769230769231];1;392.0;-0.0896499889057;1396;53;0.08333333333333333;1.0416666666666667;46.79999999999999;29.791666666666668;65.37666666666667;10.625;22.875;15.708333333333334;2.9666666666666663;0.0;0.91;0.16666666666666666;3.0433333333333334;0.37333333333333335;2.5383333333333336;4.5;6.666666666666667
11286;zone48;5241.140616766716;4139.402270499609;0.0;zone48;S01010303;33;579;387;250;[0.692308,0.153846,0.153846];[0.56701,0.298969,0.134021];[0.630435,0.282609,0.086957];[0.658879,0.285047,0.056075];[0.58407079646,0.106194690265,0.274336283186,0.0353982300885];1;415.0;-0.0627120940391;1234;68;0.08242424242424243;1.0909090909090908;41.873939393939395;27.757575757575758;61.990303030303025;10.666666666666666;22.484848484848484;14.0;3.138181818181818;0.0;0.5393939393939395;0.22545454545454546;2.16;0.3866666666666666;2.044848484848485;4.7272727272727275;5.636363636363637
11286;zone49;4853.647576226233;3833.123065294377;0.0;zone49;S01010304;12;542;456;332;[0.323529,0.514706,0.161765];[0.635135,0.25,0.114865];[0.477273,0.522727,0.0];[0.829268,0.109756,0.060976];[0.372340425532,0.0425531914894,0.297872340426,0.287234042553];1;804.0;0.384523850516;1967;24;0.07666666666666666;1.1666666666666667;66.97333333333333;31.166666666666668;72.75666666666667;10.916666666666666;22.833333333333332;22.583333333333332;4.48;0.0;1.196666666666667;0.3633333333333333;2.02;0.38333333333333336;2.21;3.9166666666666665;7.583333333333333
11286;zone50;4697.410406890209;3639.1027396354093;0.0;zone50;S01010305;7;807;694;478;[0.36036,0.468468,0.171171];[0.553191,0.33617,0.110638];[0.409639,0.301205,0.289157];[0.589888,0.337079,0.073034];[0.198529411765,0.0735294117647,0.382352941176,0.345588235294];1;223.0;-0.28282788147;583;12;0.06857142857142857;1.5714285714285714;38.794285714285714;25.571428571428573;62.8;10.571428571428571;22.714285714285715;13.0;3.291428571428572;0.0;0.7371428571428572;1.2914285714285714;0.18857142857142858;0.3028571428571429;1.714285714285714;7.571428571428571;5.0
11286;zone51;4591.3082521834585;3868.367573740388;0.0;zone51;S01010306;13;752;675;449;[0.35625,0.56875,0.075];[0.570588,0.355882,0.073529];[0.283019,0.566038,0.150943];[0.650943,0.330189,0.018868];[0.165680473373,0.0473372781065,0.479289940828,0.307692307692];2;238.0;-0.265781391166;869;20;0.05846153846153846;1.6923076923076923;46.621538461538464;29.0;72.22153846153846;13.076923076923077;24.0;15.846153846153847;3.175384615384615;0.0;1.8830769230769233;2.233846153846154;0.7261538461538461;0.31384615384615383;2.246153846153846;6.769230769230769;7.615384615384615
11286;zone52;4503.72067559025;3742.2957906521283;0.0;zone52;S01010307;9;821;732;428;[0.189922,0.577519,0.232558];[0.407407,0.487654,0.104938];[0.346154,0.538462,0.115385];[0.71875,0.234375,0.046875];[0.0681818181818,0.0568181818182,0.375,0.5];5;319.0;-0.172537833795;430;38;0.16444444444444445;1.6666666666666667;37.82666666666667;43.44444444444444;73.16;13.0;24.11111111111111;13.0;4.444444444444445;0.0;1.8355555555555556;4.088888888888889;0.88;0.577777777777778;1.7511111111111113;7.666666666666667;10.777777777777779
11286;zone53;4364.519870735056;4047.768725526131;0.0;zone53;S01010308;9;975;858;480;[0.285714,0.54007,0.174216];[0.511936,0.384615,0.103448];[0.254902,0.411765,0.333333];[0.648352,0.307692,0.043956];[0.0970873786408,0.0631067961165,0.359223300971,0.480582524272];4;257.0;-0.244477582955;1245;22;0.09777777777777778;1.5555555555555556;41.07111111111111;37.55555555555556;66.3288888888889;9.88888888888889;22.11111111111111;13.88888888888889;4.071111111111112;0.0;4.844444444444445;1.3955555555555557;0.6888888888888889;0.3244444444444445;2.4355555555555557;5.111111111111111;10.555555555555555
11286;zone54;5381.88771051669;3636.3205112402793;0.0;zone54;S01010309;4;419;356;264;[0.333333,0.25,0.416667];[0.478873,0.422535,0.098592];[0.352941,0.382353,0.264706];[0.705882,0.24183,0.052288];[0.365853658537,0.170731707317,0.390243902439,0.0731707317073];1;0.0;-0.540229885057;2153;6;0.06;2.25;47.09;17.5;63.22;10.0;22.25;15.5;1.04;0.0;2.3200000000000003;0.08;1.31;0.13;2.0;6.25;4.25
11286;zone55;5657.373406240428;3625.6586165034923;0.0;zone55;S01010310;13;706;540;381;[0.333333,0.238095,0.428571];[0.565517,0.337931,0.096552];[0.54902,0.27451,0.176471];[0.715415,0.256917,0.027668];[0.484848484848,0.151515151515,0.318181818182,0.0454545454545];1;574.0;0.120406534162;845;15;0.04615384615384616;1.6153846153846154;46.332307692307694;24.615384615384617;63.658461538461545;10.076923076923077;22.23076923076923;15.615384615384615;1.8030769230769237;0.0;1.3107692307692307;0.3261538461538462;2.1446153846153844;0.47384615384615386;2.1507692307692303;5.615384615384615;5.153846153846154
11286;zone56;5685.425126382168;3318.6970593171873;0.0;zone56;S01010311;22;721;556;351;[0.411765,0.352941,0.235294];[0.472222,0.453704,0.074074];[0.571429,0.404762,0.02381];[0.717949,0.271062,0.010989];[0.565217391304,0.121739130435,0.269565217391,0.0434782608696];1;1534.0;1.22364271569;1642;32;0.05454545454545454;1.1363636363636365;58.25636363636364;26.636363636363637;68.33272727272725;10.454545454545455;22.5;19.90909090909091;2.098181818181818;0.0;1.6600000000000001;0.13454545454545455;2.376363636363636;0.32181818181818184;2.4872727272727273;4.636363636363637;5.7727272727272725
11286;zone57;5466.52613028024;3072.1402274564575;0.0;zone57;S01010312;34;868;647;425;[0.117647,0.823529,0.058824];[0.754386,0.22807,0.017544];[0.407407,0.444444,0.148148];[0.804945,0.153846,0.041209];[0.586956521739,0.115942028986,0.268115942029,0.0289855072464];1;685.0;0.247477927043;1651;52;0.05882352941176471;1.3529411764705883;57.51764705882355;25.529411764705884;67.88;10.382352941176471;22.5;19.529411764705884;1.8870588235294117;0.0;1.3576470588235297;0.1223529411764706;2.727058823529412;0.37529411764705883;2.4858823529411773;4.735294117647059;5.647058823529412
11286;zone58;5251.7403530303945;3502.549209042501;0.0;zone58;S01010313;16;654;529;356;[0.428571,0.285714,0.285714];[0.6,0.333333,0.066667];[0.433735,0.481928,0.084337];[0.739623,0.162264,0.098113];[0.648351648352,0.131868131868,0.175824175824,0.043956043956];1;565.0;0.109617915218;2142;20;0.05;0.9375;61.945;27.6875;73.165;12.0625;23.625;21.3125;2.6725;0.0;1.5475;0.085;3.3200000000000007;0.3125;2.855;3.625;7.25
11286;zone59;4840.312157862589;3385.4448126102257;0.0;zone59;S01010314;21;1248;1034;550;[0.358209,0.507463,0.134328];[0.514493,0.333333,0.152174];[0.5,0.326923,0.173077];[0.636,0.324,0.04];[0.316901408451,0.133802816901,0.401408450704,0.147887323944];1;637.0;0.192402372167;1145;37;0.06666666666666667;1.619047619047619;43.36190476190476;27.523809523809526;69.66666666666667;12.333333333333334;23.904761904761905;14.619047619047619;3.2266666666666675;0.0;2.281904761904762;0.8628571428571429;1.5466666666666669;0.37333333333333335;2.2057142857142855;6.523809523809524;7.523809523809524
11286;zone60;4536.293429266749;2504.1273706154316;0.0;zone60;S01010315;43;911;678;409;[0.180723,0.554217,0.26506];[0.252632,0.457895,0.289474];[0.208333,0.5,0.291667];[0.55144,0.345679,0.102881];[0.308176100629,0.169811320755,0.358490566038,0.163522012579];2;382.0;-0.100954860853;1604;106;0.09116279069767441;1.302325581395349;49.02511627906976;26.790697674418606;65.97488372093024;10.534883720930232;22.41860465116279;16.58139534883721;2.442790697674419;0.0;2.1665116279069774;0.02232558139534884;2.2446511627906984;0.41395348837209295;2.3237209302325583;5.0;6.372093023255814
11286;zone61;4589.6619547948285;2943.195659127726;0.0;zone61;S01010316;25;512;414;304;[0.392157,0.529412,0.078431];[0.62931,0.37069,0.0];[0.439024,0.560976,0.0];[0.775401,0.224599,0.0];[0.439252336449,0.102803738318,0.252336448598,0.205607476636];1;481.0;0.0128180141103;1417;46;0.0704;1.04;47.74719999999999;25.36;67.3968;11.84;23.4;16.2;2.6576;0.0;2.2784;0.14240000000000003;2.1248;0.42080000000000006;2.6719999999999997;4.2;6.76
11286;zone63;4421.5566371748755;3071.026327566895;0.0;zone63;S01010318;12;1588;1497;304;[0.5,0.456522,0.043478];[0.469799,0.47651,0.053691];[0.310345,0.37931,0.310345];[0.678571,0.285714,0.035714];[0.36,0.14,0.34,0.16];3;317.0;-0.175110645645;1050;26;0.08333333333333333;1.4166666666666667;52.473333333333336;38.916666666666664;73.4;10.583333333333334;23.333333333333332;18.083333333333332;6.636666666666667;0.0;3.966666666666667;0.4166666666666667;0.5666666666666667;0.2733333333333334;1.9866666666666666;6.0;11.166666666666666
11286;zone64;4173.240913470097;2893.8040771744095;0.0;zone64;S01010319;9;711;624;407;[0.258741,0.608392,0.132867];[0.383399,0.486166,0.130435];[0.439394,0.212121,0.348485];[0.530769,0.384615,0.084615];[0.171974522293,0.0700636942675,0.471337579618,0.286624203822];2;473.0;0.00423719084943;1412;15;0.06666666666666667;2.2222222222222223;49.9511111111111;24.444444444444443;68.51111111111112;10.555555555555555;22.444444444444443;16.555555555555557;3.3466666666666662;0.0;0.6800000000000002;0.17777777777777776;1.4844444444444447;0.25777777777777783;1.5599999999999998;9.555555555555555;5.333333333333333
11286;zone65;3940.1918462749595;2900.8899784533987;0.0;zone65;S01010320;4;675;594;437;[0.257813,0.523438,0.21875];[0.61753,0.298805,0.083665];[0.526316,0.22807,0.245614];[0.805085,0.169492,0.025424];[0.172185430464,0.0662251655629,0.443708609272,0.317880794702];1;646.0;0.202453315259;1167;7;0.06;2.0;42.31;20.25;72.69;12.25;24.75;14.5;3.87;0.0;1.71;0.36;0.33;0.56;1.7;10.75;6.0
11286;zone66;3905.8658739096163;2664.6669636212755;0.0;zone66;S01010321;7;837;634;432;[0.401709,0.555556,0.042735];[0.54717,0.433962,0.018868];[0.45122,0.439024,0.109756];[0.666667,0.271186,0.062147];[0.212328767123,0.0958904109589,0.390410958904,0.301369863014];1;1019.0;0.631764531736;1920;16;0.09142857142857143;2.142857142857143;56.86857142857143;33.714285714285715;77.41714285714286;11.428571428571429;23.714285714285715;19.0;4.840000000000001;0.0;2.222857142857143;0.10857142857142857;2.5142857142857147;0.2857142857142857;1.6171428571428574;10.0;9.142857142857142
11286;zone67;3630.3978644730896;3132.1651121578075;0.0;zone67;S01010322;9;1028;914;549;[0.174419,0.549419,0.276163];[0.412399,0.471698,0.115903];[0.298507,0.38806,0.313433];[0.647059,0.323529,0.029412];[0.057268722467,0.0352422907489,0.449339207048,0.458149779736];5;124.0;-0.397569575369;1537;23;0.10222222222222223;1.8888888888888888;35.839999999999996;30.11111111111111;65.95555555555556;11.333333333333334;22.88888888888889;12.222222222222221;1.8844444444444446;0.0;4.768888888888889;1.0533333333333335;0.7866666666666666;0.31555555555555553;2.0044444444444443;7.0;7.888888888888889
11286;zone68;6208.193116766784;3072.425066795916;0.0;zone68;S01010323;4;603;466;377;[0.555556,0.444444,0.0];[0.657143,0.271429,0.071429];[0.642857,0.321429,0.035714];[0.793651,0.166667,0.039683];[0.578431372549,0.166666666667,0.235294117647,0.0196078431373];1;970.0;0.57559463238;1077;5;0.05;0.25;49.83;27.5;70.17;12.75;24.5;16.5;7.640000000000001;0.0;0.66;0.0;1.49;0.37;3.56;1.25;9.25
11286;zone69;6517.651722029823;2240.572579661372;0.0;zone69;S01010324;6;759;566;403;[0.142857,0.571429,0.285714];[0.298077,0.490385,0.211538];[0.333333,0.530864,0.135802];[0.401674,0.414226,0.1841];[0.569620253165,0.101265822785,0.291139240506,0.0379746835443];1;407.0;-0.0721601679586;1979;13;0.08666666666666667;1.5;59.53333333333333;24.333333333333332;73.44666666666666;12.166666666666666;23.333333333333332;20.0;1.88;0.0;1.0933333333333333;0.0;2.6799999999999997;0.62;1.4466666666666665;8.5;5.166666666666667
11286;zone70;6038.016041009105;2402.8415869980217;0.0;zone70;S01010325;18;939;666;501;[0.263158,0.368421,0.368421];[0.383838,0.525253,0.090909];[0.253623,0.615942,0.130435];[0.451362,0.463035,0.085603];[0.545454545455,0.238636363636,0.193181818182,0.0227272727273];1;225.0;-0.281126582053;1975;33;0.07111111111111111;1.0555555555555556;45.45555555555555;27.5;67.94666666666667;12.5;23.555555555555557;15.666666666666666;2.155555555555556;0.0;0.9822222222222222;0.0;3.5088888888888885;0.4311111111111112;2.8;4.611111111111111;6.222222222222222
11286;zone71;5272.359331052501;2740.775131541117;0.0;zone71;S01010326;39;987;707;494;[0.526316,0.368421,0.105263];[0.522523,0.333333,0.144144];[0.492188,0.3125,0.195313];[0.723514,0.224806,0.05168];[0.54375,0.16875,0.23125,0.05625];1;1389.0;1.05701743376;1010;59;0.05846153846153846;1.1282051282051282;47.32717948717949;27.743589743589745;67.57846153846154;11.307692307692308;23.076923076923077;16.102564102564102;1.2287179487179485;0.0;4.976410256410257;0.06358974358974359;1.8379487179487184;0.39897435897435896;2.4953846153846153;4.384615384615385;7.666666666666667
11286;zone72;4970.167032608406;2501.795090448298;0.0;zone72;S01010327;34;982;660;362;[0.031746,0.507937,0.460317];[0.372881,0.432203,0.194915];[0.289063,0.328125,0.382813];[0.516892,0.347973,0.135135];[0.416184971098,0.21387283237,0.236994219653,0.132947976879];1;470.0;0.000335688704598;928;66;0.07411764705882352;1.2941176470588236;38.03529411764705;27.470588235294116;62.412941176470575;10.264705882352942;22.294117647058822;12.794117647058824;1.9800000000000002;0.0;5.168235294117647;0.01411764705882353;0.9352941176470586;0.31764705882352956;1.9952941176470589;4.911764705882353;7.676470588235294
11286;zone73;5975.307390960257;2677.5485166167286;0.0;zone73;S01010328;24;969;706;445;[0.16129,0.5,0.33871];[0.27044,0.471698,0.257862];[0.192547,0.434783,0.372671];[0.338983,0.432203,0.228814];[0.309352517986,0.258992805755,0.280575539568,0.151079136691];2;457.0;-0.0138550124678;2191;46;0.07333333333333333;1.0;41.49166666666667;32.041666666666664;62.341666666666676;10.458333333333334;22.208333333333332;13.916666666666666;2.6083333333333334;0.0;1.2133333333333332;0.0;3.5416666666666665;0.34333333333333343;2.2133333333333334;3.9583333333333335;6.833333333333333
