cycle;name;location.x;location.y;location.z;name;dataZone;nm_children;pop;over16;nm_hh;AB_car_prob;C1_car_prob;C2_car_prob;DE_car_prob;prob_social;simd;crimeRate;norm_crime;avg_dis_sh;neigh_play;daily_play_per_child;avg_FSA;avg_walk;daily_OD;zone_mvpa;mvpa_home;mvpa_sc;mvpa_road;mvpa_play_field;mvpa_home_garden;mvpa_park;mvpa_PG;mvpa_amenity;mvpa_shops;mvpa_F_home;mvpa_fsa;mvpa_OD
11286;zone0;8448.90275962388;2625.4515469546564;0.0;zone0;S01010195;19;531;390;212;[0.0,0.481481,0.518519];[0.261538,0.646154,0.092308];[0.12,0.59,0.29];[0.447368,0.368421,0.184211];[0.418918918919,0.283783783784,0.202702702703,0.0945945945946];1;0.0;-0.540229885057;1096;29;0.0568421052631579;1.631578947368421;43.38105263157894;25.57894736842105;62.397894736842105;9.789473684210526;22.157894736842106;14.68421052631579;0.7789473684210527;0.0;3.498947368421053;0.01894736842105263;1.8273684210526315;0.2357894736842106;1.8863157894736844;5.631578947368421;5.631578947368421
11286;zone1;8656.736904000718;2165.9902346445633;0.0;zone1;S01010198;18;1027;748;394;[0.058824,0.529412,0.411765];[0.305785,0.561983,0.132231];[0.219858,0.496454,0.283688];[0.523179,0.331126,0.145695];[0.48623853211,0.229357798165,0.266055045872,0.0183486238532];1;1609.0;1.3102524676;1304;28;0.05777777777777778;1.7222222222222223;31.813333333333333;20.77777777777778;61.06888888888889;12.0;22.5;10.666666666666666;0.928888888888889;0.0;1.6244444444444446;0.01555555555555556;2.6199999999999997;0.47777777777777763;2.1177777777777775;6.388888888888889;4.722222222222222
11286;zone2;8537.588755655543;3024.028900129281;0.0;zone2;S01010201;22;643;453;253;[0.0,0.47619,0.52381];[0.270833,0.3125,0.416667];[0.088,0.48,0.432];[0.296552,0.434483,0.268966];[0.365853658537,0.292682926829,0.292682926829,0.0487804878049];2;219.0;-0.28762447053;1007;52;0.09272727272727273;0.8636363636363636;32.594545454545454;32.22727272727273;60.278181818181835;10.818181818181818;22.40909090909091;11.0;1.7818181818181815;0.0;3.372727272727273;0.10909090909090911;2.9745454545454546;0.30000000000000004;2.6145454545454547;3.1818181818181817;7.818181818181818
11286;zone3;8059.42097232239;3767.666522351409;0.0;zone3;S01010203;30;671;504;260;[0.090909,0.363636,0.545455];[0.263804,0.460123,0.276074];[0.094828,0.422414,0.482759];[0.183824,0.375,0.441176];[0.272727272727,0.218181818182,0.363636363636,0.145454545455];3;215.0;-0.292668818285;1941;69;0.092;0.9666666666666667;36.941333333333326;28.066666666666666;65.68133333333334;12.433333333333334;23.466666666666665;12.3;2.0959999999999996;0.0;2.8639999999999994;0.0;2.966666666666667;0.4946666666666667;2.6159999999999997;4.733333333333333;7.433333333333334
11286;zone4;8368.288440296214;3565.498290652094;0.0;zone4;S01010204;30;800;589;381;[0.272727,0.727273,0.0];[0.627451,0.27451,0.098039];[0.444444,0.533333,0.022222];[0.600619,0.321981,0.077399];[0.595041322314,0.157024793388,0.239669421488,0.00826446280992];1;497.0;0.0317745673598;1385;51;0.068;0.8666666666666667;36.10666666666666;29.833333333333332;62.82000000000001;11.866666666666667;22.933333333333334;12.066666666666666;1.6800000000000002;0.0;2.669333333333333;0.0;3.408;0.464;2.533333333333333;3.433333333333333;7.333333333333333
11286;zone5;8034.229745798958;3515.110462853287;0.0;zone5;S01010205;15;658;534;355;[0.411765,0.117647,0.470588];[0.465116,0.457364,0.077519];[0.317757,0.588785,0.093458];[0.593458,0.280374,0.126168];[0.466666666667,0.2,0.3,0.0333333333333];1;925.0;0.523434132086;1182;22;0.056;1.2666666666666666;41.541333333333334;31.333333333333332;67.19466666666666;11.6;23.533333333333335;13.933333333333334;1.6;0.0;2.9680000000000004;0.0;3.5573333333333332;0.3706666666666667;2.528;5.4;7.533333333333333
11286;zone6;7457.064719570519;3739.055375726369;0.0;zone6;S01010208;18;903;745;565;[0.30137,0.589041,0.109589];[0.48062,0.457364,0.062016];[0.272727,0.613636,0.113636];[0.66055,0.270642,0.068807];[0.233333333333,0.133333333333,0.461111111111,0.172222222222];1;603.0;0.153385979085;1446;20;0.04222222222222222;1.0555555555555556;42.72222222222223;21.666666666666668;65.47333333333333;12.277777777777779;23.0;14.722222222222221;1.362222222222222;0.0;1.5511111111111116;0.0;2.6888888888888887;0.47777777777777797;2.7199999999999998;5.0;5.055555555555555
11286;zone7;7917.838214725937;1939.334458859395;0.0;zone7;S01010209;24;966;677;468;[0.172414,0.586207,0.241379];[0.333333,0.414966,0.251701];[0.381944,0.458333,0.159722];[0.545852,0.336245,0.117904];[0.337931034483,0.248275862069,0.303448275862,0.110344827586];1;2053.0;1.82052250092;1655;31;0.05166666666666667;0.9583333333333334;41.79333333333333;24.916666666666668;62.38333333333333;11.208333333333334;22.5;14.25;0.44333333333333336;0.0;2.89;0.0;2.931666666666666;0.4050000000000001;2.5716666666666663;3.5833333333333335;5.666666666666667
11286;zone8;7878.406567747077;2721.2634132011362;0.0;zone8;S01010210;18;885;641;416;[0.173913,0.456522,0.369565];[0.21519,0.5,0.28481];[0.189781,0.386861,0.423358];[0.422111,0.442211,0.135678];[0.394736842105,0.236842105263,0.254385964912,0.114035087719];1;344.0;-0.144253829852;1281;33;0.07333333333333333;1.1111111111111112;33.48222222222222;25.833333333333332;60.81555555555555;11.055555555555555;23.11111111111111;11.222222222222221;1.268888888888889;0.0;2.9999999999999996;0.0;2.0711111111111107;0.46666666666666656;2.2999999999999994;4.666666666666667;5.888888888888889
11286;zone9;7785.599648345685;3201.783800714137;0.0;zone9;S01010211;22;858;634;452;[0.147059,0.705882,0.147059];[0.384615,0.452991,0.162393];[0.469565,0.4,0.130435];[0.722656,0.226563,0.050781];[0.473214285714,0.169642857143,0.285714285714,0.0714285714286];1;430.0;-0.0456985893816;1084;42;0.06909090909090909;1.0909090909090908;36.65272727272728;25.59090909090909;64.1381818181818;12.363636363636363;23.136363636363637;12.318181818181818;2.501818181818182;0.0;2.658181818181818;0.0;2.256363636363637;0.46;2.3345454545454545;4.2272727272727275;6.954545454545454
11286;zone10;7580.688680869333;3097.127786881416;0.0;zone10;S01010212;49;1083;779;559;[0.233333,0.633333,0.133333];[0.594771,0.339869,0.065359];[0.465517,0.405172,0.12931];[0.712821,0.269231,0.017949];[0.566037735849,0.138364779874,0.22641509434,0.0691823899371];1;1473.0;1.15298517036;1165;86;0.06857142857142857;1.4081632653061225;50.16489795918368;28.918367346938776;67.3657142857143;10.510204081632653;22.93877551020408;17.020408163265305;1.692244897959184;0.0;2.604897959183674;0.0163265306122449;3.035102040816326;0.4424489795918367;2.196734693877551;5.244897959183674;6.836734693877551
11286;zone11;8065.177293237223;3111.5884965344962;0.0;zone11;S01010213;13;924;657;476;[0.105263,0.684211,0.210526];[0.382609,0.547826,0.069565];[0.218543,0.556291,0.225166];[0.467925,0.483019,0.049057];[0.451327433628,0.221238938053,0.274336283186,0.0530973451327];1;247.0;-0.255840453357;1050;28;0.08307692307692308;1.1538461538461537;30.606153846153852;27.46153846153846;62.77538461538461;13.23076923076923;22.692307692307693;10.153846153846153;1.5815384615384613;0.0;3.083076923076923;0.04615384615384615;3.378461538461538;0.4276923076923077;2.0861538461538465;4.076923076923077;7.538461538461538
11286;zone12;7144.994858230166;1947.4125453867302;0.0;zone12;S01010214;27;967;717;396;[0.098592,0.28169,0.619718];[0.197531,0.438272,0.364198];[0.173333,0.493333,0.333333];[0.237069,0.487069,0.275862];[0.361344537815,0.210084033613,0.310924369748,0.117647058824];3;176.0;-0.337854473183;1945;51;0.07555555555555556;1.1851851851851851;46.22962962962964;31.666666666666668;67.76740740740742;10.851851851851851;23.555555555555557;15.703703703703704;2.274074074074074;0.0;3.02962962962963;0.0;3.226666666666666;0.2607407407407408;2.374814814814815;4.814814814814815;8.074074074074074
11286;zone13;7013.590150664996;2618.495528189446;0.0;zone13;S01010215;24;850;608;492;[0.571429,0.285714,0.142857];[0.5,0.431373,0.068627];[0.382609,0.391304,0.226087];[0.678571,0.269841,0.051587];[0.467289719626,0.140186915888,0.345794392523,0.0467289719626];1;547.0;0.0886083430805;622;39;0.065;0.9583333333333334;33.001666666666665;28.833333333333332;61.251666666666665;11.583333333333334;22.916666666666668;11.125;1.4399999999999997;0.0;2.18;0.0;3.6566666666666663;0.3150000000000001;2.7166666666666672;3.4583333333333335;6.833333333333333
11286;zone14;7332.222205807836;2329.961970144465;0.0;zone14;S01010216;15;621;464;361;[0.6,0.4,0.0];[0.597701,0.356322,0.045977];[0.409091,0.439394,0.151515];[0.709544,0.273859,0.016598];[0.5,0.163265306122,0.265306122449,0.0714285714286];1;600.0;0.150092344085;1303;12;0.02933333333333333;1.4;52.48533333333334;24.533333333333335;66.976;10.333333333333334;22.866666666666667;17.933333333333334;0.9466666666666667;0.0;1.88;0.0;2.7946666666666666;0.328;2.933333333333334;5.133333333333334;5.2
11286;zone15;7299.833172322251;2625.8610945736937;0.0;zone15;S01010217;33;817;598;406;[0.16129,0.516129,0.322581];[0.565517,0.4,0.034483];[0.5,0.431373,0.068627];[0.702703,0.283784,0.013514];[0.541935483871,0.0967741935484,0.296774193548,0.0645161290323];1;1060.0;0.679274950851;1008;63;0.07272727272727272;1.1818181818181819;43.31999999999999;29.96969696969697;66.39757575757575;11.393939393939394;22.727272727272727;14.666666666666666;1.1006060606060606;0.0;2.9939393939393937;0.0;3.435151515151515;0.3842424242424243;2.7830303030303027;5.242424242424242;7.0
11286;zone16;7142.953643082513;3018.5401822929393;0.0;zone16;S01010218;31;1018;790;587;[0.425532,0.404255,0.170213];[0.392523,0.453271,0.154206];[0.358209,0.492537,0.149254];[0.589124,0.335347,0.075529];[0.424657534247,0.109589041096,0.369863013699,0.0958904109589];1;557.0;0.101026678737;568;41;0.05032258064516129;1.2903225806451613;32.50838709677419;24.193548387096776;60.63741935483871;11.161290322580646;22.93548387096774;10.838709677419354;1.1187096774193548;0.0;1.412903225806452;0.0;3.381935483870969;0.29677419354838713;2.5548387096774197;5.161290322580645;5.354838709677419
11286;zone17;6738.8937706128745;4298.8917997019325;0.0;zone17;S01010219;21;503;382;274;[0.695652,0.304348,0.0];[0.758621,0.215517,0.025862];[0.761905,0.166667,0.071429];[0.781609,0.195402,0.022989];[0.41935483871,0.0752688172043,0.408602150538,0.0967741935484];2;184.0;-0.327838932938;1486;51;0.09142857142857143;2.142857142857143;58.31999999999999;26.857142857142858;74.44571428571429;10.380952380952381;23.0;19.761904761904763;3.594285714285714;0.0;2.624761904761905;0.03238095238095239;1.4590476190476191;0.27047619047619054;1.7771428571428571;9.666666666666666;7.190476190476191
11286;zone18;5915.780765415368;4211.222876105162;0.0;zone18;S01010220;7;476;433;279;[0.181159,0.608696,0.210145];[0.404255,0.531915,0.06383];[0.227273,0.704545,0.068182];[0.448276,0.482759,0.068966];[0.154545454545,0.0636363636364,0.318181818182,0.463636363636];5;267.0;-0.232306706325;1008;12;0.06285714285714286;1.1428571428571428;35.205714285714286;22.571428571428573;67.65142857142858;12.714285714285714;24.857142857142858;12.0;3.7085714285714286;0.0;3.4457142857142857;0.05714285714285715;0.9257142857142858;0.40571428571428575;2.737142857142857;5.0;7.571428571428571
11286;zone19;6341.0811208317455;3913.8398648988496;0.0;zone19;S01010221;13;546;394;260;[0.6,0.4,0.0];[0.557377,0.409836,0.032787];[0.538462,0.323077,0.138462];[0.699387,0.257669,0.042945];[0.609375,0.140625,0.203125,0.046875];1;635.0;0.19005459739;1285;26;0.07692307692307693;0.7692307692307693;54.76615384615385;24.23076923076923;70.36923076923077;11.846153846153847;23.692307692307693;18.692307692307693;4.310769230769231;0.0;2.873846153846154;0.07692307692307693;1.0184615384615383;0.5046153846153847;2.4984615384615383;3.1538461538461537;7.846153846153846
11286;zone20;7001.213463613622;4053.9957950241624;0.0;zone20;S01010222;15;492;414;285;[0.142857,0.5,0.357143];[0.432432,0.459459,0.108108];[0.348624,0.522936,0.12844];[0.747899,0.235294,0.016807];[0.345238095238,0.214285714286,0.309523809524,0.130952380952];1;377.0;-0.105830277325;1853;23;0.06133333333333333;1.7333333333333334;48.13333333333333;17.8;64.59733333333332;10.8;22.466666666666665;16.066666666666666;0.8533333333333334;0.0;1.64;0.0;1.5306666666666664;0.4506666666666667;1.912;6.8;3.466666666666667
11286;zone21;6986.8418912765155;3434.1450308482026;0.0;zone21;S01010223;4;556;462;337;[0.076923,0.538462,0.384615];[0.567797,0.330508,0.101695];[0.472222,0.444444,0.083333];[0.584699,0.36612,0.04918];[0.432432432432,0.162162162162,0.324324324324,0.0810810810811];1;439.0;-0.0353356041414;1869;6;0.06;1.75;69.48;23.5;85.52000000000001;14.5;23.75;23.75;4.95;0.0;2.16;0.0;1.6900000000000002;0.39;1.84;10.75;8.25
11286;zone22;6247.397837456437;3329.661273309237;0.0;zone22;S01010224;40;1036;727;469;[0.405405,0.540541,0.054054];[0.592593,0.274074,0.133333];[0.418803,0.504274,0.076923];[0.768421,0.202632,0.028947];[0.506097560976,0.140243902439,0.268292682927,0.0853658536585];1;1004.0;0.614259332793;975;67;0.065;1.325;45.95799999999999;20.175;66.80099999999999;11.925;23.55;15.475;3.2099999999999995;0.0;1.6740000000000002;0.068;1.1359999999999997;0.29700000000000004;2.2540000000000004;5.4;5.55
11286;zone23;7827.985844039554;4105.4701191949;0.0;zone23;S01010225;33;812;636;431;[0.25,0.634615,0.115385];[0.469072,0.43299,0.097938];[0.54023,0.413793,0.045977];[0.672065,0.234818,0.093117];[0.385185185185,0.125925925926,0.325925925926,0.162962962963];1;1006.0;0.616572011517;1664;50;0.05939393939393939;1.1515151515151516;46.49939393939395;21.393939393939394;64.15878787878789;10.848484848484848;23.303030303030305;15.818181818181818;1.5393939393939395;0.0;1.8909090909090909;0.0;2.1236363636363644;0.4642424242424242;2.4254545454545453;4.03030303030303;5.0606060606060606
11286;zone24;7040.363001382077;4481.052780471187;0.0;zone24;S01010226;40;816;565;394;[0.454545,0.242424,0.30303];[0.715385,0.2,0.084615];[0.540541,0.405405,0.054054];[0.766917,0.18797,0.045113];[0.503355704698,0.201342281879,0.221476510067,0.0738255033557];2;422.0;-0.0548014077425;1100;112;0.111;1.4;44.987;32.9;69.266;11.0;22.875;15.275;4.129000000000001;0.0;4.110999999999999;0.02;1.61;0.39499999999999996;2.216;5.825;9.35
11286;zone25;6847.772309074456;4638.663588163389;0.0;zone25;S01010227;39;692;454;294;[0.413793,0.413793,0.172414];[0.704545,0.238636,0.056818];[0.654545,0.345455,0.0];[0.810606,0.159091,0.030303];[0.672268907563,0.0924369747899,0.159663865546,0.0756302521008];4;0.0;-0.540229885057;1039;143;0.14153846153846153;1.2564102564102564;42.09435897435899;40.48717948717949;69.9220512820513;11.35897435897436;22.897435897435898;14.179487179487179;4.613333333333334;0.0;5.806153846153847;0.01333333333333333;1.6430769230769227;0.39487179487179475;2.061538461538461;5.282051282051282;11.512820512820513
11286;zone26;8241.816993110848;4572.457656401622;0.0;zone26;S01010229;30;1016;787;508;[0.1,0.625,0.275];[0.350877,0.350877,0.298246];[0.348315,0.477528,0.174157];[0.565217,0.310559,0.124224];[0.420731707317,0.213414634146,0.292682926829,0.0731707317073];1;395.0;-0.0859445809966;1244;41;0.05333333333333334;1.4666666666666666;40.806666666666665;18.133333333333333;63.03333333333334;11.933333333333334;22.8;13.833333333333334;1.501333333333333;0.0;1.8533333333333333;0.0;1.564;0.5239999999999999;2.258666666666666;5.0;4.433333333333334
11286;zone27;7458.320056766788;4680.341251240345;0.0;zone27;S01010230;24;1005;772;577;[0.314286,0.628571,0.057143];[0.703883,0.296117,0.0];[0.727273,0.218182,0.054545];[0.71831,0.24507,0.03662];[0.517857142857,0.136904761905,0.267857142857,0.077380952381];1;846.0;0.433218203459;1110;52;0.08;1.375;45.23666666666667;29.0;68.93166666666669;11.375;23.916666666666668;15.375;3.3766666666666674;0.0;4.015;0.01166666666666667;1.663333333333333;0.5683333333333334;1.946666666666666;4.958333333333333;8.541666666666666
11286;zone28;7569.802990100143;4917.458811240416;0.0;zone28;S01010232;37;1074;792;485;[0.457143,0.485714,0.057143];[0.557292,0.338542,0.104167];[0.492063,0.333333,0.174603];[0.654229,0.251244,0.094527];[0.470297029703,0.153465346535,0.306930693069,0.0693069306931];1;771.0;0.347049794199;1011;85;0.08540540540540541;0.7567567567567568;42.97621621621621;30.89189189189189;65.71783783783783;11.945945945945946;23.054054054054053;14.54054054054054;2.101621621621621;0.0;3.084324324324324;0.0227027027027027;3.2324324324324327;0.3902702702702703;2.6248648648648647;3.054054054054054;7.945945945945946
11286;zone29;7830.713068379679;4879.746446724283;0.0;zone29;S01010233;33;970;705;476;[0.275,0.625,0.1];[0.655629,0.245033,0.099338];[0.52809,0.426966,0.044944];[0.771505,0.212366,0.016129];[0.587209302326,0.093023255814,0.261627906977,0.0581395348837];1;284.0;-0.213781821634;1357;54;0.06303030303030303;1.5757575757575757;53.607272727272736;26.727272727272727;69.73090909090907;11.090909090909092;23.181818181818183;18.03030303030303;1.5842424242424242;0.0;2.553939393939394;0.00606060606060606;2.8339393939393935;0.28606060606060607;2.096969696969697;6.363636363636363;6.484848484848484
11286;zone30;6473.383843181837;4954.519765957263;0.0;zone30;S01010261;6;2551;2373;526;[0.666667,0.270833,0.0625];[0.675841,0.281346,0.042813];[0.75,0.25,0.0];[0.824468,0.164894,0.010638];[0.41,0.06,0.41,0.12];3;176.0;-0.337679921334;2153;14;0.09333333333333334;0.6666666666666666;72.07333333333334;38.0;80.22000000000001;11.0;24.666666666666668;24.666666666666668;5.1933333333333325;0.0;2.24;0.0;3.6;0.37999999999999995;2.84;3.5;10.666666666666666
11286;zone31;4930.642193689802;4959.449818932565;0.0;zone31;S01010266;3;555;474;237;[0.320755,0.556604,0.122642];[0.677273,0.254545,0.068182];[0.5,0.461538,0.038462];[0.534247,0.30137,0.164384];[0.141176470588,0.0588235294118,0.4,0.4];3;536.0;0.0761386922126;1277;7;0.06666666666666667;2.6666666666666665;38.84;22.666666666666668;70.27999999999999;12.333333333333334;25.333333333333332;13.666666666666666;1.0133333333333334;0.0;0.14666666666666667;0.9066666666666666;2.9066666666666663;0.13333333333333333;1.5599999999999998;10.333333333333334;4.666666666666667
11286;zone32;5712.5549897826;4979.400336637217;0.0;zone32;S01010270;4;1153;972;817;[0.389831,0.533898,0.076271];[0.70255,0.252125,0.045326];[0.714286,0.272727,0.012987];[0.771552,0.228448,0.0];[0.125,0.0909090909091,0.454545454545,0.329545454545];1;871.0;0.461200629557;1682;5;0.05;1.75;63.35;27.0;74.42;10.75;22.75;22.0;4.859999999999999;0.0;1.4;0.13;1.3900000000000001;0.33;1.8199999999999998;6.75;7.25
11286;zone33;3394.0723536088512;4934.677182292946;0.0;zone33;S01010282;13;976;841;645;[0.438776,0.520408,0.040816];[0.545732,0.405488,0.04878];[0.521277,0.382979,0.095745];[0.712707,0.232044,0.055249];[0.190954773869,0.070351758794,0.35175879397,0.386934673367];2;350.0;-0.137812028107;1343;18;0.05538461538461539;1.7692307692307692;48.612307692307695;23.384615384615383;72.10461538461539;12.0;24.153846153846153;16.53846153846154;1.24;0.0;4.584615384615384;0.24923076923076926;1.4769230769230768;0.39076923076923087;2.212307692307692;7.615384615384615;7.230769230769231
11286;zone34;4385.789287498423;4835.237486850067;0.0;zone34;S01010289;15;771;687;380;[0.130952,0.511905,0.357143];[0.262911,0.502347,0.234742];[0.178571,0.464286,0.357143];[0.410256,0.435897,0.153846];[0.058064516129,0.0322580645161,0.245161290323,0.664516129032];5;259.0;-0.241396294863;1483;45;0.11733333333333333;1.8666666666666667;47.824;36.86666666666667;65.512;8.466666666666667;23.266666666666666;16.066666666666666;1.536;0.0;4.674666666666667;1.1866666666666668;1.12;0.31200000000000006;1.8053333333333337;5.4;8.0
11286;zone35;4401.5375624188455;4669.062022109911;0.0;zone35;S01010290;13;546;485;278;[0.198198,0.603604,0.198198];[0.485944,0.449799,0.064257];[0.555556,0.444444,0.0];[0.435897,0.512821,0.051282];[0.10752688172,0.0430107526882,0.494623655914,0.354838709677];3;353.0;-0.133686757747;986;39;0.11692307692307692;1.3076923076923077;45.88000000000001;42.53846153846154;74.35692307692308;12.692307692307692;22.846153846153847;15.692307692307692;2.532307692307692;0.0;6.923076923076923;1.5753846153846152;1.5938461538461544;0.39692307692307693;2.043076923076923;6.3076923076923075;12.076923076923077
11286;zone36;4119.983651650423;4281.100418217042;0.0;zone36;S01010291;12;1075;975;481;[0.405594,0.447552,0.146853];[0.627907,0.277132,0.094961];[0.415094,0.433962,0.150943];[0.562963,0.325926,0.111111];[0.197080291971,0.0729927007299,0.445255474453,0.284671532847];3;438.0;-0.0363924713322;845;22;0.06666666666666667;1.5833333333333333;44.23666666666666;33.666666666666664;67.41333333333333;10.416666666666666;23.0;14.75;2.063333333333333;0.0;6.186666666666667;0.7633333333333333;0.49333333333333335;0.37666666666666665;1.9633333333333336;5.083333333333333;9.0
11286;zone37;4399.731076226201;4291.6703625917;0.0;zone37;S01010292;10;890;831;409;[0.348214,0.508929,0.142857];[0.477169,0.420091,0.10274];[0.339286,0.446429,0.214286];[0.55814,0.383721,0.05814];[0.128378378378,0.0540540540541,0.398648648649,0.418918918919];4;323.0;-0.168488563048;807;19;0.072;1.5;36.228;34.3;63.592;9.7;22.8;11.8;1.7399999999999998;0.0;4.864;0.9040000000000001;0.64;0.27999999999999997;1.9440000000000002;6.9;7.7
11286;zone38;4514.690807242894;4541.15458266895;0.0;zone38;S01010293;16;839;723;373;[0.51773,0.35461,0.12766];[0.635389,0.262735,0.101877];[0.446809,0.319149,0.234043];[0.514286,0.392857,0.092857];[0.242424242424,0.0606060606061,0.393939393939,0.30303030303];3;290.0;-0.205814991507;1011;40;0.1;1.625;49.552499999999995;35.5625;69.0025;10.5625;22.1875;16.8125;1.4774999999999998;0.0;5.86;0.7225;1.14;0.4975000000000001;1.815;6.1875;8.6875
11286;zone39;4541.7482834333705;4418.565122351524;0.0;zone39;S01010294;13;690;631;275;[0.242105,0.526316,0.231579];[0.650873,0.214464,0.134663];[0.583333,0.208333,0.208333];[0.414894,0.489362,0.095745];[0.164835164835,0.043956043956,0.494505494505,0.296703296703];4;440.0;-0.0342259463805;1045;47;0.14153846153846153;1.5384615384615385;40.559999999999995;38.76923076923077;66.82153846153847;10.384615384615385;22.76923076923077;13.76923076923077;2.443076923076923;0.0;6.938461538461538;0.9076923076923078;1.0492307692307692;0.3692307692307693;1.8738461538461537;4.846153846153846;10.846153846153847
11286;zone40;4766.8646917667475;4574.50133624035;0.0;zone40;S01010295;18;974;870;427;[0.384615,0.391026,0.224359];[0.604555,0.310559,0.084886];[0.428571,0.285714,0.285714];[0.390728,0.516556,0.092715];[0.212765957447,0.113475177305,0.297872340426,0.375886524823];4;529.0;0.0680145754747;1566;40;0.08666666666666667;1.6666666666666667;49.09555555555555;33.333333333333336;67.92;10.61111111111111;22.333333333333332;16.5;2.2755555555555556;0.0;5.315555555555554;0.7177777777777777;0.7377777777777779;0.41555555555555557;1.7333333333333334;5.5;8.61111111111111
11286;zone41;4647.752341766679;4736.091736240359;0.0;zone41;S01010296;16;664;560;291;[0.294118,0.423529,0.282353];[0.520913,0.368821,0.110266];[0.375,0.375,0.25];[0.475524,0.391608,0.132867];[0.282828282828,0.111111111111,0.363636363636,0.242424242424];2;856.0;0.444094443477;1502;34;0.085;1.8125;41.2475;31.5;68.205;10.9375;23.125;14.125;1.64;0.0;4.967499999999999;0.9874999999999999;1.2225000000000001;0.23500000000000004;1.8375;7.3125;8.375
11286;zone42;5522.849421766708;4411.996091240393;0.0;zone42;S01010297;7;1066;894;676;[0.582609,0.382609,0.034783];[0.691824,0.245283,0.062893];[0.540541,0.333333,0.126126];[0.681275,0.270916,0.047809];[0.260563380282,0.140845070423,0.37323943662,0.225352112676];1;504.0;0.0391758595379;2040;12;0.06857142857142857;2.4285714285714284;46.18285714285714;24.285714285714285;63.74857142857143;9.285714285714286;21.714285714285715;15.714285714285714;1.6285714285714288;0.0;1.6685714285714286;0.02285714285714286;2.245714285714286;0.19428571428571426;1.5714285714285714;7.571428571428571;5.142857142857143
11286;zone43;4706.481893689814;4143.807995855712;0.0;zone43;S01010298;12;880;677;515;[0.308943,0.479675,0.211382];[0.581395,0.356589,0.062016];[0.539683,0.396825,0.063492];[0.744828,0.193103,0.062069];[0.227272727273,0.0984848484848,0.371212121212,0.30303030303];1;486.0;0.0190902878356;1090;16;0.05333333333333334;2.0;34.15;17.333333333333332;64.87666666666667;12.416666666666666;23.416666666666668;11.416666666666666;1.3066666666666666;0.0;2.17;0.4266666666666667;0.9333333333333332;0.49666666666666676;1.93;8.666666666666666;4.416666666666667
11286;zone44;4885.424673909578;4209.645754097502;0.0;zone44;S01010299;4;536;404;292;[0.3,0.54,0.16];[0.556701,0.340206,0.103093];[0.458333,0.520833,0.020833];[0.584906,0.283019,0.132075];[0.428571428571,0.0857142857143,0.285714285714,0.2];1;375.0;-0.10827530326;722;5;0.05;1.0;29.310000000000002;26.0;61.98;15.25;23.5;9.75;2.15;0.0;1.43;0.27;3.07;0.88;2.32;2.0;6.75
11286;zone45;4883.397012115578;4340.414778682246;0.0;zone45;S01010300;21;934;764;478;[0.460784,0.411765,0.127451];[0.664653,0.238671,0.096677];[0.632353,0.323529,0.044118];[0.606383,0.329787,0.06383];[0.3046875,0.125,0.3515625,0.21875];2;513.0;0.0498225801839;604;39;0.07238095238095238;2.380952380952381;39.08952380952381;23.857142857142858;71.24000000000001;12.523809523809524;24.19047619047619;13.19047619047619;2.059047619047619;0.0;1.264761904761905;0.21714285714285717;2.8800000000000003;0.3238095238095238;1.624761904761905;11.0;6.0
11286;zone46;5144.66081966521;4032.769083704074;0.0;zone46;S01010301;6;522;457;283;[0.292683,0.597561,0.109756];[0.57563,0.315126,0.109244];[0.222222,0.703704,0.074074];[0.561798,0.393258,0.044944];[0.214285714286,0.0612244897959,0.459183673469,0.265306122449];4;490.0;0.0232745011966;2393;22;0.14;1.8333333333333333;50.29999999999999;34.0;67.58666666666667;12.5;20.833333333333332;17.0;3.5133333333333336;0.0;2.026666666666667;0.3;2.3333333333333335;0.4000000000000001;1.1199999999999999;6.0;7.833333333333333
11286;zone47;5165.568789180556;4297.038752619699;0.0;zone47;S01010302;24;669;495;388;[0.65625,0.28125,0.0625];[0.6,0.356522,0.043478];[0.716981,0.226415,0.056604];[0.801802,0.18018,0.018018];[0.582417582418,0.0769230769231,0.263736263736,0.0769230769231];1;392.0;-0.0896499889057;942;46;0.075;1.4583333333333333;46.84499999999999;28.791666666666668;67.085;10.916666666666666;23.0;16.125;2.5200000000000005;0.0;0.9333333333333332;0.255;3.3333333333333335;0.3600000000000001;2.3566666666666665;5.416666666666667;6.625
11286;zone48;5241.140616766716;4139.402270499609;0.0;zone48;S01010303;33;579;387;250;[0.692308,0.153846,0.153846];[0.56701,0.298969,0.134021];[0.630435,0.282609,0.086957];[0.658879,0.285047,0.056075];[0.58407079646,0.106194690265,0.274336283186,0.0353982300885];1;415.0;-0.0627120940391;1749;69;0.08242424242424243;1.5757575757575757;51.216969696969706;28.848484848484848;67.52363636363638;10.151515151515152;22.393939393939394;17.393939393939394;3.978181818181817;0.0;1.2242424242424244;0.2872727272727273;1.9866666666666668;0.36606060606060614;2.064242424242425;5.909090909090909;7.0606060606060606
11286;zone49;4853.647576226233;3833.123065294377;0.0;zone49;S01010304;12;542;456;332;[0.323529,0.514706,0.161765];[0.635135,0.25,0.114865];[0.477273,0.522727,0.0];[0.829268,0.109756,0.060976];[0.372340425532,0.0425531914894,0.297872340426,0.287234042553];1;804.0;0.384523850516;1966;24;0.07666666666666666;1.3333333333333333;61.870000000000005;24.0;70.48;11.0;22.166666666666668;21.166666666666668;3.33;0.0;1.1266666666666667;0.11;1.5166666666666666;0.5633333333333335;2.1333333333333333;5.583333333333333;5.583333333333333
11286;zone50;4697.410406890209;3639.1027396354093;0.0;zone50;S01010305;7;807;694;478;[0.36036,0.468468,0.171171];[0.553191,0.33617,0.110638];[0.409639,0.301205,0.289157];[0.589888,0.337079,0.073034];[0.198529411765,0.0735294117647,0.382352941176,0.345588235294];1;223.0;-0.28282788147;675;14;0.08;0.8571428571428571;35.120000000000005;29.285714285714285;60.925714285714285;10.142857142857142;23.285714285714285;11.714285714285714;5.725714285714285;0.0;0.5828571428571429;0.22285714285714286;1.0971428571428572;0.5142857142857143;2.3485714285714283;3.4285714285714284;7.0
11286;zone51;4591.3082521834585;3868.367573740388;0.0;zone51;S01010306;13;752;675;449;[0.35625,0.56875,0.075];[0.570588,0.355882,0.073529];[0.283019,0.566038,0.150943];[0.650943,0.330189,0.018868];[0.165680473373,0.0473372781065,0.479289940828,0.307692307692];2;238.0;-0.265781391166;873;36;0.1076923076923077;1.1538461538461537;41.29846153846154;32.92307692307692;68.80307692307693;12.384615384615385;23.23076923076923;13.76923076923077;6.932307692307694;0.0;1.2523076923076921;0.9230769230769234;0.9384615384615386;0.5538461538461539;2.6092307692307695;4.461538461538462;9.538461538461538
11286;zone52;4503.72067559025;3742.2957906521283;0.0;zone52;S01010307;9;821;732;428;[0.189922,0.577519,0.232558];[0.407407,0.487654,0.104938];[0.346154,0.538462,0.115385];[0.71875,0.234375,0.046875];[0.0681818181818,0.0568181818182,0.375,0.5];5;319.0;-0.172537833795;450;36;0.15555555555555556;2.0;42.137777777777764;47.22222222222222;75.02222222222221;12.0;22.22222222222222;14.333333333333334;8.115555555555556;0.0;2.382222222222222;2.4711111111111115;0.8711111111111112;0.4;1.4666666666666668;8.88888888888889;13.222222222222221
11286;zone53;4364.519870735056;4047.768725526131;0.0;zone53;S01010308;9;975;858;480;[0.285714,0.54007,0.174216];[0.511936,0.384615,0.103448];[0.254902,0.411765,0.333333];[0.648352,0.307692,0.043956];[0.0970873786408,0.0631067961165,0.359223300971,0.480582524272];4;257.0;-0.244477582955;1086;25;0.1111111111111111;1.6666666666666667;47.91111111111111;39.0;69.31555555555556;10.222222222222221;23.555555555555557;16.11111111111111;2.9777777777777783;0.0;3.3466666666666667;1.3333333333333333;1.671111111111111;0.24000000000000002;1.7333333333333334;6.555555555555555;8.666666666666666
11286;zone54;5381.88771051669;3636.3205112402793;0.0;zone54;S01010309;4;419;356;264;[0.333333,0.25,0.416667];[0.478873,0.422535,0.098592];[0.352941,0.382353,0.264706];[0.705882,0.24183,0.052288];[0.365853658537,0.170731707317,0.390243902439,0.0731707317073];1;0.0;-0.540229885057;2153;5;0.05;2.5;45.980000000000004;28.25;65.57;9.0;23.0;15.5;1.14;0.0;0.64;0.73;3.3499999999999996;0.25;1.62;8.25;5.5
11286;zone55;5657.373406240428;3625.6586165034923;0.0;zone55;S01010310;13;706;540;381;[0.333333,0.238095,0.428571];[0.565517,0.337931,0.096552];[0.54902,0.27451,0.176471];[0.715415,0.256917,0.027668];[0.484848484848,0.151515151515,0.318181818182,0.0454545454545];1;574.0;0.120406534162;845;23;0.07076923076923076;1.2307692307692308;46.60000000000001;26.23076923076923;63.16923076923077;10.461538461538462;22.692307692307693;15.692307692307692;1.08;0.0;2.6000000000000005;0.36307692307692313;2.144615384615385;0.5353846153846153;2.1046153846153848;3.769230769230769;5.769230769230769
11286;zone56;5685.425126382168;3318.6970593171873;0.0;zone56;S01010311;22;721;556;351;[0.411765,0.352941,0.235294];[0.472222,0.453704,0.074074];[0.571429,0.404762,0.02381];[0.717949,0.271062,0.010989];[0.565217391304,0.121739130435,0.269565217391,0.0434782608696];1;1534.0;1.22364271569;1642;34;0.06;0.8181818181818182;59.07636363636365;27.636363636363637;68.29636363636365;10.318181818181818;22.772727272727273;20.045454545454547;1.7981818181818183;0.0;2.1145454545454543;0.08363636363636363;2.8818181818181823;0.23454545454545456;3.1454545454545455;3.1363636363636362;6.363636363636363
11286;zone57;5466.52613028024;3072.1402274564575;0.0;zone57;S01010312;34;868;647;425;[0.117647,0.823529,0.058824];[0.754386,0.22807,0.017544];[0.407407,0.444444,0.148148];[0.804945,0.153846,0.041209];[0.586956521739,0.115942028986,0.268115942029,0.0289855072464];1;685.0;0.247477927043;1651;48;0.05294117647058823;1.0;60.13176470588235;28.176470588235293;68.13647058823528;10.352941176470589;22.58823529411765;20.529411764705884;1.5247058823529411;0.0;1.9552941176470586;0.05882352941176471;2.7588235294117656;0.32352941176470584;2.7305882352941175;3.6176470588235294;5.852941176470588
11286;zone58;5251.7403530303945;3502.549209042501;0.0;zone58;S01010313;16;654;529;356;[0.428571,0.285714,0.285714];[0.6,0.333333,0.066667];[0.433735,0.481928,0.084337];[0.739623,0.162264,0.098113];[0.648351648352,0.131868131868,0.175824175824,0.043956043956];1;565.0;0.109617915218;2142;27;0.065;1.0;62.665;25.25;73.0925;12.25;23.0625;21.625;1.425;0.0;2.7750000000000004;0.11000000000000001;2.6050000000000004;0.46249999999999997;2.555;4.4375;6.5
11286;zone59;4840.312157862589;3385.4448126102257;0.0;zone59;S01010314;21;1248;1034;550;[0.358209,0.507463,0.134328];[0.514493,0.333333,0.152174];[0.5,0.326923,0.173077];[0.636,0.324,0.04];[0.316901408451,0.133802816901,0.401408450704,0.147887323944];1;637.0;0.192402372167;1088;37;0.06666666666666667;1.0476190476190477;40.52380952380951;24.571428571428573;66.99619047619046;12.285714285714286;23.428571428571427;13.80952380952381;4.112380952380953;0.0;2.443809523809524;0.38857142857142857;0.7942857142857143;0.4438095238095238;2.5352380952380953;4.9523809523809526;7.238095238095238
11286;zone60;4536.293429266749;2504.1273706154316;0.0;zone60;S01010315;43;911;678;409;[0.180723,0.554217,0.26506];[0.252632,0.457895,0.289474];[0.208333,0.5,0.291667];[0.55144,0.345679,0.102881];[0.308176100629,0.169811320755,0.358490566038,0.163522012579];2;382.0;-0.100954860853;1604;82;0.07348837209302325;1.1162790697674418;47.376744186046515;29.88372093023256;65.80093023255814;10.395348837209303;22.88372093023256;16.046511627906977;2.689302325581395;0.0;2.393488372093023;0.00186046511627907;2.642790697674418;0.3274418604651163;2.277209302325581;4.325581395348837;7.162790697674419
11286;zone61;4589.6619547948285;2943.195659127726;0.0;zone61;S01010316;25;512;414;304;[0.392157,0.529412,0.078431];[0.62931,0.37069,0.0];[0.439024,0.560976,0.0];[0.775401,0.224599,0.0];[0.439252336449,0.102803738318,0.252336448598,0.205607476636];1;481.0;0.0128180141103;1417;50;0.0768;1.64;50.62879999999999;23.88;69.0976;11.44;23.04;17.2;1.7104;0.0;2.3087999999999997;0.07200000000000001;2.3264000000000005;0.4143999999999999;2.4800000000000004;6.48;6.0
11286;zone63;4421.5566371748755;3071.026327566895;0.0;zone63;S01010318;12;1588;1497;304;[0.5,0.456522,0.043478];[0.469799,0.47651,0.053691];[0.310345,0.37931,0.310345];[0.678571,0.285714,0.035714];[0.36,0.14,0.34,0.16];3;317.0;-0.175110645645;1040;36;0.12;0.9166666666666666;53.46666666666667;46.0;76.24666666666668;10.583333333333334;24.0;18.083333333333332;9.406666666666665;0.0;4.303333333333334;0.2966666666666667;1.0133333333333334;0.24333333333333332;2.2966666666666664;4.333333333333333;14.416666666666666
11286;zone64;4173.240913470097;2893.8040771744095;0.0;zone64;S01010319;9;711;624;407;[0.258741,0.608392,0.132867];[0.383399,0.486166,0.130435];[0.439394,0.212121,0.348485];[0.530769,0.384615,0.084615];[0.171974522293,0.0700636942675,0.471337579618,0.286624203822];2;473.0;0.00423719084943;1412;21;0.08888888888888889;1.7777777777777777;51.693333333333335;30.444444444444443;68.10666666666665;10.222222222222221;22.555555555555557;17.555555555555557;2.9599999999999995;0.0;1.4666666666666666;0.2222222222222222;2.7377777777777776;0.25777777777777783;1.6755555555555555;6.555555555555555;6.777777777777778
11286;zone65;3940.1918462749595;2900.8899784533987;0.0;zone65;S01010320;4;675;594;437;[0.257813,0.523438,0.21875];[0.61753,0.298805,0.083665];[0.526316,0.22807,0.245614];[0.805085,0.169492,0.025424];[0.172185430464,0.0662251655629,0.443708609272,0.317880794702];1;646.0;0.202453315259;1263;6;0.05;3.0;46.01;17.5;74.28;12.5;23.5;15.75;3.5999999999999996;0.0;1.05;0.15;1.4600000000000002;0.37;1.42;12.5;5.75
11286;zone66;3905.8658739096163;2664.6669636212755;0.0;zone66;S01010321;7;837;634;432;[0.401709,0.555556,0.042735];[0.54717,0.433962,0.018868];[0.45122,0.439024,0.109756];[0.666667,0.271186,0.062147];[0.212328767123,0.0958904109589,0.390410958904,0.301369863014];1;1019.0;0.631764531736;1937;8;0.04571428571428571;2.142857142857143;52.59428571428571;19.857142857142858;71.50285714285714;13.142857142857142;23.285714285714285;17.571428571428573;1.32;0.0;1.657142857142857;0.0;2.137142857142857;0.26857142857142857;1.885714285714286;9.0;4.428571428571429
11286;zone67;3630.3978644730896;3132.1651121578075;0.0;zone67;S01010322;9;1028;914;549;[0.174419,0.549419,0.276163];[0.412399,0.471698,0.115903];[0.298507,0.38806,0.313433];[0.647059,0.323529,0.029412];[0.057268722467,0.0352422907489,0.449339207048,0.458149779736];5;124.0;-0.397569575369;1555;22;0.08888888888888889;1.7777777777777777;39.12444444444445;34.44444444444444;67.82666666666665;11.11111111111111;23.666666666666668;13.0;3.9822222222222226;0.0;3.231111111111111;0.5555555555555556;1.7777777777777777;0.3466666666666667;1.8888888888888888;6.777777777777778;9.0
11286;zone68;6208.193116766784;3072.425066795916;0.0;zone68;S01010323;4;603;466;377;[0.555556,0.444444,0.0];[0.657143,0.271429,0.071429];[0.642857,0.321429,0.035714];[0.793651,0.166667,0.039683];[0.578431372549,0.166666666667,0.235294117647,0.0196078431373];1;970.0;0.57559463238;1077;7;0.06;1.0;53.33;21.25;70.91;12.5;23.5;18.5;5.31;0.0;1.54;0.0;0.48;0.47;2.01;4.75;7.0
11286;zone69;6517.651722029823;2240.572579661372;0.0;zone69;S01010324;6;759;566;403;[0.142857,0.571429,0.285714];[0.298077,0.490385,0.211538];[0.333333,0.530864,0.135802];[0.401674,0.414226,0.1841];[0.569620253165,0.101265822785,0.291139240506,0.0379746835443];1;407.0;-0.0721601679586;1757;3;0.02;2.1666666666666665;47.39333333333334;20.333333333333332;69.56666666666666;12.5;22.0;16.5;0.9666666666666667;0.0;1.0066666666666666;0.0;1.9733333333333334;0.15333333333333335;1.7666666666666668;10.666666666666666;3.5
11286;zone70;6038.016041009105;2402.8415869980217;0.0;zone70;S01010325;18;939;666;501;[0.263158,0.368421,0.368421];[0.383838,0.525253,0.090909];[0.253623,0.615942,0.130435];[0.451362,0.463035,0.085603];[0.545454545455,0.238636363636,0.193181818182,0.0227272727273];1;225.0;-0.281126582053;1662;31;0.06666666666666667;1.1111111111111112;38.708888888888886;21.88888888888889;63.82666666666666;12.555555555555555;23.055555555555557;13.166666666666666;1.071111111111111;0.0;1.5888888888888888;0.0;2.788888888888889;0.48000000000000004;2.6688888888888895;4.888888888888889;5.111111111111111
11286;zone71;5272.359331052501;2740.775131541117;0.0;zone71;S01010326;39;987;707;494;[0.526316,0.368421,0.105263];[0.522523,0.333333,0.144144];[0.492188,0.3125,0.195313];[0.723514,0.224806,0.05168];[0.54375,0.16875,0.23125,0.05625];1;1389.0;1.05701743376;1008;54;0.05435897435897436;1.435897435897436;46.62871794871795;23.743589743589745;66.61230769230768;11.487179487179487;22.307692307692307;15.76923076923077;0.997948717948718;0.0;4.263589743589743;0.01230769230769231;1.673846153846154;0.34461538461538455;2.5189743589743587;5.512820512820513;6.461538461538462
11286;zone72;4970.167032608406;2501.795090448298;0.0;zone72;S01010327;34;982;660;362;[0.031746,0.507937,0.460317];[0.372881,0.432203,0.194915];[0.289063,0.328125,0.382813];[0.516892,0.347973,0.135135];[0.416184971098,0.21387283237,0.236994219653,0.132947976879];1;470.0;0.000335688704598;927;64;0.07411764705882352;1.411764705882353;41.61764705882353;23.764705882352942;64.06823529411767;10.176470588235293;22.705882352941178;14.117647058823529;1.1317647058823528;0.0;4.969411764705883;0.03529411764705882;0.868235294117647;0.3541176470588235;2.4388235294117644;5.264705882352941;6.588235294117647
11286;zone73;5975.307390960257;2677.5485166167286;0.0;zone73;S01010328;24;969;706;445;[0.16129,0.5,0.33871];[0.27044,0.471698,0.257862];[0.192547,0.434783,0.372671];[0.338983,0.432203,0.228814];[0.309352517986,0.258992805755,0.280575539568,0.151079136691];2;457.0;-0.0138550124678;1927;58;0.09166666666666666;1.5833333333333333;44.91499999999999;28.375;65.37166666666667;10.375;22.541666666666668;15.375;2.9549999999999996;0.0;1.3883333333333334;0.00666666666666667;2.9233333333333333;0.38000000000000006;1.8566666666666667;5.75;6.791666666666667
