cycle;name;location.x;location.y;location.z;name;dataZone;nm_children;pop;over16;nm_hh;AB_car_prob;C1_car_prob;C2_car_prob;DE_car_prob;prob_social;simd;crimeRate;norm_crime;avg_dis_sh;neigh_play;daily_play_per_child;avg_FSA;avg_walk;daily_OD;zone_mvpa;mvpa_home;mvpa_sc;mvpa_road;mvpa_play_field;mvpa_home_garden;mvpa_park;mvpa_PG;mvpa_amenity;mvpa_shops;mvpa_F_home;mvpa_fsa;mvpa_OD
11286;zone0;8448.90275962388;2625.4515469546564;0.0;zone0;S01010195;19;531;390;212;[0.0,0.481481,0.518519];[0.261538,0.646154,0.092308];[0.12,0.59,0.29];[0.447368,0.368421,0.184211];[0.418918918919,0.283783783784,0.202702702703,0.0945945945946];1;0.0;-0.540229885057;1125;100;0.20210526315789473;0.9473684210526315;41.84842105263158;39.473684210526315;61.34947368421052;9.0;22.0;14.105263157894736;0.8905263157894737;0.0;3.7094736842105265;0.0;3.8757894736842107;0.29684210526315796;2.517894736842105;3.1052631578947367;7.947368421052632
11286;zone1;8656.736904000718;2165.9902346445633;0.0;zone1;S01010198;18;1027;748;394;[0.058824,0.529412,0.411765];[0.305785,0.561983,0.132231];[0.219858,0.496454,0.283688];[0.523179,0.331126,0.145695];[0.48623853211,0.229357798165,0.266055045872,0.0183486238532];1;1609.0;1.3102524676;1259;66;0.13333333333333333;2.0555555555555554;40.34;26.27777777777778;65.56222222222222;11.055555555555555;22.38888888888889;13.277777777777779;0.8844444444444445;0.0;2.7111111111111112;0.09555555555555556;2.813333333333333;0.40666666666666657;2.2666666666666666;7.777777777777778;6.0
11286;zone2;8537.588755655543;3024.028900129281;0.0;zone2;S01010201;22;643;453;253;[0.0,0.47619,0.52381];[0.270833,0.3125,0.416667];[0.088,0.48,0.432];[0.296552,0.434483,0.268966];[0.365853658537,0.292682926829,0.292682926829,0.0487804878049];2;219.0;-0.28762447053;982;163;0.2872727272727273;1.4090909090909092;41.71818181818182;42.77272727272727;66.68727272727273;10.227272727272727;21.954545454545453;14.227272727272727;2.0018181818181824;0.0;5.143636363636364;0.0;3.7072727272727275;0.24363636363636365;1.9945454545454546;5.454545454545454;10.409090909090908
11286;zone3;8059.42097232239;3767.666522351409;0.0;zone3;S01010203;30;671;504;260;[0.090909,0.363636,0.545455];[0.263804,0.460123,0.276074];[0.094828,0.422414,0.482759];[0.183824,0.375,0.441176];[0.272727272727,0.218181818182,0.363636363636,0.145454545455];3;215.0;-0.292668818285;1941;179;0.22933333333333333;1.9333333333333333;47.116;34.733333333333334;74.61866666666666;11.266666666666667;23.9;16.033333333333335;3.1400000000000015;0.0;3.957333333333333;0.0;3.3626666666666667;0.33599999999999997;2.170666666666667;8.533333333333333;9.933333333333334
11286;zone4;8368.288440296214;3565.498290652094;0.0;zone4;S01010204;30;800;589;381;[0.272727,0.727273,0.0];[0.627451,0.27451,0.098039];[0.444444,0.533333,0.022222];[0.600619,0.321981,0.077399];[0.595041322314,0.157024793388,0.239669421488,0.00826446280992];1;497.0;0.0317745673598;1177;143;0.18533333333333332;1.2666666666666666;37.04266666666667;32.666666666666664;65.80000000000001;11.6;23.566666666666666;12.433333333333334;1.6039999999999999;0.0;3.561333333333333;0.03866666666666667;3.7666666666666684;0.32666666666666677;2.572;4.5;8.533333333333333
11286;zone5;8034.229745798958;3515.110462853287;0.0;zone5;S01010205;15;658;534;355;[0.411765,0.117647,0.470588];[0.465116,0.457364,0.077519];[0.317757,0.588785,0.093458];[0.593458,0.280374,0.126168];[0.466666666667,0.2,0.3,0.0333333333333];1;925.0;0.523434132086;1519;90;0.22933333333333333;1.0666666666666667;52.34133333333333;35.666666666666664;71.328;11.133333333333333;23.333333333333332;17.933333333333334;4.0826666666666656;0.0;3.32;0.0;3.0053333333333336;0.3680000000000001;2.685333333333333;3.933333333333333;9.866666666666667
11286;zone6;7457.064719570519;3739.055375726369;0.0;zone6;S01010208;18;903;745;565;[0.30137,0.589041,0.109589];[0.48062,0.457364,0.062016];[0.272727,0.613636,0.113636];[0.66055,0.270642,0.068807];[0.233333333333,0.133333333333,0.461111111111,0.172222222222];1;603.0;0.153385979085;1446;75;0.1622222222222222;1.2222222222222223;49.23333333333333;29.27777777777778;71.67111111111112;12.0;23.555555555555557;16.88888888888889;2.962222222222222;0.0;2.1133333333333333;0.0;3.1511111111111116;0.43555555555555553;2.586666666666667;6.055555555555555;7.777777777777778
11286;zone7;7917.838214725937;1939.334458859395;0.0;zone7;S01010209;24;966;677;468;[0.172414,0.586207,0.241379];[0.333333,0.414966,0.251701];[0.381944,0.458333,0.159722];[0.545852,0.336245,0.117904];[0.337931034483,0.248275862069,0.303448275862,0.110344827586];1;2053.0;1.82052250092;1661;98;0.15833333333333333;1.375;47.91333333333333;30.125;66.76333333333334;10.791666666666666;22.583333333333332;16.125;1.3550000000000002;0.0;3.28;0.0;2.81;0.24333333333333337;1.9816666666666671;5.708333333333333;7.041666666666667
11286;zone8;7878.406567747077;2721.2634132011362;0.0;zone8;S01010210;18;885;641;416;[0.173913,0.456522,0.369565];[0.21519,0.5,0.28481];[0.189781,0.386861,0.423358];[0.422111,0.442211,0.135678];[0.394736842105,0.236842105263,0.254385964912,0.114035087719];1;344.0;-0.144253829852;1079;112;0.24;1.2777777777777777;36.10222222222222;32.611111111111114;62.31333333333334;10.333333333333334;22.5;12.055555555555555;1.9466666666666665;0.0;3.673333333333333;0.00888888888888889;2.4155555555555552;0.3644444444444445;2.4933333333333336;4.777777777777778;7.555555555555555
11286;zone9;7785.599648345685;3201.783800714137;0.0;zone9;S01010211;22;858;634;452;[0.147059,0.705882,0.147059];[0.384615,0.452991,0.162393];[0.469565,0.4,0.130435];[0.722656,0.226563,0.050781];[0.473214285714,0.169642857143,0.285714285714,0.0714285714286];1;430.0;-0.0456985893816;1158;146;0.25272727272727274;1.4090909090909092;41.22;36.72727272727273;70.11636363636363;11.272727272727273;23.545454545454547;14.0;3.6290909090909094;0.0;4.967272727272728;0.0;2.5745454545454542;0.27636363636363637;3.001818181818182;5.136363636363637;10.636363636363637
11286;zone10;7580.688680869333;3097.127786881416;0.0;zone10;S01010212;49;1083;779;559;[0.233333,0.633333,0.133333];[0.594771,0.339869,0.065359];[0.465517,0.405172,0.12931];[0.712821,0.269231,0.017949];[0.566037735849,0.138364779874,0.22641509434,0.0691823899371];1;1473.0;1.15298517036;1199;361;0.283265306122449;1.3265306122448979;55.17714285714285;42.12244897959184;71.78530612244897;9.73469387755102;22.897959183673468;18.755102040816325;2.4334693877551024;0.0;5.012244897959183;0.0;3.7355102040816344;0.28326530612244893;2.6065306122448986;4.551020408163265;10.714285714285714
11286;zone11;8065.177293237223;3111.5884965344962;0.0;zone11;S01010213;13;924;657;476;[0.105263,0.684211,0.210526];[0.382609,0.547826,0.069565];[0.218543,0.556291,0.225166];[0.467925,0.483019,0.049057];[0.451327433628,0.221238938053,0.274336283186,0.0530973451327];1;247.0;-0.255840453357;901;79;0.24;1.0;31.02461538461538;35.15384615384615;65.20923076923077;12.307692307692308;23.23076923076923;10.461538461538462;1.7200000000000002;0.0;5.821538461538461;0.02461538461538462;3.3876923076923076;0.4000000000000001;2.2153846153846155;4.0;10.384615384615385
11286;zone12;7144.994858230166;1947.4125453867302;0.0;zone12;S01010214;27;967;717;396;[0.098592,0.28169,0.619718];[0.197531,0.438272,0.364198];[0.173333,0.493333,0.333333];[0.237069,0.487069,0.275862];[0.361344537815,0.210084033613,0.310924369748,0.117647058824];3;176.0;-0.337854473183;1998;137;0.1985185185185185;1.6296296296296295;49.25333333333333;35.44444444444444;70.73037037037038;10.777777777777779;23.074074074074073;16.88888888888889;2.7244444444444444;0.0;4.084444444444444;0.0;3.1155555555555563;0.43555555555555553;1.8414814814814815;6.074074074074074;9.37037037037037
11286;zone13;7013.590150664996;2618.495528189446;0.0;zone13;S01010215;24;850;608;492;[0.571429,0.285714,0.142857];[0.5,0.431373,0.068627];[0.382609,0.391304,0.226087];[0.678571,0.269841,0.051587];[0.467289719626,0.140186915888,0.345794392523,0.0467289719626];1;547.0;0.0886083430805;622;162;0.26;1.0;36.81333333333333;42.75;66.11833333333334;10.625;23.208333333333332;12.291666666666666;1.6816666666666666;0.0;3.3200000000000003;0.0;5.793333333333333;0.3483333333333334;2.8816666666666664;4.291666666666667;10.333333333333334
11286;zone14;7332.222205807836;2329.961970144465;0.0;zone14;S01010216;15;621;464;361;[0.6,0.4,0.0];[0.597701,0.356322,0.045977];[0.409091,0.439394,0.151515];[0.709544,0.273859,0.016598];[0.5,0.163265306122,0.265306122449,0.0714285714286];1;600.0;0.150092344085;1303;98;0.25333333333333335;0.8;57.208000000000006;43.4;69.05866666666665;9.533333333333333;22.2;19.4;3.146666666666667;0.0;4.378666666666667;0.0;3.365333333333333;0.2506666666666667;2.4;2.6;10.4
11286;zone15;7299.833172322251;2625.8610945736937;0.0;zone15;S01010217;33;817;598;406;[0.16129,0.516129,0.322581];[0.565517,0.4,0.034483];[0.5,0.431373,0.068627];[0.702703,0.283784,0.013514];[0.541935483871,0.0967741935484,0.296774193548,0.0645161290323];1;1060.0;0.679274950851;1008;275;0.31636363636363635;1.3333333333333333;46.08121212121212;46.81818181818182;72.20727272727272;10.727272727272727;23.09090909090909;15.666666666666666;2.610909090909091;0.0;4.372121212121213;0.0;5.3163636363636355;0.36969696969696975;2.5006060606060605;5.818181818181818;11.848484848484848
11286;zone16;7142.953643082513;3018.5401822929393;0.0;zone16;S01010218;31;1018;790;587;[0.425532,0.404255,0.170213];[0.392523,0.453271,0.154206];[0.358209,0.492537,0.149254];[0.589124,0.335347,0.075529];[0.424657534247,0.109589041096,0.369863013699,0.0958904109589];1;557.0;0.101026678737;568;208;0.25806451612903225;0.8064516129032258;34.50322580645162;41.61290322580645;63.256774193548395;10.548387096774194;22.806451612903224;11.612903225806452;2.323870967741936;0.0;3.176774193548387;0.0;4.678709677419356;0.352258064516129;3.0348387096774196;3.193548387096774;9.709677419354838
11286;zone17;6738.8937706128745;4298.8917997019325;0.0;zone17;S01010219;21;503;382;274;[0.695652,0.304348,0.0];[0.758621,0.215517,0.025862];[0.761905,0.166667,0.071429];[0.781609,0.195402,0.022989];[0.41935483871,0.0752688172043,0.408602150538,0.0967741935484];2;184.0;-0.327838932938;1447;179;0.3219047619047619;1.7619047619047619;59.62857142857142;48.142857142857146;78.85333333333334;9.333333333333334;23.428571428571427;20.666666666666668;5.121904761904761;0.0;6.398095238095237;0.04571428571428571;1.9809523809523815;0.2647619047619048;1.9066666666666667;7.9523809523809526;13.095238095238095
11286;zone18;5915.780765415368;4211.222876105162;0.0;zone18;S01010220;7;476;433;279;[0.181159,0.608696,0.210145];[0.404255,0.531915,0.06383];[0.227273,0.704545,0.068182];[0.448276,0.482759,0.068966];[0.154545454545,0.0636363636364,0.318181818182,0.463636363636];5;267.0;-0.232306706325;1693;77;0.4342857142857143;0.8571428571428571;44.95428571428572;59.285714285714285;75.22285714285714;10.285714285714286;23.0;15.285714285714286;6.337142857142857;0.0;9.228571428571428;0.21142857142857144;3.4342857142857146;0.3428571428571429;2.2742857142857145;3.2857142857142856;18.714285714285715
11286;zone19;6341.0811208317455;3913.8398648988496;0.0;zone19;S01010221;13;546;394;260;[0.6,0.4,0.0];[0.557377,0.409836,0.032787];[0.538462,0.323077,0.138462];[0.699387,0.257669,0.042945];[0.609375,0.140625,0.203125,0.046875];1;635.0;0.19005459739;1322;60;0.17846153846153845;0.6153846153846154;46.22461538461539;31.384615384615383;68.76307692307692;11.846153846153847;23.307692307692307;15.461538461538462;3.3046153846153845;0.0;5.049230769230769;0.01846153846153846;1.8276923076923075;0.43692307692307697;2.735384615384615;3.0;9.615384615384615
11286;zone20;7001.213463613622;4053.9957950241624;0.0;zone20;S01010222;15;492;414;285;[0.142857,0.5,0.357143];[0.432432,0.459459,0.108108];[0.348624,0.522936,0.12844];[0.747899,0.235294,0.016807];[0.345238095238,0.214285714286,0.309523809524,0.130952380952];1;377.0;-0.105830277325;1853;62;0.16;1.6666666666666667;47.42933333333334;28.0;66.86933333333334;10.2;22.6;16.066666666666666;2.2373333333333334;0.0;2.5280000000000005;0.0;2.173333333333333;0.4240000000000001;2.2933333333333334;6.666666666666667;6.466666666666667
11286;zone21;6986.8418912765155;3434.1450308482026;0.0;zone21;S01010223;4;556;462;337;[0.076923,0.538462,0.384615];[0.567797,0.330508,0.101695];[0.472222,0.444444,0.083333];[0.584699,0.36612,0.04918];[0.432432432432,0.162162162162,0.324324324324,0.0810810810811];1;439.0;-0.0353356041414;1842;21;0.2;1.0;59.7;33.0;82.56;14.25;25.5;20.5;2.96;0.0;3.9400000000000004;0.0;4.41;0.31;3.12;5.75;10.75
11286;zone22;6247.397837456437;3329.661273309237;0.0;zone22;S01010224;40;1036;727;469;[0.405405,0.540541,0.054054];[0.592593,0.274074,0.133333];[0.418803,0.504274,0.076923];[0.768421,0.202632,0.028947];[0.506097560976,0.140243902439,0.268292682927,0.0853658536585];1;1004.0;0.614259332793;973;212;0.195;1.2;46.758;31.1;69.71800000000003;11.25;23.675;16.05;4.677;0.0;2.409;0.077;2.059;0.425;2.568;4.8;8.725
11286;zone23;7827.985844039554;4105.4701191949;0.0;zone23;S01010225;33;812;636;431;[0.25,0.634615,0.115385];[0.469072,0.43299,0.097938];[0.54023,0.413793,0.045977];[0.672065,0.234818,0.093117];[0.385185185185,0.125925925926,0.325925925926,0.162962962963];1;1006.0;0.616572011517;1578;149;0.16727272727272727;1.2424242424242424;55.21333333333334;34.27272727272727;70.67757575757575;10.121212121212121;22.78787878787879;18.818181818181817;2.601212121212121;0.0;4.410909090909089;0.03636363636363636;2.6339393939393942;0.35878787878787877;2.3696969696969696;4.7272727272727275;9.212121212121213
11286;zone24;7040.363001382077;4481.052780471187;0.0;zone24;S01010226;40;816;565;394;[0.454545,0.242424,0.30303];[0.715385,0.2,0.084615];[0.540541,0.405405,0.054054];[0.766917,0.18797,0.045113];[0.503355704698,0.201342281879,0.221476510067,0.0738255033557];2;422.0;-0.0548014077425;1293;474;0.453;1.175;55.141999999999996;61.725;79.03299999999999;9.825;23.15;18.75;6.654000000000001;0.0;9.108;0.17300000000000001;2.9589999999999996;0.269;2.2140000000000004;4.375;18.4
11286;zone25;6847.772309074456;4638.663588163389;0.0;zone25;S01010227;39;692;454;294;[0.413793,0.413793,0.172414];[0.704545,0.238636,0.056818];[0.654545,0.345455,0.0];[0.810606,0.159091,0.030303];[0.672268907563,0.0924369747899,0.159663865546,0.0756302521008];4;0.0;-0.540229885057;1098;624;0.6153846153846154;1.2307692307692308;49.674871794871805;73.33333333333333;81.92615384615384;9.717948717948717;23.05128205128205;16.923076923076923;5.684102564102565;0.0;14.623589743589742;0.05641025641025642;2.8584615384615395;0.25641025641025644;2.005128205128205;4.9743589743589745;22.71794871794872
11286;zone26;8241.816993110848;4572.457656401622;0.0;zone26;S01010229;30;1016;787;508;[0.1,0.625,0.275];[0.350877,0.350877,0.298246];[0.348315,0.477528,0.174157];[0.565217,0.310559,0.124224];[0.420731707317,0.213414634146,0.292682926829,0.0731707317073];1;395.0;-0.0859445809966;1145;138;0.18;1.1666666666666667;40.00666666666666;26.366666666666667;64.576;11.533333333333333;23.1;13.666666666666666;2.528;0.0;3.1746666666666665;0.05600000000000001;1.8586666666666665;0.31866666666666676;2.3426666666666662;4.333333333333333;7.133333333333334
11286;zone27;7458.320056766788;4680.341251240345;0.0;zone27;S01010230;24;1005;772;577;[0.314286,0.628571,0.057143];[0.703883,0.296117,0.0];[0.727273,0.218182,0.054545];[0.71831,0.24507,0.03662];[0.517857142857,0.136904761905,0.267857142857,0.077380952381];1;846.0;0.433218203459;973;146;0.22833333333333333;1.625;42.35333333333333;42.458333333333336;71.05166666666666;10.583333333333334;23.541666666666668;14.0;3.26;0.0;6.7683333333333335;0.12333333333333334;2.5033333333333334;0.2533333333333334;2.2833333333333328;6.041666666666667;12.125
11286;zone28;7569.802990100143;4917.458811240416;0.0;zone28;S01010232;37;1074;792;485;[0.457143,0.485714,0.057143];[0.557292,0.338542,0.104167];[0.492063,0.333333,0.174603];[0.654229,0.251244,0.094527];[0.470297029703,0.153465346535,0.306930693069,0.0693069306931];1;771.0;0.347049794199;1046;261;0.2702702702702703;1.162162162162162;51.38486486486487;43.24324324324324;74.08756756756758;10.91891891891892;23.16216216216216;17.43243243243243;3.1924324324324322;0.0;6.681081081081081;0.05945945945945946;3.2832432432432435;0.2832432432432433;2.3794594594594596;5.054054054054054;12.72972972972973
11286;zone29;7830.713068379679;4879.746446724283;0.0;zone29;S01010233;33;970;705;476;[0.275,0.625,0.1];[0.655629,0.245033,0.099338];[0.52809,0.426966,0.044944];[0.771505,0.212366,0.016129];[0.587209302326,0.093023255814,0.261627906977,0.0581395348837];1;284.0;-0.213781821634;1257;208;0.2387878787878788;1.303030303030303;52.90666666666666;42.878787878787875;72.10545454545458;10.242424242424242;23.333333333333332;17.96969696969697;1.9333333333333336;0.0;3.786666666666667;0.23393939393939397;4.939393939393939;0.31515151515151524;2.4981818181818185;5.090909090909091;10.333333333333334
11286;zone30;6473.383843181837;4954.519765957263;0.0;zone30;S01010261;6;2551;2373;526;[0.666667,0.270833,0.0625];[0.675841,0.281346,0.042813];[0.75,0.25,0.0];[0.824468,0.164894,0.010638];[0.41,0.06,0.41,0.12];3;176.0;-0.337679921334;2003;34;0.22;0.6666666666666666;76.00666666666667;49.5;81.88;11.0;24.166666666666668;26.5;4.226666666666667;0.0;4.3;0.17333333333333334;4.786666666666666;0.4400000000000001;2.6666666666666665;2.1666666666666665;12.833333333333334
11286;zone31;4930.642193689802;4959.449818932565;0.0;zone31;S01010266;3;555;474;237;[0.320755,0.556604,0.122642];[0.677273,0.254545,0.068182];[0.5,0.461538,0.038462];[0.534247,0.30137,0.164384];[0.141176470588,0.0588235294118,0.4,0.4];3;536.0;0.0761386922126;1137;11;0.14666666666666667;1.3333333333333333;43.26666666666667;32.333333333333336;70.16;11.333333333333334;22.666666666666668;15.333333333333334;1.4533333333333331;0.0;4.253333333333333;0.21333333333333335;3.5866666666666673;0.24000000000000002;3.08;6.333333333333333;9.0
11286;zone32;5712.5549897826;4979.400336637217;0.0;zone32;S01010270;4;1153;972;817;[0.389831,0.533898,0.076271];[0.70255,0.252125,0.045326];[0.714286,0.272727,0.012987];[0.771552,0.228448,0.0];[0.125,0.0909090909091,0.454545454545,0.329545454545];1;871.0;0.461200629557;1671;12;0.11;3.0;71.28;26.0;79.10000000000001;9.25;23.25;24.25;3.92;0.0;1.28;0.0;1.9599999999999997;0.28;0.9500000000000001;12.25;6.75
11286;zone33;3394.0723536088512;4934.677182292946;0.0;zone33;S01010282;13;976;841;645;[0.438776,0.520408,0.040816];[0.545732,0.405488,0.04878];[0.521277,0.382979,0.095745];[0.712707,0.232044,0.055249];[0.190954773869,0.070351758794,0.35175879397,0.386934673367];2;350.0;-0.137812028107;1365;55;0.16;1.4615384615384615;52.74461538461538;39.76923076923077;76.1876923076923;11.461538461538462;24.384615384615383;17.846153846153847;1.996923076923077;0.0;7.892307692307693;1.0892307692307692;1.273846153846154;0.29538461538461536;1.8861538461538463;6.538461538461538;11.76923076923077
11286;zone34;4385.789287498423;4835.237486850067;0.0;zone34;S01010289;15;771;687;380;[0.130952,0.511905,0.357143];[0.262911,0.502347,0.234742];[0.178571,0.464286,0.357143];[0.410256,0.435897,0.153846];[0.058064516129,0.0322580645161,0.245161290323,0.664516129032];5;259.0;-0.241396294863;1276;210;0.5306666666666666;1.9333333333333333;49.768;63.13333333333333;70.424;7.666666666666667;22.066666666666666;16.8;3.376;0.0;6.589333333333333;1.7546666666666668;2.072;0.17866666666666667;1.3599999999999999;6.266666666666667;13.4
11286;zone35;4401.5375624188455;4669.062022109911;0.0;zone35;S01010290;13;546;485;278;[0.198198,0.603604,0.198198];[0.485944,0.449799,0.064257];[0.555556,0.444444,0.0];[0.435897,0.512821,0.051282];[0.10752688172,0.0430107526882,0.494623655914,0.354838709677];3;353.0;-0.133686757747;1073;185;0.5538461538461539;1.6923076923076923;57.310769230769225;63.0;85.87999999999998;10.923076923076923;23.692307692307693;19.923076923076923;4.366153846153846;0.0;10.73230769230769;1.7846153846153845;2.224615384615385;0.20615384615384616;1.8246153846153847;8.615384615384615;18.53846153846154
11286;zone36;4119.983651650423;4281.100418217042;0.0;zone36;S01010291;12;1075;975;481;[0.405594,0.447552,0.146853];[0.627907,0.277132,0.094961];[0.415094,0.433962,0.150943];[0.562963,0.325926,0.111111];[0.197080291971,0.0729927007299,0.445255474453,0.284671532847];3;438.0;-0.0363924713322;733;108;0.3433333333333333;1.9166666666666667;50.03333333333333;54.25;74.26;8.916666666666666;22.083333333333332;17.166666666666668;3.026666666666667;0.0;10.053333333333333;1.0666666666666667;1.2366666666666666;0.30000000000000004;1.3533333333333333;7.0;14.916666666666666
11286;zone37;4399.731076226201;4291.6703625917;0.0;zone37;S01010292;10;890;831;409;[0.348214,0.508929,0.142857];[0.477169,0.420091,0.10274];[0.339286,0.446429,0.214286];[0.55814,0.383721,0.05814];[0.128378378378,0.0540540540541,0.398648648649,0.418918918919];4;323.0;-0.168488563048;1043;114;0.444;1.6;51.336;61.1;73.46;8.2;22.1;17.8;5.672000000000001;0.0;7.572;1.1320000000000001;1.4680000000000002;0.312;1.688;5.6;15.4
11286;zone38;4514.690807242894;4541.15458266895;0.0;zone38;S01010293;16;839;723;373;[0.51773,0.35461,0.12766];[0.635389,0.262735,0.101877];[0.446809,0.319149,0.234043];[0.514286,0.392857,0.092857];[0.242424242424,0.0606060606061,0.393939393939,0.30303030303];3;290.0;-0.205814991507;772;204;0.4875;1.75;51.03;68.125;78.50999999999998;9.0625;22.6875;17.0625;3.7950000000000004;0.0;11.2325;1.0125;2.3374999999999995;0.3625000000000001;1.5649999999999997;7.1875;17.9375
11286;zone39;4541.7482834333705;4418.565122351524;0.0;zone39;S01010294;13;690;631;275;[0.242105,0.526316,0.231579];[0.650873,0.214464,0.134663];[0.583333,0.208333,0.208333];[0.414894,0.489362,0.095745];[0.164835164835,0.043956043956,0.494505494505,0.296703296703];4;440.0;-0.0342259463805;961;186;0.5446153846153846;1.3076923076923077;52.024615384615394;75.0;77.05538461538463;8.307692307692308;22.53846153846154;17.615384615384617;6.960000000000002;0.0;8.615384615384615;1.8584615384615388;2.5107692307692306;0.23076923076923078;1.52;5.0;19.384615384615383
11286;zone40;4766.8646917667475;4574.50133624035;0.0;zone40;S01010295;18;974;870;427;[0.384615,0.391026,0.224359];[0.604555,0.310559,0.084886];[0.428571,0.285714,0.285714];[0.390728,0.516556,0.092715];[0.212765957447,0.113475177305,0.297872340426,0.375886524823];4;529.0;0.0680145754747;874;232;0.4955555555555556;1.6666666666666667;45.13555555555556;67.27777777777777;74.48666666666666;9.055555555555555;22.22222222222222;15.166666666666666;4.462222222222222;0.0;10.115555555555558;1.5466666666666669;1.5444444444444443;0.2933333333333334;1.4666666666666666;6.944444444444445;17.166666666666668
11286;zone41;4647.752341766679;4736.091736240359;0.0;zone41;S01010296;16;664;560;291;[0.294118,0.423529,0.282353];[0.520913,0.368821,0.110266];[0.375,0.375,0.25];[0.475524,0.391608,0.132867];[0.282828282828,0.111111111111,0.363636363636,0.242424242424];2;856.0;0.444094443477;1470;145;0.345;1.375;41.3625;51.5;68.6325;10.25;22.25;13.9375;2.1175;0.0;7.3175;1.5174999999999998;2.2275;0.26;1.7375000000000003;5.1875;12.8125
11286;zone42;5522.849421766708;4411.996091240393;0.0;zone42;S01010297;7;1066;894;676;[0.582609,0.382609,0.034783];[0.691824,0.245283,0.062893];[0.540541,0.333333,0.126126];[0.681275,0.270916,0.047809];[0.260563380282,0.140845070423,0.37323943662,0.225352112676];1;504.0;0.0391758595379;1331;52;0.29714285714285715;0.7142857142857143;36.53142857142857;37.857142857142854;58.662857142857135;9.571428571428571;21.714285714285715;12.714285714285714;2.1771428571428575;0.0;1.457142857142857;0.37142857142857144;3.3542857142857145;0.21714285714285714;2.5885714285714285;2.857142857142857;6.714285714285714
11286;zone43;4706.481893689814;4143.807995855712;0.0;zone43;S01010298;12;880;677;515;[0.308943,0.479675,0.211382];[0.581395,0.356589,0.062016];[0.539683,0.396825,0.063492];[0.744828,0.193103,0.062069];[0.227272727273,0.0984848484848,0.371212121212,0.30303030303];1;486.0;0.0190902878356;1061;65;0.20333333333333334;2.1666666666666665;50.31;33.5;74.17333333333333;10.916666666666666;23.166666666666668;17.166666666666668;3.726666666666667;0.0;4.2;0.8266666666666667;1.6733333333333336;0.3466666666666667;1.7300000000000002;8.75;10.0
11286;zone44;4885.424673909578;4209.645754097502;0.0;zone44;S01010299;4;536;404;292;[0.3,0.54,0.16];[0.556701,0.340206,0.103093];[0.458333,0.520833,0.020833];[0.584906,0.283019,0.132075];[0.428571428571,0.0857142857143,0.285714285714,0.2];1;375.0;-0.10827530326;722;33;0.32;2.25;38.68;44.25;80.2;13.0;25.0;13.25;7.970000000000001;0.0;2.46;0.79;5.33;0.26;1.48;8.5;16.0
11286;zone45;4883.397012115578;4340.414778682246;0.0;zone45;S01010300;21;934;764;478;[0.460784,0.411765,0.127451];[0.664653,0.238671,0.096677];[0.632353,0.323529,0.044118];[0.606383,0.329787,0.06383];[0.3046875,0.125,0.3515625,0.21875];2;513.0;0.0498225801839;604;213;0.38857142857142857;1.9047619047619047;42.18857142857142;45.95238095238095;74.94857142857143;11.142857142857142;23.285714285714285;14.19047619047619;6.076190476190477;0.0;3.0838095238095242;0.5104761904761905;3.506666666666667;0.19428571428571428;1.7523809523809522;9.428571428571429;12.761904761904763
11286;zone46;5144.66081966521;4032.769083704074;0.0;zone46;S01010301;6;522;457;283;[0.292683,0.597561,0.109756];[0.57563,0.315126,0.109244];[0.222222,0.703704,0.074074];[0.561798,0.393258,0.044944];[0.214285714286,0.0612244897959,0.459183673469,0.265306122449];4;490.0;0.0232745011966;1469;111;0.7066666666666667;1.1666666666666667;67.78;85.16666666666667;87.88666666666666;9.5;22.666666666666668;23.5;11.653333333333334;0.0;4.513333333333333;1.9800000000000002;4.833333333333333;0.09333333333333334;2.08;5.333333333333333;22.666666666666668
11286;zone47;5165.568789180556;4297.038752619699;0.0;zone47;S01010302;24;669;495;388;[0.65625,0.28125,0.0625];[0.6,0.356522,0.043478];[0.716981,0.226415,0.056604];[0.801802,0.18018,0.018018];[0.582417582418,0.0769230769231,0.263736263736,0.0769230769231];1;392.0;-0.0896499889057;1462;233;0.37666666666666665;1.125;53.63499999999999;47.458333333333336;72.25833333333334;10.208333333333334;22.875;18.333333333333332;5.528333333333332;0.0;2.1483333333333334;0.5433333333333333;3.2083333333333335;0.36666666666666675;2.2783333333333338;4.958333333333333;11.0
11286;zone48;5241.140616766716;4139.402270499609;0.0;zone48;S01010303;33;579;387;250;[0.692308,0.153846,0.153846];[0.56701,0.298969,0.134021];[0.630435,0.282609,0.086957];[0.658879,0.285047,0.056075];[0.58407079646,0.106194690265,0.274336283186,0.0353982300885];1;415.0;-0.0627120940391;1802;312;0.3660606060606061;1.303030303030303;58.615757575757584;46.18181818181818;72.23030303030305;9.545454545454545;22.424242424242426;19.90909090909091;5.79030303030303;0.0;2.083636363636364;0.4896969696969696;2.7381818181818187;0.31030303030303036;2.4278787878787873;4.696969696969697;10.636363636363637
11286;zone49;4853.647576226233;3833.123065294377;0.0;zone49;S01010304;12;542;456;332;[0.323529,0.514706,0.161765];[0.635135,0.25,0.114865];[0.477273,0.522727,0.0];[0.829268,0.109756,0.060976];[0.372340425532,0.0425531914894,0.297872340426,0.287234042553];1;804.0;0.384523850516;1680;105;0.33666666666666667;1.3333333333333333;65.74000000000001;49.0;77.98;10.0;22.833333333333332;22.416666666666668;6.600000000000001;0.0;3.9566666666666657;0.7200000000000001;2.4033333333333338;0.36000000000000004;2.0033333333333334;4.916666666666667;13.166666666666666
11286;zone50;4697.410406890209;3639.1027396354093;0.0;zone50;S01010305;7;807;694;478;[0.36036,0.468468,0.171171];[0.553191,0.33617,0.110638];[0.409639,0.301205,0.289157];[0.589888,0.337079,0.073034];[0.198529411765,0.0735294117647,0.382352941176,0.345588235294];1;223.0;-0.28282788147;578;61;0.32;1.7142857142857142;41.794285714285714;47.0;68.82857142857144;9.285714285714286;22.571428571428573;14.714285714285714;6.474285714285714;0.0;3.217142857142857;1.114285714285714;1.2;0.30285714285714294;1.4514285714285715;7.0;11.571428571428571
11286;zone51;4591.3082521834585;3868.367573740388;0.0;zone51;S01010306;13;752;675;449;[0.35625,0.56875,0.075];[0.570588,0.355882,0.073529];[0.283019,0.566038,0.150943];[0.650943,0.330189,0.018868];[0.165680473373,0.0473372781065,0.479289940828,0.307692307692];2;238.0;-0.265781391166;869;161;0.47384615384615386;0.9230769230769231;49.78769230769231;70.15384615384616;79.6676923076923;10.846153846153847;23.46153846153846;16.692307692307693;11.18769230769231;0.0;4.436923076923077;2.9476923076923076;1.84;0.23692307692307696;2.4123076923076923;4.0;19.923076923076923
11286;zone52;4503.72067559025;3742.2957906521283;0.0;zone52;S01010307;9;821;732;428;[0.189922,0.577519,0.232558];[0.407407,0.487654,0.104938];[0.346154,0.538462,0.115385];[0.71875,0.234375,0.046875];[0.0681818181818,0.0568181818182,0.375,0.5];5;319.0;-0.172537833795;486;137;0.5866666666666667;2.5555555555555554;54.47555555555555;77.55555555555556;90.91999999999999;10.11111111111111;23.555555555555557;18.444444444444443;8.675555555555555;0.0;6.791111111111111;5.235555555555556;2.0311111111111106;0.16;1.1511111111111112;12.444444444444445;22.11111111111111
11286;zone53;4364.519870735056;4047.768725526131;0.0;zone53;S01010308;9;975;858;480;[0.285714,0.54007,0.174216];[0.511936,0.384615,0.103448];[0.254902,0.411765,0.333333];[0.648352,0.307692,0.043956];[0.0970873786408,0.0631067961165,0.359223300971,0.480582524272];4;257.0;-0.244477582955;1408;122;0.52;2.111111111111111;54.51111111111111;66.44444444444444;77.75999999999999;8.333333333333334;23.0;18.77777777777778;7.404444444444445;0.0;5.351111111111111;2.3377777777777777;2.0133333333333336;0.2488888888888889;1.5111111111111113;7.111111111111111;16.555555555555557
11286;zone54;5381.88771051669;3636.3205112402793;0.0;zone54;S01010309;4;419;356;264;[0.333333,0.25,0.416667];[0.478873,0.422535,0.098592];[0.352941,0.382353,0.264706];[0.705882,0.24183,0.052288];[0.365853658537,0.170731707317,0.390243902439,0.0731707317073];1;0.0;-0.540229885057;2153;26;0.25;1.75;64.72999999999999;33.0;72.59;10.0;22.75;21.75;4.12;0.0;3.11;0.01;1.6600000000000001;0.21000000000000002;1.4;5.5;8.25
11286;zone55;5657.373406240428;3625.6586165034923;0.0;zone55;S01010310;13;706;540;381;[0.333333,0.238095,0.428571];[0.565517,0.337931,0.096552];[0.54902,0.27451,0.176471];[0.715415,0.256917,0.027668];[0.484848484848,0.151515151515,0.318181818182,0.0454545454545];1;574.0;0.120406534162;845;60;0.17846153846153845;1.0;47.52307692307692;35.69230769230769;65.42153846153846;9.923076923076923;22.307692307692307;16.615384615384617;2.5907692307692307;0.0;2.676923076923077;0.20923076923076925;2.876923076923077;0.2153846153846154;3.0553846153846154;3.1538461538461537;7.846153846153846
11286;zone56;5685.425126382168;3318.6970593171873;0.0;zone56;S01010311;22;721;556;351;[0.411765,0.352941,0.235294];[0.472222,0.453704,0.074074];[0.571429,0.404762,0.02381];[0.717949,0.271062,0.010989];[0.565217391304,0.121739130435,0.269565217391,0.0434782608696];1;1534.0;1.22364271569;1642;101;0.17636363636363636;1.3181818181818181;60.37454545454545;32.59090909090909;70.36727272727273;9.954545454545455;22.59090909090909;20.681818181818183;2.4036363636363642;0.0;2.1254545454545455;0.18363636363636363;3.32;0.3854545454545454;2.4509090909090916;4.454545454545454;7.545454545454546
11286;zone57;5466.52613028024;3072.1402274564575;0.0;zone57;S01010312;34;868;647;425;[0.117647,0.823529,0.058824];[0.754386,0.22807,0.017544];[0.407407,0.444444,0.148148];[0.804945,0.153846,0.041209];[0.586956521739,0.115942028986,0.268115942029,0.0289855072464];1;685.0;0.247477927043;1651;158;0.1811764705882353;1.3235294117647058;60.06117647058824;33.11764705882353;70.67882352941176;9.882352941176471;22.558823529411764;20.735294117647058;2.3011764705882354;0.0;2.3882352941176466;0.22235294117647064;2.9811764705882347;0.29294117647058826;2.2964705882352945;5.411764705882353;7.323529411764706
11286;zone58;5251.7403530303945;3502.549209042501;0.0;zone58;S01010313;16;654;529;356;[0.428571,0.285714,0.285714];[0.6,0.333333,0.066667];[0.433735,0.481928,0.084337];[0.739623,0.162264,0.098113];[0.648351648352,0.131868131868,0.175824175824,0.043956043956];1;565.0;0.109617915218;2142;93;0.2225;0.9375;66.30499999999999;40.9375;78.12;11.625;23.5625;22.6875;4.18;0.0;3.96;0.34500000000000003;3.355;0.32;2.5675000000000003;3.75;11.5
11286;zone59;4840.312157862589;3385.4448126102257;0.0;zone59;S01010314;21;1248;1034;550;[0.358209,0.507463,0.134328];[0.514493,0.333333,0.152174];[0.5,0.326923,0.173077];[0.636,0.324,0.04];[0.316901408451,0.133802816901,0.401408450704,0.147887323944];1;637.0;0.192402372167;1098;137;0.25142857142857145;1.0476190476190477;43.55619047619047;42.23809523809524;71.39809523809524;11.571428571428571;23.476190476190474;14.857142857142858;4.906666666666667;0.0;5.38857142857143;1.2095238095238097;1.2723809523809524;0.38476190476190486;2.52;4.285714285714286;12.285714285714286
11286;zone60;4536.293429266749;2504.1273706154316;0.0;zone60;S01010315;43;911;678;409;[0.180723,0.554217,0.26506];[0.252632,0.457895,0.289474];[0.208333,0.5,0.291667];[0.55144,0.345679,0.102881];[0.308176100629,0.169811320755,0.358490566038,0.163522012579];2;382.0;-0.100954860853;1612;339;0.30790697674418605;1.4186046511627908;51.38511627906978;45.48837209302326;71.12372093023258;9.511627906976743;22.790697674418606;17.46511627906977;4.9479069767441874;0.0;3.6725581395348836;0.0;3.5981395348837197;0.25488372093023254;2.247441860465117;4.906976744186046;11.674418604651162
11286;zone61;4589.6619547948285;2943.195659127726;0.0;zone61;S01010316;25;512;414;304;[0.392157,0.529412,0.078431];[0.62931,0.37069,0.0];[0.439024,0.560976,0.0];[0.775401,0.224599,0.0];[0.439252336449,0.102803738318,0.252336448598,0.205607476636];1;481.0;0.0128180141103;1417;218;0.3392;1.44;56.696000000000005;41.44;75.3792;10.8;23.04;19.56;4.2272;0.0;4.441600000000001;0.2208;2.8464;0.36;2.2672;6.0;11.28
11286;zone63;4421.5566371748755;3071.026327566895;0.0;zone63;S01010318;12;1588;1497;304;[0.5,0.456522,0.043478];[0.469799,0.47651,0.053691];[0.310345,0.37931,0.310345];[0.678571,0.285714,0.035714];[0.36,0.14,0.34,0.16];3;317.0;-0.175110645645;1080;173;0.5466666666666666;1.6666666666666667;66.81;68.66666666666667;85.92666666666666;8.666666666666666;23.416666666666668;22.5;9.343333333333332;0.0;8.943333333333333;1.1533333333333333;1.1033333333333333;0.13999999999999999;1.9733333333333334;6.75;20.083333333333332
11286;zone64;4173.240913470097;2893.8040771744095;0.0;zone64;S01010319;9;711;624;407;[0.258741,0.608392,0.132867];[0.383399,0.486166,0.130435];[0.439394,0.212121,0.348485];[0.530769,0.384615,0.084615];[0.171974522293,0.0700636942675,0.471337579618,0.286624203822];2;473.0;0.00423719084943;1412;63;0.27555555555555555;2.3333333333333335;50.53333333333333;35.22222222222222;71.00888888888889;9.777777777777779;22.444444444444443;17.22222222222222;3.6399999999999997;0.0;2.511111111111111;0.07111111111111111;2.244444444444444;0.16444444444444445;1.9200000000000002;9.0;7.777777777777778
11286;zone65;3940.1918462749595;2900.8899784533987;0.0;zone65;S01010320;4;675;594;437;[0.257813,0.523438,0.21875];[0.61753,0.298805,0.083665];[0.526316,0.22807,0.245614];[0.805085,0.169492,0.025424];[0.172185430464,0.0662251655629,0.443708609272,0.317880794702];1;646.0;0.202453315259;1167;23;0.23;1.25;51.52;37.5;77.08;12.0;24.75;17.75;7.91;0.0;3.24;0.51;0.9199999999999999;0.5800000000000001;2.4999999999999996;5.0;12.0
11286;zone66;3905.8658739096163;2664.6669636212755;0.0;zone66;S01010321;7;837;634;432;[0.401709,0.555556,0.042735];[0.54717,0.433962,0.018868];[0.45122,0.439024,0.109756];[0.666667,0.271186,0.062147];[0.212328767123,0.0958904109589,0.390410958904,0.301369863014];1;1019.0;0.631764531736;1920;36;0.2057142857142857;1.7142857142857142;50.93714285714285;36.57142857142857;74.62285714285714;11.714285714285714;23.0;17.142857142857142;4.388571428571429;0.0;4.348571428571429;0.19428571428571426;2.1714285714285717;0.48571428571428577;2.337142857142857;7.285714285714286;10.571428571428571
11286;zone67;3630.3978644730896;3132.1651121578075;0.0;zone67;S01010322;9;1028;914;549;[0.174419,0.549419,0.276163];[0.412399,0.471698,0.115903];[0.298507,0.38806,0.313433];[0.647059,0.323529,0.029412];[0.057268722467,0.0352422907489,0.449339207048,0.458149779736];5;124.0;-0.397569575369;1537;107;0.4533333333333333;2.4444444444444446;39.062222222222225;57.44444444444444;75.29777777777778;9.666666666666666;23.0;12.555555555555555;4.226666666666667;0.0;8.297777777777776;0.9155555555555556;2.662222222222222;0.1822222222222222;1.3244444444444443;10.444444444444445;15.555555555555555
11286;zone68;6208.193116766784;3072.425066795916;0.0;zone68;S01010323;4;603;466;377;[0.555556,0.444444,0.0];[0.657143,0.271429,0.071429];[0.642857,0.321429,0.035714];[0.793651,0.166667,0.039683];[0.578431372549,0.166666666667,0.235294117647,0.0196078431373];1;970.0;0.57559463238;1077;20;0.19;1.25;59.81999999999999;37.5;80.18;11.0;23.75;20.25;11.26;0.0;2.45;0.04;0.7500000000000001;0.24000000000000002;2.57;6.25;14.0
11286;zone69;6517.651722029823;2240.572579661372;0.0;zone69;S01010324;6;759;566;403;[0.142857,0.571429,0.285714];[0.298077,0.490385,0.211538];[0.333333,0.530864,0.135802];[0.401674,0.414226,0.1841];[0.569620253165,0.101265822785,0.291139240506,0.0379746835443];1;407.0;-0.0721601679586;1220;21;0.14;1.8333333333333333;41.653333333333336;27.5;69.37333333333333;11.833333333333334;23.333333333333332;14.666666666666666;3.2133333333333334;0.0;1.0066666666666666;0.0;2.973333333333333;0.20000000000000004;2.433333333333333;8.0;6.666666666666667
11286;zone70;6038.016041009105;2402.8415869980217;0.0;zone70;S01010325;18;939;666;501;[0.263158,0.368421,0.368421];[0.383838,0.525253,0.090909];[0.253623,0.615942,0.130435];[0.451362,0.463035,0.085603];[0.545454545455,0.238636363636,0.193181818182,0.0227272727273];1;225.0;-0.281126582053;1890;76;0.16;1.3333333333333333;49.45111111111112;33.5;70.46222222222224;11.666666666666666;23.166666666666668;16.72222222222222;2.602222222222222;0.0;1.571111111111111;0.0;4.057777777777778;0.4911111111111111;2.0177777777777774;6.555555555555555;7.777777777777778
11286;zone71;5272.359331052501;2740.775131541117;0.0;zone71;S01010326;39;987;707;494;[0.526316,0.368421,0.105263];[0.522523,0.333333,0.144144];[0.492188,0.3125,0.195313];[0.723514,0.224806,0.05168];[0.54375,0.16875,0.23125,0.05625];1;1389.0;1.05701743376;1010;260;0.2553846153846154;1.4871794871794872;53.650256410256425;37.64102564102564;73.61025641025643;10.615384615384615;23.0;18.17948717948718;3.164102564102564;0.0;6.214358974358975;0.0482051282051282;1.7230769230769227;0.26461538461538464;2.1405128205128205;6.641025641025641;10.692307692307692
11286;zone72;4970.167032608406;2501.795090448298;0.0;zone72;S01010327;34;982;660;362;[0.031746,0.507937,0.460317];[0.372881,0.432203,0.194915];[0.289063,0.328125,0.382813];[0.516892,0.347973,0.135135];[0.416184971098,0.21387283237,0.236994219653,0.132947976879];1;470.0;0.000335688704598;926;261;0.2917647058823529;1.2647058823529411;47.428235294117655;42.705882352941174;69.74235294117648;9.352941176470589;22.58823529411765;16.058823529411764;3.829411764705882;0.0;7.032941176470587;0.03882352941176471;1.4894117647058827;0.25882352941176473;2.187058823529412;5.264705882352941;11.911764705882353
11286;zone73;5975.307390960257;2677.5485166167286;0.0;zone73;S01010328;24;969;706;445;[0.16129,0.5,0.33871];[0.27044,0.471698,0.257862];[0.192547,0.434783,0.372671];[0.338983,0.432203,0.228814];[0.309352517986,0.258992805755,0.280575539568,0.151079136691];2;457.0;-0.0138550124678;1952;171;0.27166666666666667;1.2916666666666667;46.86833333333334;43.666666666666664;68.85000000000001;9.666666666666666;22.625;15.875;4.733333333333332;0.0;3.138333333333333;0.0;3.6950000000000003;0.34666666666666673;2.4533333333333336;4.666666666666667;11.083333333333334
