cycle;name;location.x;location.y;location.z;name;dataZone;nm_children;pop;over16;nm_hh;AB_car_prob;C1_car_prob;C2_car_prob;DE_car_prob;prob_social;simd;crimeRate;norm_crime;avg_dis_sh;neigh_play;daily_play_per_child;avg_FSA;avg_walk;daily_OD;zone_mvpa;mvpa_home;mvpa_sc;mvpa_road;mvpa_play_field;mvpa_home_garden;mvpa_park;mvpa_PG;mvpa_amenity;mvpa_shops;mvpa_F_home;mvpa_fsa;mvpa_OD
11286;zone0;8448.90275962388;2625.4515469546564;0.0;zone0;S01010195;19;531;390;212;[0.0,0.481481,0.518519];[0.261538,0.646154,0.092308];[0.12,0.59,0.29];[0.447368,0.368421,0.184211];[0.418918918919,0.283783783784,0.202702702703,0.0945945945946];1;0.0;-0.540229885057;1032;99;0.20210526315789473;1.2105263157894737;45.84210526315788;39.36842105263158;65.02947368421053;9.210526315789474;21.894736842105264;15.789473684210526;1.2757894736842106;0.0;5.206315789473685;0.0;3.3031578947368425;0.33263157894736844;2.092631578947368;4.2105263157894735;9.31578947368421
11286;zone1;8656.736904000718;2165.9902346445633;0.0;zone1;S01010198;18;1027;748;394;[0.058824,0.529412,0.411765];[0.305785,0.561983,0.132231];[0.219858,0.496454,0.283688];[0.523179,0.331126,0.145695];[0.48623853211,0.229357798165,0.266055045872,0.0183486238532];1;1609.0;1.3102524676;1294;87;0.19111111111111112;0.7777777777777778;37.42;37.27777777777778;64.88666666666667;11.11111111111111;23.166666666666668;12.666666666666666;2.1933333333333334;0.0;4.52;0.05999999999999999;3.626666666666667;0.3422222222222222;2.5911111111111116;3.0;9.833333333333334
11286;zone2;8537.588755655543;3024.028900129281;0.0;zone2;S01010201;22;643;453;253;[0.0,0.47619,0.52381];[0.270833,0.3125,0.416667];[0.088,0.48,0.432];[0.296552,0.434483,0.268966];[0.365853658537,0.292682926829,0.292682926829,0.0487804878049];2;219.0;-0.28762447053;942;193;0.32727272727272727;1.1363636363636365;41.194545454545455;47.90909090909091;67.07999999999998;10.090909090909092;22.318181818181817;13.863636363636363;2.156363636363636;0.0;6.352727272727273;0.06;3.5527272727272727;0.4181818181818182;2.38;4.0;11.590909090909092
11286;zone3;8059.42097232239;3767.666522351409;0.0;zone3;S01010203;30;671;504;260;[0.090909,0.363636,0.545455];[0.263804,0.460123,0.276074];[0.094828,0.422414,0.482759];[0.183824,0.375,0.441176];[0.272727272727,0.218181818182,0.363636363636,0.145454545455];3;215.0;-0.292668818285;1941;200;0.25466666666666665;1.7;41.91866666666667;35.8;72.00133333333335;11.5;23.966666666666665;14.1;2.9533333333333336;0.0;4.125333333333334;0.0;3.2479999999999998;0.3440000000000001;2.148;7.6;9.833333333333334
11286;zone4;8368.288440296214;3565.498290652094;0.0;zone4;S01010204;30;800;589;381;[0.272727,0.727273,0.0];[0.627451,0.27451,0.098039];[0.444444,0.533333,0.022222];[0.600619,0.321981,0.077399];[0.595041322314,0.157024793388,0.239669421488,0.00826446280992];1;497.0;0.0317745673598;1261;224;0.2866666666666667;0.8333333333333334;39.940000000000005;41.36666666666667;66.90533333333335;11.366666666666667;23.3;13.366666666666667;2.082666666666667;0.0;5.056000000000001;0.05066666666666667;4.008000000000001;0.41733333333333333;2.481333333333333;3.2666666666666666;10.733333333333333
11286;zone5;8034.229745798958;3515.110462853287;0.0;zone5;S01010205;15;658;534;355;[0.411765,0.117647,0.470588];[0.465116,0.457364,0.077519];[0.317757,0.588785,0.093458];[0.593458,0.280374,0.126168];[0.466666666667,0.2,0.3,0.0333333333333];1;925.0;0.523434132086;1343;87;0.22133333333333333;1.3333333333333333;45.89333333333333;32.0;68.11999999999999;11.266666666666667;23.066666666666666;15.133333333333333;3.0853333333333333;0.0;3.264;0.0;2.3306666666666667;0.5866666666666666;2.213333333333333;5.533333333333333;8.133333333333333
11286;zone6;7457.064719570519;3739.055375726369;0.0;zone6;S01010208;18;903;745;565;[0.30137,0.589041,0.109589];[0.48062,0.457364,0.062016];[0.272727,0.613636,0.113636];[0.66055,0.270642,0.068807];[0.233333333333,0.133333333333,0.461111111111,0.172222222222];1;603.0;0.153385979085;1446;82;0.17555555555555555;1.1111111111111112;46.940000000000005;35.44444444444444;71.56888888888889;12.222222222222221;23.5;16.22222222222222;3.9977777777777774;0.0;2.066666666666667;0.0;3.806666666666667;0.24444444444444446;2.5644444444444443;5.222222222222222;9.38888888888889
11286;zone7;7917.838214725937;1939.334458859395;0.0;zone7;S01010209;24;966;677;468;[0.172414,0.586207,0.241379];[0.333333,0.414966,0.251701];[0.381944,0.458333,0.159722];[0.545852,0.336245,0.117904];[0.337931034483,0.248275862069,0.303448275862,0.110344827586];1;2053.0;1.82052250092;1655;107;0.17333333333333334;1.5833333333333333;51.37166666666667;35.458333333333336;69.97166666666666;10.208333333333334;22.625;17.666666666666668;0.9883333333333332;0.0;5.28;0.0;2.7533333333333325;0.3333333333333335;2.2399999999999998;6.0;8.458333333333334
11286;zone8;7878.406567747077;2721.2634132011362;0.0;zone8;S01010210;18;885;641;416;[0.173913,0.456522,0.369565];[0.21519,0.5,0.28481];[0.189781,0.386861,0.423358];[0.422111,0.442211,0.135678];[0.394736842105,0.236842105263,0.254385964912,0.114035087719];1;344.0;-0.144253829852;1320;120;0.25555555555555554;1.3333333333333333;36.275555555555556;36.5;63.39999999999999;10.11111111111111;22.555555555555557;12.0;1.3755555555555554;0.0;4.891111111111111;0.0;3.135555555555555;0.33111111111111124;2.14;5.166666666666667;8.944444444444445
11286;zone9;7785.599648345685;3201.783800714137;0.0;zone9;S01010211;22;858;634;452;[0.147059,0.705882,0.147059];[0.384615,0.452991,0.162393];[0.469565,0.4,0.130435];[0.722656,0.226563,0.050781];[0.473214285714,0.169642857143,0.285714285714,0.0714285714286];1;430.0;-0.0456985893816;1149;127;0.21818181818181817;1.9545454545454546;47.16727272727272;34.68181818181818;73.04181818181819;11.045454545454545;23.454545454545453;15.954545454545455;3.0036363636363643;0.0;4.892727272727272;0.0;2.7290909090909095;0.3454545454545455;2.081818181818182;7.863636363636363;10.181818181818182
11286;zone10;7580.688680869333;3097.127786881416;0.0;zone10;S01010212;49;1083;779;559;[0.233333,0.633333,0.133333];[0.594771,0.339869,0.065359];[0.465517,0.405172,0.12931];[0.712821,0.269231,0.017949];[0.566037735849,0.138364779874,0.22641509434,0.0691823899371];1;1473.0;1.15298517036;1216;296;0.22938775510204082;1.0204081632653061;51.68326530612245;41.93877551020408;70.18938775510203;9.857142857142858;22.714285714285715;17.714285714285715;2.4579591836734695;0.0;4.925714285714285;0.0;3.5306122448979593;0.3322448979591837;2.8873469387755106;4.1020408163265305;10.489795918367347
11286;zone11;8065.177293237223;3111.5884965344962;0.0;zone11;S01010213;13;924;657;476;[0.105263,0.684211,0.210526];[0.382609,0.547826,0.069565];[0.218543,0.556291,0.225166];[0.467925,0.483019,0.049057];[0.451327433628,0.221238938053,0.274336283186,0.0530973451327];1;247.0;-0.255840453357;1018;82;0.24;1.6153846153846154;31.058461538461543;34.30769230769231;67.09538461538462;12.538461538461538;23.23076923076923;10.23076923076923;1.5353846153846153;0.0;5.126153846153846;0.0;4.083076923076924;0.36307692307692313;2.667692307692308;5.538461538461538;10.153846153846153
11286;zone12;7144.994858230166;1947.4125453867302;0.0;zone12;S01010214;27;967;717;396;[0.098592,0.28169,0.619718];[0.197531,0.438272,0.364198];[0.173333,0.493333,0.333333];[0.237069,0.487069,0.275862];[0.361344537815,0.210084033613,0.310924369748,0.117647058824];3;176.0;-0.337854473183;2054;174;0.25037037037037035;1.2222222222222223;44.794074074074075;38.851851851851855;69.26518518518519;10.703703703703704;23.0;15.407407407407407;2.871111111111111;0.0;5.5674074074074085;0.0;2.577777777777778;0.38222222222222224;2.091851851851852;4.888888888888889;10.407407407407407
11286;zone13;7013.590150664996;2618.495528189446;0.0;zone13;S01010215;24;850;608;492;[0.571429,0.285714,0.142857];[0.5,0.431373,0.068627];[0.382609,0.391304,0.226087];[0.678571,0.269841,0.051587];[0.467289719626,0.140186915888,0.345794392523,0.0467289719626];1;547.0;0.0886083430805;622;173;0.2833333333333333;1.5;41.156666666666666;41.333333333333336;69.76;10.791666666666666;23.458333333333332;13.791666666666666;2.48;0.0;4.216666666666667;0.0;4.401666666666666;0.325;2.6149999999999998;6.0;10.5
11286;zone14;7332.222205807836;2329.961970144465;0.0;zone14;S01010216;15;621;464;361;[0.6,0.4,0.0];[0.597701,0.356322,0.045977];[0.409091,0.439394,0.151515];[0.709544,0.273859,0.016598];[0.5,0.163265306122,0.265306122449,0.0714285714286];1;600.0;0.150092344085;1303;97;0.248;0.4666666666666667;50.80533333333334;37.0;65.90933333333334;9.666666666666666;22.666666666666668;17.2;2.176;0.0;5.120000000000001;0.0;2.6959999999999997;0.4266666666666667;3.3786666666666667;1.1333333333333333;9.466666666666667
11286;zone15;7299.833172322251;2625.8610945736937;0.0;zone15;S01010217;33;817;598;406;[0.16129,0.516129,0.322581];[0.565517,0.4,0.034483];[0.5,0.431373,0.068627];[0.702703,0.283784,0.013514];[0.541935483871,0.0967741935484,0.296774193548,0.0645161290323];1;1060.0;0.679274950851;1008;317;0.3709090909090909;1.0;47.4290909090909;48.84848484848485;71.95878787878787;10.818181818181818;23.272727272727273;16.060606060606062;2.8763636363636365;0.0;5.146666666666667;0.0;5.0133333333333345;0.3624242424242423;2.378181818181819;4.363636363636363;12.575757575757576
11286;zone16;7142.953643082513;3018.5401822929393;0.0;zone16;S01010218;31;1018;790;587;[0.425532,0.404255,0.170213];[0.392523,0.453271,0.154206];[0.358209,0.492537,0.149254];[0.589124,0.335347,0.075529];[0.424657534247,0.109589041096,0.369863013699,0.0958904109589];1;557.0;0.101026678737;568;157;0.19741935483870968;1.2903225806451613;37.378064516129044;34.483870967741936;64.00000000000001;10.612903225806452;22.903225806451612;12.516129032258064;1.6451612903225803;0.0;2.303225806451613;0.0;4.176774193548387;0.3548387096774195;2.44;5.161290322580645;7.612903225806452
11286;zone17;6738.8937706128745;4298.8917997019325;0.0;zone17;S01010219;21;503;382;274;[0.695652,0.304348,0.0];[0.758621,0.215517,0.025862];[0.761905,0.166667,0.071429];[0.781609,0.195402,0.022989];[0.41935483871,0.0752688172043,0.408602150538,0.0967741935484];2;184.0;-0.327838932938;1599;167;0.30857142857142855;1.5238095238095237;60.37333333333334;42.523809523809526;75.95619047619049;9.523809523809524;23.047619047619047;20.61904761904762;4.449523809523809;0.0;6.026666666666666;0.01714285714285714;1.8457142857142856;0.3866666666666667;2.2742857142857145;6.0476190476190474;11.80952380952381
11286;zone18;5915.780765415368;4211.222876105162;0.0;zone18;S01010220;7;476;433;279;[0.181159,0.608696,0.210145];[0.404255,0.531915,0.06383];[0.227273,0.704545,0.068182];[0.448276,0.482759,0.068966];[0.154545454545,0.0636363636364,0.318181818182,0.463636363636];5;267.0;-0.232306706325;1189;71;0.4;1.1428571428571428;41.171428571428564;48.0;72.88000000000001;11.0;23.285714285714285;14.0;7.805714285714286;0.0;3.8857142857142857;0.4457142857142857;2.4628571428571426;0.3485714285714286;2.0571428571428574;5.571428571428571;14.0
11286;zone19;6341.0811208317455;3913.8398648988496;0.0;zone19;S01010221;13;546;394;260;[0.6,0.4,0.0];[0.557377,0.409836,0.032787];[0.538462,0.323077,0.138462];[0.699387,0.257669,0.042945];[0.609375,0.140625,0.203125,0.046875];1;635.0;0.19005459739;956;52;0.15384615384615385;1.3076923076923077;43.107692307692304;21.76923076923077;67.3046153846154;12.692307692307692;23.692307692307693;14.692307692307692;3.052307692307693;0.0;2.7907692307692313;0.18153846153846154;1.086153846153846;0.32;2.563076923076923;4.538461538461538;6.615384615384615
11286;zone20;7001.213463613622;4053.9957950241624;0.0;zone20;S01010222;15;492;414;285;[0.142857,0.5,0.357143];[0.432432,0.459459,0.108108];[0.348624,0.522936,0.12844];[0.747899,0.235294,0.016807];[0.345238095238,0.214285714286,0.309523809524,0.130952380952];1;377.0;-0.105830277325;1853;82;0.21066666666666667;1.5333333333333334;48.47733333333334;34.0;68.16533333333334;10.133333333333333;22.4;16.533333333333335;2.504;0.0;4.370666666666667;0.0;2.2666666666666666;0.3093333333333333;2.0533333333333332;5.866666666666666;8.6
11286;zone21;6986.8418912765155;3434.1450308482026;0.0;zone21;S01010223;4;556;462;337;[0.076923,0.538462,0.384615];[0.567797,0.330508,0.101695];[0.472222,0.444444,0.083333];[0.584699,0.36612,0.04918];[0.432432432432,0.162162162162,0.324324324324,0.0810810810811];1;439.0;-0.0353356041414;1651;11;0.11;1.75;63.870000000000005;28.0;84.89;15.5;25.0;21.75;4.13;0.0;2.3499999999999996;0.23;2.22;0.32;1.6;10.5;8.5
11286;zone22;6247.397837456437;3329.661273309237;0.0;zone22;S01010224;40;1036;727;469;[0.405405,0.540541,0.054054];[0.592593,0.274074,0.133333];[0.418803,0.504274,0.076923];[0.768421,0.202632,0.028947];[0.506097560976,0.140243902439,0.268292682927,0.0853658536585];1;1004.0;0.614259332793;975;216;0.207;1.125;48.194;28.225;69.67099999999999;11.675;23.525;16.5;4.858;0.0;2.009;0.205;1.145;0.41899999999999993;2.9669999999999996;4.8;7.75
11286;zone23;7827.985844039554;4105.4701191949;0.0;zone23;S01010225;33;812;636;431;[0.25,0.634615,0.115385];[0.469072,0.43299,0.097938];[0.54023,0.413793,0.045977];[0.672065,0.234818,0.093117];[0.385185185185,0.125925925926,0.325925925926,0.162962962963];1;1006.0;0.616572011517;1690;164;0.18666666666666668;1.2121212121212122;52.91757575757576;32.24242424242424;69.20848484848486;10.272727272727273;22.848484848484848;18.424242424242426;2.7939393939393935;0.0;3.14060606060606;0.00727272727272727;2.747878787878788;0.2860606060606061;2.552727272727273;4.363636363636363;8.212121212121213
11286;zone24;7040.363001382077;4481.052780471187;0.0;zone24;S01010226;40;816;565;394;[0.454545,0.242424,0.30303];[0.715385,0.2,0.084615];[0.540541,0.405405,0.054054];[0.766917,0.18797,0.045113];[0.503355704698,0.201342281879,0.221476510067,0.0738255033557];2;422.0;-0.0548014077425;1065;476;0.456;1.275;50.521;59.9;78.175;9.825;23.175;17.225;6.836;0.0;8.375000000000002;0.11700000000000002;2.7680000000000007;0.29400000000000004;2.3209999999999997;5.575;17.6
11286;zone25;6847.772309074456;4638.663588163389;0.0;zone25;S01010227;39;692;454;294;[0.413793,0.413793,0.172414];[0.704545,0.238636,0.056818];[0.654545,0.345455,0.0];[0.810606,0.159091,0.030303];[0.672268907563,0.0924369747899,0.159663865546,0.0756302521008];4;0.0;-0.540229885057;1285;599;0.5856410256410256;1.3846153846153846;59.341538461538455;73.3076923076923;85.49538461538462;9.0;23.05128205128205;20.205128205128204;5.44102564102564;0.0;14.963076923076922;0.17435897435897438;2.68;0.2102564102564103;2.102564102564103;5.923076923076923;22.76923076923077
11286;zone26;8241.816993110848;4572.457656401622;0.0;zone26;S01010229;30;1016;787;508;[0.1,0.625,0.275];[0.350877,0.350877,0.298246];[0.348315,0.477528,0.174157];[0.565217,0.310559,0.124224];[0.420731707317,0.213414634146,0.292682926829,0.0731707317073];1;395.0;-0.0859445809966;1272;154;0.196;0.9;47.45333333333331;33.1;67.42;10.933333333333334;22.933333333333334;16.3;3.0400000000000005;0.0;3.4386666666666668;0.024;2.9466666666666668;0.3879999999999999;2.690666666666667;3.033333333333333;9.0
11286;zone27;7458.320056766788;4680.341251240345;0.0;zone27;S01010230;24;1005;772;577;[0.314286,0.628571,0.057143];[0.703883,0.296117,0.0];[0.727273,0.218182,0.054545];[0.71831,0.24507,0.03662];[0.517857142857,0.136904761905,0.267857142857,0.077380952381];1;846.0;0.433218203459;992;155;0.24333333333333335;1.4583333333333333;40.775;39.166666666666664;68.82;10.625;23.291666666666668;13.666666666666666;2.556666666666667;0.0;5.8933333333333335;0.08833333333333333;2.748333333333333;0.3366666666666667;2.208333333333334;5.541666666666667;10.75
11286;zone28;7569.802990100143;4917.458811240416;0.0;zone28;S01010232;37;1074;792;485;[0.457143,0.485714,0.057143];[0.557292,0.338542,0.104167];[0.492063,0.333333,0.174603];[0.654229,0.251244,0.094527];[0.470297029703,0.153465346535,0.306930693069,0.0693069306931];1;771.0;0.347049794199;916;258;0.2648648648648649;1.2972972972972974;43.336216216216215;43.67567567567568;71.86702702702704;11.27027027027027;23.486486486486488;14.567567567567568;3.3037837837837833;0.0;5.330810810810812;0.04972972972972973;3.7275675675675664;0.32216216216216215;2.291891891891892;5.783783783783784;11.864864864864865
11286;zone29;7830.713068379679;4879.746446724283;0.0;zone29;S01010233;33;970;705;476;[0.275,0.625,0.1];[0.655629,0.245033,0.099338];[0.52809,0.426966,0.044944];[0.771505,0.212366,0.016129];[0.587209302326,0.093023255814,0.261627906977,0.0581395348837];1;284.0;-0.213781821634;1015;174;0.20242424242424242;1.606060606060606;45.38787878787878;36.484848484848484;69.50424242424242;10.666666666666666;23.0;15.575757575757576;1.7769696969696969;0.0;3.282424242424242;0.16484848484848486;3.837575757575758;0.3393939393939394;2.246060606060607;6.848484848484849;8.545454545454545
11286;zone30;6473.383843181837;4954.519765957263;0.0;zone30;S01010261;6;2551;2373;526;[0.666667,0.270833,0.0625];[0.675841,0.281346,0.042813];[0.75,0.25,0.0];[0.824468,0.164894,0.010638];[0.41,0.06,0.41,0.12];3;176.0;-0.337679921334;2003;37;0.24666666666666667;2.0;81.0;37.833333333333336;86.83333333333333;10.666666666666666;23.666666666666668;27.833333333333332;3.36;0.0;2.6133333333333333;0.0;3.8333333333333335;0.3466666666666667;1.9533333333333334;11.0;9.5
11286;zone31;4930.642193689802;4959.449818932565;0.0;zone31;S01010266;3;555;474;237;[0.320755,0.556604,0.122642];[0.677273,0.254545,0.068182];[0.5,0.461538,0.038462];[0.534247,0.30137,0.164384];[0.141176470588,0.0588235294118,0.4,0.4];3;536.0;0.0761386922126;1277;12;0.16;2.3333333333333335;48.653333333333336;36.0;75.48;11.333333333333334;24.333333333333332;17.333333333333332;1.4000000000000001;0.0;2.48;0.8133333333333334;5.626666666666666;0.32;1.3333333333333333;9.0;9.666666666666666
11286;zone32;5712.5549897826;4979.400336637217;0.0;zone32;S01010270;4;1153;972;817;[0.389831,0.533898,0.076271];[0.70255,0.252125,0.045326];[0.714286,0.272727,0.012987];[0.771552,0.228448,0.0];[0.125,0.0909090909091,0.454545454545,0.329545454545];1;871.0;0.461200629557;1657;14;0.14;1.75;67.1;29.5;74.75999999999999;9.5;23.0;23.5;1.69;0.0;1.38;0.0;4.0600000000000005;0.44000000000000006;2.59;7.0;6.75
11286;zone33;3394.0723536088512;4934.677182292946;0.0;zone33;S01010282;13;976;841;645;[0.438776,0.520408,0.040816];[0.545732,0.405488,0.04878];[0.521277,0.382979,0.095745];[0.712707,0.232044,0.055249];[0.190954773869,0.070351758794,0.35175879397,0.386934673367];2;350.0;-0.137812028107;1319;38;0.11692307692307692;2.5384615384615383;56.91384615384615;28.53846153846154;77.75692307692307;11.307692307692308;23.846153846153847;19.307692307692307;1.7999999999999998;0.0;4.7846153846153845;0.6553846153846153;1.3384615384615386;0.2707692307692308;1.9323076923076927;10.461538461538462;8.153846153846153
11286;zone34;4385.789287498423;4835.237486850067;0.0;zone34;S01010289;15;771;687;380;[0.130952,0.511905,0.357143];[0.262911,0.502347,0.234742];[0.178571,0.464286,0.357143];[0.410256,0.435897,0.153846];[0.058064516129,0.0322580645161,0.245161290323,0.664516129032];5;259.0;-0.241396294863;1437;227;0.5786666666666667;1.7333333333333334;43.95466666666666;67.06666666666666;67.50933333333333;7.4;22.0;14.733333333333333;4.045333333333334;0.0;5.901333333333334;2.074666666666667;2.8826666666666667;0.20533333333333337;1.7733333333333334;4.933333333333334;14.4
11286;zone35;4401.5375624188455;4669.062022109911;0.0;zone35;S01010290;13;546;485;278;[0.198198,0.603604,0.198198];[0.485944,0.449799,0.064257];[0.555556,0.444444,0.0];[0.435897,0.512821,0.051282];[0.10752688172,0.0430107526882,0.494623655914,0.354838709677];3;353.0;-0.133686757747;1125;186;0.5476923076923077;1.0769230769230769;50.12307692307692;72.46153846153847;82.03692307692307;11.076923076923077;23.923076923076923;16.846153846153847;4.596923076923077;0.0;9.28923076923077;2.6923076923076925;5.1692307692307695;0.47384615384615386;1.7753846153846153;4.6923076923076925;21.153846153846153
11286;zone36;4119.983651650423;4281.100418217042;0.0;zone36;S01010291;12;1075;975;481;[0.405594,0.447552,0.146853];[0.627907,0.277132,0.094961];[0.415094,0.433962,0.150943];[0.562963,0.325926,0.111111];[0.197080291971,0.0729927007299,0.445255474453,0.284671532847];3;438.0;-0.0363924713322;716;119;0.38;1.9166666666666667;49.336666666666666;52.666666666666664;70.61666666666667;8.75;22.083333333333332;16.833333333333332;3.016666666666666;0.0;5.2700000000000005;2.19;1.4166666666666667;0.26666666666666666;1.4566666666666663;7.333333333333333;11.333333333333334
11286;zone37;4399.731076226201;4291.6703625917;0.0;zone37;S01010292;10;890;831;409;[0.348214,0.508929,0.142857];[0.477169,0.420091,0.10274];[0.339286,0.446429,0.214286];[0.55814,0.383721,0.05814];[0.128378378378,0.0540540540541,0.398648648649,0.418918918919];4;323.0;-0.168488563048;1171;97;0.376;1.9;57.739999999999995;56.1;74.42800000000001;8.2;22.2;19.5;4.4399999999999995;0.0;4.74;1.5999999999999999;2.248;0.264;1.584;7.7;12.7
11286;zone38;4514.690807242894;4541.15458266895;0.0;zone38;S01010293;16;839;723;373;[0.51773,0.35461,0.12766];[0.635389,0.262735,0.101877];[0.446809,0.319149,0.234043];[0.514286,0.392857,0.092857];[0.242424242424,0.0606060606061,0.393939393939,0.30303030303];3;290.0;-0.205814991507;1444;196;0.4625;1.625;64.2025;63.0;78.01249999999997;8.6875;22.25;21.8125;4.317499999999999;0.0;5.985;1.9749999999999999;2.6949999999999994;0.23500000000000001;1.8675;6.5625;14.5625
11286;zone39;4541.7482834333705;4418.565122351524;0.0;zone39;S01010294;13;690;631;275;[0.242105,0.526316,0.231579];[0.650873,0.214464,0.134663];[0.583333,0.208333,0.208333];[0.414894,0.489362,0.095745];[0.164835164835,0.043956043956,0.494505494505,0.296703296703];4;440.0;-0.0342259463805;1311;212;0.6276923076923077;1.1538461538461537;60.692307692307686;81.6923076923077;80.13846153846154;7.923076923076923;22.53846153846154;20.46153846153846;7.338461538461538;0.0;6.772307692307693;1.9384615384615385;4.1476923076923065;0.23384615384615384;1.9199999999999997;5.0;19.615384615384617
11286;zone40;4766.8646917667475;4574.50133624035;0.0;zone40;S01010295;18;974;870;427;[0.384615,0.391026,0.224359];[0.604555,0.310559,0.084886];[0.428571,0.285714,0.285714];[0.390728,0.516556,0.092715];[0.212765957447,0.113475177305,0.297872340426,0.375886524823];4;529.0;0.0680145754747;993;232;0.49333333333333335;1.7222222222222223;50.444444444444436;70.77777777777777;76.54222222222224;9.0;22.22222222222222;17.27777777777778;4.8999999999999995;0.0;7.871111111111111;1.6511111111111108;3.364444444444445;0.18444444444444447;1.5822222222222218;6.555555555555555;17.22222222222222
11286;zone41;4647.752341766679;4736.091736240359;0.0;zone41;S01010296;16;664;560;291;[0.294118,0.423529,0.282353];[0.520913,0.368821,0.110266];[0.375,0.375,0.25];[0.475524,0.391608,0.132867];[0.282828282828,0.111111111111,0.363636363636,0.242424242424];2;856.0;0.444094443477;1431;142;0.3425;1.75;49.260000000000005;47.375;71.9675;10.3125;22.625;16.5625;2.9825000000000004;0.0;5.035;1.3174999999999997;2.6624999999999996;0.2775000000000001;1.615;6.75;11.5625
11286;zone42;5522.849421766708;4411.996091240393;0.0;zone42;S01010297;7;1066;894;676;[0.582609,0.382609,0.034783];[0.691824,0.245283,0.062893];[0.540541,0.333333,0.126126];[0.681275,0.270916,0.047809];[0.260563380282,0.140845070423,0.37323943662,0.225352112676];1;504.0;0.0391758595379;1687;52;0.2857142857142857;0.5714285714285714;37.70285714285715;42.285714285714285;57.925714285714285;9.285714285714286;21.428571428571427;12.714285714285714;2.4971428571428573;0.0;2.5028571428571427;0.8571428571428571;2.7028571428571424;0.16;2.268571428571429;1.8571428571428572;8.142857142857142
11286;zone43;4706.481893689814;4143.807995855712;0.0;zone43;S01010298;12;880;677;515;[0.308943,0.479675,0.211382];[0.581395,0.356589,0.062016];[0.539683,0.396825,0.063492];[0.744828,0.193103,0.062069];[0.227272727273,0.0984848484848,0.371212121212,0.30303030303];1;486.0;0.0190902878356;1067;72;0.23;1.9166666666666667;41.78666666666667;38.666666666666664;72.84;11.166666666666666;23.083333333333332;14.083333333333334;4.993333333333333;0.0;5.173333333333334;0.5833333333333334;1.3499999999999999;0.26666666666666666;1.7833333333333332;8.666666666666666;11.666666666666666
11286;zone44;4885.424673909578;4209.645754097502;0.0;zone44;S01010299;4;536;404;292;[0.3,0.54,0.16];[0.556701,0.340206,0.103093];[0.458333,0.520833,0.020833];[0.584906,0.283019,0.132075];[0.428571428571,0.0857142857143,0.285714285714,0.2];1;375.0;-0.10827530326;722;32;0.31;2.75;49.209999999999994;32.5;81.64;13.25;25.25;17.0;4.09;0.0;2.18;1.19;3.2199999999999998;0.23;2.08;11.25;10.25
11286;zone45;4883.397012115578;4340.414778682246;0.0;zone45;S01010300;21;934;764;478;[0.460784,0.411765,0.127451];[0.664653,0.238671,0.096677];[0.632353,0.323529,0.044118];[0.606383,0.329787,0.06383];[0.3046875,0.125,0.3515625,0.21875];2;513.0;0.0498225801839;604;180;0.3180952380952381;1.3333333333333333;40.453333333333326;42.666666666666664;72.21714285714286;11.80952380952381;24.047619047619047;13.428571428571429;4.24;0.0;3.066666666666667;0.8990476190476192;4.1085714285714285;0.3733333333333334;2.4952380952380957;6.0;11.904761904761905
11286;zone46;5144.66081966521;4032.769083704074;0.0;zone46;S01010301;6;522;457;283;[0.292683,0.597561,0.109756];[0.57563,0.315126,0.109244];[0.222222,0.703704,0.074074];[0.561798,0.393258,0.044944];[0.214285714286,0.0612244897959,0.459183673469,0.265306122449];4;490.0;0.0232745011966;1435;102;0.6466666666666666;1.8333333333333333;54.43333333333333;79.5;85.17333333333333;9.333333333333334;23.166666666666668;17.833333333333332;10.293333333333333;0.0;3.1133333333333333;1.7933333333333332;6.239999999999999;0.13999999999999999;2.08;9.166666666666666;20.833333333333332
11286;zone47;5165.568789180556;4297.038752619699;0.0;zone47;S01010302;24;669;495;388;[0.65625,0.28125,0.0625];[0.6,0.356522,0.043478];[0.716981,0.226415,0.056604];[0.801802,0.18018,0.018018];[0.582417582418,0.0769230769231,0.263736263736,0.0769230769231];1;392.0;-0.0896499889057;1482;202;0.32666666666666666;1.4583333333333333;57.61666666666667;45.166666666666664;73.58999999999999;9.958333333333334;22.916666666666668;19.625;5.048333333333333;0.0;1.8266666666666669;0.1566666666666667;4.111666666666666;0.3733333333333333;2.2900000000000005;5.5;10.666666666666666
11286;zone48;5241.140616766716;4139.402270499609;0.0;zone48;S01010303;33;579;387;250;[0.692308,0.153846,0.153846];[0.56701,0.298969,0.134021];[0.630435,0.282609,0.086957];[0.658879,0.285047,0.056075];[0.58407079646,0.106194690265,0.274336283186,0.0353982300885];1;415.0;-0.0627120940391;1578;322;0.37454545454545457;1.0909090909090908;48.50545454545453;52.484848484848484;69.19030303030303;9.454545454545455;22.424242424242426;16.393939393939394;6.905454545454543;0.0;2.221818181818182;0.7890909090909092;3.0448484848484854;0.2787878787878788;2.1357575757575757;3.787878787878788;12.484848484848484
11286;zone49;4853.647576226233;3833.123065294377;0.0;zone49;S01010304;12;542;456;332;[0.323529,0.514706,0.161765];[0.635135,0.25,0.114865];[0.477273,0.522727,0.0];[0.829268,0.109756,0.060976];[0.372340425532,0.0425531914894,0.297872340426,0.287234042553];1;804.0;0.384523850516;1704;99;0.31333333333333335;1.4166666666666667;68.03666666666668;50.833333333333336;78.95;9.833333333333334;22.833333333333332;23.583333333333332;5.199999999999999;0.0;3.1133333333333333;1.45;3.2499999999999996;0.27666666666666667;1.8233333333333335;6.083333333333333;12.583333333333334
11286;zone50;4697.410406890209;3639.1027396354093;0.0;zone50;S01010305;7;807;694;478;[0.36036,0.468468,0.171171];[0.553191,0.33617,0.110638];[0.409639,0.301205,0.289157];[0.589888,0.337079,0.073034];[0.198529411765,0.0735294117647,0.382352941176,0.345588235294];1;223.0;-0.28282788147;705;43;0.22857142857142856;2.5714285714285716;48.034285714285716;37.42857142857143;71.58285714285714;9.857142857142858;22.714285714285715;16.428571428571427;4.92;0.0;1.3885714285714286;1.3314285714285714;0.5714285714285714;0.21142857142857147;1.3714285714285714;10.857142857142858;7.714285714285714
11286;zone51;4591.3082521834585;3868.367573740388;0.0;zone51;S01010306;13;752;675;449;[0.35625,0.56875,0.075];[0.570588,0.355882,0.073529];[0.283019,0.566038,0.150943];[0.650943,0.330189,0.018868];[0.165680473373,0.0473372781065,0.479289940828,0.307692307692];2;238.0;-0.265781391166;906;134;0.38461538461538464;1.6923076923076923;50.55692307692308;55.53846153846154;80.76615384615386;11.307692307692308;24.0;17.0;8.159999999999998;0.0;4.28;2.947692307692308;1.2;0.28923076923076924;1.790769230769231;7.923076923076923;16.23076923076923
11286;zone52;4503.72067559025;3742.2957906521283;0.0;zone52;S01010307;9;821;732;428;[0.189922,0.577519,0.232558];[0.407407,0.487654,0.104938];[0.346154,0.538462,0.115385];[0.71875,0.234375,0.046875];[0.0681818181818,0.0568181818182,0.375,0.5];5;319.0;-0.172537833795;480;124;0.5333333333333333;2.2222222222222223;52.23555555555556;74.77777777777777;87.84444444444445;10.666666666666666;24.11111111111111;18.11111111111111;8.831111111111111;0.0;5.511111111111111;5.720000000000001;1.3644444444444446;0.12444444444444445;1.2222222222222223;10.11111111111111;20.88888888888889
11286;zone53;4364.519870735056;4047.768725526131;0.0;zone53;S01010308;9;975;858;480;[0.285714,0.54007,0.174216];[0.511936,0.384615,0.103448];[0.254902,0.411765,0.333333];[0.648352,0.307692,0.043956];[0.0970873786408,0.0631067961165,0.359223300971,0.480582524272];4;257.0;-0.244477582955;1178;136;0.5733333333333334;1.2222222222222223;53.13777777777778;71.11111111111111;75.40000000000002;8.666666666666666;23.0;18.22222222222222;7.253333333333334;0.0;5.0088888888888885;3.226666666666667;2.368888888888889;0.28;1.8666666666666667;3.7777777777777777;17.22222222222222
11286;zone54;5381.88771051669;3636.3205112402793;0.0;zone54;S01010309;4;419;356;264;[0.333333,0.25,0.416667];[0.478873,0.422535,0.098592];[0.352941,0.382353,0.264706];[0.705882,0.24183,0.052288];[0.365853658537,0.170731707317,0.390243902439,0.0731707317073];1;0.0;-0.540229885057;2153;17;0.17;1.75;44.85000000000001;28.25;63.21;9.75;21.75;14.75;2.84;0.0;2.42;0.14;2.3600000000000003;0.3;1.7999999999999998;5.0;7.25
11286;zone55;5657.373406240428;3625.6586165034923;0.0;zone55;S01010310;13;706;540;381;[0.333333,0.238095,0.428571];[0.565517,0.337931,0.096552];[0.54902,0.27451,0.176471];[0.715415,0.256917,0.027668];[0.484848484848,0.151515151515,0.318181818182,0.0454545454545];1;574.0;0.120406534162;845;78;0.23692307692307693;1.3076923076923077;46.78769230769231;32.38461538461539;64.92;9.538461538461538;22.384615384615383;15.692307692307692;2.523076923076923;0.0;1.4738461538461538;0.44307692307692315;2.8461538461538463;0.31384615384615394;2.3876923076923076;5.076923076923077;6.769230769230769
11286;zone56;5685.425126382168;3318.6970593171873;0.0;zone56;S01010311;22;721;556;351;[0.411765,0.352941,0.235294];[0.472222,0.453704,0.074074];[0.571429,0.404762,0.02381];[0.717949,0.271062,0.010989];[0.565217391304,0.121739130435,0.269565217391,0.0434782608696];1;1534.0;1.22364271569;1642;125;0.21454545454545454;1.2272727272727273;63.25818181818181;38.27272727272727;71.53272727272726;9.318181818181818;22.272727272727273;21.181818181818183;3.385454545454545;0.0;3.28;0.12181818181818183;2.9709090909090903;0.3872727272727273;2.4036363636363642;4.2727272727272725;9.318181818181818
11286;zone57;5466.52613028024;3072.1402274564575;0.0;zone57;S01010312;34;868;647;425;[0.117647,0.823529,0.058824];[0.754386,0.22807,0.017544];[0.407407,0.444444,0.148148];[0.804945,0.153846,0.041209];[0.586956521739,0.115942028986,0.268115942029,0.0289855072464];1;685.0;0.247477927043;1651;162;0.18470588235294116;1.411764705882353;58.962352941176476;35.14705882352941;70.66117647058823;10.0;22.647058823529413;20.08823529411765;2.2117647058823526;0.0;3.3152941176470585;0.23058823529411768;2.961176470588235;0.3658823529411765;2.224705882352941;4.911764705882353;8.147058823529411
11286;zone58;5251.7403530303945;3502.549209042501;0.0;zone58;S01010313;16;654;529;356;[0.428571,0.285714,0.285714];[0.6,0.333333,0.066667];[0.433735,0.481928,0.084337];[0.739623,0.162264,0.098113];[0.648351648352,0.131868131868,0.175824175824,0.043956043956];1;565.0;0.109617915218;2142;93;0.225;1.5625;72.50500000000001;39.6875;83.09500000000001;10.6875;23.625;24.8125;5.61;0.0;5.1499999999999995;0.11750000000000001;1.7699999999999996;0.36250000000000004;2.625;6.5625;12.0625
11286;zone59;4840.312157862589;3385.4448126102257;0.0;zone59;S01010314;21;1248;1034;550;[0.358209,0.507463,0.134328];[0.514493,0.333333,0.152174];[0.5,0.326923,0.173077];[0.636,0.324,0.04];[0.316901408451,0.133802816901,0.401408450704,0.147887323944];1;637.0;0.192402372167;1141;132;0.23047619047619047;1.5714285714285714;44.9352380952381;36.57142857142857;71.65714285714287;11.428571428571429;23.714285714285715;15.095238095238095;3.403809523809523;0.0;4.6000000000000005;1.5980952380952385;0.9219047619047617;0.40761904761904766;1.7276190476190476;6.904761904761905;10.095238095238095
11286;zone60;4536.293429266749;2504.1273706154316;0.0;zone60;S01010315;43;911;678;409;[0.180723,0.554217,0.26506];[0.252632,0.457895,0.289474];[0.208333,0.5,0.291667];[0.55144,0.345679,0.102881];[0.308176100629,0.169811320755,0.358490566038,0.163522012579];2;382.0;-0.100954860853;1601;413;0.37116279069767444;1.2093023255813953;52.60372093023256;49.16279069767442;71.36744186046514;9.581395348837209;22.441860465116278;17.837209302325583;5.825116279069768;0.0;3.9227906976744182;0.01302325581395349;3.2781395348837203;0.29581395348837203;2.2167441860465114;4.162790697674419;12.627906976744185
11286;zone61;4589.6619547948285;2943.195659127726;0.0;zone61;S01010316;25;512;414;304;[0.392157,0.529412,0.078431];[0.62931,0.37069,0.0];[0.439024,0.560976,0.0];[0.775401,0.224599,0.0];[0.439252336449,0.102803738318,0.252336448598,0.205607476636];1;481.0;0.0128180141103;1417;200;0.3088;1.16;53.2208;43.44;74.1424;10.44;23.2;18.16;5.6;0.0;3.817600000000001;0.2672;3.16;0.33919999999999995;3.0959999999999996;4.44;12.44
11286;zone63;4421.5566371748755;3071.026327566895;0.0;zone63;S01010318;12;1588;1497;304;[0.5,0.456522,0.043478];[0.469799,0.47651,0.053691];[0.310345,0.37931,0.310345];[0.678571,0.285714,0.035714];[0.36,0.14,0.34,0.16];3;317.0;-0.175110645645;1009;164;0.53;1.5833333333333333;66.73333333333333;63.166666666666664;85.12333333333333;9.25;23.75;23.083333333333332;7.7200000000000015;0.0;8.463333333333335;1.6533333333333333;1.0;0.31666666666666665;1.92;6.166666666666667;18.25
11286;zone64;4173.240913470097;2893.8040771744095;0.0;zone64;S01010319;9;711;624;407;[0.258741,0.608392,0.132867];[0.383399,0.486166,0.130435];[0.439394,0.212121,0.348485];[0.530769,0.384615,0.084615];[0.171974522293,0.0700636942675,0.471337579618,0.286624203822];2;473.0;0.00423719084943;1446;59;0.25333333333333335;2.3333333333333335;53.84888888888888;40.22222222222222;71.4;9.11111111111111;21.88888888888889;18.555555555555557;3.573333333333333;0.0;2.5511111111111107;0.42666666666666664;2.96;0.2222222222222222;1.577777777777778;8.555555555555555;9.11111111111111
11286;zone65;3940.1918462749595;2900.8899784533987;0.0;zone65;S01010320;4;675;594;437;[0.257813,0.523438,0.21875];[0.61753,0.298805,0.083665];[0.526316,0.22807,0.245614];[0.805085,0.169492,0.025424];[0.172185430464,0.0662251655629,0.443708609272,0.317880794702];1;646.0;0.202453315259;1199;25;0.24;2.0;52.86000000000001;30.25;76.25;11.75;23.75;18.0;5.390000000000001;0.0;2.6900000000000004;0.9600000000000001;0.6100000000000001;0.27;2.9;8.5;9.25
11286;zone66;3905.8658739096163;2664.6669636212755;0.0;zone66;S01010321;7;837;634;432;[0.401709,0.555556,0.042735];[0.54717,0.433962,0.018868];[0.45122,0.439024,0.109756];[0.666667,0.271186,0.062147];[0.212328767123,0.0958904109589,0.390410958904,0.301369863014];1;1019.0;0.631764531736;1924;40;0.22857142857142856;1.7142857142857142;56.53142857142858;37.0;76.91428571428571;11.142857142857142;23.428571428571427;19.428571428571427;5.0685714285714285;0.0;3.982857142857142;0.17142857142857143;2.2685714285714287;0.5314285714285715;1.9828571428571429;7.0;11.0
11286;zone67;3630.3978644730896;3132.1651121578075;0.0;zone67;S01010322;9;1028;914;549;[0.174419,0.549419,0.276163];[0.412399,0.471698,0.115903];[0.298507,0.38806,0.313433];[0.647059,0.323529,0.029412];[0.057268722467,0.0352422907489,0.449339207048,0.458149779736];5;124.0;-0.397569575369;1530;136;0.5777777777777777;1.7777777777777777;47.528888888888886;71.77777777777777;78.30222222222226;9.0;22.666666666666668;16.444444444444443;6.573333333333333;0.0;8.297777777777778;2.408888888888889;2.2355555555555555;0.15555555555555556;1.5244444444444445;7.111111111111111;19.0
11286;zone68;6208.193116766784;3072.425066795916;0.0;zone68;S01010323;4;603;466;377;[0.555556,0.444444,0.0];[0.657143,0.271429,0.071429];[0.642857,0.321429,0.035714];[0.793651,0.166667,0.039683];[0.578431372549,0.166666666667,0.235294117647,0.0196078431373];1;970.0;0.57559463238;1077;26;0.24;1.5;59.39;26.25;77.11;11.25;24.25;20.5;5.0;0.0;2.68;0.05;0.7200000000000001;0.31;3.12;7.5;8.0
11286;zone69;6517.651722029823;2240.572579661372;0.0;zone69;S01010324;6;759;566;403;[0.142857,0.571429,0.285714];[0.298077,0.490385,0.211538];[0.333333,0.530864,0.135802];[0.401674,0.414226,0.1841];[0.569620253165,0.101265822785,0.291139240506,0.0379746835443];1;407.0;-0.0721601679586;1978;27;0.18;2.0;54.913333333333334;25.333333333333332;72.16;11.0;23.166666666666668;19.0;2.166666666666667;0.0;1.2866666666666668;0.0;2.6599999999999997;0.4000000000000001;2.5933333333333333;8.333333333333334;5.5
11286;zone70;6038.016041009105;2402.8415869980217;0.0;zone70;S01010325;18;939;666;501;[0.263158,0.368421,0.368421];[0.383838,0.525253,0.090909];[0.253623,0.615942,0.130435];[0.451362,0.463035,0.085603];[0.545454545455,0.238636363636,0.193181818182,0.0227272727273];1;225.0;-0.281126582053;1996;94;0.2;1.2222222222222223;49.26666666666667;31.333333333333332;70.57333333333332;12.166666666666666;23.055555555555557;16.5;3.0222222222222226;0.0;1.4399999999999997;0.0;4.406666666666666;0.36444444444444446;2.7377777777777776;5.111111111111111;8.333333333333334
11286;zone71;5272.359331052501;2740.775131541117;0.0;zone71;S01010326;39;987;707;494;[0.526316,0.368421,0.105263];[0.522523,0.333333,0.144144];[0.492188,0.3125,0.195313];[0.723514,0.224806,0.05168];[0.54375,0.16875,0.23125,0.05625];1;1389.0;1.05701743376;1010;232;0.22666666666666666;1.358974358974359;51.61230769230769;37.87179487179487;72.22769230769231;10.564102564102564;22.94871794871795;17.76923076923077;2.8687179487179493;0.0;6.174358974358975;0.03897435897435898;1.9405128205128206;0.39487179487179475;2.3333333333333335;5.487179487179487;10.564102564102564
11286;zone72;4970.167032608406;2501.795090448298;0.0;zone72;S01010327;34;982;660;362;[0.031746,0.507937,0.460317];[0.372881,0.432203,0.194915];[0.289063,0.328125,0.382813];[0.516892,0.347973,0.135135];[0.416184971098,0.21387283237,0.236994219653,0.132947976879];1;470.0;0.000335688704598;927;248;0.2788235294117647;1.2941176470588236;42.90352941176471;42.029411764705884;67.79529411764705;9.5;22.41176470588235;14.647058823529411;3.112941176470588;0.0;7.432941176470586;0.0;1.3705882352941179;0.2364705882352942;2.3094117647058816;4.970588235294118;11.470588235294118
11286;zone73;5975.307390960257;2677.5485166167286;0.0;zone73;S01010328;24;969;706;445;[0.16129,0.5,0.33871];[0.27044,0.471698,0.257862];[0.192547,0.434783,0.372671];[0.338983,0.432203,0.228814];[0.309352517986,0.258992805755,0.280575539568,0.151079136691];2;457.0;-0.0138550124678;2168;194;0.31833333333333336;1.375;48.38833333333333;47.25;69.27166666666666;9.666666666666666;22.416666666666668;16.125;4.711666666666667;0.0;2.1200000000000006;0.0;5.176666666666667;0.35999999999999993;2.148333333333334;4.708333333333333;11.541666666666666
11286;zone74;4421.847657862615;2232.0860934321454;0.0;zone74;S01010329;21;573;435;290;[0.368421,0.263158,0.368421];[0.341176,0.470588,0.188235];[0.255814,0.465116,0.27907];[0.52,0.354286,0.125714];[0.438356164384,0.191780821918,0.27397260274,0.0958904109589];2;105.0;-0.418628586414;1767;171;0.31238095238095237;1.1428571428571428;58.40761904761904;46.476190476190474;77.64380952380951;11.238095238095237;23.523809523809526;20.047619047619047;5.5219047619047625;0.0;3.998095238095238;0.03047619047619048;3.822857142857143;0.3428571428571429;2.4114285714285706;4.904761904761905;12.761904761904763
