cycle;name;location.x;location.y;location.z;name;dataZone;nm_children;pop;over16;nm_hh;AB_car_prob;C1_car_prob;C2_car_prob;DE_car_prob;prob_social;simd;crimeRate;norm_crime;avg_dis_sh;neigh_play;daily_play_per_child;avg_FSA;avg_walk;daily_OD;zone_mvpa;mvpa_home;mvpa_sc;mvpa_road;mvpa_play_field;mvpa_home_garden;mvpa_park;mvpa_PG;mvpa_amenity;mvpa_shops;mvpa_F_home;mvpa_fsa;mvpa_OD
11286;zone0;8448.90275962388;2625.4515469546564;0.0;zone0;S01010195;19;531;390;212;[0.0,0.481481,0.518519];[0.261538,0.646154,0.092308];[0.12,0.59,0.29];[0.447368,0.368421,0.184211];[0.418918918919,0.283783783784,0.202702702703,0.0945945945946];1;0.0;-0.540229885057;1206;110;0.2294736842105263;1.5263157894736843;47.058947368421045;36.421052631578945;66.14315789473685;9.421052631578947;22.68421052631579;15.947368421052632;1.368421052631579;0.0;4.524210526315788;0.0;2.8694736842105266;0.22105263157894742;1.9094736842105264;5.157894736842105;8.210526315789474
11286;zone1;8656.736904000718;2165.9902346445633;0.0;zone1;S01010198;18;1027;748;394;[0.058824,0.529412,0.411765];[0.305785,0.561983,0.132231];[0.219858,0.496454,0.283688];[0.523179,0.331126,0.145695];[0.48623853211,0.229357798165,0.266055045872,0.0183486238532];1;1609.0;1.3102524676;1275;90;0.18666666666666668;1.3333333333333333;38.33777777777779;35.44444444444444;67.20222222222222;10.833333333333334;23.055555555555557;13.222222222222221;2.008888888888889;0.0;4.2844444444444445;0.05555555555555555;3.8777777777777778;0.5066666666666667;2.4755555555555557;5.055555555555555;9.833333333333334
11286;zone2;8537.588755655543;3024.028900129281;0.0;zone2;S01010201;22;643;453;253;[0.0,0.47619,0.52381];[0.270833,0.3125,0.416667];[0.088,0.48,0.432];[0.296552,0.434483,0.268966];[0.365853658537,0.292682926829,0.292682926829,0.0487804878049];2;219.0;-0.28762447053;968;159;0.28363636363636363;1.2727272727272727;38.263636363636365;43.45454545454545;65.65818181818182;10.045454545454545;22.636363636363637;13.227272727272727;1.843636363636363;0.0;4.985454545454545;0.11636363636363636;3.894545454545454;0.2872727272727273;2.396363636363636;4.545454545454546;10.409090909090908
11286;zone3;8059.42097232239;3767.666522351409;0.0;zone3;S01010203;30;671;504;260;[0.090909,0.363636,0.545455];[0.263804,0.460123,0.276074];[0.094828,0.422414,0.482759];[0.183824,0.375,0.441176];[0.272727272727,0.218181818182,0.363636363636,0.145454545455];3;215.0;-0.292668818285;1941;199;0.256;1.3666666666666667;51.344;35.63333333333333;73.87199999999999;11.1;23.766666666666666;17.366666666666667;2.549333333333333;0.0;4.1546666666666665;0.0;3.446666666666666;0.368;2.5933333333333337;6.866666666666666;9.766666666666667
11286;zone4;8368.288440296214;3565.498290652094;0.0;zone4;S01010204;30;800;589;381;[0.272727,0.727273,0.0];[0.627451,0.27451,0.098039];[0.444444,0.533333,0.022222];[0.600619,0.321981,0.077399];[0.595041322314,0.157024793388,0.239669421488,0.00826446280992];1;497.0;0.0317745673598;1182;172;0.228;1.3;39.62;36.86666666666667;66.96400000000001;11.266666666666667;23.1;13.333333333333334;1.868;0.0;3.2626666666666666;0.0;4.204;0.37999999999999995;2.3413333333333335;5.466666666666667;8.833333333333334
11286;zone5;8034.229745798958;3515.110462853287;0.0;zone5;S01010205;15;658;534;355;[0.411765,0.117647,0.470588];[0.465116,0.457364,0.077519];[0.317757,0.588785,0.093458];[0.593458,0.280374,0.126168];[0.466666666667,0.2,0.3,0.0333333333333];1;925.0;0.523434132086;1264;70;0.17866666666666667;1.6666666666666667;50.221333333333334;38.93333333333333;73.08266666666665;10.866666666666667;22.866666666666667;17.133333333333333;2.8106666666666666;0.0;4.173333333333334;0.0;3.7226666666666675;0.2613333333333333;2.112;7.066666666666666;10.266666666666667
11286;zone6;7457.064719570519;3739.055375726369;0.0;zone6;S01010208;18;903;745;565;[0.30137,0.589041,0.109589];[0.48062,0.457364,0.062016];[0.272727,0.613636,0.113636];[0.66055,0.270642,0.068807];[0.233333333333,0.133333333333,0.461111111111,0.172222222222];1;603.0;0.153385979085;1446;58;0.12666666666666668;1.6666666666666667;46.642222222222216;28.944444444444443;71.01555555555555;11.944444444444445;23.444444444444443;15.666666666666666;2.4822222222222217;0.0;2.355555555555555;0.0;3.3377777777777777;0.2977777777777778;2.608888888888889;7.166666666666667;7.666666666666667
11286;zone7;7917.838214725937;1939.334458859395;0.0;zone7;S01010209;24;966;677;468;[0.172414,0.586207,0.241379];[0.333333,0.414966,0.251701];[0.381944,0.458333,0.159722];[0.545852,0.336245,0.117904];[0.337931034483,0.248275862069,0.303448275862,0.110344827586];1;2053.0;1.82052250092;1655;104;0.16333333333333333;1.5416666666666667;51.303333333333335;30.708333333333332;68.145;10.541666666666666;22.416666666666668;17.541666666666668;1.2683333333333333;0.0;3.56;0.0;2.803333333333334;0.3516666666666666;2.058333333333333;5.75;7.208333333333333
11286;zone8;7878.406567747077;2721.2634132011362;0.0;zone8;S01010210;18;885;641;416;[0.173913,0.456522,0.369565];[0.21519,0.5,0.28481];[0.189781,0.386861,0.423358];[0.422111,0.442211,0.135678];[0.394736842105,0.236842105263,0.254385964912,0.114035087719];1;344.0;-0.144253829852;1214;105;0.22;1.2777777777777777;42.906666666666666;36.111111111111114;65.97777777777779;10.055555555555555;22.61111111111111;14.555555555555555;1.828888888888889;0.0;5.288888888888889;0.0;2.568888888888889;0.2800000000000001;2.4066666666666667;4.611111111111111;9.277777777777779
11286;zone9;7785.599648345685;3201.783800714137;0.0;zone9;S01010211;22;858;634;452;[0.147059,0.705882,0.147059];[0.384615,0.452991,0.162393];[0.469565,0.4,0.130435];[0.722656,0.226563,0.050781];[0.473214285714,0.169642857143,0.285714285714,0.0714285714286];1;430.0;-0.0456985893816;951;140;0.24363636363636362;0.9545454545454546;38.88727272727272;37.13636363636363;68.51818181818182;11.545454545454545;23.363636363636363;13.318181818181818;3.196363636363636;0.0;4.870909090909091;0.0;2.8545454545454536;0.47272727272727283;2.598181818181818;4.454545454545454;10.454545454545455
11286;zone10;7580.688680869333;3097.127786881416;0.0;zone10;S01010212;49;1083;779;559;[0.233333,0.633333,0.133333];[0.594771,0.339869,0.065359];[0.465517,0.405172,0.12931];[0.712821,0.269231,0.017949];[0.566037735849,0.138364779874,0.22641509434,0.0691823899371];1;1473.0;1.15298517036;1179;297;0.23591836734693877;1.8979591836734695;57.91102040816326;36.795918367346935;72.80897959183672;9.673469387755102;22.73469387755102;19.632653061224488;2.173061224489796;0.0;3.906938775510204;0.0;3.373877551020408;0.29142857142857137;2.019591836734694;7.183673469387755;9.040816326530612
11286;zone11;8065.177293237223;3111.5884965344962;0.0;zone11;S01010213;13;924;657;476;[0.105263,0.684211,0.210526];[0.382609,0.547826,0.069565];[0.218543,0.556291,0.225166];[0.467925,0.483019,0.049057];[0.451327433628,0.221238938053,0.274336283186,0.0530973451327];1;247.0;-0.255840453357;1077;89;0.26153846153846155;1.5384615384615385;35.64923076923077;44.0;70.5323076923077;11.153846153846153;22.76923076923077;12.307692307692308;1.833846153846154;0.0;5.6;0.0;5.489230769230768;0.356923076923077;2.043076923076923;7.0;12.384615384615385
11286;zone12;7144.994858230166;1947.4125453867302;0.0;zone12;S01010214;27;967;717;396;[0.098592,0.28169,0.619718];[0.197531,0.438272,0.364198];[0.173333,0.493333,0.333333];[0.237069,0.487069,0.275862];[0.361344537815,0.210084033613,0.310924369748,0.117647058824];3;176.0;-0.337854473183;1949;156;0.21777777777777776;1.6296296296296295;54.448888888888895;39.51851851851852;73.88296296296296;10.296296296296296;23.0;18.814814814814813;2.773333333333334;0.0;4.943703703703704;0.0;3.05925925925926;0.2637037037037037;2.197037037037037;6.703703703703703;10.37037037037037
11286;zone13;7013.590150664996;2618.495528189446;0.0;zone13;S01010215;24;850;608;492;[0.571429,0.285714,0.142857];[0.5,0.431373,0.068627];[0.382609,0.391304,0.226087];[0.678571,0.269841,0.051587];[0.467289719626,0.140186915888,0.345794392523,0.0467289719626];1;547.0;0.0886083430805;622;159;0.24833333333333332;1.2916666666666667;39.546666666666674;39.208333333333336;67.42333333333333;10.791666666666666;22.833333333333332;13.25;1.885;0.0;4.426666666666667;0.0;4.283333333333333;0.375;2.598333333333333;5.25;10.125
11286;zone14;7332.222205807836;2329.961970144465;0.0;zone14;S01010216;15;621;464;361;[0.6,0.4,0.0];[0.597701,0.356322,0.045977];[0.409091,0.439394,0.151515];[0.709544,0.273859,0.016598];[0.5,0.163265306122,0.265306122449,0.0714285714286];1;600.0;0.150092344085;1303;92;0.23733333333333334;0.9333333333333333;57.06133333333334;39.2;69.67466666666665;9.466666666666667;22.533333333333335;19.666666666666668;1.3199999999999998;0.0;5.045333333333334;0.0;3.3839999999999995;0.4586666666666668;2.6906666666666665;3.533333333333333;9.133333333333333
11286;zone15;7299.833172322251;2625.8610945736937;0.0;zone15;S01010217;33;817;598;406;[0.16129,0.516129,0.322581];[0.565517,0.4,0.034483];[0.5,0.431373,0.068627];[0.702703,0.283784,0.013514];[0.541935483871,0.0967741935484,0.296774193548,0.0645161290323];1;1060.0;0.679274950851;1008;280;0.32606060606060605;1.0909090909090908;45.31515151515153;47.39393939393939;70.40969696969697;10.787878787878787;22.90909090909091;15.212121212121213;2.7781818181818174;0.0;4.629090909090911;0.0;4.820606060606061;0.3696969696969697;2.538181818181818;4.484848484848484;11.727272727272727
11286;zone16;7142.953643082513;3018.5401822929393;0.0;zone16;S01010218;31;1018;790;587;[0.425532,0.404255,0.170213];[0.392523,0.453271,0.154206];[0.358209,0.492537,0.149254];[0.589124,0.335347,0.075529];[0.424657534247,0.109589041096,0.369863013699,0.0958904109589];1;557.0;0.101026678737;568;169;0.2129032258064516;0.8064516129032258;36.51483870967743;37.87096774193548;63.901935483870965;10.96774193548387;23.06451612903226;12.32258064516129;2.2812903225806447;0.0;3.585806451612903;0.0;3.8722580645161293;0.40258064516129033;2.7212903225806455;3.2903225806451615;9.290322580645162
11286;zone17;6738.8937706128745;4298.8917997019325;0.0;zone17;S01010219;21;503;382;274;[0.695652,0.304348,0.0];[0.758621,0.215517,0.025862];[0.761905,0.166667,0.071429];[0.781609,0.195402,0.022989];[0.41935483871,0.0752688172043,0.408602150538,0.0967741935484];2;184.0;-0.327838932938;1242;152;0.2838095238095238;1.380952380952381;51.44761904761905;46.42857142857143;74.09714285714287;9.714285714285714;23.428571428571427;17.476190476190474;5.399999999999999;0.0;5.158095238095238;0.03047619047619048;2.3276190476190473;0.21523809523809526;2.217142857142857;6.285714285714286;12.333333333333334
11286;zone18;5915.780765415368;4211.222876105162;0.0;zone18;S01010220;7;476;433;279;[0.181159,0.608696,0.210145];[0.404255,0.531915,0.06383];[0.227273,0.704545,0.068182];[0.448276,0.482759,0.068966];[0.154545454545,0.0636363636364,0.318181818182,0.463636363636];5;267.0;-0.232306706325;1038;74;0.3942857142857143;0.8571428571428571;42.205714285714286;43.857142857142854;71.39428571428572;11.285714285714286;23.857142857142858;14.142857142857142;5.057142857142857;0.0;4.731428571428571;0.5599999999999999;2.2857142857142856;0.27428571428571435;3.04;4.571428571428571;12.285714285714286
11286;zone19;6341.0811208317455;3913.8398648988496;0.0;zone19;S01010221;13;546;394;260;[0.6,0.4,0.0];[0.557377,0.409836,0.032787];[0.538462,0.323077,0.138462];[0.699387,0.257669,0.042945];[0.609375,0.140625,0.203125,0.046875];1;635.0;0.19005459739;814;54;0.16;1.5384615384615385;44.08923076923077;25.307692307692307;69.91076923076922;11.76923076923077;23.692307692307693;14.692307692307692;3.569230769230769;0.0;2.8184615384615386;0.13846153846153847;1.169230769230769;0.3107692307692308;2.667692307692308;7.538461538461538;7.076923076923077
11286;zone20;7001.213463613622;4053.9957950241624;0.0;zone20;S01010222;15;492;414;285;[0.142857,0.5,0.357143];[0.432432,0.459459,0.108108];[0.348624,0.522936,0.12844];[0.747899,0.235294,0.016807];[0.345238095238,0.214285714286,0.309523809524,0.130952380952];1;377.0;-0.105830277325;1839;65;0.16533333333333333;1.1333333333333333;46.14666666666667;31.8;65.75733333333334;10.533333333333333;22.4;15.8;3.005333333333333;0.0;2.429333333333333;0.01066666666666667;2.3093333333333335;0.30666666666666664;2.802666666666667;4.733333333333333;7.266666666666667
11286;zone21;6986.8418912765155;3434.1450308482026;0.0;zone21;S01010223;4;556;462;337;[0.076923,0.538462,0.384615];[0.567797,0.330508,0.101695];[0.472222,0.444444,0.083333];[0.584699,0.36612,0.04918];[0.432432432432,0.162162162162,0.324324324324,0.0810810810811];1;439.0;-0.0353356041414;1732;14;0.14;1.75;62.77;26.25;85.87;15.0;24.5;22.0;3.8400000000000003;0.0;1.6099999999999999;0.0;3.46;0.41000000000000003;3.04;9.5;8.75
11286;zone22;6247.397837456437;3329.661273309237;0.0;zone22;S01010224;40;1036;727;469;[0.405405,0.540541,0.054054];[0.592593,0.274074,0.133333];[0.418803,0.504274,0.076923];[0.768421,0.202632,0.028947];[0.506097560976,0.140243902439,0.268292682927,0.0853658536585];1;1004.0;0.614259332793;975;225;0.215;1.075;48.10799999999999;30.35;69.57700000000001;11.45;23.65;16.475;4.526;0.0;2.1529999999999996;0.145;1.9420000000000002;0.422;2.7849999999999993;4.325;8.275
11286;zone23;7827.985844039554;4105.4701191949;0.0;zone23;S01010225;33;812;636;431;[0.25,0.634615,0.115385];[0.469072,0.43299,0.097938];[0.54023,0.413793,0.045977];[0.672065,0.234818,0.093117];[0.385185185185,0.125925925926,0.325925925926,0.162962962963];1;1006.0;0.616572011517;1619;156;0.18181818181818182;1.4242424242424243;52.18909090909091;32.484848484848484;69.70060606060608;9.878787878787879;23.12121212121212;17.90909090909091;2.233939393939394;0.0;3.487272727272728;0.0;2.9406060606060613;0.32606060606060594;2.3345454545454554;5.7272727272727275;8.181818181818182
11286;zone24;7040.363001382077;4481.052780471187;0.0;zone24;S01010226;40;816;565;394;[0.454545,0.242424,0.30303];[0.715385,0.2,0.084615];[0.540541,0.405405,0.054054];[0.766917,0.18797,0.045113];[0.503355704698,0.201342281879,0.221476510067,0.0738255033557];2;422.0;-0.0548014077425;1249;443;0.423;1.525;54.403000000000006;56.075;78.62300000000002;9.575;23.075;18.55;6.109000000000001;0.0;7.449;0.122;2.807999999999999;0.258;2.056;6.775;15.925
11286;zone25;6847.772309074456;4638.663588163389;0.0;zone25;S01010227;39;692;454;294;[0.413793,0.413793,0.172414];[0.704545,0.238636,0.056818];[0.654545,0.345455,0.0];[0.810606,0.159091,0.030303];[0.672268907563,0.0924369747899,0.159663865546,0.0756302521008];4;0.0;-0.540229885057;1170;625;0.6153846153846154;1.1025641025641026;54.697435897435895;75.53846153846153;82.22974358974359;8.948717948717949;23.17948717948718;18.666666666666668;7.126153846153845;0.0;11.52307692307692;0.3056410256410256;3.467692307692307;0.29948717948717946;2.447179487179487;4.641025641025641;21.974358974358974
11286;zone26;8241.816993110848;4572.457656401622;0.0;zone26;S01010229;30;1016;787;508;[0.1,0.625,0.275];[0.350877,0.350877,0.298246];[0.348315,0.477528,0.174157];[0.565217,0.310559,0.124224];[0.420731707317,0.213414634146,0.292682926829,0.0731707317073];1;395.0;-0.0859445809966;1478;147;0.188;1.5;43.586666666666666;27.6;66.156;11.066666666666666;23.166666666666668;14.566666666666666;1.8120000000000003;0.0;2.6786666666666665;0.07466666666666667;2.9173333333333336;0.2773333333333333;2.108;5.866666666666666;7.066666666666666
11286;zone27;7458.320056766788;4680.341251240345;0.0;zone27;S01010230;24;1005;772;577;[0.314286,0.628571,0.057143];[0.703883,0.296117,0.0];[0.727273,0.218182,0.054545];[0.71831,0.24507,0.03662];[0.517857142857,0.136904761905,0.267857142857,0.077380952381];1;846.0;0.433218203459;723;171;0.27;1.1666666666666667;36.86333333333334;40.625;67.48166666666667;10.541666666666666;23.416666666666668;12.416666666666666;4.12;0.0;4.168333333333333;0.04500000000000001;2.8983333333333334;0.3266666666666667;2.7483333333333326;4.958333333333333;10.791666666666666
11286;zone28;7569.802990100143;4917.458811240416;0.0;zone28;S01010232;37;1074;792;485;[0.457143,0.485714,0.057143];[0.557292,0.338542,0.104167];[0.492063,0.333333,0.174603];[0.654229,0.251244,0.094527];[0.470297029703,0.153465346535,0.306930693069,0.0693069306931];1;771.0;0.347049794199;866;303;0.3178378378378378;1.3243243243243243;46.330810810810796;44.945945945945944;71.55891891891892;10.81081081081081;23.27027027027027;15.621621621621621;3.7697297297297294;0.0;4.2216216216216225;0.16972972972972972;4.007567567567567;0.2929729729729731;2.361081081081081;5.324324324324325;11.675675675675675
11286;zone29;7830.713068379679;4879.746446724283;0.0;zone29;S01010233;33;970;705;476;[0.275,0.625,0.1];[0.655629,0.245033,0.099338];[0.52809,0.426966,0.044944];[0.771505,0.212366,0.016129];[0.587209302326,0.093023255814,0.261627906977,0.0581395348837];1;284.0;-0.213781821634;1170;194;0.2290909090909091;1.5151515151515151;50.31393939393939;39.72727272727273;69.9769696969697;10.181818181818182;22.818181818181817;17.303030303030305;2.501818181818181;0.0;2.52;0.11515151515151514;4.199999999999999;0.3406060606060605;2.246060606060606;6.03030303030303;8.818181818181818
11286;zone30;6473.383843181837;4954.519765957263;0.0;zone30;S01010261;6;2551;2373;526;[0.666667,0.270833,0.0625];[0.675841,0.281346,0.042813];[0.75,0.25,0.0];[0.824468,0.164894,0.010638];[0.41,0.06,0.41,0.12];3;176.0;-0.337679921334;1192;29;0.18;1.0;62.75333333333333;45.0;76.5;11.0;23.5;21.5;4.133333333333334;0.0;1.8;0.24666666666666667;6.006666666666667;0.38666666666666666;2.033333333333333;4.166666666666667;11.666666666666666
11286;zone31;4930.642193689802;4959.449818932565;0.0;zone31;S01010266;3;555;474;237;[0.320755,0.556604,0.122642];[0.677273,0.254545,0.068182];[0.5,0.461538,0.038462];[0.534247,0.30137,0.164384];[0.141176470588,0.0588235294118,0.4,0.4];3;536.0;0.0761386922126;1188;13;0.17333333333333334;1.6666666666666667;45.70666666666667;43.333333333333336;75.4;12.0;24.333333333333332;15.666666666666666;2.9333333333333336;0.0;2.8266666666666667;0.48;5.373333333333332;0.28;1.64;8.0;11.0
11286;zone32;5712.5549897826;4979.400336637217;0.0;zone32;S01010270;4;1153;972;817;[0.389831,0.533898,0.076271];[0.70255,0.252125,0.045326];[0.714286,0.272727,0.012987];[0.771552,0.228448,0.0];[0.125,0.0909090909091,0.454545454545,0.329545454545];1;871.0;0.461200629557;1657;13;0.1;2.75;68.59;30.25;80.24;10.5;23.0;24.0;4.5;0.0;0.8;0.1;2.54;0.24;1.66;10.75;7.25
11286;zone33;3394.0723536088512;4934.677182292946;0.0;zone33;S01010282;13;976;841;645;[0.438776,0.520408,0.040816];[0.545732,0.405488,0.04878];[0.521277,0.382979,0.095745];[0.712707,0.232044,0.055249];[0.190954773869,0.070351758794,0.35175879397,0.386934673367];2;350.0;-0.137812028107;1325;65;0.18153846153846154;1.3076923076923077;60.13846153846154;37.76923076923077;76.51076923076924;11.0;23.46153846153846;20.307692307692307;1.895384615384616;0.0;8.476923076923077;0.6061538461538462;0.6153846153846154;0.24307692307692313;2.4184615384615387;5.615384615384615;11.0
11286;zone34;4385.789287498423;4835.237486850067;0.0;zone34;S01010289;15;771;687;380;[0.130952,0.511905,0.357143];[0.262911,0.502347,0.234742];[0.178571,0.464286,0.357143];[0.410256,0.435897,0.153846];[0.058064516129,0.0322580645161,0.245161290323,0.664516129032];5;259.0;-0.241396294863;1269;226;0.576;2.2666666666666666;58.02666666666666;72.4;75.216;6.933333333333334;22.333333333333332;19.933333333333334;3.3200000000000003;0.0;6.733333333333333;2.04;3.4159999999999995;0.22400000000000003;1.2266666666666666;7.333333333333333;14.866666666666667
11286;zone35;4401.5375624188455;4669.062022109911;0.0;zone35;S01010290;13;546;485;278;[0.198198,0.603604,0.198198];[0.485944,0.449799,0.064257];[0.555556,0.444444,0.0];[0.435897,0.512821,0.051282];[0.10752688172,0.0430107526882,0.494623655914,0.354838709677];3;353.0;-0.133686757747;860;161;0.47384615384615386;1.6923076923076923;46.08923076923076;71.07692307692308;85.59692307692308;10.76923076923077;24.384615384615383;15.76923076923077;5.892307692307692;0.0;10.612307692307693;1.0923076923076922;4.138461538461539;0.1630769230769231;2.098461538461538;9.076923076923077;21.153846153846153
11286;zone36;4119.983651650423;4281.100418217042;0.0;zone36;S01010291;12;1075;975;481;[0.405594,0.447552,0.146853];[0.627907,0.277132,0.094961];[0.415094,0.433962,0.150943];[0.562963,0.325926,0.111111];[0.197080291971,0.0729927007299,0.445255474453,0.284671532847];3;438.0;-0.0363924713322;711;110;0.3466666666666667;1.75;49.309999999999995;66.66666666666667;76.55333333333336;8.25;22.5;16.75;3.7699999999999996;0.0;12.126666666666667;2.2;1.24;0.13333333333333333;1.7300000000000002;5.75;18.833333333333332
11286;zone37;4399.731076226201;4291.6703625917;0.0;zone37;S01010292;10;890;831;409;[0.348214,0.508929,0.142857];[0.477169,0.420091,0.10274];[0.339286,0.446429,0.214286];[0.55814,0.383721,0.05814];[0.128378378378,0.0540540540541,0.398648648649,0.418918918919];4;323.0;-0.168488563048;954;103;0.392;1.1;46.276;62.4;69.804;9.1;21.5;15.8;5.683999999999999;0.0;7.188;1.2280000000000002;1.3880000000000001;0.308;1.548;4.3;15.1
11286;zone38;4514.690807242894;4541.15458266895;0.0;zone38;S01010293;16;839;723;373;[0.51773,0.35461,0.12766];[0.635389,0.262735,0.101877];[0.446809,0.319149,0.234043];[0.514286,0.392857,0.092857];[0.242424242424,0.0606060606061,0.393939393939,0.30303030303];3;290.0;-0.205814991507;986;220;0.5275;1.6875;52.62250000000001;64.375;75.06000000000002;9.0625;22.5;17.6875;5.545;0.0;6.477500000000001;1.57;2.9599999999999995;0.225;2.1175;4.8125;16.1875
11286;zone39;4541.7482834333705;4418.565122351524;0.0;zone39;S01010294;13;690;631;275;[0.242105,0.526316,0.231579];[0.650873,0.214464,0.134663];[0.583333,0.208333,0.208333];[0.414894,0.489362,0.095745];[0.164835164835,0.043956043956,0.494505494505,0.296703296703];4;440.0;-0.0342259463805;980;181;0.5292307692307693;1.6923076923076923;51.15692307692307;70.46153846153847;77.15692307692308;8.76923076923077;22.76923076923077;17.46153846153846;6.523076923076923;0.0;6.76;1.4092307692307695;2.9661538461538464;0.21230769230769234;1.5784615384615384;6.923076923076923;17.153846153846153
11286;zone40;4766.8646917667475;4574.50133624035;0.0;zone40;S01010295;18;974;870;427;[0.384615,0.391026,0.224359];[0.604555,0.310559,0.084886];[0.428571,0.285714,0.285714];[0.390728,0.516556,0.092715];[0.212765957447,0.113475177305,0.297872340426,0.375886524823];4;529.0;0.0680145754747;1241;215;0.4666666666666667;2.111111111111111;52.32666666666666;57.666666666666664;75.51777777777778;9.11111111111111;22.11111111111111;17.944444444444443;3.1333333333333337;0.0;6.462222222222222;1.9755555555555557;2.2799999999999994;0.33999999999999997;1.4666666666666668;8.88888888888889;13.38888888888889
11286;zone41;4647.752341766679;4736.091736240359;0.0;zone41;S01010296;16;664;560;291;[0.294118,0.423529,0.282353];[0.520913,0.368821,0.110266];[0.375,0.375,0.25];[0.475524,0.391608,0.132867];[0.282828282828,0.111111111111,0.363636363636,0.242424242424];2;856.0;0.444094443477;1385;127;0.305;1.5625;51.1975;45.9375;72.325;9.8125;22.5625;17.4375;3.2025;0.0;5.6000000000000005;1.145;2.2225;0.2625;2.0774999999999997;6.1875;11.75
11286;zone42;5522.849421766708;4411.996091240393;0.0;zone42;S01010297;7;1066;894;676;[0.582609,0.382609,0.034783];[0.691824,0.245283,0.062893];[0.540541,0.333333,0.126126];[0.681275,0.270916,0.047809];[0.260563380282,0.140845070423,0.37323943662,0.225352112676];1;504.0;0.0391758595379;1316;37;0.21142857142857144;2.0;40.10285714285715;37.42857142857143;64.46285714285715;9.0;22.285714285714285;13.571428571428571;3.0;0.0;1.262857142857143;0.7714285714285715;2.9142857142857146;0.3428571428571429;2.12;7.714285714285714;7.285714285714286
11286;zone43;4706.481893689814;4143.807995855712;0.0;zone43;S01010298;12;880;677;515;[0.308943,0.479675,0.211382];[0.581395,0.356589,0.062016];[0.539683,0.396825,0.063492];[0.744828,0.193103,0.062069];[0.227272727273,0.0984848484848,0.371212121212,0.30303030303];1;486.0;0.0190902878356;1239;63;0.20333333333333334;1.5833333333333333;51.32666666666666;32.416666666666664;72.96000000000001;11.166666666666666;22.916666666666668;17.25;4.033333333333333;0.0;3.936666666666666;0.5233333333333333;1.0433333333333332;0.29000000000000004;3.023333333333333;6.916666666666667;8.916666666666666
11286;zone44;4885.424673909578;4209.645754097502;0.0;zone44;S01010299;4;536;404;292;[0.3,0.54,0.16];[0.556701,0.340206,0.103093];[0.458333,0.520833,0.020833];[0.584906,0.283019,0.132075];[0.428571428571,0.0857142857143,0.285714285714,0.2];1;375.0;-0.10827530326;722;35;0.33;0.75;37.86;41.5;75.05;14.0;25.75;12.5;7.67;0.0;1.6;0.85;4.01;0.44999999999999996;3.22;3.0;13.75
11286;zone45;4883.397012115578;4340.414778682246;0.0;zone45;S01010300;21;934;764;478;[0.460784,0.411765,0.127451];[0.664653,0.238671,0.096677];[0.632353,0.323529,0.044118];[0.606383,0.329787,0.06383];[0.3046875,0.125,0.3515625,0.21875];2;513.0;0.0498225801839;604;206;0.379047619047619;1.4761904761904763;41.55619047619047;48.476190476190474;73.05523809523808;11.380952380952381;23.285714285714285;13.952380952380953;4.647619047619047;0.0;3.415238095238095;0.8514285714285714;4.207619047619048;0.300952380952381;2.163809523809524;7.0476190476190474;12.619047619047619
11286;zone46;5144.66081966521;4032.769083704074;0.0;zone46;S01010301;6;522;457;283;[0.292683,0.597561,0.109756];[0.57563,0.315126,0.109244];[0.222222,0.703704,0.074074];[0.561798,0.393258,0.044944];[0.214285714286,0.0612244897959,0.459183673469,0.265306122449];4;490.0;0.0232745011966;1345;101;0.6333333333333333;1.1666666666666667;48.82666666666666;74.0;78.21333333333332;10.166666666666666;22.166666666666668;16.166666666666668;11.466666666666667;0.0;1.7133333333333336;0.5333333333333333;5.426666666666667;0.11333333333333333;2.6533333333333333;5.833333333333333;18.833333333333332
11286;zone47;5165.568789180556;4297.038752619699;0.0;zone47;S01010302;24;669;495;388;[0.65625,0.28125,0.0625];[0.6,0.356522,0.043478];[0.716981,0.226415,0.056604];[0.801802,0.18018,0.018018];[0.582417582418,0.0769230769231,0.263736263736,0.0769230769231];1;392.0;-0.0896499889057;1399;213;0.335;1.0833333333333333;58.56833333333335;46.666666666666664;73.03333333333333;10.208333333333334;22.958333333333332;19.875;5.03;0.0;1.7400000000000002;0.6633333333333333;3.5866666666666664;0.4316666666666667;2.6366666666666667;4.208333333333333;10.541666666666666
11286;zone48;5241.140616766716;4139.402270499609;0.0;zone48;S01010303;33;579;387;250;[0.692308,0.153846,0.153846];[0.56701,0.298969,0.134021];[0.630435,0.282609,0.086957];[0.658879,0.285047,0.056075];[0.58407079646,0.106194690265,0.274336283186,0.0353982300885];1;415.0;-0.0627120940391;1739;327;0.37575757575757573;0.6060606060606061;51.85454545454546;51.60606060606061;69.66181818181818;9.575757575757576;22.727272727272727;17.636363636363637;7.464242424242424;0.0;1.7490909090909088;0.6375757575757575;3.081212121212121;0.3721212121212121;2.776969696969697;2.0;12.454545454545455
11286;zone49;4853.647576226233;3833.123065294377;0.0;zone49;S01010304;12;542;456;332;[0.323529,0.514706,0.161765];[0.635135,0.25,0.114865];[0.477273,0.522727,0.0];[0.829268,0.109756,0.060976];[0.372340425532,0.0425531914894,0.297872340426,0.287234042553];1;804.0;0.384523850516;1670;105;0.3233333333333333;1.4166666666666667;59.896666666666654;44.75;76.07000000000001;10.0;22.166666666666668;20.75;7.573333333333334;0.0;2.8533333333333335;0.43333333333333335;2.0700000000000003;0.26999999999999996;2.6;5.833333333333333;12.333333333333334
11286;zone50;4697.410406890209;3639.1027396354093;0.0;zone50;S01010305;7;807;694;478;[0.36036,0.468468,0.171171];[0.553191,0.33617,0.110638];[0.409639,0.301205,0.289157];[0.589888,0.337079,0.073034];[0.198529411765,0.0735294117647,0.382352941176,0.345588235294];1;223.0;-0.28282788147;644;56;0.3142857142857143;1.4285714285714286;46.925714285714285;53.42857142857143;72.94285714285715;8.857142857142858;22.714285714285715;16.285714285714285;9.845714285714285;0.0;3.1885714285714286;1.0171428571428571;0.7714285714285715;0.10857142857142857;2.6685714285714286;6.0;14.428571428571429
11286;zone51;4591.3082521834585;3868.367573740388;0.0;zone51;S01010306;13;752;675;449;[0.35625,0.56875,0.075];[0.570588,0.355882,0.073529];[0.283019,0.566038,0.150943];[0.650943,0.330189,0.018868];[0.165680473373,0.0473372781065,0.479289940828,0.307692307692];2;238.0;-0.265781391166;829;137;0.40615384615384614;1.6923076923076923;50.107692307692304;52.30769230769231;80.64307692307693;11.307692307692308;24.076923076923077;16.846153846153847;9.704615384615387;0.0;3.590769230769231;1.4584615384615385;1.273846153846154;0.23384615384615387;1.996923076923077;8.076923076923077;15.538461538461538
11286;zone52;4503.72067559025;3742.2957906521283;0.0;zone52;S01010307;9;821;732;428;[0.189922,0.577519,0.232558];[0.407407,0.487654,0.104938];[0.346154,0.538462,0.115385];[0.71875,0.234375,0.046875];[0.0681818181818,0.0568181818182,0.375,0.5];5;319.0;-0.172537833795;469;142;0.6;1.8888888888888888;47.004444444444445;77.11111111111111;88.32;11.11111111111111;23.333333333333332;16.444444444444443;14.711111111111116;0.0;7.506666666666665;1.6755555555555555;1.413333333333333;0.09333333333333334;1.4;9.11111111111111;24.88888888888889
11286;zone53;4364.519870735056;4047.768725526131;0.0;zone53;S01010308;9;975;858;480;[0.285714,0.54007,0.174216];[0.511936,0.384615,0.103448];[0.254902,0.411765,0.333333];[0.648352,0.307692,0.043956];[0.0970873786408,0.0631067961165,0.359223300971,0.480582524272];4;257.0;-0.244477582955;1283;131;0.5555555555555556;1.0;59.23111111111112;70.88888888888889;76.67555555555556;8.11111111111111;21.77777777777778;20.444444444444443;10.706666666666667;0.0;4.995555555555556;1.6355555555555552;1.7333333333333334;0.18666666666666668;1.8577777777777778;3.2222222222222223;18.666666666666668
11286;zone54;5381.88771051669;3636.3205112402793;0.0;zone54;S01010309;4;419;356;264;[0.333333,0.25,0.416667];[0.478873,0.422535,0.098592];[0.352941,0.382353,0.264706];[0.705882,0.24183,0.052288];[0.365853658537,0.170731707317,0.390243902439,0.0731707317073];1;0.0;-0.540229885057;2153;23;0.22;0.75;53.83;32.75;67.72999999999999;9.0;23.5;18.75;4.88;0.0;1.3599999999999999;0.09;2.3800000000000003;0.7599999999999999;3.1500000000000004;2.5;8.0
11286;zone55;5657.373406240428;3625.6586165034923;0.0;zone55;S01010310;13;706;540;381;[0.333333,0.238095,0.428571];[0.565517,0.337931,0.096552];[0.54902,0.27451,0.176471];[0.715415,0.256917,0.027668];[0.484848484848,0.151515151515,0.318181818182,0.0454545454545];1;574.0;0.120406534162;845;68;0.2;1.0;43.43076923076923;35.30769230769231;64.03692307692307;10.23076923076923;22.615384615384617;14.615384615384615;2.196923076923077;0.0;2.3723076923076922;0.9599999999999999;2.381538461538462;0.4000000000000001;2.449230769230769;4.230769230769231;7.384615384615385
11286;zone56;5685.425126382168;3318.6970593171873;0.0;zone56;S01010311;22;721;556;351;[0.411765,0.352941,0.235294];[0.472222,0.453704,0.074074];[0.571429,0.404762,0.02381];[0.717949,0.271062,0.010989];[0.565217391304,0.121739130435,0.269565217391,0.0434782608696];1;1534.0;1.22364271569;1642;120;0.20909090909090908;1.3636363636363635;63.852727272727286;38.77272727272727;72.91454545454548;9.363636363636363;22.545454545454547;21.636363636363637;2.0854545454545454;0.0;3.303636363636363;0.14181818181818184;3.5509090909090912;0.32363636363636367;2.376363636363636;5.7272727272727275;8.681818181818182
11286;zone57;5466.52613028024;3072.1402274564575;0.0;zone57;S01010312;34;868;647;425;[0.117647,0.823529,0.058824];[0.754386,0.22807,0.017544];[0.407407,0.444444,0.148148];[0.804945,0.153846,0.041209];[0.586956521739,0.115942028986,0.268115942029,0.0289855072464];1;685.0;0.247477927043;1651;154;0.1776470588235294;1.2647058823529411;61.930588235294124;33.205882352941174;70.54352941176471;9.735294117647058;22.529411764705884;21.294117647058822;2.4470588235294115;0.0;2.23764705882353;0.1611764705882353;3.2929411764705883;0.2611764705882353;2.5917647058823534;4.294117647058823;7.676470588235294
11286;zone58;5251.7403530303945;3502.549209042501;0.0;zone58;S01010313;16;654;529;356;[0.428571,0.285714,0.285714];[0.6,0.333333,0.066667];[0.433735,0.481928,0.084337];[0.739623,0.162264,0.098113];[0.648351648352,0.131868131868,0.175824175824,0.043956043956];1;565.0;0.109617915218;2142;107;0.2575;0.9375;63.67250000000001;43.3125;76.7525;11.0625;23.4375;22.0;4.5375;0.0;3.42;0.1525;4.11;0.36750000000000005;2.48;3.5625;11.75
11286;zone59;4840.312157862589;3385.4448126102257;0.0;zone59;S01010314;21;1248;1034;550;[0.358209,0.507463,0.134328];[0.514493,0.333333,0.152174];[0.5,0.326923,0.173077];[0.636,0.324,0.04];[0.316901408451,0.133802816901,0.401408450704,0.147887323944];1;637.0;0.192402372167;1112;119;0.21523809523809523;1.8095238095238095;43.7047619047619;35.333333333333336;72.57333333333332;11.476190476190476;23.285714285714285;14.761904761904763;4.476190476190476;0.0;4.594285714285713;0.42095238095238097;1.1733333333333333;0.36571428571428577;2.0228571428571427;8.047619047619047;10.285714285714286
11286;zone60;4536.293429266749;2504.1273706154316;0.0;zone60;S01010315;43;911;678;409;[0.180723,0.554217,0.26506];[0.252632,0.457895,0.289474];[0.208333,0.5,0.291667];[0.55144,0.345679,0.102881];[0.308176100629,0.169811320755,0.358490566038,0.163522012579];2;382.0;-0.100954860853;1612;405;0.36;1.441860465116279;48.214883720930224;45.55813953488372;69.83720930232556;9.627906976744185;22.46511627906977;16.3953488372093;4.546046511627906;0.0;3.776744186046511;0.02418604651162791;3.6427906976744198;0.25674418604651156;2.290232558139534;4.976744186046512;11.55813953488372
11286;zone61;4589.6619547948285;2943.195659127726;0.0;zone61;S01010316;25;512;414;304;[0.392157,0.529412,0.078431];[0.62931,0.37069,0.0];[0.439024,0.560976,0.0];[0.775401,0.224599,0.0];[0.439252336449,0.102803738318,0.252336448598,0.205607476636];1;481.0;0.0128180141103;1417;203;0.3184;0.84;51.6288;45.24;71.74879999999999;10.76;23.04;17.6;4.7136;0.0;3.4767999999999994;0.14559999999999998;3.7072;0.2960000000000001;2.7327999999999997;3.6;11.44
11286;zone63;4421.5566371748755;3071.026327566895;0.0;zone63;S01010318;12;1588;1497;304;[0.5,0.456522,0.043478];[0.469799,0.47651,0.053691];[0.310345,0.37931,0.310345];[0.678571,0.285714,0.035714];[0.36,0.14,0.34,0.16];3;317.0;-0.175110645645;1080;164;0.5233333333333333;1.1666666666666667;62.81000000000001;67.75;84.40666666666668;9.583333333333334;24.0;21.416666666666668;10.23;0.0;7.826666666666667;0.7366666666666667;1.4533333333333331;0.36000000000000004;1.7700000000000002;5.5;19.666666666666668
11286;zone64;4173.240913470097;2893.8040771744095;0.0;zone64;S01010319;9;711;624;407;[0.258741,0.608392,0.132867];[0.383399,0.486166,0.130435];[0.439394,0.212121,0.348485];[0.530769,0.384615,0.084615];[0.171974522293,0.0700636942675,0.471337579618,0.286624203822];2;473.0;0.00423719084943;1446;70;0.29333333333333333;1.8888888888888888;57.86222222222222;47.888888888888886;73.60444444444445;8.88888888888889;22.555555555555557;19.555555555555557;4.768888888888889;0.0;3.053333333333333;0.21777777777777776;3.3911111111111105;0.3022222222222222;1.8622222222222224;6.555555555555555;11.11111111111111
11286;zone65;3940.1918462749595;2900.8899784533987;0.0;zone65;S01010320;4;675;594;437;[0.257813,0.523438,0.21875];[0.61753,0.298805,0.083665];[0.526316,0.22807,0.245614];[0.805085,0.169492,0.025424];[0.172185430464,0.0662251655629,0.443708609272,0.317880794702];1;646.0;0.202453315259;1199;24;0.24;1.5;44.44;36.0;73.86;12.25;23.5;15.25;5.43;0.0;2.7;1.52;0.9299999999999999;0.19;2.71;7.75;9.75
11286;zone66;3905.8658739096163;2664.6669636212755;0.0;zone66;S01010321;7;837;634;432;[0.401709,0.555556,0.042735];[0.54717,0.433962,0.018868];[0.45122,0.439024,0.109756];[0.666667,0.271186,0.062147];[0.212328767123,0.0958904109589,0.390410958904,0.301369863014];1;1019.0;0.631764531736;1924;38;0.21142857142857144;2.5714285714285716;67.57714285714285;35.142857142857146;82.88;10.857142857142858;22.857142857142858;23.857142857142858;3.9028571428571426;0.0;4.508571428571428;0.14285714285714285;2.1371428571428575;0.31428571428571433;1.5885714285714285;10.571428571428571;10.0
11286;zone67;3630.3978644730896;3132.1651121578075;0.0;zone67;S01010322;9;1028;914;549;[0.174419,0.549419,0.276163];[0.412399,0.471698,0.115903];[0.298507,0.38806,0.313433];[0.647059,0.323529,0.029412];[0.057268722467,0.0352422907489,0.449339207048,0.458149779736];5;124.0;-0.397569575369;1448;136;0.5822222222222222;1.8888888888888888;52.71555555555555;73.11111111111111;81.8488888888889;9.11111111111111;22.77777777777778;17.666666666666668;6.8;0.0;10.835555555555555;1.4444444444444444;1.7155555555555557;0.14666666666666667;1.342222222222222;8.0;20.22222222222222
11286;zone68;6208.193116766784;3072.425066795916;0.0;zone68;S01010323;4;603;466;377;[0.555556,0.444444,0.0];[0.657143,0.271429,0.071429];[0.642857,0.321429,0.035714];[0.793651,0.166667,0.039683];[0.578431372549,0.166666666667,0.235294117647,0.0196078431373];1;970.0;0.57559463238;1077;20;0.19;1.5;58.36;30.5;75.97999999999999;12.0;23.75;19.25;6.8;0.0;1.0899999999999999;0.0;1.7400000000000002;0.33999999999999997;2.56;6.75;9.0
11286;zone69;6517.651722029823;2240.572579661372;0.0;zone69;S01010324;6;759;566;403;[0.142857,0.571429,0.285714];[0.298077,0.490385,0.211538];[0.333333,0.530864,0.135802];[0.401674,0.414226,0.1841];[0.569620253165,0.101265822785,0.291139240506,0.0379746835443];1;407.0;-0.0721601679586;1673;35;0.22666666666666666;0.6666666666666666;39.01333333333334;45.833333333333336;66.88666666666667;11.5;23.0;13.0;4.8999999999999995;0.0;2.686666666666667;0.0;4.706666666666667;0.19333333333333336;2.973333333333333;2.5;11.666666666666666
11286;zone70;6038.016041009105;2402.8415869980217;0.0;zone70;S01010325;18;939;666;501;[0.263158,0.368421,0.368421];[0.383838,0.525253,0.090909];[0.253623,0.615942,0.130435];[0.451362,0.463035,0.085603];[0.545454545455,0.238636363636,0.193181818182,0.0227272727273];1;225.0;-0.281126582053;1540;98;0.2111111111111111;1.0;46.768888888888895;37.666666666666664;69.22444444444446;11.833333333333334;22.22222222222222;16.11111111111111;3.139999999999999;0.0;2.3533333333333335;0.0;4.3133333333333335;0.5066666666666667;2.542222222222222;4.388888888888889;9.277777777777779
11286;zone71;5272.359331052501;2740.775131541117;0.0;zone71;S01010326;39;987;707;494;[0.526316,0.368421,0.105263];[0.522523,0.333333,0.144144];[0.492188,0.3125,0.195313];[0.723514,0.224806,0.05168];[0.54375,0.16875,0.23125,0.05625];1;1389.0;1.05701743376;1010;213;0.20923076923076922;1.9743589743589745;55.59692307692306;35.53846153846154;75.68205128205128;10.487179487179487;22.76923076923077;19.076923076923077;2.1035897435897435;0.0;6.738461538461536;0.0;1.6512820512820514;0.32;1.9589743589743587;8.743589743589743;10.051282051282051
11286;zone72;4970.167032608406;2501.795090448298;0.0;zone72;S01010327;34;982;660;362;[0.031746,0.507937,0.460317];[0.372881,0.432203,0.194915];[0.289063,0.328125,0.382813];[0.516892,0.347973,0.135135];[0.416184971098,0.21387283237,0.236994219653,0.132947976879];1;470.0;0.000335688704598;926;270;0.3023529411764706;1.411764705882353;45.805882352941175;40.705882352941174;68.56;9.647058823529411;22.852941176470587;15.617647058823529;2.304705882352941;0.0;7.285882352941177;0.0;1.8764705882352941;0.308235294117647;2.138823529411764;4.823529411764706;11.0
11286;zone73;5975.307390960257;2677.5485166167286;0.0;zone73;S01010328;24;969;706;445;[0.16129,0.5,0.33871];[0.27044,0.471698,0.257862];[0.192547,0.434783,0.372671];[0.338983,0.432203,0.228814];[0.309352517986,0.258992805755,0.280575539568,0.151079136691];2;457.0;-0.0138550124678;2215;215;0.33666666666666667;1.375;52.27333333333332;50.583333333333336;72.05833333333332;9.5;22.458333333333332;17.791666666666668;5.163333333333333;0.0;3.2500000000000004;0.0;4.666666666666667;0.2966666666666667;2.195;5.041666666666667;12.625
