cycle;name;location.x;location.y;location.z;name;dataZone;nm_children;pop;over16;nm_hh;AB_car_prob;C1_car_prob;C2_car_prob;DE_car_prob;prob_social;simd;crimeRate;norm_crime;avg_dis_sh;neigh_play;daily_play_per_child;avg_FSA;avg_walk;daily_OD;zone_mvpa;mvpa_home;mvpa_sc;mvpa_road;mvpa_play_field;mvpa_home_garden;mvpa_park;mvpa_PG;mvpa_amenity;mvpa_shops;mvpa_F_home;mvpa_fsa;mvpa_OD
11286;zone0;8448.90275962388;2625.4515469546564;0.0;zone0;S01010195;19;531;390;212;[0.0,0.481481,0.518519];[0.261538,0.646154,0.092308];[0.12,0.59,0.29];[0.447368,0.368421,0.184211];[0.418918918919,0.283783783784,0.202702702703,0.0945945945946];1;0.0;-0.540229885057;1288;100;0.20210526315789473;1.5789473684210527;47.031578947368416;33.36842105263158;65.65473684210527;9.368421052631579;23.05263157894737;16.105263157894736;1.1684210526315788;0.0;4.593684210526316;0.0;2.0526315789473686;0.16842105263157894;2.0842105263157893;5.368421052631579;7.368421052631579
11286;zone1;8656.736904000718;2165.9902346445633;0.0;zone1;S01010198;18;1027;748;394;[0.058824,0.529412,0.411765];[0.305785,0.561983,0.132231];[0.219858,0.496454,0.283688];[0.523179,0.331126,0.145695];[0.48623853211,0.229357798165,0.266055045872,0.0183486238532];1;1609.0;1.3102524676;1791;91;0.19333333333333333;1.2222222222222223;46.571111111111094;31.055555555555557;68.15555555555554;11.444444444444445;23.11111111111111;15.88888888888889;1.8000000000000003;0.0;3.082222222222222;0.03555555555555556;3.406666666666667;0.27555555555555555;2.613333333333333;4.944444444444445;7.722222222222222
11286;zone2;8537.588755655543;3024.028900129281;0.0;zone2;S01010201;22;643;453;253;[0.0,0.47619,0.52381];[0.270833,0.3125,0.416667];[0.088,0.48,0.432];[0.296552,0.434483,0.268966];[0.365853658537,0.292682926829,0.292682926829,0.0487804878049];2;219.0;-0.28762447053;1642;162;0.28;1.4545454545454546;49.26181818181818;43.18181818181818;71.10727272727273;9.818181818181818;22.545454545454547;16.681818181818183;2.350909090909091;0.0;7.152727272727272;0.06181818181818181;2.5600000000000005;0.3545454545454546;2.096363636363637;5.636363636363637;11.636363636363637
11286;zone3;8059.42097232239;3767.666522351409;0.0;zone3;S01010203;30;671;504;260;[0.090909,0.363636,0.545455];[0.263804,0.460123,0.276074];[0.094828,0.422414,0.482759];[0.183824,0.375,0.441176];[0.272727272727,0.218181818182,0.363636363636,0.145454545455];3;215.0;-0.292668818285;1941;186;0.24133333333333334;1.1333333333333333;44.84000000000001;37.2;71.67066666666668;11.533333333333333;23.733333333333334;15.3;3.0933333333333333;0.0;4.476;0.0;3.168;0.3053333333333333;2.9;5.566666666666666;10.2
11286;zone4;8368.288440296214;3565.498290652094;0.0;zone4;S01010204;30;800;589;381;[0.272727,0.727273,0.0];[0.627451,0.27451,0.098039];[0.444444,0.533333,0.022222];[0.600619,0.321981,0.077399];[0.595041322314,0.157024793388,0.239669421488,0.00826446280992];1;497.0;0.0317745673598;1250;165;0.20533333333333334;1.0666666666666667;41.15733333333334;38.233333333333334;66.71600000000001;11.066666666666666;22.8;14.066666666666666;2.06;0.0;3.9946666666666664;0.11866666666666667;3.7293333333333343;0.45333333333333325;2.5239999999999996;4.3;9.433333333333334
11286;zone5;8034.229745798958;3515.110462853287;0.0;zone5;S01010205;15;658;534;355;[0.411765,0.117647,0.470588];[0.465116,0.457364,0.077519];[0.317757,0.588785,0.093458];[0.593458,0.280374,0.126168];[0.466666666667,0.2,0.3,0.0333333333333];1;925.0;0.523434132086;1406;76;0.19466666666666665;1.4666666666666666;47.832;31.4;71.112;11.266666666666667;23.6;16.4;3.381333333333333;0.0;3.5493333333333337;0.0;2.2613333333333334;0.368;2.096;6.4;8.666666666666666
11286;zone6;7457.064719570519;3739.055375726369;0.0;zone6;S01010208;18;903;745;565;[0.30137,0.589041,0.109589];[0.48062,0.457364,0.062016];[0.272727,0.613636,0.113636];[0.66055,0.270642,0.068807];[0.233333333333,0.133333333333,0.461111111111,0.172222222222];1;603.0;0.153385979085;1446;78;0.1622222222222222;1.7777777777777777;45.446666666666665;28.38888888888889;69.88888888888889;12.055555555555555;22.944444444444443;15.38888888888889;2.302222222222223;0.0;2.7733333333333334;0.0;3.1622222222222227;0.34444444444444444;2.0733333333333333;6.944444444444445;7.666666666666667
11286;zone7;7917.838214725937;1939.334458859395;0.0;zone7;S01010209;24;966;677;468;[0.172414,0.586207,0.241379];[0.333333,0.414966,0.251701];[0.381944,0.458333,0.159722];[0.545852,0.336245,0.117904];[0.337931034483,0.248275862069,0.303448275862,0.110344827586];1;2053.0;1.82052250092;1661;105;0.165;1.75;56.254999999999995;31.041666666666668;71.03166666666668;10.083333333333334;22.416666666666668;19.083333333333332;1.5733333333333333;0.0;3.66;0.0;2.571666666666666;0.35500000000000004;2.146666666666667;7.375;7.375
11286;zone8;7878.406567747077;2721.2634132011362;0.0;zone8;S01010210;18;885;641;416;[0.173913,0.456522,0.369565];[0.21519,0.5,0.28481];[0.189781,0.386861,0.423358];[0.422111,0.442211,0.135678];[0.394736842105,0.236842105263,0.254385964912,0.114035087719];1;344.0;-0.144253829852;1165;113;0.24444444444444444;1.6666666666666667;39.28222222222221;33.22222222222222;64.20444444444445;9.777777777777779;22.5;12.944444444444445;1.9733333333333336;0.0;3.697777777777778;0.0;2.751111111111111;0.27555555555555555;2.208888888888889;6.333333333333333;7.944444444444445
11286;zone9;7785.599648345685;3201.783800714137;0.0;zone9;S01010211;22;858;634;452;[0.147059,0.705882,0.147059];[0.384615,0.452991,0.162393];[0.469565,0.4,0.130435];[0.722656,0.226563,0.050781];[0.473214285714,0.169642857143,0.285714285714,0.0714285714286];1;430.0;-0.0456985893816;891;116;0.20727272727272728;1.2727272727272727;35.443636363636365;33.90909090909091;68.13818181818182;11.727272727272727;23.454545454545453;12.0;3.0254545454545454;0.0;4.201818181818181;0.0;2.727272727272727;0.31636363636363646;3.01090909090909;6.136363636363637;9.5
11286;zone10;7580.688680869333;3097.127786881416;0.0;zone10;S01010212;49;1083;779;559;[0.233333,0.633333,0.133333];[0.594771,0.339869,0.065359];[0.465517,0.405172,0.12931];[0.712821,0.269231,0.017949];[0.566037735849,0.138364779874,0.22641509434,0.0691823899371];1;1473.0;1.15298517036;1222;304;0.2383673469387755;1.0204081632653061;52.797551020408164;41.06122448979592;70.17224489795919;9.775510204081632;23.040816326530614;17.918367346938776;1.9044897959183675;0.0;4.6816326530612224;0.0;3.9126530612244896;0.27183673469387754;2.768979591836735;4.061224489795919;9.938775510204081
11286;zone11;8065.177293237223;3111.5884965344962;0.0;zone11;S01010213;13;924;657;476;[0.105263,0.684211,0.210526];[0.382609,0.547826,0.069565];[0.218543,0.556291,0.225166];[0.467925,0.483019,0.049057];[0.451327433628,0.221238938053,0.274336283186,0.0530973451327];1;247.0;-0.255840453357;759;101;0.3076923076923077;1.3076923076923077;34.778461538461535;42.07692307692308;68.33846153846154;11.846153846153847;23.153846153846153;11.692307692307692;2.2123076923076925;0.0;6.375384615384615;0.05538461538461538;3.661538461538462;0.39692307692307693;2.3753846153846156;4.615384615384615;11.692307692307692
11286;zone12;7144.994858230166;1947.4125453867302;0.0;zone12;S01010214;27;967;717;396;[0.098592,0.28169,0.619718];[0.197531,0.438272,0.364198];[0.173333,0.493333,0.333333];[0.237069,0.487069,0.275862];[0.361344537815,0.210084033613,0.310924369748,0.117647058824];3;176.0;-0.337854473183;1938;158;0.22074074074074074;1.3333333333333333;50.093333333333334;38.55555555555556;69.14814814814815;10.592592592592593;22.444444444444443;17.074074074074073;3.197037037037037;0.0;4.131851851851853;0.0;3.2;0.277037037037037;1.8340740740740742;4.777777777777778;9.962962962962964
11286;zone13;7013.590150664996;2618.495528189446;0.0;zone13;S01010215;24;850;608;492;[0.571429,0.285714,0.142857];[0.5,0.431373,0.068627];[0.382609,0.391304,0.226087];[0.678571,0.269841,0.051587];[0.467289719626,0.140186915888,0.345794392523,0.0467289719626];1;547.0;0.0886083430805;622;175;0.2783333333333333;1.125;39.63333333333334;44.083333333333336;67.40333333333332;10.5;23.041666666666668;13.25;2.1;0.0;3.7600000000000002;0.0;5.431666666666666;0.3616666666666666;2.403333333333333;4.916666666666667;10.916666666666666
11286;zone14;7332.222205807836;2329.961970144465;0.0;zone14;S01010216;15;621;464;361;[0.6,0.4,0.0];[0.597701,0.356322,0.045977];[0.409091,0.439394,0.151515];[0.709544,0.273859,0.016598];[0.5,0.163265306122,0.265306122449,0.0714285714286];1;600.0;0.150092344085;1303;81;0.2;1.0666666666666667;53.44000000000001;36.8;67.87466666666664;9.8;22.2;18.133333333333333;1.9226666666666665;0.0;4.9866666666666655;0.0;2.466666666666667;0.288;2.2079999999999997;4.066666666666666;8.933333333333334
11286;zone15;7299.833172322251;2625.8610945736937;0.0;zone15;S01010217;33;817;598;406;[0.16129,0.516129,0.322581];[0.565517,0.4,0.034483];[0.5,0.431373,0.068627];[0.702703,0.283784,0.013514];[0.541935483871,0.0967741935484,0.296774193548,0.0645161290323];1;1060.0;0.679274950851;1008;245;0.28484848484848485;1.5151515151515151;46.15393939393939;41.696969696969695;71.3042424242424;10.969696969696969;22.87878787878788;15.727272727272727;1.9115151515151514;0.0;4.272727272727272;0.0;4.609696969696969;0.29090909090909095;2.3515151515151516;6.484848484848484;10.272727272727273
11286;zone16;7142.953643082513;3018.5401822929393;0.0;zone16;S01010218;31;1018;790;587;[0.425532,0.404255,0.170213];[0.392523,0.453271,0.154206];[0.358209,0.492537,0.149254];[0.589124,0.335347,0.075529];[0.424657534247,0.109589041096,0.369863013699,0.0958904109589];1;557.0;0.101026678737;568;169;0.21161290322580645;1.064516129032258;34.703225806451606;36.096774193548384;61.81935483870967;10.741935483870968;22.93548387096774;11.516129032258064;1.526451612903226;0.0;2.3187096774193545;0.0;4.26709677419355;0.36129032258064503;2.3522580645161297;4.129032258064516;7.548387096774194
11286;zone17;6738.8937706128745;4298.8917997019325;0.0;zone17;S01010219;21;503;382;274;[0.695652,0.304348,0.0];[0.758621,0.215517,0.025862];[0.761905,0.166667,0.071429];[0.781609,0.195402,0.022989];[0.41935483871,0.0752688172043,0.408602150538,0.0967741935484];2;184.0;-0.327838932938;1462;144;0.26666666666666666;2.0;58.08952380952379;38.80952380952381;75.36380952380952;9.666666666666666;23.142857142857142;19.761904761904763;4.0095238095238095;0.0;5.31047619047619;0.14476190476190476;1.8038095238095235;0.22095238095238098;2.2152380952380955;7.285714285714286;10.714285714285714
11286;zone18;5915.780765415368;4211.222876105162;0.0;zone18;S01010220;7;476;433;279;[0.181159,0.608696,0.210145];[0.404255,0.531915,0.06383];[0.227273,0.704545,0.068182];[0.448276,0.482759,0.068966];[0.154545454545,0.0636363636364,0.318181818182,0.463636363636];5;267.0;-0.232306706325;1424;88;0.4742857142857143;1.8571428571428572;50.451428571428565;60.0;82.89714285714285;10.142857142857142;23.714285714285715;16.857142857142858;8.777142857142858;0.0;9.622857142857145;0.24571428571428575;1.5942857142857143;0.31428571428571433;2.0971428571428574;8.0;19.857142857142858
11286;zone19;6341.0811208317455;3913.8398648988496;0.0;zone19;S01010221;13;546;394;260;[0.6,0.4,0.0];[0.557377,0.409836,0.032787];[0.538462,0.323077,0.138462];[0.699387,0.257669,0.042945];[0.609375,0.140625,0.203125,0.046875];1;635.0;0.19005459739;1005;67;0.19076923076923077;1.0;46.163076923076915;31.692307692307693;72.03076923076922;11.923076923076923;24.692307692307693;15.461538461538462;4.886153846153847;0.0;3.864615384615384;0.2153846153846154;1.1784615384615387;0.5723076923076923;2.984615384615385;4.461538461538462;9.615384615384615
11286;zone20;7001.213463613622;4053.9957950241624;0.0;zone20;S01010222;15;492;414;285;[0.142857,0.5,0.357143];[0.432432,0.459459,0.108108];[0.348624,0.522936,0.12844];[0.747899,0.235294,0.016807];[0.345238095238,0.214285714286,0.309523809524,0.130952380952];1;377.0;-0.105830277325;1853;61;0.15733333333333333;2.0;46.62133333333334;29.2;67.696;10.4;22.4;15.866666666666667;1.8400000000000005;0.0;3.621333333333333;0.0;1.9626666666666666;0.31200000000000006;1.7946666666666666;7.733333333333333;7.0
11286;zone21;6986.8418912765155;3434.1450308482026;0.0;zone21;S01010223;4;556;462;337;[0.076923,0.538462,0.384615];[0.567797,0.330508,0.101695];[0.472222,0.444444,0.083333];[0.584699,0.36612,0.04918];[0.432432432432,0.162162162162,0.324324324324,0.0810810810811];1;439.0;-0.0353356041414;1842;14;0.12;1.25;55.44;22.25;78.8;16.25;22.75;19.25;3.88;0.0;2.57;0.0;1.65;0.51;3.06;7.25;7.5
11286;zone22;6247.397837456437;3329.661273309237;0.0;zone22;S01010224;40;1036;727;469;[0.405405,0.540541,0.054054];[0.592593,0.274074,0.133333];[0.418803,0.504274,0.076923];[0.768421,0.202632,0.028947];[0.506097560976,0.140243902439,0.268292682927,0.0853658536585];1;1004.0;0.614259332793;973;188;0.177;1.25;49.471000000000004;29.4;71.184;11.15;23.975;16.975;4.912000000000001;0.0;2.2640000000000002;0.15899999999999997;1.3900000000000001;0.43899999999999995;2.625;5.475;8.25
11286;zone23;7827.985844039554;4105.4701191949;0.0;zone23;S01010225;33;812;636;431;[0.25,0.634615,0.115385];[0.469072,0.43299,0.097938];[0.54023,0.413793,0.045977];[0.672065,0.234818,0.093117];[0.385185185185,0.125925925926,0.325925925926,0.162962962963];1;1006.0;0.616572011517;1631;135;0.15878787878787878;1.5454545454545454;54.105454545454556;26.848484848484848;69.39878787878789;10.181818181818182;23.303030303030305;18.181818181818183;2.3030303030303023;0.0;2.995151515151516;0.0;2.2327272727272724;0.3478787878787879;2.570909090909091;5.484848484848484;7.121212121212121
11286;zone24;7040.363001382077;4481.052780471187;0.0;zone24;S01010226;40;816;565;394;[0.454545,0.242424,0.30303];[0.715385,0.2,0.084615];[0.540541,0.405405,0.054054];[0.766917,0.18797,0.045113];[0.503355704698,0.201342281879,0.221476510067,0.0738255033557];2;422.0;-0.0548014077425;1155;482;0.461;1.275;53.40999999999999;59.125;78.78799999999998;9.675;23.45;18.2;7.367;0.0;7.394999999999999;0.145;2.895;0.259;2.5230000000000006;5.175;17.3
11286;zone25;6847.772309074456;4638.663588163389;0.0;zone25;S01010227;39;692;454;294;[0.413793,0.413793,0.172414];[0.704545,0.238636,0.056818];[0.654545,0.345455,0.0];[0.810606,0.159091,0.030303];[0.672268907563,0.0924369747899,0.159663865546,0.0756302521008];4;0.0;-0.540229885057;1089;611;0.6;1.1794871794871795;51.37025641025641;73.66666666666667;80.55897435897434;9.153846153846153;22.743589743589745;17.333333333333332;7.665641025641027;0.0;11.153846153846155;0.24923076923076926;3.4728205128205136;0.23794871794871797;2.126153846153845;4.846153846153846;22.025641025641026
11286;zone26;8241.816993110848;4572.457656401622;0.0;zone26;S01010229;30;1016;787;508;[0.1,0.625,0.275];[0.350877,0.350877,0.298246];[0.348315,0.477528,0.174157];[0.565217,0.310559,0.124224];[0.420731707317,0.213414634146,0.292682926829,0.0731707317073];1;395.0;-0.0859445809966;1168;147;0.18533333333333332;1.3;43.34266666666666;29.533333333333335;67.05466666666668;10.933333333333334;23.233333333333334;14.666666666666666;2.744;0.0;3.241333333333333;0.02666666666666667;2.5066666666666673;0.3933333333333334;2.557333333333334;4.833333333333333;8.066666666666666
11286;zone27;7458.320056766788;4680.341251240345;0.0;zone27;S01010230;24;1005;772;577;[0.314286,0.628571,0.057143];[0.703883,0.296117,0.0];[0.727273,0.218182,0.054545];[0.71831,0.24507,0.03662];[0.517857142857,0.136904761905,0.267857142857,0.077380952381];1;846.0;0.433218203459;858;165;0.265;1.25;37.473333333333336;39.958333333333336;68.69833333333334;10.583333333333334;24.125;12.5;3.101666666666667;0.0;4.759999999999999;0.16;3.401666666666667;0.3516666666666666;2.846666666666667;5.083333333333333;10.916666666666666
11286;zone28;7569.802990100143;4917.458811240416;0.0;zone28;S01010232;37;1074;792;485;[0.457143,0.485714,0.057143];[0.557292,0.338542,0.104167];[0.492063,0.333333,0.174603];[0.654229,0.251244,0.094527];[0.470297029703,0.153465346535,0.306930693069,0.0693069306931];1;771.0;0.347049794199;1093;245;0.252972972972973;1.027027027027027;51.27675675675675;41.45945945945946;72.56432432432429;10.972972972972974;23.18918918918919;17.37837837837838;2.6475675675675676;0.0;5.621621621621622;0.08648648648648649;3.5686486486486477;0.37081081081081074;2.5145945945945942;4.378378378378378;11.432432432432432
11286;zone29;7830.713068379679;4879.746446724283;0.0;zone29;S01010233;33;970;705;476;[0.275,0.625,0.1];[0.655629,0.245033,0.099338];[0.52809,0.426966,0.044944];[0.771505,0.212366,0.016129];[0.587209302326,0.093023255814,0.261627906977,0.0581395348837];1;284.0;-0.213781821634;1108;196;0.22424242424242424;1.3333333333333333;52.035151515151504;41.03030303030303;70.33090909090909;10.606060606060606;22.90909090909091;17.484848484848484;1.7818181818181817;0.0;3.0084848484848488;0.10787878787878788;4.943030303030303;0.33090909090909093;2.3575757575757574;5.03030303030303;9.242424242424242
11286;zone30;6473.383843181837;4954.519765957263;0.0;zone30;S01010261;6;2551;2373;526;[0.666667,0.270833,0.0625];[0.675841,0.281346,0.042813];[0.75,0.25,0.0];[0.824468,0.164894,0.010638];[0.41,0.06,0.41,0.12];3;176.0;-0.337679921334;1769;18;0.11333333333333333;2.0;68.82000000000001;41.833333333333336;81.16;11.166666666666666;23.333333333333332;23.5;3.513333333333333;0.0;2.733333333333333;0.10666666666666667;4.266666666666667;0.27999999999999997;1.7333333333333336;8.666666666666666;10.0
11286;zone31;4930.642193689802;4959.449818932565;0.0;zone31;S01010266;3;555;474;237;[0.320755,0.556604,0.122642];[0.677273,0.254545,0.068182];[0.5,0.461538,0.038462];[0.534247,0.30137,0.164384];[0.141176470588,0.0588235294118,0.4,0.4];3;536.0;0.0761386922126;1098;6;0.06666666666666667;2.3333333333333335;30.50666666666667;24.666666666666668;63.79999999999999;11.666666666666666;23.0;9.666666666666666;0.10666666666666667;0.0;2.52;0.6933333333333334;3.2533333333333334;0.68;1.5200000000000002;9.333333333333334;6.0
11286;zone32;5712.5549897826;4979.400336637217;0.0;zone32;S01010270;4;1153;972;817;[0.389831,0.533898,0.076271];[0.70255,0.252125,0.045326];[0.714286,0.272727,0.012987];[0.771552,0.228448,0.0];[0.125,0.0909090909091,0.454545454545,0.329545454545];1;871.0;0.461200629557;1644;20;0.18;0.25;53.5;34.5;67.24000000000001;11.0;22.25;18.25;3.8299999999999996;0.0;4.31;0.26;1.69;0.25;2.81;0.75;9.5
11286;zone33;3394.0723536088512;4934.677182292946;0.0;zone33;S01010282;13;976;841;645;[0.438776,0.520408,0.040816];[0.545732,0.405488,0.04878];[0.521277,0.382979,0.095745];[0.712707,0.232044,0.055249];[0.190954773869,0.070351758794,0.35175879397,0.386934673367];2;350.0;-0.137812028107;1320;50;0.15076923076923077;2.0;48.58461538461539;31.384615384615383;74.09846153846154;11.307692307692308;24.0;16.23076923076923;1.932307692307692;0.0;6.418461538461539;0.5938461538461538;1.1353846153846154;0.32;1.670769230769231;8.538461538461538;9.615384615384615
11286;zone34;4385.789287498423;4835.237486850067;0.0;zone34;S01010289;15;771;687;380;[0.130952,0.511905,0.357143];[0.262911,0.502347,0.234742];[0.178571,0.464286,0.357143];[0.410256,0.435897,0.153846];[0.058064516129,0.0322580645161,0.245161290323,0.664516129032];5;259.0;-0.241396294863;1390;173;0.43733333333333335;3.066666666666667;45.904;55.8;71.83466666666668;7.666666666666667;23.066666666666666;15.466666666666667;2.0426666666666664;0.0;6.562666666666667;1.72;2.3759999999999994;0.14400000000000002;0.9546666666666667;10.066666666666666;12.2
11286;zone35;4401.5375624188455;4669.062022109911;0.0;zone35;S01010290;13;546;485;278;[0.198198,0.603604,0.198198];[0.485944,0.449799,0.064257];[0.555556,0.444444,0.0];[0.435897,0.512821,0.051282];[0.10752688172,0.0430107526882,0.494623655914,0.354838709677];3;353.0;-0.133686757747;844;167;0.49230769230769234;1.8461538461538463;52.76307692307693;60.07692307692308;83.2276923076923;11.076923076923077;23.0;18.46153846153846;4.092307692307693;0.0;9.046153846153846;1.6707692307692312;3.566153846153846;0.1876923076923077;1.9046153846153848;8.461538461538462;17.846153846153847
11286;zone36;4119.983651650423;4281.100418217042;0.0;zone36;S01010291;12;1075;975;481;[0.405594,0.447552,0.146853];[0.627907,0.277132,0.094961];[0.415094,0.433962,0.150943];[0.562963,0.325926,0.111111];[0.197080291971,0.0729927007299,0.445255474453,0.284671532847];3;438.0;-0.0363924713322;985;143;0.4633333333333333;1.0;50.94333333333333;62.833333333333336;74.89;8.916666666666666;23.833333333333332;17.166666666666668;3.4266666666666663;0.0;10.426666666666666;1.0766666666666669;2.48;0.3;2.3600000000000003;3.4166666666666665;16.916666666666668
11286;zone37;4399.731076226201;4291.6703625917;0.0;zone37;S01010292;10;890;831;409;[0.348214,0.508929,0.142857];[0.477169,0.420091,0.10274];[0.339286,0.446429,0.214286];[0.55814,0.383721,0.05814];[0.128378378378,0.0540540540541,0.398648648649,0.418918918919];4;323.0;-0.168488563048;955;96;0.376;1.6;45.944;53.2;69.272;8.9;22.2;15.7;4.716;0.0;6.868;0.764;1.6960000000000004;0.32;1.564;5.1;13.5
11286;zone38;4514.690807242894;4541.15458266895;0.0;zone38;S01010293;16;839;723;373;[0.51773,0.35461,0.12766];[0.635389,0.262735,0.101877];[0.446809,0.319149,0.234043];[0.514286,0.392857,0.092857];[0.242424242424,0.0606060606061,0.393939393939,0.30303030303];3;290.0;-0.205814991507;997;204;0.49;1.375;51.022499999999994;68.4375;76.64000000000001;9.4375;22.5625;17.3125;4.7475;0.0;8.6325;1.7000000000000004;2.48;0.35;1.5625;5.875;17.125
11286;zone39;4541.7482834333705;4418.565122351524;0.0;zone39;S01010294;13;690;631;275;[0.242105,0.526316,0.231579];[0.650873,0.214464,0.134663];[0.583333,0.208333,0.208333];[0.414894,0.489362,0.095745];[0.164835164835,0.043956043956,0.494505494505,0.296703296703];4;440.0;-0.0342259463805;1130;208;0.6030769230769231;1.4615384615384615;47.50461538461539;66.3076923076923;75.10769230769232;8.384615384615385;23.53846153846154;15.923076923076923;6.116923076923078;0.0;7.532307692307692;1.2430769230769232;2.667692307692308;0.2707692307692308;2.076923076923077;5.384615384615385;17.0
11286;zone40;4766.8646917667475;4574.50133624035;0.0;zone40;S01010295;18;974;870;427;[0.384615,0.391026,0.224359];[0.604555,0.310559,0.084886];[0.428571,0.285714,0.285714];[0.390728,0.516556,0.092715];[0.212765957447,0.113475177305,0.297872340426,0.375886524823];4;529.0;0.0680145754747;962;227;0.47555555555555556;1.6666666666666667;48.32444444444444;66.11111111111111;73.78888888888888;9.11111111111111;22.0;16.22222222222222;4.7799999999999985;0.0;8.406666666666668;1.0644444444444447;2.922222222222222;0.32888888888888895;1.4955555555555557;5.555555555555555;16.72222222222222
11286;zone41;4647.752341766679;4736.091736240359;0.0;zone41;S01010296;16;664;560;291;[0.294118,0.423529,0.282353];[0.520913,0.368821,0.110266];[0.375,0.375,0.25];[0.475524,0.391608,0.132867];[0.282828282828,0.111111111111,0.363636363636,0.242424242424];2;856.0;0.444094443477;1121;150;0.3625;1.625;34.7575;47.4375;67.9875;10.3125;22.375;11.75;1.9725;0.0;7.397500000000001;1.3899999999999997;2.38;0.24250000000000002;1.7499999999999998;6.6875;12.625
11286;zone42;5522.849421766708;4411.996091240393;0.0;zone42;S01010297;7;1066;894;676;[0.582609,0.382609,0.034783];[0.691824,0.245283,0.062893];[0.540541,0.333333,0.126126];[0.681275,0.270916,0.047809];[0.260563380282,0.140845070423,0.37323943662,0.225352112676];1;504.0;0.0391758595379;1403;46;0.25142857142857145;0.2857142857142857;22.81142857142857;42.142857142857146;52.65714285714286;9.0;21.857142857142858;7.571428571428571;2.885714285714286;0.0;2.5085714285714285;0.5599999999999999;2.88;0.23428571428571426;2.588571428571428;0.8571428571428571;8.428571428571429
11286;zone43;4706.481893689814;4143.807995855712;0.0;zone43;S01010298;12;880;677;515;[0.308943,0.479675,0.211382];[0.581395,0.356589,0.062016];[0.539683,0.396825,0.063492];[0.744828,0.193103,0.062069];[0.227272727273,0.0984848484848,0.371212121212,0.30303030303];1;486.0;0.0190902878356;1067;83;0.27;1.1666666666666667;44.339999999999996;45.083333333333336;71.22333333333331;10.75;22.833333333333332;14.666666666666666;5.609999999999999;0.0;6.023333333333333;0.61;1.2700000000000002;0.3733333333333333;2.3600000000000008;5.083333333333333;13.166666666666666
11286;zone44;4885.424673909578;4209.645754097502;0.0;zone44;S01010299;4;536;404;292;[0.3,0.54,0.16];[0.556701,0.340206,0.103093];[0.458333,0.520833,0.020833];[0.584906,0.283019,0.132075];[0.428571428571,0.0857142857143,0.285714285714,0.2];1;375.0;-0.10827530326;722;35;0.35;3.0;38.5;37.0;81.37;13.0;24.0;12.5;5.18;0.0;0.54;0.56;5.62;0.29000000000000004;1.43;16.25;11.5
11286;zone45;4883.397012115578;4340.414778682246;0.0;zone45;S01010300;21;934;764;478;[0.460784,0.411765,0.127451];[0.664653,0.238671,0.096677];[0.632353,0.323529,0.044118];[0.606383,0.329787,0.06383];[0.3046875,0.125,0.3515625,0.21875];2;513.0;0.0498225801839;604;178;0.3295238095238095;1.8571428571428572;41.965714285714284;41.80952380952381;73.2647619047619;11.80952380952381;23.047619047619047;14.523809523809524;4.154285714285715;0.0;2.7009523809523808;0.9200000000000002;3.5638095238095246;0.3104761904761905;1.8285714285714285;8.80952380952381;10.857142857142858
11286;zone46;5144.66081966521;4032.769083704074;0.0;zone46;S01010301;6;522;457;283;[0.292683,0.597561,0.109756];[0.57563,0.315126,0.109244];[0.222222,0.703704,0.074074];[0.561798,0.393258,0.044944];[0.214285714286,0.0612244897959,0.459183673469,0.265306122449];4;490.0;0.0232745011966;2410;106;0.6866666666666666;1.8333333333333333;68.65333333333335;73.16666666666667;86.89999999999999;9.5;21.333333333333332;23.0;9.52;0.0;4.826666666666667;1.1466666666666667;4.513333333333333;0.09999999999999999;1.34;9.666666666666666;19.5
11286;zone47;5165.568789180556;4297.038752619699;0.0;zone47;S01010302;24;669;495;388;[0.65625,0.28125,0.0625];[0.6,0.356522,0.043478];[0.716981,0.226415,0.056604];[0.801802,0.18018,0.018018];[0.582417582418,0.0769230769231,0.263736263736,0.0769230769231];1;392.0;-0.0896499889057;1361;214;0.3433333333333333;1.6666666666666667;56.18500000000001;46.833333333333336;74.15333333333335;10.25;22.708333333333332;19.291666666666668;4.9750000000000005;0.0;2.3183333333333334;0.5683333333333334;3.5666666666666664;0.2933333333333334;1.9216666666666669;6.458333333333333;10.916666666666666
11286;zone48;5241.140616766716;4139.402270499609;0.0;zone48;S01010303;33;579;387;250;[0.692308,0.153846,0.153846];[0.56701,0.298969,0.134021];[0.630435,0.282609,0.086957];[0.658879,0.285047,0.056075];[0.58407079646,0.106194690265,0.274336283186,0.0353982300885];1;415.0;-0.0627120940391;1607;307;0.3563636363636364;1.393939393939394;51.369696969696975;45.42424242424242;71.33939393939396;9.787878787878787;23.03030303030303;17.696969696969695;6.60969696969697;0.0;2.031515151515152;0.4436363636363636;2.0145454545454546;0.2703030303030303;1.9636363636363636;5.757575757575758;10.606060606060606
11286;zone49;4853.647576226233;3833.123065294377;0.0;zone49;S01010304;12;542;456;332;[0.323529,0.514706,0.161765];[0.635135,0.25,0.114865];[0.477273,0.522727,0.0];[0.829268,0.109756,0.060976];[0.372340425532,0.0425531914894,0.297872340426,0.287234042553];1;804.0;0.384523850516;1965;94;0.30333333333333334;1.8333333333333333;77.18666666666665;49.75;82.13999999999999;9.5;22.916666666666668;26.5;6.260000000000001;0.0;3.046666666666667;0.5666666666666668;2.7866666666666666;0.3033333333333334;1.4033333333333333;7.083333333333333;12.25
11286;zone50;4697.410406890209;3639.1027396354093;0.0;zone50;S01010305;7;807;694;478;[0.36036,0.468468,0.171171];[0.553191,0.33617,0.110638];[0.409639,0.301205,0.289157];[0.589888,0.337079,0.073034];[0.198529411765,0.0735294117647,0.382352941176,0.345588235294];1;223.0;-0.28282788147;600;56;0.29714285714285715;1.0;39.39999999999999;46.285714285714285;64.75428571428571;10.0;23.571428571428573;13.428571428571429;6.497142857142857;0.0;3.5599999999999996;0.7714285714285715;0.6914285714285714;0.36;2.1485714285714286;2.142857142857143;11.142857142857142
11286;zone51;4591.3082521834585;3868.367573740388;0.0;zone51;S01010306;13;752;675;449;[0.35625,0.56875,0.075];[0.570588,0.355882,0.073529];[0.283019,0.566038,0.150943];[0.650943,0.330189,0.018868];[0.165680473373,0.0473372781065,0.479289940828,0.307692307692];2;238.0;-0.265781391166;873;116;0.3476923076923077;2.3076923076923075;51.01538461538461;49.30769230769231;81.16615384615383;11.461538461538462;23.46153846153846;17.384615384615383;7.6061538461538465;0.0;3.12923076923077;2.258461538461539;1.1169230769230767;0.33846153846153854;1.3292307692307692;11.538461538461538;13.76923076923077
11286;zone52;4503.72067559025;3742.2957906521283;0.0;zone52;S01010307;9;821;732;428;[0.189922,0.577519,0.232558];[0.407407,0.487654,0.104938];[0.346154,0.538462,0.115385];[0.71875,0.234375,0.046875];[0.0681818181818,0.0568181818182,0.375,0.5];5;319.0;-0.172537833795;455;149;0.6355555555555555;2.3333333333333335;49.919999999999995;77.0;86.37777777777778;10.444444444444445;22.0;17.333333333333332;10.386666666666665;0.0;6.097777777777777;5.044444444444444;1.3244444444444443;0.33333333333333337;0.6755555555555556;11.0;22.22222222222222
11286;zone53;4364.519870735056;4047.768725526131;0.0;zone53;S01010308;9;975;858;480;[0.285714,0.54007,0.174216];[0.511936,0.384615,0.103448];[0.254902,0.411765,0.333333];[0.648352,0.307692,0.043956];[0.0970873786408,0.0631067961165,0.359223300971,0.480582524272];4;257.0;-0.244477582955;1438;116;0.49333333333333335;1.3333333333333333;62.06222222222223;72.11111111111111;78.92444444444445;7.666666666666667;22.11111111111111;21.333333333333332;8.662222222222221;0.0;6.1066666666666665;2.12;1.248888888888889;0.2088888888888889;1.7466666666666666;5.777777777777778;17.77777777777778
11286;zone54;5381.88771051669;3636.3205112402793;0.0;zone54;S01010309;4;419;356;264;[0.333333,0.25,0.416667];[0.478873,0.422535,0.098592];[0.352941,0.382353,0.264706];[0.705882,0.24183,0.052288];[0.365853658537,0.170731707317,0.390243902439,0.0731707317073];1;0.0;-0.540229885057;2153;22;0.22;1.25;44.5;29.25;66.17;8.75;23.75;15.5;3.04;0.0;2.08;0.0;2.35;0.31;2.54;5.5;7.0
11286;zone55;5657.373406240428;3625.6586165034923;0.0;zone55;S01010310;13;706;540;381;[0.333333,0.238095,0.428571];[0.565517,0.337931,0.096552];[0.54902,0.27451,0.176471];[0.715415,0.256917,0.027668];[0.484848484848,0.151515151515,0.318181818182,0.0454545454545];1;574.0;0.120406534162;845;66;0.19692307692307692;1.3846153846153846;49.61538461538463;37.30769230769231;67.72;9.615384615384615;23.0;16.923076923076923;3.2061538461538466;0.0;2.095384615384616;0.5138461538461538;2.833846153846154;0.3384615384615385;2.48923076923077;4.923076923076923;8.153846153846153
11286;zone56;5685.425126382168;3318.6970593171873;0.0;zone56;S01010311;22;721;556;351;[0.411765,0.352941,0.235294];[0.472222,0.453704,0.074074];[0.571429,0.404762,0.02381];[0.717949,0.271062,0.010989];[0.565217391304,0.121739130435,0.269565217391,0.0434782608696];1;1534.0;1.22364271569;1642;118;0.2109090909090909;0.9090909090909091;64.61090909090909;38.77272727272727;72.48363636363636;9.5;22.59090909090909;22.272727272727273;2.3636363636363638;0.0;3.205454545454546;0.21090909090909093;3.338181818181818;0.4127272727272727;2.830909090909091;4.0;8.681818181818182
11286;zone57;5466.52613028024;3072.1402274564575;0.0;zone57;S01010312;34;868;647;425;[0.117647,0.823529,0.058824];[0.754386,0.22807,0.017544];[0.407407,0.444444,0.148148];[0.804945,0.153846,0.041209];[0.586956521739,0.115942028986,0.268115942029,0.0289855072464];1;685.0;0.247477927043;1651;171;0.19176470588235295;1.2352941176470589;57.49647058823529;33.8235294117647;69.69176470588236;9.970588235294118;22.91176470588235;19.88235294117647;1.912941176470588;0.0;3.067058823529411;0.1776470588235294;3.1999999999999993;0.24941176470588242;2.624705882352941;4.0588235294117645;7.852941176470588
11286;zone58;5251.7403530303945;3502.549209042501;0.0;zone58;S01010313;16;654;529;356;[0.428571,0.285714,0.285714];[0.6,0.333333,0.066667];[0.433735,0.481928,0.084337];[0.739623,0.162264,0.098113];[0.648351648352,0.131868131868,0.175824175824,0.043956043956];1;565.0;0.109617915218;2142;96;0.2275;1.25;61.0725;36.5625;76.20750000000002;11.375;22.9375;21.1875;4.1625;0.0;3.27;0.14500000000000002;3.0824999999999996;0.4325000000000001;2.3475;5.5625;10.125
11286;zone59;4840.312157862589;3385.4448126102257;0.0;zone59;S01010314;21;1248;1034;550;[0.358209,0.507463,0.134328];[0.514493,0.333333,0.152174];[0.5,0.326923,0.173077];[0.636,0.324,0.04];[0.316901408451,0.133802816901,0.401408450704,0.147887323944];1;637.0;0.192402372167;1075;145;0.26666666666666666;1.4761904761904763;44.68952380952381;40.333333333333336;74.1695238095238;12.095238095238095;23.61904761904762;15.285714285714286;4.518095238095238;0.0;6.468571428571427;0.5676190476190477;1.222857142857143;0.3238095238095238;1.8133333333333337;6.476190476190476;12.333333333333334
11286;zone60;4536.293429266749;2504.1273706154316;0.0;zone60;S01010315;43;911;678;409;[0.180723,0.554217,0.26506];[0.252632,0.457895,0.289474];[0.208333,0.5,0.291667];[0.55144,0.345679,0.102881];[0.308176100629,0.169811320755,0.358490566038,0.163522012579];2;382.0;-0.100954860853;1612;351;0.31813953488372093;1.5348837209302326;51.80186046511627;44.48837209302326;71.93023255813955;9.651162790697674;22.906976744186046;17.6046511627907;4.552558139534882;0.0;3.740465116279069;0.00372093023255814;3.358139534883721;0.22790697674418606;2.35906976744186;5.744186046511628;11.069767441860465
11286;zone61;4589.6619547948285;2943.195659127726;0.0;zone61;S01010316;25;512;414;304;[0.392157,0.529412,0.078431];[0.62931,0.37069,0.0];[0.439024,0.560976,0.0];[0.775401,0.224599,0.0];[0.439252336449,0.102803738318,0.252336448598,0.205607476636];1;481.0;0.0128180141103;1417;195;0.2992;1.4;55.4384;43.36;75.25760000000002;10.52;22.68;19.24;4.6992;0.0;4.224;0.0832;3.335999999999999;0.32480000000000003;2.2912;5.84;11.88
11286;zone63;4421.5566371748755;3071.026327566895;0.0;zone63;S01010318;12;1588;1497;304;[0.5,0.456522,0.043478];[0.469799,0.47651,0.053691];[0.310345,0.37931,0.310345];[0.678571,0.285714,0.035714];[0.36,0.14,0.34,0.16];3;317.0;-0.175110645645;974;147;0.4766666666666667;1.8333333333333333;61.20333333333332;63.666666666666664;84.36;9.333333333333334;23.5;21.0;9.610000000000001;0.0;8.663333333333334;0.6433333333333335;0.81;0.27;1.653333333333333;7.25;19.25
11286;zone64;4173.240913470097;2893.8040771744095;0.0;zone64;S01010319;9;711;624;407;[0.258741,0.608392,0.132867];[0.383399,0.486166,0.130435];[0.439394,0.212121,0.348485];[0.530769,0.384615,0.084615];[0.171974522293,0.0700636942675,0.471337579618,0.286624203822];2;473.0;0.00423719084943;1487;59;0.2577777777777778;1.7777777777777777;48.27555555555556;40.22222222222222;67.87555555555555;10.0;22.22222222222222;15.88888888888889;5.257777777777779;0.0;2.6622222222222223;0.21333333333333335;1.9955555555555557;0.31555555555555553;1.8266666666666669;5.666666666666667;9.666666666666666
11286;zone65;3940.1918462749595;2900.8899784533987;0.0;zone65;S01010320;4;675;594;437;[0.257813,0.523438,0.21875];[0.61753,0.298805,0.083665];[0.526316,0.22807,0.245614];[0.805085,0.169492,0.025424];[0.172185430464,0.0662251655629,0.443708609272,0.317880794702];1;646.0;0.202453315259;1231;25;0.25;2.25;53.72;36.75;80.62;11.5;23.5;18.25;7.9;0.0;3.84;0.35;0.74;0.49;1.6199999999999999;11.0;12.5
11286;zone66;3905.8658739096163;2664.6669636212755;0.0;zone66;S01010321;7;837;634;432;[0.401709,0.555556,0.042735];[0.54717,0.433962,0.018868];[0.45122,0.439024,0.109756];[0.666667,0.271186,0.062147];[0.212328767123,0.0958904109589,0.390410958904,0.301369863014];1;1019.0;0.631764531736;1924;31;0.1657142857142857;3.0;61.011428571428574;25.142857142857142;80.08571428571429;11.0;22.142857142857142;21.142857142857142;2.765714285714286;0.0;3.2971428571428567;0.06285714285714286;1.514285714285714;0.33142857142857146;1.337142857142857;14.571428571428571;7.142857142857143
11286;zone67;3630.3978644730896;3132.1651121578075;0.0;zone67;S01010322;9;1028;914;549;[0.174419,0.549419,0.276163];[0.412399,0.471698,0.115903];[0.298507,0.38806,0.313433];[0.647059,0.323529,0.029412];[0.057268722467,0.0352422907489,0.449339207048,0.458149779736];5;124.0;-0.397569575369;1530;135;0.5777777777777777;1.7777777777777777;46.93333333333334;71.22222222222223;78.72;9.333333333333334;23.0;15.555555555555555;6.342222222222222;0.0;10.173333333333334;1.7555555555555555;2.1333333333333333;0.16444444444444448;1.3155555555555556;6.888888888888889;19.77777777777778
11286;zone68;6208.193116766784;3072.425066795916;0.0;zone68;S01010323;4;603;466;377;[0.555556,0.444444,0.0];[0.657143,0.271429,0.071429];[0.642857,0.321429,0.035714];[0.793651,0.166667,0.039683];[0.578431372549,0.166666666667,0.235294117647,0.0196078431373];1;970.0;0.57559463238;1077;16;0.16;1.0;54.769999999999996;34.5;75.88999999999999;12.25;24.75;19.0;8.360000000000001;0.0;1.37;0.06;1.6999999999999997;0.25;2.6100000000000003;4.0;10.75
11286;zone69;6517.651722029823;2240.572579661372;0.0;zone69;S01010324;6;759;566;403;[0.142857,0.571429,0.285714];[0.298077,0.490385,0.211538];[0.333333,0.530864,0.135802];[0.401674,0.414226,0.1841];[0.569620253165,0.101265822785,0.291139240506,0.0379746835443];1;407.0;-0.0721601679586;1464;25;0.16;0.6666666666666666;38.79333333333333;32.166666666666664;64.07333333333334;12.166666666666666;23.166666666666668;13.166666666666666;3.1599999999999997;0.0;1.96;0.0;3.4933333333333336;0.21333333333333337;2.9000000000000004;2.3333333333333335;8.0
11286;zone70;6038.016041009105;2402.8415869980217;0.0;zone70;S01010325;18;939;666;501;[0.263158,0.368421,0.368421];[0.383838,0.525253,0.090909];[0.253623,0.615942,0.130435];[0.451362,0.463035,0.085603];[0.545454545455,0.238636363636,0.193181818182,0.0227272727273];1;225.0;-0.281126582053;1628;97;0.20666666666666667;0.8333333333333334;41.126666666666665;41.22222222222222;66.1222222222222;11.777777777777779;22.444444444444443;14.0;3.0866666666666664;0.0;1.8555555555555554;0.0;5.502222222222223;0.5177777777777778;2.384444444444445;3.0555555555555554;9.833333333333334
11286;zone71;5272.359331052501;2740.775131541117;0.0;zone71;S01010326;39;987;707;494;[0.526316,0.368421,0.105263];[0.522523,0.333333,0.144144];[0.492188,0.3125,0.195313];[0.723514,0.224806,0.05168];[0.54375,0.16875,0.23125,0.05625];1;1389.0;1.05701743376;1010;284;0.27897435897435896;1.0512820512820513;51.722051282051275;40.46153846153846;71.41538461538461;10.743589743589743;22.641025641025642;17.512820512820515;2.8;0.0;5.8810256410256425;0.05128205128205128;2.6379487179487184;0.3764102564102565;2.483076923076923;4.615384615384615;10.846153846153847
11286;zone72;4970.167032608406;2501.795090448298;0.0;zone72;S01010327;34;982;660;362;[0.031746,0.507937,0.460317];[0.372881,0.432203,0.194915];[0.289063,0.328125,0.382813];[0.516892,0.347973,0.135135];[0.416184971098,0.21387283237,0.236994219653,0.132947976879];1;470.0;0.000335688704598;928;247;0.28;1.2352941176470589;50.75411764705882;43.55882352941177;70.66352941176469;8.970588235294118;23.0;17.323529411764707;3.195294117647059;0.0;7.759999999999999;0.0;1.628235294117647;0.30823529411764705;2.614117647058823;4.117647058823529;12.117647058823529
11286;zone73;5975.307390960257;2677.5485166167286;0.0;zone73;S01010328;24;969;706;445;[0.16129,0.5,0.33871];[0.27044,0.471698,0.257862];[0.192547,0.434783,0.372671];[0.338983,0.432203,0.228814];[0.309352517986,0.258992805755,0.280575539568,0.151079136691];2;457.0;-0.0138550124678;2081;226;0.36666666666666664;1.5416666666666667;48.07333333333333;49.083333333333336;70.89166666666668;9.458333333333334;22.791666666666668;16.458333333333332;5.571666666666668;0.0;2.7116666666666664;0.01333333333333333;4.631666666666666;0.26000000000000006;1.7866666666666668;5.458333333333333;12.458333333333334
11286;zone74;4421.847657862615;2232.0860934321454;0.0;zone74;S01010329;21;573;435;290;[0.368421,0.263158,0.368421];[0.341176,0.470588,0.188235];[0.255814,0.465116,0.27907];[0.52,0.354286,0.125714];[0.438356164384,0.191780821918,0.27397260274,0.0958904109589];2;105.0;-0.418628586414;1767;169;0.3161904761904762;0.6190476190476191;57.75238095238095;50.333333333333336;74.90666666666667;11.095238095238095;22.714285714285715;19.904761904761905;5.2876190476190486;0.0;4.373333333333332;0.03428571428571429;4.180952380952381;0.3104761904761905;2.65904761904762;2.761904761904762;13.285714285714286
