cycle;name;location.x;location.y;location.z;name;dataZone;nm_children;pop;over16;nm_hh;AB_car_prob;C1_car_prob;C2_car_prob;DE_car_prob;prob_social;simd;crimeRate;norm_crime;avg_dis_sh;neigh_play;daily_play_per_child;avg_FSA;avg_walk;daily_OD;zone_mvpa;mvpa_home;mvpa_sc;mvpa_road;mvpa_play_field;mvpa_home_garden;mvpa_park;mvpa_PG;mvpa_amenity;mvpa_shops;mvpa_F_home;mvpa_fsa;mvpa_OD
11286;zone0;8448.90275962388;2625.4515469546564;0.0;zone0;S01010195;19;531;390;212;[0.0,0.481481,0.518519];[0.261538,0.646154,0.092308];[0.12,0.59,0.29];[0.447368,0.368421,0.184211];[0.418918918919,0.283783783784,0.202702702703,0.0945945945946];1;0.0;-0.540229885057;1296;107;0.2231578947368421;1.5789473684210527;44.519999999999996;34.526315789473685;63.509473684210526;9.263157894736842;21.789473684210527;15.0;1.4694736842105265;0.0;4.1684210526315795;0.02526315789473684;2.6273684210526316;0.48000000000000004;1.5242105263157892;5.2631578947368425;7.842105263157895
11286;zone1;8656.736904000718;2165.9902346445633;0.0;zone1;S01010198;18;1027;748;394;[0.058824,0.529412,0.411765];[0.305785,0.561983,0.132231];[0.219858,0.496454,0.283688];[0.523179,0.331126,0.145695];[0.48623853211,0.229357798165,0.266055045872,0.0183486238532];1;1609.0;1.3102524676;1846;81;0.17333333333333334;1.8888888888888888;40.362222222222215;27.333333333333332;67.55555555555556;11.38888888888889;23.166666666666668;13.61111111111111;1.7466666666666668;0.0;2.393333333333333;0.01555555555555556;3.4288888888888893;0.3444444444444445;1.7977777777777777;7.833333333333333;7.055555555555555
11286;zone2;8537.588755655543;3024.028900129281;0.0;zone2;S01010201;22;643;453;253;[0.0,0.47619,0.52381];[0.270833,0.3125,0.416667];[0.088,0.48,0.432];[0.296552,0.434483,0.268966];[0.365853658537,0.292682926829,0.292682926829,0.0487804878049];2;219.0;-0.28762447053;1627;193;0.3327272727272727;1.0454545454545454;47.345454545454544;50.77272727272727;69.46363636363637;9.454545454545455;22.454545454545453;16.09090909090909;2.741818181818182;0.0;7.0672727272727265;0.07090909090909091;4.027272727272727;0.3490909090909092;2.456363636363636;3.1363636363636362;13.454545454545455
11286;zone3;8059.42097232239;3767.666522351409;0.0;zone3;S01010203;30;671;504;260;[0.090909,0.363636,0.545455];[0.263804,0.460123,0.276074];[0.094828,0.422414,0.482759];[0.183824,0.375,0.441176];[0.272727272727,0.218181818182,0.363636363636,0.145454545455];3;215.0;-0.292668818285;1941;169;0.22;1.3666666666666667;44.82800000000001;39.1;72.66133333333332;11.5;24.066666666666666;15.366666666666667;3.069333333333333;0.0;4.850666666666667;0.0;3.5480000000000014;0.30533333333333335;2.2759999999999994;5.933333333333334;11.033333333333333
11286;zone4;8368.288440296214;3565.498290652094;0.0;zone4;S01010204;30;800;589;381;[0.272727,0.727273,0.0];[0.627451,0.27451,0.098039];[0.444444,0.533333,0.022222];[0.600619,0.321981,0.077399];[0.595041322314,0.157024793388,0.239669421488,0.00826446280992];1;497.0;0.0317745673598;1362;169;0.21466666666666667;0.8;45.57599999999999;39.93333333333333;67.88666666666666;11.3;23.033333333333335;15.433333333333334;2.223999999999999;0.0;4.640000000000001;0.12133333333333333;3.577333333333333;0.4853333333333333;2.201333333333334;3.2;10.1
11286;zone5;8034.229745798958;3515.110462853287;0.0;zone5;S01010205;15;658;534;355;[0.411765,0.117647,0.470588];[0.465116,0.457364,0.077519];[0.317757,0.588785,0.093458];[0.593458,0.280374,0.126168];[0.466666666667,0.2,0.3,0.0333333333333];1;925.0;0.523434132086;1233;86;0.224;1.1333333333333333;42.61333333333334;36.46666666666667;68.53066666666665;11.266666666666667;23.266666666666666;14.666666666666666;3.5760000000000005;0.0;3.010666666666667;0.0;3.221333333333334;0.3146666666666667;2.797333333333334;4.533333333333333;9.4
11286;zone6;7457.064719570519;3739.055375726369;0.0;zone6;S01010208;18;903;745;565;[0.30137,0.589041,0.109589];[0.48062,0.457364,0.062016];[0.272727,0.613636,0.113636];[0.66055,0.270642,0.068807];[0.233333333333,0.133333333333,0.461111111111,0.172222222222];1;603.0;0.153385979085;1446;84;0.17555555555555555;0.8333333333333334;49.47555555555556;34.611111111111114;71.07777777777777;11.61111111111111;23.72222222222222;16.555555555555557;3.795555555555555;0.0;2.644444444444444;0.0;3.935555555555555;0.348888888888889;3.328888888888889;3.5;9.777777777777779
11286;zone7;7917.838214725937;1939.334458859395;0.0;zone7;S01010209;24;966;677;468;[0.172414,0.586207,0.241379];[0.333333,0.414966,0.251701];[0.381944,0.458333,0.159722];[0.545852,0.336245,0.117904];[0.337931034483,0.248275862069,0.303448275862,0.110344827586];1;2053.0;1.82052250092;1661;109;0.16833333333333333;2.125;51.278333333333336;27.375;69.74833333333333;10.041666666666666;22.5;17.625;0.8533333333333334;0.0;4.045;0.0;2.0233333333333334;0.3466666666666667;1.9483333333333333;8.541666666666666;6.458333333333333
11286;zone8;7878.406567747077;2721.2634132011362;0.0;zone8;S01010210;18;885;641;416;[0.173913,0.456522,0.369565];[0.21519,0.5,0.28481];[0.189781,0.386861,0.423358];[0.422111,0.442211,0.135678];[0.394736842105,0.236842105263,0.254385964912,0.114035087719];1;344.0;-0.144253829852;968;124;0.2688888888888889;1.9444444444444444;36.239999999999995;31.444444444444443;63.74222222222222;10.055555555555555;22.166666666666668;11.944444444444445;0.9600000000000001;0.0;4.313333333333334;0.0;2.7755555555555556;0.30000000000000004;1.9044444444444446;7.555555555555555;7.5
11286;zone9;7785.599648345685;3201.783800714137;0.0;zone9;S01010211;22;858;634;452;[0.147059,0.705882,0.147059];[0.384615,0.452991,0.162393];[0.469565,0.4,0.130435];[0.722656,0.226563,0.050781];[0.473214285714,0.169642857143,0.285714285714,0.0714285714286];1;430.0;-0.0456985893816;967;131;0.22727272727272727;1.2272727272727273;41.14181818181818;40.36363636363637;70.68545454545455;11.727272727272727;23.59090909090909;13.863636363636363;2.6381818181818186;0.0;5.46;0.0;3.62909090909091;0.2763636363636365;2.3309090909090906;5.409090909090909;11.227272727272727
11286;zone10;7580.688680869333;3097.127786881416;0.0;zone10;S01010212;49;1083;779;559;[0.233333,0.633333,0.133333];[0.594771,0.339869,0.065359];[0.465517,0.405172,0.12931];[0.712821,0.269231,0.017949];[0.566037735849,0.138364779874,0.22641509434,0.0691823899371];1;1473.0;1.15298517036;1287;333;0.2677551020408163;1.4081632653061225;55.22040816326529;40.224489795918366;71.98040816326528;9.612244897959183;22.755102040816325;19.0;2.1444897959183677;0.0;5.19265306122449;0.0073469387755102;3.299591836734695;0.2751020408163264;2.3102040816326532;5.73469387755102;10.142857142857142
11286;zone11;8065.177293237223;3111.5884965344962;0.0;zone11;S01010213;13;924;657;476;[0.105263,0.684211,0.210526];[0.382609,0.547826,0.069565];[0.218543,0.556291,0.225166];[0.467925,0.483019,0.049057];[0.451327433628,0.221238938053,0.274336283186,0.0530973451327];1;247.0;-0.255840453357;1072;78;0.23384615384615384;1.3076923076923077;32.73538461538461;39.76923076923077;69.24;12.076923076923077;23.692307692307693;11.153846153846153;1.5784615384615384;0.0;6.295384615384616;0.01846153846153846;4.363076923076923;0.4553846153846155;2.4000000000000004;5.538461538461538;11.692307692307692
11286;zone12;7144.994858230166;1947.4125453867302;0.0;zone12;S01010214;27;967;717;396;[0.098592,0.28169,0.619718];[0.197531,0.438272,0.364198];[0.173333,0.493333,0.333333];[0.237069,0.487069,0.275862];[0.361344537815,0.210084033613,0.310924369748,0.117647058824];3;176.0;-0.337854473183;1938;176;0.2474074074074074;1.1851851851851851;50.61333333333333;39.074074074074076;70.17185185185184;10.444444444444445;22.962962962962962;17.074074074074073;2.45925925925926;0.0;4.952592592592591;0.0;3.2740740740740737;0.314074074074074;2.4785185185185186;4.481481481481482;10.185185185185185
11286;zone13;7013.590150664996;2618.495528189446;0.0;zone13;S01010215;24;850;608;492;[0.571429,0.285714,0.142857];[0.5,0.431373,0.068627];[0.382609,0.391304,0.226087];[0.678571,0.269841,0.051587];[0.467289719626,0.140186915888,0.345794392523,0.0467289719626];1;547.0;0.0886083430805;622;160;0.25;0.875;38.93;40.208333333333336;66.84666666666666;11.25;23.416666666666668;13.208333333333334;2.213333333333333;0.0;3.4566666666666666;0.0;4.954999999999999;0.2816666666666667;2.8966666666666665;3.625;10.291666666666666
11286;zone14;7332.222205807836;2329.961970144465;0.0;zone14;S01010216;15;621;464;361;[0.6,0.4,0.0];[0.597701,0.356322,0.045977];[0.409091,0.439394,0.151515];[0.709544,0.273859,0.016598];[0.5,0.163265306122,0.265306122449,0.0714285714286];1;600.0;0.150092344085;1303;93;0.23466666666666666;0.8666666666666667;52.562666666666665;40.86666666666667;67.35733333333334;9.4;22.2;17.8;1.728;0.0;5.392;0.0;3.3439999999999994;0.33333333333333337;2.3013333333333335;3.066666666666667;9.866666666666667
11286;zone15;7299.833172322251;2625.8610945736937;0.0;zone15;S01010217;33;817;598;406;[0.16129,0.516129,0.322581];[0.565517,0.4,0.034483];[0.5,0.431373,0.068627];[0.702703,0.283784,0.013514];[0.541935483871,0.0967741935484,0.296774193548,0.0645161290323];1;1060.0;0.679274950851;1008;260;0.30424242424242426;1.3333333333333333;46.79757575757576;40.93939393939394;71.26060606060607;10.93939393939394;23.303030303030305;15.93939393939394;1.9878787878787878;0.0;5.373333333333336;0.0;3.8424242424242414;0.31757575757575757;2.687272727272727;5.242424242424242;10.696969696969697
11286;zone16;7142.953643082513;3018.5401822929393;0.0;zone16;S01010218;31;1018;790;587;[0.425532,0.404255,0.170213];[0.392523,0.453271,0.154206];[0.358209,0.492537,0.149254];[0.589124,0.335347,0.075529];[0.424657534247,0.109589041096,0.369863013699,0.0958904109589];1;557.0;0.101026678737;568;168;0.2064516129032258;1.1612903225806452;36.31741935483871;36.16129032258065;63.78709677419356;10.612903225806452;22.838709677419356;12.225806451612904;1.7819354838709676;0.0;2.88258064516129;0.0;4.095483870967741;0.3883870967741936;2.750967741935483;4.483870967741935;8.32258064516129
11286;zone17;6738.8937706128745;4298.8917997019325;0.0;zone17;S01010219;21;503;382;274;[0.695652,0.304348,0.0];[0.758621,0.215517,0.025862];[0.761905,0.166667,0.071429];[0.781609,0.195402,0.022989];[0.41935483871,0.0752688172043,0.408602150538,0.0967741935484];2;184.0;-0.327838932938;1543;158;0.2895238095238095;1.5238095238095237;61.22857142857145;41.285714285714285;75.36190476190477;9.80952380952381;22.761904761904763;21.142857142857142;4.121904761904763;0.0;5.441904761904762;0.03428571428571429;2.1828571428571433;0.29714285714285715;2.2057142857142864;5.666666666666667;11.285714285714286
11286;zone18;5915.780765415368;4211.222876105162;0.0;zone18;S01010220;7;476;433;279;[0.181159,0.608696,0.210145];[0.404255,0.531915,0.06383];[0.227273,0.704545,0.068182];[0.448276,0.482759,0.068966];[0.154545454545,0.0636363636364,0.318181818182,0.463636363636];5;267.0;-0.232306706325;1096;69;0.38285714285714284;1.8571428571428572;34.10285714285715;41.142857142857146;73.03428571428572;11.714285714285714;23.857142857142858;11.714285714285714;7.942857142857143;0.0;3.428571428571428;0.44;1.3942857142857144;0.3542857142857142;1.7257142857142855;8.571428571428571;12.857142857142858
11286;zone19;6341.0811208317455;3913.8398648988496;0.0;zone19;S01010221;13;546;394;260;[0.6,0.4,0.0];[0.557377,0.409836,0.032787];[0.538462,0.323077,0.138462];[0.699387,0.257669,0.042945];[0.609375,0.140625,0.203125,0.046875];1;635.0;0.19005459739;1019;47;0.13846153846153847;1.8461538461538463;54.3723076923077;24.076923076923077;73.77230769230769;11.923076923076923;23.846153846153847;18.307692307692307;3.3169230769230773;0.0;2.707692307692308;0.2492307692307692;1.2953846153846154;0.44615384615384623;1.9138461538461535;7.769230769230769;7.076923076923077
11286;zone20;7001.213463613622;4053.9957950241624;0.0;zone20;S01010222;15;492;414;285;[0.142857,0.5,0.357143];[0.432432,0.459459,0.108108];[0.348624,0.522936,0.12844];[0.747899,0.235294,0.016807];[0.345238095238,0.214285714286,0.309523809524,0.130952380952];1;377.0;-0.105830277325;1777;63;0.15733333333333333;2.2666666666666666;45.25866666666668;25.066666666666666;66.84266666666666;10.266666666666667;22.333333333333332;15.333333333333334;1.8826666666666667;0.0;2.482666666666666;0.0;1.7839999999999998;0.2826666666666667;1.7519999999999998;8.666666666666666;5.666666666666667
11286;zone21;6986.8418912765155;3434.1450308482026;0.0;zone21;S01010223;4;556;462;337;[0.076923,0.538462,0.384615];[0.567797,0.330508,0.101695];[0.472222,0.444444,0.083333];[0.584699,0.36612,0.04918];[0.432432432432,0.162162162162,0.324324324324,0.0810810810811];1;439.0;-0.0353356041414;1705;21;0.2;1.5;60.74;34.75;87.57;14.75;26.75;20.5;5.41;0.0;3.12;0.0;4.31;0.69;1.83;8.5;12.25
11286;zone22;6247.397837456437;3329.661273309237;0.0;zone22;S01010224;40;1036;727;469;[0.405405,0.540541,0.054054];[0.592593,0.274074,0.133333];[0.418803,0.504274,0.076923];[0.768421,0.202632,0.028947];[0.506097560976,0.140243902439,0.268292682927,0.0853658536585];1;1004.0;0.614259332793;973;210;0.202;1.325;45.4;32.275;69.24199999999999;11.325;23.575;15.425;5.128;0.0;2.327;0.078;1.5599999999999998;0.30599999999999994;2.33;5.55;8.6
11286;zone23;7827.985844039554;4105.4701191949;0.0;zone23;S01010225;33;812;636;431;[0.25,0.634615,0.115385];[0.469072,0.43299,0.097938];[0.54023,0.413793,0.045977];[0.672065,0.234818,0.093117];[0.385185185185,0.125925925926,0.325925925926,0.162962962963];1;1006.0;0.616572011517;1621;184;0.21696969696969698;1.2121212121212122;53.99151515151515;34.54545454545455;69.37090909090908;10.181818181818182;22.818181818181817;18.484848484848484;2.047272727272728;0.0;4.494545454545455;0.00848484848484849;2.9333333333333336;0.3175757575757575;2.341818181818182;4.03030303030303;9.0
11286;zone24;7040.363001382077;4481.052780471187;0.0;zone24;S01010226;40;816;565;394;[0.454545,0.242424,0.30303];[0.715385,0.2,0.084615];[0.540541,0.405405,0.054054];[0.766917,0.18797,0.045113];[0.503355704698,0.201342281879,0.221476510067,0.0738255033557];2;422.0;-0.0548014077425;1236;464;0.447;0.75;49.25499999999999;58.6;75.362;10.025;23.125;16.725;7.086;0.0;7.947;0.06899999999999999;2.5949999999999998;0.29300000000000004;2.7469999999999994;2.925;17.15
11286;zone25;6847.772309074456;4638.663588163389;0.0;zone25;S01010227;39;692;454;294;[0.413793,0.413793,0.172414];[0.704545,0.238636,0.056818];[0.654545,0.345455,0.0];[0.810606,0.159091,0.030303];[0.672268907563,0.0924369747899,0.159663865546,0.0756302521008];4;0.0;-0.540229885057;948;617;0.6061538461538462;1.1282051282051282;50.77948717948717;77.92307692307692;82.39794871794871;9.179487179487179;23.0;17.153846153846153;9.49948717948718;0.0;11.81846153846154;0.11076923076923077;2.715897435897436;0.3046153846153846;2.416410256410256;4.461538461538462;23.641025641025642
11286;zone26;8241.816993110848;4572.457656401622;0.0;zone26;S01010229;30;1016;787;508;[0.1,0.625,0.275];[0.350877,0.350877,0.298246];[0.348315,0.477528,0.174157];[0.565217,0.310559,0.124224];[0.420731707317,0.213414634146,0.292682926829,0.0731707317073];1;395.0;-0.0859445809966;1190;158;0.19866666666666666;1.4333333333333333;46.85066666666667;28.7;67.63066666666667;10.8;22.9;15.766666666666667;2.030666666666667;0.0;3.2133333333333325;0.05466666666666667;2.5653333333333332;0.37733333333333335;2.253333333333333;5.9;7.366666666666666
11286;zone27;7458.320056766788;4680.341251240345;0.0;zone27;S01010230;24;1005;772;577;[0.314286,0.628571,0.057143];[0.703883,0.296117,0.0];[0.727273,0.218182,0.054545];[0.71831,0.24507,0.03662];[0.517857142857,0.136904761905,0.267857142857,0.077380952381];1;846.0;0.433218203459;1016;140;0.21833333333333332;1.2916666666666667;41.55833333333333;36.416666666666664;68.40166666666669;10.625;23.208333333333332;14.0;3.4916666666666667;0.0;4.8983333333333325;0.0;2.4133333333333336;0.30666666666666675;2.6133333333333333;4.916666666666667;10.291666666666666
11286;zone28;7569.802990100143;4917.458811240416;0.0;zone28;S01010232;37;1074;792;485;[0.457143,0.485714,0.057143];[0.557292,0.338542,0.104167];[0.492063,0.333333,0.174603];[0.654229,0.251244,0.094527];[0.470297029703,0.153465346535,0.306930693069,0.0693069306931];1;771.0;0.347049794199;897;254;0.2637837837837838;1.0;46.08108108108108;43.432432432432435;71.24108108108108;11.108108108108109;23.45945945945946;15.621621621621621;2.7491891891891895;0.0;5.47891891891892;0.13513513513513514;3.9221621621621616;0.42918918918918914;2.794594594594595;3.972972972972973;11.864864864864865
11286;zone29;7830.713068379679;4879.746446724283;0.0;zone29;S01010233;33;970;705;476;[0.275,0.625,0.1];[0.655629,0.245033,0.099338];[0.52809,0.426966,0.044944];[0.771505,0.212366,0.016129];[0.587209302326,0.093023255814,0.261627906977,0.0581395348837];1;284.0;-0.213781821634;1208;213;0.24848484848484848;0.8787878787878788;51.21333333333333;39.18181818181818;69.37818181818182;10.696969696969697;23.09090909090909;17.393939393939394;2.082424242424242;0.0;3.7878787878787876;0.02303030303030303;3.663030303030303;0.31757575757575757;2.789090909090909;3.9393939393939394;9.030303030303031
11286;zone30;6473.383843181837;4954.519765957263;0.0;zone30;S01010261;6;2551;2373;526;[0.666667,0.270833,0.0625];[0.675841,0.281346,0.042813];[0.75,0.25,0.0];[0.824468,0.164894,0.010638];[0.41,0.06,0.41,0.12];3;176.0;-0.337679921334;1337;43;0.26666666666666666;0.6666666666666666;54.43333333333334;46.666666666666664;71.71333333333332;12.166666666666666;23.833333333333332;18.166666666666668;2.893333333333333;0.0;2.74;0.11333333333333333;6.02;0.6;1.7;2.1666666666666665;11.333333333333334
11286;zone31;4930.642193689802;4959.449818932565;0.0;zone31;S01010266;3;555;474;237;[0.320755,0.556604,0.122642];[0.677273,0.254545,0.068182];[0.5,0.461538,0.038462];[0.534247,0.30137,0.164384];[0.141176470588,0.0588235294118,0.4,0.4];3;536.0;0.0761386922126;1226;14;0.17333333333333334;1.6666666666666667;49.84;43.0;74.93333333333334;11.333333333333334;23.666666666666668;17.333333333333332;3.56;0.0;1.4400000000000002;1.2533333333333334;4.933333333333334;0.4133333333333334;2.1466666666666665;7.0;10.666666666666666
11286;zone32;5712.5549897826;4979.400336637217;0.0;zone32;S01010270;4;1153;972;817;[0.389831,0.533898,0.076271];[0.70255,0.252125,0.045326];[0.714286,0.272727,0.012987];[0.771552,0.228448,0.0];[0.125,0.0909090909091,0.454545454545,0.329545454545];1;871.0;0.461200629557;1594;23;0.23;1.75;56.00000000000001;36.75;71.21;10.5;23.0;19.0;1.63;0.0;1.58;0.0;4.98;0.3;1.9100000000000001;6.5;7.75
11286;zone33;3394.0723536088512;4934.677182292946;0.0;zone33;S01010282;13;976;841;645;[0.438776,0.520408,0.040816];[0.545732,0.405488,0.04878];[0.521277,0.382979,0.095745];[0.712707,0.232044,0.055249];[0.190954773869,0.070351758794,0.35175879397,0.386934673367];2;350.0;-0.137812028107;1403;56;0.16307692307692306;1.3076923076923077;53.36000000000001;31.307692307692307;72.47692307692307;11.538461538461538;23.692307692307693;17.923076923076923;1.6892307692307693;0.0;5.335384615384616;0.5076923076923078;1.8123076923076922;0.24615384615384617;2.1323076923076925;5.846153846153846;8.923076923076923
11286;zone34;4385.789287498423;4835.237486850067;0.0;zone34;S01010289;15;771;687;380;[0.130952,0.511905,0.357143];[0.262911,0.502347,0.234742];[0.178571,0.464286,0.357143];[0.410256,0.435897,0.153846];[0.058064516129,0.0322580645161,0.245161290323,0.664516129032];5;259.0;-0.241396294863;1422;190;0.49066666666666664;2.066666666666667;54.65599999999999;62.93333333333333;70.95466666666668;7.533333333333333;21.733333333333334;18.8;3.370666666666666;0.0;5.656000000000001;1.6746666666666667;2.818666666666667;0.10666666666666667;1.3173333333333335;6.0;13.066666666666666
11286;zone35;4401.5375624188455;4669.062022109911;0.0;zone35;S01010290;13;546;485;278;[0.198198,0.603604,0.198198];[0.485944,0.449799,0.064257];[0.555556,0.444444,0.0];[0.435897,0.512821,0.051282];[0.10752688172,0.0430107526882,0.494623655914,0.354838709677];3;353.0;-0.133686757747;1092;155;0.46153846153846156;2.3076923076923075;53.138461538461534;57.53846153846154;86.56615384615384;11.076923076923077;24.307692307692307;18.615384615384617;4.193846153846154;0.0;8.390769230769232;1.003076923076923;4.289230769230769;0.3169230769230769;1.2092307692307693;11.615384615384615;17.23076923076923
11286;zone36;4119.983651650423;4281.100418217042;0.0;zone36;S01010291;12;1075;975;481;[0.405594,0.447552,0.146853];[0.627907,0.277132,0.094961];[0.415094,0.433962,0.150943];[0.562963,0.325926,0.111111];[0.197080291971,0.0729927007299,0.445255474453,0.284671532847];3;438.0;-0.0363924713322;911;130;0.41;1.0;51.356666666666676;68.16666666666667;73.52333333333333;8.666666666666666;22.5;17.416666666666668;4.08;0.0;11.57;0.9599999999999999;1.75;0.24;1.7799999999999996;2.9166666666666665;18.0
11286;zone37;4399.731076226201;4291.6703625917;0.0;zone37;S01010292;10;890;831;409;[0.348214,0.508929,0.142857];[0.477169,0.420091,0.10274];[0.339286,0.446429,0.214286];[0.55814,0.383721,0.05814];[0.128378378378,0.0540540540541,0.398648648649,0.418918918919];4;323.0;-0.168488563048;851;108;0.416;1.5;46.69199999999999;56.3;70.73599999999999;8.3;21.8;15.9;5.872000000000001;0.0;6.696;0.6679999999999999;1.7279999999999998;0.316;1.34;5.9;14.5
11286;zone38;4514.690807242894;4541.15458266895;0.0;zone38;S01010293;16;839;723;373;[0.51773,0.35461,0.12766];[0.635389,0.262735,0.101877];[0.446809,0.319149,0.234043];[0.514286,0.392857,0.092857];[0.242424242424,0.0606060606061,0.393939393939,0.30303030303];3;290.0;-0.205814991507;1097;228;0.5425;1.125;58.18750000000001;67.75;77.4325;9.3125;22.6875;20.0;3.9675;0.0;9.280000000000001;1.0174999999999998;3.1700000000000004;0.35250000000000004;1.975;3.875;16.875
11286;zone39;4541.7482834333705;4418.565122351524;0.0;zone39;S01010294;13;690;631;275;[0.242105,0.526316,0.231579];[0.650873,0.214464,0.134663];[0.583333,0.208333,0.208333];[0.414894,0.489362,0.095745];[0.164835164835,0.043956043956,0.494505494505,0.296703296703];4;440.0;-0.0342259463805;1094;185;0.5507692307692308;1.9230769230769231;56.20615384615384;64.84615384615384;77.12615384615384;8.692307692307692;22.307692307692307;19.384615384615383;4.710769230769231;0.0;5.923076923076922;0.9600000000000001;4.350769230769231;0.10769230769230768;1.2769230769230768;7.3076923076923075;15.384615384615385
11286;zone40;4766.8646917667475;4574.50133624035;0.0;zone40;S01010295;18;974;870;427;[0.384615,0.391026,0.224359];[0.604555,0.310559,0.084886];[0.428571,0.285714,0.285714];[0.390728,0.516556,0.092715];[0.212765957447,0.113475177305,0.297872340426,0.375886524823];4;529.0;0.0680145754747;1410;197;0.4222222222222222;2.3333333333333335;57.411111111111104;54.72222222222222;76.26666666666665;9.38888888888889;22.444444444444443;19.555555555555557;5.037777777777778;0.0;4.702222222222223;0.8577777777777776;2.6911111111111112;0.2488888888888889;1.2022222222222223;8.444444444444445;12.777777777777779
11286;zone41;4647.752341766679;4736.091736240359;0.0;zone41;S01010296;16;664;560;291;[0.294118,0.423529,0.282353];[0.520913,0.368821,0.110266];[0.375,0.375,0.25];[0.475524,0.391608,0.132867];[0.282828282828,0.111111111111,0.363636363636,0.242424242424];2;856.0;0.444094443477;1306;148;0.3525;1.0625;35.1;48.0;65.53;10.375;22.75;11.9375;2.8750000000000004;0.0;4.4675;1.5625000000000002;3.0825;0.38250000000000006;2.1650000000000005;4.1875;11.375
11286;zone42;5522.849421766708;4411.996091240393;0.0;zone42;S01010297;7;1066;894;676;[0.582609,0.382609,0.034783];[0.691824,0.245283,0.062893];[0.540541,0.333333,0.126126];[0.681275,0.270916,0.047809];[0.260563380282,0.140845070423,0.37323943662,0.225352112676];1;504.0;0.0391758595379;711;43;0.24;1.5714285714285714;26.697142857142858;33.0;54.440000000000005;9.285714285714286;21.571428571428573;8.428571428571429;2.2171428571428575;0.0;1.1771428571428573;0.4571428571428572;2.7600000000000002;0.18857142857142858;2.1714285714285713;4.428571428571429;6.0
11286;zone43;4706.481893689814;4143.807995855712;0.0;zone43;S01010298;12;880;677;515;[0.308943,0.479675,0.211382];[0.581395,0.356589,0.062016];[0.539683,0.396825,0.063492];[0.744828,0.193103,0.062069];[0.227272727273,0.0984848484848,0.371212121212,0.30303030303];1;486.0;0.0190902878356;1148;80;0.24666666666666667;0.8333333333333334;38.96666666666666;39.166666666666664;66.98;11.666666666666666;23.166666666666668;13.0;4.21;0.0;4.069999999999999;0.9266666666666667;1.8633333333333333;0.38000000000000006;2.1699999999999995;3.8333333333333335;10.583333333333334
11286;zone44;4885.424673909578;4209.645754097502;0.0;zone44;S01010299;4;536;404;292;[0.3,0.54,0.16];[0.556701,0.340206,0.103093];[0.458333,0.520833,0.020833];[0.584906,0.283019,0.132075];[0.428571428571,0.0857142857143,0.285714285714,0.2];1;375.0;-0.10827530326;722;40;0.39;1.25;41.14;47.25;77.11;13.75;25.5;14.25;7.1499999999999995;0.0;2.31;0.9099999999999999;4.25;0.39999999999999997;2.75;4.25;14.0
11286;zone45;4883.397012115578;4340.414778682246;0.0;zone45;S01010300;21;934;764;478;[0.460784,0.411765,0.127451];[0.664653,0.238671,0.096677];[0.632353,0.323529,0.044118];[0.606383,0.329787,0.06383];[0.3046875,0.125,0.3515625,0.21875];2;513.0;0.0498225801839;604;203;0.37523809523809526;1.6666666666666667;42.93714285714286;46.714285714285715;75.93714285714287;11.285714285714286;23.904761904761905;14.666666666666666;5.253333333333335;0.0;3.289523809523809;0.8076190476190475;4.078095238095238;0.37714285714285717;2.318095238095238;8.047619047619047;12.904761904761905
11286;zone46;5144.66081966521;4032.769083704074;0.0;zone46;S01010301;6;522;457;283;[0.292683,0.597561,0.109756];[0.57563,0.315126,0.109244];[0.222222,0.703704,0.074074];[0.561798,0.393258,0.044944];[0.214285714286,0.0612244897959,0.459183673469,0.265306122449];4;490.0;0.0232745011966;1432;109;0.6933333333333334;1.0;44.53333333333333;79.0;79.00000000000001;10.333333333333334;23.166666666666668;15.333333333333334;11.1;0.0;2.9;1.2000000000000002;5.44;0.16;2.9333333333333336;4.333333333333333;20.166666666666668
11286;zone47;5165.568789180556;4297.038752619699;0.0;zone47;S01010302;24;669;495;388;[0.65625,0.28125,0.0625];[0.6,0.356522,0.043478];[0.716981,0.226415,0.056604];[0.801802,0.18018,0.018018];[0.582417582418,0.0769230769231,0.263736263736,0.0769230769231];1;392.0;-0.0896499889057;1190;216;0.3516666666666667;1.5416666666666667;54.105;45.333333333333336;72.33000000000003;10.291666666666666;22.75;18.583333333333332;4.860000000000001;0.0;1.8733333333333333;0.5883333333333335;3.2150000000000003;0.30000000000000004;2.29;5.875;10.041666666666666
11286;zone48;5241.140616766716;4139.402270499609;0.0;zone48;S01010303;33;579;387;250;[0.692308,0.153846,0.153846];[0.56701,0.298969,0.134021];[0.630435,0.282609,0.086957];[0.658879,0.285047,0.056075];[0.58407079646,0.106194690265,0.274336283186,0.0353982300885];1;415.0;-0.0627120940391;1720;342;0.3987878787878788;1.2121212121212122;48.361212121212134;49.42424242424242;70.47393939393938;9.363636363636363;22.333333333333332;16.424242424242426;8.207272727272727;0.0;1.7018181818181815;0.5503030303030303;2.2799999999999994;0.32;2.7187878787878783;4.848484848484849;12.272727272727273
11286;zone49;4853.647576226233;3833.123065294377;0.0;zone49;S01010304;12;542;456;332;[0.323529,0.514706,0.161765];[0.635135,0.25,0.114865];[0.477273,0.522727,0.0];[0.829268,0.109756,0.060976];[0.372340425532,0.0425531914894,0.297872340426,0.287234042553];1;804.0;0.384523850516;1986;80;0.25333333333333335;2.0833333333333335;74.85333333333334;37.5;79.85333333333332;9.75;22.75;26.166666666666668;4.833333333333333;0.0;2.333333333333333;0.5866666666666667;2.1766666666666663;0.2966666666666667;2.003333333333333;7.166666666666667;9.5
11286;zone50;4697.410406890209;3639.1027396354093;0.0;zone50;S01010305;7;807;694;478;[0.36036,0.468468,0.171171];[0.553191,0.33617,0.110638];[0.409639,0.301205,0.289157];[0.589888,0.337079,0.073034];[0.198529411765,0.0735294117647,0.382352941176,0.345588235294];1;223.0;-0.28282788147;596;52;0.2857142857142857;1.8571428571428572;42.57142857142857;42.285714285714285;67.96000000000001;9.714285714285714;22.285714285714285;14.142857142857142;6.388571428571429;0.0;2.2399999999999998;0.5028571428571429;0.7714285714285714;0.49142857142857144;1.577142857142857;7.857142857142857;9.285714285714286
11286;zone51;4591.3082521834585;3868.367573740388;0.0;zone51;S01010306;13;752;675;449;[0.35625,0.56875,0.075];[0.570588,0.355882,0.073529];[0.283019,0.566038,0.150943];[0.650943,0.330189,0.018868];[0.165680473373,0.0473372781065,0.479289940828,0.307692307692];2;238.0;-0.265781391166;869;140;0.40923076923076923;1.4615384615384615;48.74461538461538;52.84615384615385;79.92307692307692;11.538461538461538;23.923076923076923;16.615384615384617;9.061538461538461;0.0;4.667692307692307;1.12;0.803076923076923;0.1876923076923077;2.3999999999999995;7.846153846153846;15.153846153846153
11286;zone52;4503.72067559025;3742.2957906521283;0.0;zone52;S01010307;9;821;732;428;[0.189922,0.577519,0.232558];[0.407407,0.487654,0.104938];[0.346154,0.538462,0.115385];[0.71875,0.234375,0.046875];[0.0681818181818,0.0568181818182,0.375,0.5];5;319.0;-0.172537833795;455;155;0.6622222222222223;1.8888888888888888;50.91555555555555;91.0;90.78666666666666;10.0;24.11111111111111;17.333333333333332;14.226666666666667;0.0;5.635555555555555;4.573333333333334;2.217777777777778;0.14666666666666667;1.5333333333333334;9.222222222222221;26.22222222222222
11286;zone53;4364.519870735056;4047.768725526131;0.0;zone53;S01010308;9;975;858;480;[0.285714,0.54007,0.174216];[0.511936,0.384615,0.103448];[0.254902,0.411765,0.333333];[0.648352,0.307692,0.043956];[0.0970873786408,0.0631067961165,0.359223300971,0.480582524272];4;257.0;-0.244477582955;1361;120;0.5111111111111111;1.6666666666666667;58.702222222222225;65.77777777777777;78.27555555555553;8.0;22.11111111111111;20.333333333333332;9.173333333333334;0.0;4.742222222222222;1.591111111111111;2.1288888888888895;0.18222222222222223;2.017777777777778;6.0;17.11111111111111
11286;zone54;5381.88771051669;3636.3205112402793;0.0;zone54;S01010309;4;419;356;264;[0.333333,0.25,0.416667];[0.478873,0.422535,0.098592];[0.352941,0.382353,0.264706];[0.705882,0.24183,0.052288];[0.365853658537,0.170731707317,0.390243902439,0.0731707317073];1;0.0;-0.540229885057;2153;20;0.17;1.25;45.379999999999995;31.5;63.17;10.25;22.0;15.5;5.2700000000000005;0.0;1.83;0.16999999999999998;1.1300000000000001;0.21;1.57;4.0;8.0
11286;zone55;5657.373406240428;3625.6586165034923;0.0;zone55;S01010310;13;706;540;381;[0.333333,0.238095,0.428571];[0.565517,0.337931,0.096552];[0.54902,0.27451,0.176471];[0.715415,0.256917,0.027668];[0.484848484848,0.151515151515,0.318181818182,0.0454545454545];1;574.0;0.120406534162;845;64;0.19076923076923077;1.3076923076923077;46.65846153846154;36.07692307692308;65.01538461538462;10.0;22.384615384615383;15.692307692307692;3.166153846153846;0.0;1.984615384615385;1.4;1.606153846153846;0.34769230769230774;2.1507692307692308;4.461538461538462;7.615384615384615
11286;zone56;5685.425126382168;3318.6970593171873;0.0;zone56;S01010311;22;721;556;351;[0.411765,0.352941,0.235294];[0.472222,0.453704,0.074074];[0.571429,0.404762,0.02381];[0.717949,0.271062,0.010989];[0.565217391304,0.121739130435,0.269565217391,0.0434782608696];1;1534.0;1.22364271569;1642;123;0.21636363636363637;1.6818181818181819;60.178181818181834;35.72727272727273;72.25454545454544;9.636363636363637;22.40909090909091;20.363636363636363;3.0909090909090917;0.0;3.136363636363637;0.3654545454545455;2.765454545454545;0.38181818181818183;1.8381818181818181;6.5;8.909090909090908
11286;zone57;5466.52613028024;3072.1402274564575;0.0;zone57;S01010312;34;868;647;425;[0.117647,0.823529,0.058824];[0.754386,0.22807,0.017544];[0.407407,0.444444,0.148148];[0.804945,0.153846,0.041209];[0.586956521739,0.115942028986,0.268115942029,0.0289855072464];1;685.0;0.247477927043;1651;165;0.18588235294117647;1.0294117647058822;57.71764705882353;31.558823529411764;68.42235294117648;10.147058823529411;22.61764705882353;19.764705882352942;2.3305882352941176;0.0;2.782352941176471;0.11411764705882356;2.536470588235294;0.3705882352941176;2.514117647058823;3.6470588235294117;7.294117647058823
11286;zone58;5251.7403530303945;3502.549209042501;0.0;zone58;S01010313;16;654;529;356;[0.428571,0.285714,0.285714];[0.6,0.333333,0.066667];[0.433735,0.481928,0.084337];[0.739623,0.162264,0.098113];[0.648351648352,0.131868131868,0.175824175824,0.043956043956];1;565.0;0.109617915218;2142;107;0.2525;0.875;68.48;46.5625;80.025;10.875;23.875;23.5625;5.504999999999999;0.0;3.4699999999999998;0.49;4.4475;0.275;2.6675000000000004;3.1875;13.375
11286;zone59;4840.312157862589;3385.4448126102257;0.0;zone59;S01010314;21;1248;1034;550;[0.358209,0.507463,0.134328];[0.514493,0.333333,0.152174];[0.5,0.326923,0.173077];[0.636,0.324,0.04];[0.316901408451,0.133802816901,0.401408450704,0.147887323944];1;637.0;0.192402372167;1164;158;0.29523809523809524;0.9523809523809523;44.18666666666667;44.285714285714285;72.46666666666667;11.428571428571429;23.80952380952381;15.0;7.550476190476191;0.0;4.373333333333334;0.6552380952380952;1.243809523809524;0.3961904761904761;2.4152380952380947;3.857142857142857;13.285714285714286
11286;zone60;4536.293429266749;2504.1273706154316;0.0;zone60;S01010315;43;911;678;409;[0.180723,0.554217,0.26506];[0.252632,0.457895,0.289474];[0.208333,0.5,0.291667];[0.55144,0.345679,0.102881];[0.308176100629,0.169811320755,0.358490566038,0.163522012579];2;382.0;-0.100954860853;1604;358;0.31906976744186044;1.6511627906976745;49.51906976744186;44.395348837209305;70.82976744186045;9.720930232558139;22.53488372093023;17.046511627906977;3.40186046511628;0.0;4.207441860465116;0.00744186046511628;3.5646511627906983;0.29116279069767437;1.6911627906976745;6.651162790697675;10.69767441860465
11286;zone61;4589.6619547948285;2943.195659127726;0.0;zone61;S01010316;25;512;414;304;[0.392157,0.529412,0.078431];[0.62931,0.37069,0.0];[0.439024,0.560976,0.0];[0.775401,0.224599,0.0];[0.439252336449,0.102803738318,0.252336448598,0.205607476636];1;481.0;0.0128180141103;1417;206;0.3168;1.36;56.265600000000006;43.6;75.0064;10.4;23.04;19.24;4.163200000000001;0.0;4.1792;0.16;3.36;0.37120000000000003;2.1936;6.12;11.4
11286;zone63;4421.5566371748755;3071.026327566895;0.0;zone63;S01010318;12;1588;1497;304;[0.5,0.456522,0.043478];[0.469799,0.47651,0.053691];[0.310345,0.37931,0.310345];[0.678571,0.285714,0.035714];[0.36,0.14,0.34,0.16];3;317.0;-0.175110645645;1045;176;0.5566666666666666;0.75;62.319999999999986;72.91666666666667;83.2;8.916666666666666;23.333333333333332;21.416666666666668;11.99;0.0;7.726666666666667;0.8666666666666667;1.2166666666666666;0.23;2.946666666666667;2.9166666666666665;21.166666666666668
11286;zone64;4173.240913470097;2893.8040771744095;0.0;zone64;S01010319;9;711;624;407;[0.258741,0.608392,0.132867];[0.383399,0.486166,0.130435];[0.439394,0.212121,0.348485];[0.530769,0.384615,0.084615];[0.171974522293,0.0700636942675,0.471337579618,0.286624203822];2;473.0;0.00423719084943;1453;73;0.3022222222222222;1.3333333333333333;44.53333333333333;45.0;67.13777777777779;9.88888888888889;22.22222222222222;15.555555555555555;3.8844444444444446;0.0;3.3644444444444446;0.21333333333333332;3.6755555555555555;0.24000000000000002;1.862222222222222;4.222222222222222;10.666666666666666
11286;zone65;3940.1918462749595;2900.8899784533987;0.0;zone65;S01010320;4;675;594;437;[0.257813,0.523438,0.21875];[0.61753,0.298805,0.083665];[0.526316,0.22807,0.245614];[0.805085,0.169492,0.025424];[0.172185430464,0.0662251655629,0.443708609272,0.317880794702];1;646.0;0.202453315259;1199;17;0.17;2.0;39.92;36.0;76.21000000000001;11.75;25.0;13.25;7.780000000000001;0.0;1.76;0.5700000000000001;1.56;0.29;2.78;9.75;11.0
11286;zone66;3905.8658739096163;2664.6669636212755;0.0;zone66;S01010321;7;837;634;432;[0.401709,0.555556,0.042735];[0.54717,0.433962,0.018868];[0.45122,0.439024,0.109756];[0.666667,0.271186,0.062147];[0.212328767123,0.0958904109589,0.390410958904,0.301369863014];1;1019.0;0.631764531736;1937;42;0.22857142857142856;2.2857142857142856;54.17714285714287;33.857142857142854;78.24;11.428571428571429;23.714285714285715;18.428571428571427;3.5942857142857143;0.0;3.5828571428571427;0.04571428571428571;2.565714285714286;0.2685714285714286;1.942857142857143;11.0;9.428571428571429
11286;zone67;3630.3978644730896;3132.1651121578075;0.0;zone67;S01010322;9;1028;914;549;[0.174419,0.549419,0.276163];[0.412399,0.471698,0.115903];[0.298507,0.38806,0.313433];[0.647059,0.323529,0.029412];[0.057268722467,0.0352422907489,0.449339207048,0.458149779736];5;124.0;-0.397569575369;1537;126;0.5333333333333333;1.4444444444444444;42.71555555555556;64.88888888888889;74.83111111111113;9.555555555555555;23.333333333333332;14.333333333333334;7.55111111111111;0.0;6.902222222222222;1.0844444444444443;2.795555555555555;0.28;1.3377777777777777;5.888888888888889;17.88888888888889
11286;zone68;6208.193116766784;3072.425066795916;0.0;zone68;S01010323;4;603;466;377;[0.555556,0.444444,0.0];[0.657143,0.271429,0.071429];[0.642857,0.321429,0.035714];[0.793651,0.166667,0.039683];[0.578431372549,0.166666666667,0.235294117647,0.0196078431373];1;970.0;0.57559463238;1077;20;0.2;0.25;54.89;43.25;74.44;11.75;24.25;19.0;9.3;0.0;2.58;0.0;1.4700000000000002;0.42000000000000004;3.2200000000000006;1.0;12.75
11286;zone69;6517.651722029823;2240.572579661372;0.0;zone69;S01010324;6;759;566;403;[0.142857,0.571429,0.285714];[0.298077,0.490385,0.211538];[0.333333,0.530864,0.135802];[0.401674,0.414226,0.1841];[0.569620253165,0.101265822785,0.291139240506,0.0379746835443];1;407.0;-0.0721601679586;1452;36;0.24;0.3333333333333333;41.23333333333333;43.333333333333336;67.16666666666667;11.0;23.333333333333332;14.0;2.3733333333333335;0.0;2.393333333333333;0.0;6.5;0.4466666666666667;3.1599999999999997;2.1666666666666665;10.833333333333334
11286;zone70;6038.016041009105;2402.8415869980217;0.0;zone70;S01010325;18;939;666;501;[0.263158,0.368421,0.368421];[0.383838,0.525253,0.090909];[0.253623,0.615942,0.130435];[0.451362,0.463035,0.085603];[0.545454545455,0.238636363636,0.193181818182,0.0227272727273];1;225.0;-0.281126582053;1693;94;0.20444444444444446;1.2222222222222223;39.41111111111111;33.111111111111114;67.47777777777777;12.055555555555555;23.444444444444443;13.333333333333334;3.046666666666667;0.0;1.0;0.0;4.4044444444444455;0.42000000000000004;2.537777777777778;5.722222222222222;8.0
11286;zone71;5272.359331052501;2740.775131541117;0.0;zone71;S01010326;39;987;707;494;[0.526316,0.368421,0.105263];[0.522523,0.333333,0.144144];[0.492188,0.3125,0.195313];[0.723514,0.224806,0.05168];[0.54375,0.16875,0.23125,0.05625];1;1389.0;1.05701743376;1010;261;0.25743589743589745;1.205128205128205;51.800000000000004;38.46153846153846;72.46461538461537;10.871794871794872;23.0;17.871794871794872;3.340512820512821;0.0;6.013333333333333;0.05435897435897436;2.2020512820512828;0.3784615384615385;2.306666666666667;4.666666666666667;11.102564102564102
11286;zone72;4970.167032608406;2501.795090448298;0.0;zone72;S01010327;34;982;660;362;[0.031746,0.507937,0.460317];[0.372881,0.432203,0.194915];[0.289063,0.328125,0.382813];[0.516892,0.347973,0.135135];[0.416184971098,0.21387283237,0.236994219653,0.132947976879];1;470.0;0.000335688704598;928;236;0.2635294117647059;1.2941176470588236;43.160000000000004;37.94117647058823;65.91764705882353;9.735294117647058;22.08823529411765;14.617647058823529;2.367058823529412;0.0;6.46470588235294;0.01411764705882353;1.4905882352941175;0.2929411764705883;2.1223529411764703;4.882352941176471;9.970588235294118
11286;zone73;5975.307390960257;2677.5485166167286;0.0;zone73;S01010328;24;969;706;445;[0.16129,0.5,0.33871];[0.27044,0.471698,0.257862];[0.192547,0.434783,0.372671];[0.338983,0.432203,0.228814];[0.309352517986,0.258992805755,0.280575539568,0.151079136691];2;457.0;-0.0138550124678;1905;199;0.3233333333333333;1.5;48.72;48.625;70.22833333333331;9.458333333333334;22.5;16.541666666666668;5.105;0.0;3.065;0.0;4.216666666666666;0.305;1.6449999999999998;5.458333333333333;11.916666666666666
