cycle;name;location.x;location.y;location.z;name;dataZone;nm_children;pop;over16;nm_hh;AB_car_prob;C1_car_prob;C2_car_prob;DE_car_prob;prob_social;simd;crimeRate;norm_crime;avg_dis_sh;neigh_play;daily_play_per_child;avg_FSA;avg_walk;daily_OD;zone_mvpa;mvpa_home;mvpa_sc;mvpa_road;mvpa_play_field;mvpa_home_garden;mvpa_park;mvpa_PG;mvpa_amenity;mvpa_shops;mvpa_F_home;mvpa_fsa;mvpa_OD
11286;zone0;8448.90275962388;2625.4515469546564;0.0;zone0;S01010195;19;531;390;212;[0.0,0.481481,0.518519];[0.261538,0.646154,0.092308];[0.12,0.59,0.29];[0.447368,0.368421,0.184211];[0.418918918919,0.283783783784,0.202702702703,0.0945945945946];1;0.0;-0.540229885057;1190;114;0.22736842105263158;1.263157894736842;47.66526315789473;35.89473684210526;63.83157894736842;9.157894736842104;21.263157894736842;16.473684210526315;1.2231578947368422;0.0;3.8378947368421055;0.01263157894736842;3.273684210526316;0.46315789473684205;1.9642105263157892;4.421052631578948;7.842105263157895
11286;zone1;8656.736904000718;2165.9902346445633;0.0;zone1;S01010198;18;1027;748;394;[0.058824,0.529412,0.411765];[0.305785,0.561983,0.132231];[0.219858,0.496454,0.283688];[0.523179,0.331126,0.145695];[0.48623853211,0.229357798165,0.266055045872,0.0183486238532];1;1609.0;1.3102524676;1232;89;0.19555555555555557;1.0555555555555556;38.273333333333326;31.11111111111111;64.76000000000002;11.277777777777779;23.333333333333332;12.944444444444445;1.771111111111111;0.0;3.3266666666666667;0.04;3.68888888888889;0.31555555555555564;2.6799999999999997;3.7222222222222223;8.277777777777779
11286;zone2;8537.588755655543;3024.028900129281;0.0;zone2;S01010201;22;643;453;253;[0.0,0.47619,0.52381];[0.270833,0.3125,0.416667];[0.088,0.48,0.432];[0.296552,0.434483,0.268966];[0.365853658537,0.292682926829,0.292682926829,0.0487804878049];2;219.0;-0.28762447053;982;175;0.30727272727272725;1.2727272727272727;44.38727272727272;47.04545454545455;68.86181818181818;10.045454545454545;22.40909090909091;15.318181818181818;1.7909090909090906;0.0;5.745454545454546;0.13636363636363635;4.087272727272727;0.33454545454545453;2.0745454545454547;5.181818181818182;11.363636363636363
11286;zone3;8059.42097232239;3767.666522351409;0.0;zone3;S01010203;30;671;504;260;[0.090909,0.363636,0.545455];[0.263804,0.460123,0.276074];[0.094828,0.422414,0.482759];[0.183824,0.375,0.441176];[0.272727272727,0.218181818182,0.363636363636,0.145454545455];3;215.0;-0.292668818285;1941;182;0.232;1.7333333333333334;49.61466666666666;34.93333333333333;75.14266666666666;11.4;24.266666666666666;16.733333333333334;3.302666666666666;0.0;4.214666666666666;0.0;3.1626666666666674;0.25466666666666676;2.1959999999999997;7.833333333333333;10.133333333333333
11286;zone4;8368.288440296214;3565.498290652094;0.0;zone4;S01010204;30;800;589;381;[0.272727,0.727273,0.0];[0.627451,0.27451,0.098039];[0.444444,0.533333,0.022222];[0.600619,0.321981,0.077399];[0.595041322314,0.157024793388,0.239669421488,0.00826446280992];1;497.0;0.0317745673598;1073;160;0.204;1.2666666666666666;37.48;34.9;66.57333333333332;11.1;23.266666666666666;12.566666666666666;2.216;0.0;3.3173333333333326;0.01866666666666667;3.7120000000000006;0.4613333333333334;2.766666666666666;5.466666666666667;8.833333333333334
11286;zone5;8034.229745798958;3515.110462853287;0.0;zone5;S01010205;15;658;534;355;[0.411765,0.117647,0.470588];[0.465116,0.457364,0.077519];[0.317757,0.588785,0.093458];[0.593458,0.280374,0.126168];[0.466666666667,0.2,0.3,0.0333333333333];1;925.0;0.523434132086;1492;75;0.18933333333333333;1.3333333333333333;50.583999999999996;36.733333333333334;71.78666666666666;10.933333333333334;23.266666666666666;16.866666666666667;3.8373333333333335;0.0;3.927999999999999;0.0;2.9039999999999995;0.264;2.426666666666667;5.333333333333333;10.066666666666666
11286;zone6;7457.064719570519;3739.055375726369;0.0;zone6;S01010208;18;903;745;565;[0.30137,0.589041,0.109589];[0.48062,0.457364,0.062016];[0.272727,0.613636,0.113636];[0.66055,0.270642,0.068807];[0.233333333333,0.133333333333,0.461111111111,0.172222222222];1;603.0;0.153385979085;1446;58;0.12444444444444444;1.6666666666666667;49.16222222222222;26.666666666666668;71.98666666666666;11.88888888888889;24.055555555555557;16.555555555555557;2.2577777777777777;0.0;2.2244444444444444;0.0;2.951111111111112;0.3977777777777779;2.488888888888889;7.222222222222222;6.833333333333333
11286;zone7;7917.838214725937;1939.334458859395;0.0;zone7;S01010209;24;966;677;468;[0.172414,0.586207,0.241379];[0.333333,0.414966,0.251701];[0.381944,0.458333,0.159722];[0.545852,0.336245,0.117904];[0.337931034483,0.248275862069,0.303448275862,0.110344827586];1;2053.0;1.82052250092;1634;115;0.17666666666666667;1.1666666666666667;53.34000000000001;35.708333333333336;69.71333333333334;10.416666666666666;22.625;18.041666666666668;1.23;0.0;5.478333333333333;0.0;2.684999999999999;0.36166666666666675;2.5000000000000004;4.583333333333333;8.833333333333334
11286;zone8;7878.406567747077;2721.2634132011362;0.0;zone8;S01010210;18;885;641;416;[0.173913,0.456522,0.369565];[0.21519,0.5,0.28481];[0.189781,0.386861,0.423358];[0.422111,0.442211,0.135678];[0.394736842105,0.236842105263,0.254385964912,0.114035087719];1;344.0;-0.144253829852;1071;112;0.23777777777777778;1.0555555555555556;35.11555555555556;38.333333333333336;61.92666666666667;10.444444444444445;22.055555555555557;11.666666666666666;2.1111111111111116;0.0;4.54;0.01777777777777778;2.624444444444444;0.3044444444444445;2.1511111111111116;4.0;8.777777777777779
11286;zone9;7785.599648345685;3201.783800714137;0.0;zone9;S01010211;22;858;634;452;[0.147059,0.705882,0.147059];[0.384615,0.452991,0.162393];[0.469565,0.4,0.130435];[0.722656,0.226563,0.050781];[0.473214285714,0.169642857143,0.285714285714,0.0714285714286];1;430.0;-0.0456985893816;1109;115;0.19636363636363635;2.0;42.41636363636364;31.772727272727273;71.81090909090908;11.727272727272727;23.636363636363637;14.363636363636363;3.074545454545454;0.0;3.956363636363636;0.0;2.536363636363636;0.2090909090909091;2.0927272727272723;8.5;9.045454545454545
11286;zone10;7580.688680869333;3097.127786881416;0.0;zone10;S01010212;49;1083;779;559;[0.233333,0.633333,0.133333];[0.594771,0.339869,0.065359];[0.465517,0.405172,0.12931];[0.712821,0.269231,0.017949];[0.566037735849,0.138364779874,0.22641509434,0.0691823899371];1;1473.0;1.15298517036;1196;343;0.26612244897959186;1.3877551020408163;54.633469387755085;40.44897959183673;71.03673469387755;9.673469387755102;22.510204081632654;18.510204081632654;3.0457142857142863;0.0;5.133061224489797;0.0;2.7069387755102037;0.3208163265306122;2.364897959183674;5.081632653061225;10.408163265306122
11286;zone11;8065.177293237223;3111.5884965344962;0.0;zone11;S01010213;13;924;657;476;[0.105263,0.684211,0.210526];[0.382609,0.547826,0.069565];[0.218543,0.556291,0.225166];[0.467925,0.483019,0.049057];[0.451327433628,0.221238938053,0.274336283186,0.0530973451327];1;247.0;-0.255840453357;1030;75;0.2276923076923077;1.9230769230769231;34.28;29.384615384615383;68.89846153846155;12.076923076923077;23.923076923076923;11.307692307692308;0.9784615384615384;0.0;4.452307692307691;0.12923076923076923;3.4123076923076923;0.34153846153846157;2.7200000000000006;7.538461538461538;8.538461538461538
11286;zone12;7144.994858230166;1947.4125453867302;0.0;zone12;S01010214;27;967;717;396;[0.098592,0.28169,0.619718];[0.197531,0.438272,0.364198];[0.173333,0.493333,0.333333];[0.237069,0.487069,0.275862];[0.361344537815,0.210084033613,0.310924369748,0.117647058824];3;176.0;-0.337854473183;1859;166;0.23851851851851852;1.1111111111111112;48.30222222222222;39.03703703703704;70.12444444444445;10.592592592592593;23.074074074074073;16.40740740740741;3.308148148148149;0.0;5.065185185185186;0.0;2.887407407407408;0.357037037037037;2.352592592592593;4.333333333333333;10.814814814814815
11286;zone13;7013.590150664996;2618.495528189446;0.0;zone13;S01010215;24;850;608;492;[0.571429,0.285714,0.142857];[0.5,0.431373,0.068627];[0.382609,0.391304,0.226087];[0.678571,0.269841,0.051587];[0.467289719626,0.140186915888,0.345794392523,0.0467289719626];1;547.0;0.0886083430805;622;171;0.27166666666666667;1.375;37.961666666666666;39.375;67.22500000000001;11.166666666666666;23.291666666666668;12.625;2.1333333333333333;0.0;3.2183333333333333;0.0;4.88;0.4750000000000001;2.3299999999999996;5.666666666666667;9.791666666666666
11286;zone14;7332.222205807836;2329.961970144465;0.0;zone14;S01010216;15;621;464;361;[0.6,0.4,0.0];[0.597701,0.356322,0.045977];[0.409091,0.439394,0.151515];[0.709544,0.273859,0.016598];[0.5,0.163265306122,0.265306122449,0.0714285714286];1;600.0;0.150092344085;1303;66;0.17333333333333334;0.8;52.25333333333334;38.666666666666664;68.05333333333333;9.8;22.266666666666666;18.066666666666666;1.6053333333333333;0.0;6.229333333333334;0.0;2.6426666666666665;0.4613333333333334;2.56;3.2;10.066666666666666
11286;zone15;7299.833172322251;2625.8610945736937;0.0;zone15;S01010217;33;817;598;406;[0.16129,0.516129,0.322581];[0.565517,0.4,0.034483];[0.5,0.431373,0.068627];[0.702703,0.283784,0.013514];[0.541935483871,0.0967741935484,0.296774193548,0.0645161290323];1;1060.0;0.679274950851;1009;261;0.30424242424242426;1.5151515151515151;45.2339393939394;41.60606060606061;71.49575757575758;10.696969696969697;23.363636363636363;15.303030303030303;2.216969696969697;0.0;4.4739393939393945;0.0;4.522424242424241;0.31393939393939396;2.466666666666667;6.333333333333333;10.757575757575758
11286;zone16;7142.953643082513;3018.5401822929393;0.0;zone16;S01010218;31;1018;790;587;[0.425532,0.404255,0.170213];[0.392523,0.453271,0.154206];[0.358209,0.492537,0.149254];[0.589124,0.335347,0.075529];[0.424657534247,0.109589041096,0.369863013699,0.0958904109589];1;557.0;0.101026678737;568;161;0.20129032258064516;1.7419354838709677;37.446451612903225;35.45161290322581;65.8141935483871;10.419354838709678;22.806451612903224;12.870967741935484;1.8;0.0;2.3935483870967738;0.0;4.007741935483871;0.30838709677419357;2.1419354838709674;7.354838709677419;7.709677419354839
11286;zone17;6738.8937706128745;4298.8917997019325;0.0;zone17;S01010219;21;503;382;274;[0.695652,0.304348,0.0];[0.758621,0.215517,0.025862];[0.761905,0.166667,0.071429];[0.781609,0.195402,0.022989];[0.41935483871,0.0752688172043,0.408602150538,0.0967741935484];2;184.0;-0.327838932938;1624;179;0.3333333333333333;1.4761904761904763;67.96380952380953;48.76190476190476;79.11047619047619;9.095238095238095;22.666666666666668;23.333333333333332;3.643809523809524;0.0;6.8914285714285715;0.0;3.1333333333333333;0.2666666666666667;2.217142857142857;6.142857142857143;13.19047619047619
11286;zone18;5915.780765415368;4211.222876105162;0.0;zone18;S01010220;7;476;433;279;[0.181159,0.608696,0.210145];[0.404255,0.531915,0.06383];[0.227273,0.704545,0.068182];[0.448276,0.482759,0.068966];[0.154545454545,0.0636363636364,0.318181818182,0.463636363636];5;267.0;-0.232306706325;1517;77;0.41714285714285715;2.142857142857143;47.37714285714286;53.0;79.87999999999998;10.0;23.714285714285715;16.142857142857142;6.725714285714287;0.0;6.32;0.22285714285714286;3.222857142857143;0.2285714285714286;1.6857142857142857;9.285714285714286;15.857142857142858
11286;zone19;6341.0811208317455;3913.8398648988496;0.0;zone19;S01010221;13;546;394;260;[0.6,0.4,0.0];[0.557377,0.409836,0.032787];[0.538462,0.323077,0.138462];[0.699387,0.257669,0.042945];[0.609375,0.140625,0.203125,0.046875];1;635.0;0.19005459739;1143;56;0.16;1.0;47.313846153846164;29.076923076923077;69.79692307692308;11.76923076923077;23.846153846153847;15.76923076923077;3.4246153846153855;0.0;3.535384615384615;0.18769230769230769;2.227692307692308;0.4523076923076924;2.643076923076923;4.076923076923077;8.76923076923077
11286;zone20;7001.213463613622;4053.9957950241624;0.0;zone20;S01010222;15;492;414;285;[0.142857,0.5,0.357143];[0.432432,0.459459,0.108108];[0.348624,0.522936,0.12844];[0.747899,0.235294,0.016807];[0.345238095238,0.214285714286,0.309523809524,0.130952380952];1;377.0;-0.105830277325;1763;69;0.176;1.2;47.54666666666667;33.06666666666667;66.99733333333334;10.8;22.466666666666665;16.2;2.8506666666666667;0.0;3.389333333333333;0.0;2.5493333333333337;0.232;2.1546666666666665;4.666666666666667;8.333333333333334
11286;zone21;6986.8418912765155;3434.1450308482026;0.0;zone21;S01010223;4;556;462;337;[0.076923,0.538462,0.384615];[0.567797,0.330508,0.101695];[0.472222,0.444444,0.083333];[0.584699,0.36612,0.04918];[0.432432432432,0.162162162162,0.324324324324,0.0810810810811];1;439.0;-0.0353356041414;1788;9;0.09;2.25;59.38;23.0;88.65;14.75;27.75;20.5;3.8699999999999997;0.0;2.0;0.0;3.6899999999999995;0.22000000000000003;2.7699999999999996;11.5;9.25
11286;zone22;6247.397837456437;3329.661273309237;0.0;zone22;S01010224;40;1036;727;469;[0.405405,0.540541,0.054054];[0.592593,0.274074,0.133333];[0.418803,0.504274,0.076923];[0.768421,0.202632,0.028947];[0.506097560976,0.140243902439,0.268292682927,0.0853658536585];1;1004.0;0.614259332793;975;201;0.194;1.25;46.775000000000006;30.3;69.27200000000002;11.4;23.375;15.875;4.636000000000001;0.0;2.2689999999999997;0.118;1.496;0.3630000000000001;2.325;5.525;8.075
11286;zone23;7827.985844039554;4105.4701191949;0.0;zone23;S01010225;33;812;636;431;[0.25,0.634615,0.115385];[0.469072,0.43299,0.097938];[0.54023,0.413793,0.045977];[0.672065,0.234818,0.093117];[0.385185185185,0.125925925926,0.325925925926,0.162962962963];1;1006.0;0.616572011517;1538;160;0.18666666666666668;1.6363636363636365;49.301818181818184;31.545454545454547;69.1987878787879;10.181818181818182;22.575757575757574;16.818181818181817;2.6206060606060606;0.0;3.356363636363637;0.02303030303030303;2.631515151515152;0.26787878787878794;2.029090909090909;6.7272727272727275;8.181818181818182
11286;zone24;7040.363001382077;4481.052780471187;0.0;zone24;S01010226;40;816;565;394;[0.454545,0.242424,0.30303];[0.715385,0.2,0.084615];[0.540541,0.405405,0.054054];[0.766917,0.18797,0.045113];[0.503355704698,0.201342281879,0.221476510067,0.0738255033557];2;422.0;-0.0548014077425;1142;481;0.463;1.125;51.877000000000024;59.35;78.15900000000002;9.95;23.2;17.825;6.427000000000001;0.0;8.456;0.08;2.859;0.272;2.3500000000000005;5.05;17.35
11286;zone25;6847.772309074456;4638.663588163389;0.0;zone25;S01010227;39;692;454;294;[0.413793,0.413793,0.172414];[0.704545,0.238636,0.056818];[0.654545,0.345455,0.0];[0.810606,0.159091,0.030303];[0.672268907563,0.0924369747899,0.159663865546,0.0756302521008];4;0.0;-0.540229885057;1211;600;0.5897435897435898;1.1794871794871795;54.926153846153845;71.58974358974359;82.42974358974361;9.35897435897436;23.17948717948718;18.76923076923077;4.4266666666666685;0.0;13.59794871794872;0.278974358974359;3.3251282051282054;0.2974358974358974;2.1179487179487184;5.512820512820513;21.128205128205128
11286;zone26;8241.816993110848;4572.457656401622;0.0;zone26;S01010229;30;1016;787;508;[0.1,0.625,0.275];[0.350877,0.350877,0.298246];[0.348315,0.477528,0.174157];[0.565217,0.310559,0.124224];[0.420731707317,0.213414634146,0.292682926829,0.0731707317073];1;395.0;-0.0859445809966;1184;156;0.20266666666666666;1.2666666666666666;41.769333333333336;29.266666666666666;66.01599999999999;11.133333333333333;23.033333333333335;14.166666666666666;2.4040000000000004;0.0;3.6146666666666665;0.02533333333333333;2.381333333333333;0.3360000000000001;2.132;4.966666666666667;7.9
11286;zone27;7458.320056766788;4680.341251240345;0.0;zone27;S01010230;24;1005;772;577;[0.314286,0.628571,0.057143];[0.703883,0.296117,0.0];[0.727273,0.218182,0.054545];[0.71831,0.24507,0.03662];[0.517857142857,0.136904761905,0.267857142857,0.077380952381];1;846.0;0.433218203459;1003;166;0.27166666666666667;1.5416666666666667;44.405;38.833333333333336;70.31333333333332;10.5;23.083333333333332;15.125;3.086666666666666;0.0;5.558333333333334;0.085;2.525;0.3200000000000001;2.003333333333334;6.208333333333333;10.625
11286;zone28;7569.802990100143;4917.458811240416;0.0;zone28;S01010232;37;1074;792;485;[0.457143,0.485714,0.057143];[0.557292,0.338542,0.104167];[0.492063,0.333333,0.174603];[0.654229,0.251244,0.094527];[0.470297029703,0.153465346535,0.306930693069,0.0693069306931];1;771.0;0.347049794199;1069;250;0.2616216216216216;1.162162162162162;47.14378378378378;38.432432432432435;71.23459459459461;11.216216216216216;23.56756756756757;15.945945945945946;2.512432432432432;0.0;4.876756756756758;0.10810810810810811;3.552432432432433;0.36108108108108106;2.5459459459459466;4.72972972972973;10.54054054054054
11286;zone29;7830.713068379679;4879.746446724283;0.0;zone29;S01010233;33;970;705;476;[0.275,0.625,0.1];[0.655629,0.245033,0.099338];[0.52809,0.426966,0.044944];[0.771505,0.212366,0.016129];[0.587209302326,0.093023255814,0.261627906977,0.0581395348837];1;284.0;-0.213781821634;1202;210;0.24606060606060606;1.1818181818181819;51.4751515151515;41.54545454545455;70.30060606060606;10.454545454545455;23.060606060606062;17.333333333333332;1.391515151515152;0.0;4.284848484848485;0.16727272727272727;4.396363636363637;0.2993939393939394;2.1951515151515153;4.909090909090909;9.757575757575758
11286;zone30;6473.383843181837;4954.519765957263;0.0;zone30;S01010261;6;2551;2373;526;[0.666667,0.270833,0.0625];[0.675841,0.281346,0.042813];[0.75,0.25,0.0];[0.824468,0.164894,0.010638];[0.41,0.06,0.41,0.12];3;176.0;-0.337679921334;1659;26;0.16666666666666666;1.1666666666666667;62.73333333333333;41.666666666666664;77.64;11.166666666666666;24.5;21.5;2.353333333333333;0.0;3.7200000000000006;0.18666666666666665;4.913333333333333;0.2733333333333334;2.046666666666667;5.333333333333333;10.666666666666666
11286;zone31;4930.642193689802;4959.449818932565;0.0;zone31;S01010266;3;555;474;237;[0.320755,0.556604,0.122642];[0.677273,0.254545,0.068182];[0.5,0.461538,0.038462];[0.534247,0.30137,0.164384];[0.141176470588,0.0588235294118,0.4,0.4];3;536.0;0.0761386922126;1098;20;0.26666666666666666;0.3333333333333333;25.026666666666667;48.666666666666664;63.666666666666664;12.0;23.666666666666668;8.0;2.7866666666666666;0.0;4.613333333333333;1.7466666666666668;4.88;0.16;2.6133333333333337;1.0;13.333333333333334
11286;zone32;5712.5549897826;4979.400336637217;0.0;zone32;S01010270;4;1153;972;817;[0.389831,0.533898,0.076271];[0.70255,0.252125,0.045326];[0.714286,0.272727,0.012987];[0.771552,0.228448,0.0];[0.125,0.0909090909091,0.454545454545,0.329545454545];1;871.0;0.461200629557;1694;15;0.14;1.25;65.12;30.5;71.81;10.0;22.5;22.25;2.47;0.0;1.8900000000000001;0.02;2.6999999999999997;0.42000000000000004;2.84;4.5;6.5
11286;zone33;3394.0723536088512;4934.677182292946;0.0;zone33;S01010282;13;976;841;645;[0.438776,0.520408,0.040816];[0.545732,0.405488,0.04878];[0.521277,0.382979,0.095745];[0.712707,0.232044,0.055249];[0.190954773869,0.070351758794,0.35175879397,0.386934673367];2;350.0;-0.137812028107;1373;66;0.2;1.1538461538461537;52.04;36.30769230769231;74.32923076923076;11.153846153846153;23.692307692307693;17.76923076923077;1.9815384615384615;0.0;7.107692307692308;0.883076923076923;1.12;0.30153846153846153;2.4184615384615387;6.076923076923077;10.538461538461538
11286;zone34;4385.789287498423;4835.237486850067;0.0;zone34;S01010289;15;771;687;380;[0.130952,0.511905,0.357143];[0.262911,0.502347,0.234742];[0.178571,0.464286,0.357143];[0.410256,0.435897,0.153846];[0.058064516129,0.0322580645161,0.245161290323,0.664516129032];5;259.0;-0.241396294863;1575;216;0.5493333333333333;1.8666666666666667;50.38666666666666;66.33333333333333;70.00266666666668;7.333333333333333;21.133333333333333;16.866666666666667;3.6453333333333333;0.0;6.618666666666666;1.6453333333333333;2.621333333333333;0.13333333333333333;1.5653333333333337;6.666666666666667;14.066666666666666
11286;zone35;4401.5375624188455;4669.062022109911;0.0;zone35;S01010290;13;546;485;278;[0.198198,0.603604,0.198198];[0.485944,0.449799,0.064257];[0.555556,0.444444,0.0];[0.435897,0.512821,0.051282];[0.10752688172,0.0430107526882,0.494623655914,0.354838709677];3;353.0;-0.133686757747;1312;150;0.44;2.3076923076923075;61.566153846153846;54.92307692307692;90.09846153846154;11.307692307692308;24.76923076923077;21.076923076923077;5.04;0.0;11.163076923076924;0.9415384615384617;1.6830769230769234;0.26153846153846155;1.833846153846154;10.307692307692308;18.384615384615383
11286;zone36;4119.983651650423;4281.100418217042;0.0;zone36;S01010291;12;1075;975;481;[0.405594,0.447552,0.146853];[0.627907,0.277132,0.094961];[0.415094,0.433962,0.150943];[0.562963,0.325926,0.111111];[0.197080291971,0.0729927007299,0.445255474453,0.284671532847];3;438.0;-0.0363924713322;1166;113;0.36333333333333334;2.1666666666666665;62.31666666666667;52.166666666666664;76.84333333333333;8.333333333333334;22.25;21.25;2.973333333333333;0.0;8.406666666666666;1.2733333333333332;1.0766666666666667;0.15333333333333332;1.7233333333333334;7.583333333333333;13.166666666666666
11286;zone37;4399.731076226201;4291.6703625917;0.0;zone37;S01010292;10;890;831;409;[0.348214,0.508929,0.142857];[0.477169,0.420091,0.10274];[0.339286,0.446429,0.214286];[0.55814,0.383721,0.05814];[0.128378378378,0.0540540540541,0.398648648649,0.418918918919];4;323.0;-0.168488563048;905;115;0.436;2.1;56.06;55.0;73.83599999999998;8.4;21.6;19.2;4.88;0.0;7.331999999999999;1.084;0.8560000000000001;0.192;1.292;6.9;13.7
11286;zone38;4514.690807242894;4541.15458266895;0.0;zone38;S01010293;16;839;723;373;[0.51773,0.35461,0.12766];[0.635389,0.262735,0.101877];[0.446809,0.319149,0.234043];[0.514286,0.392857,0.092857];[0.242424242424,0.0606060606061,0.393939393939,0.30303030303];3;290.0;-0.205814991507;1142;217;0.505;1.0;55.612500000000004;67.25;76.54750000000001;9.3125;22.5;19.0625;5.265;0.0;9.625;1.2674999999999998;1.8125000000000002;0.3325;2.355;3.375;17.4375
11286;zone39;4541.7482834333705;4418.565122351524;0.0;zone39;S01010294;13;690;631;275;[0.242105,0.526316,0.231579];[0.650873,0.214464,0.134663];[0.583333,0.208333,0.208333];[0.414894,0.489362,0.095745];[0.164835164835,0.043956043956,0.494505494505,0.296703296703];4;440.0;-0.0342259463805;1160;189;0.5476923076923077;2.6923076923076925;62.03384615384615;67.0;82.10153846153845;7.923076923076923;22.307692307692307;21.076923076923077;4.396923076923077;0.0;8.646153846153847;1.3723076923076922;2.618461538461539;0.3630769230769231;1.2861538461538464;10.461538461538462;16.46153846153846
11286;zone40;4766.8646917667475;4574.50133624035;0.0;zone40;S01010295;18;974;870;427;[0.384615,0.391026,0.224359];[0.604555,0.310559,0.084886];[0.428571,0.285714,0.285714];[0.390728,0.516556,0.092715];[0.212765957447,0.113475177305,0.297872340426,0.375886524823];4;529.0;0.0680145754747;1077;215;0.4533333333333333;2.3333333333333335;52.41777777777778;59.27777777777778;77.22222222222223;8.944444444444445;22.166666666666668;18.0;4.48888888888889;0.0;8.157777777777776;1.4844444444444447;1.3711111111111112;0.1711111111111111;1.3844444444444446;9.166666666666666;15.0
11286;zone41;4647.752341766679;4736.091736240359;0.0;zone41;S01010296;16;664;560;291;[0.294118,0.423529,0.282353];[0.520913,0.368821,0.110266];[0.375,0.375,0.25];[0.475524,0.391608,0.132867];[0.282828282828,0.111111111111,0.363636363636,0.242424242424];2;856.0;0.444094443477;1269;160;0.3725;1.6875;42.845;50.1875;72.075;10.5;22.6875;14.1875;3.05;0.0;7.175;1.1824999999999999;1.6100000000000003;0.34500000000000003;1.7025000000000001;7.875;12.5625
11286;zone42;5522.849421766708;4411.996091240393;0.0;zone42;S01010297;7;1066;894;676;[0.582609,0.382609,0.034783];[0.691824,0.245283,0.062893];[0.540541,0.333333,0.126126];[0.681275,0.270916,0.047809];[0.260563380282,0.140845070423,0.37323943662,0.225352112676];1;504.0;0.0391758595379;1412;59;0.3314285714285714;0.5714285714285714;51.06857142857143;50.42857142857143;62.95999999999999;8.428571428571429;20.857142857142858;17.571428571428573;3.622857142857143;0.0;2.417142857142857;0.2914285714285714;3.7142857142857144;0.2057142857142857;2.5199999999999996;1.4285714285714286;9.428571428571429
11286;zone43;4706.481893689814;4143.807995855712;0.0;zone43;S01010298;12;880;677;515;[0.308943,0.479675,0.211382];[0.581395,0.356589,0.062016];[0.539683,0.396825,0.063492];[0.744828,0.193103,0.062069];[0.227272727273,0.0984848484848,0.371212121212,0.30303030303];1;486.0;0.0190902878356;1162;73;0.23;1.6666666666666667;40.160000000000004;37.666666666666664;69.90333333333334;11.25;23.333333333333332;13.416666666666666;4.243333333333333;0.0;3.4499999999999997;0.7266666666666666;1.76;0.5000000000000001;2.0533333333333332;7.333333333333333;9.75
11286;zone44;4885.424673909578;4209.645754097502;0.0;zone44;S01010299;4;536;404;292;[0.3,0.54,0.16];[0.556701,0.340206,0.103093];[0.458333,0.520833,0.020833];[0.584906,0.283019,0.132075];[0.428571428571,0.0857142857143,0.285714285714,0.2];1;375.0;-0.10827530326;722;31;0.31;2.25;36.71;38.0;79.08;13.0;25.75;12.75;5.84;0.0;2.7;1.58;2.92;0.47;1.22;10.5;12.5
11286;zone45;4883.397012115578;4340.414778682246;0.0;zone45;S01010300;21;934;764;478;[0.460784,0.411765,0.127451];[0.664653,0.238671,0.096677];[0.632353,0.323529,0.044118];[0.606383,0.329787,0.06383];[0.3046875,0.125,0.3515625,0.21875];2;513.0;0.0498225801839;604;200;0.3638095238095238;1.8095238095238095;44.436190476190475;46.57142857142857;75.66666666666667;11.19047619047619;24.19047619047619;15.095238095238095;4.942857142857143;0.0;3.078095238095238;0.9657142857142857;4.068571428571429;0.3923809523809524;2.226666666666667;7.714285714285714;12.476190476190476
11286;zone46;5144.66081966521;4032.769083704074;0.0;zone46;S01010301;6;522;457;283;[0.292683,0.597561,0.109756];[0.57563,0.315126,0.109244];[0.222222,0.703704,0.074074];[0.561798,0.393258,0.044944];[0.214285714286,0.0612244897959,0.459183673469,0.265306122449];4;490.0;0.0232745011966;1435;122;0.78;1.3333333333333333;53.63333333333333;82.83333333333333;85.72000000000001;9.5;23.833333333333332;18.166666666666668;13.413333333333332;0.0;6.366666666666667;0.49333333333333335;5.32;0.46666666666666673;2.5;4.0;25.0
11286;zone47;5165.568789180556;4297.038752619699;0.0;zone47;S01010302;24;669;495;388;[0.65625,0.28125,0.0625];[0.6,0.356522,0.043478];[0.716981,0.226415,0.056604];[0.801802,0.18018,0.018018];[0.582417582418,0.0769230769231,0.263736263736,0.0769230769231];1;392.0;-0.0896499889057;1198;199;0.31833333333333336;1.1666666666666667;51.211666666666666;44.375;70.16333333333333;10.166666666666666;22.708333333333332;17.458333333333332;4.64;0.0;1.616666666666667;0.4066666666666667;4.158333333333332;0.2933333333333334;2.776666666666666;4.208333333333333;10.333333333333334
11286;zone48;5241.140616766716;4139.402270499609;0.0;zone48;S01010303;33;579;387;250;[0.692308,0.153846,0.153846];[0.56701,0.298969,0.134021];[0.630435,0.282609,0.086957];[0.658879,0.285047,0.056075];[0.58407079646,0.106194690265,0.274336283186,0.0353982300885];1;415.0;-0.0627120940391;1417;333;0.3903030303030303;1.2121212121212122;49.08363636363638;50.303030303030305;69.68606060606061;9.393939393939394;22.21212121212121;16.818181818181817;7.423030303030303;0.0;1.7539393939393941;0.8787878787878787;2.538181818181818;0.27515151515151515;2.391515151515152;4.393939393939394;12.06060606060606
11286;zone49;4853.647576226233;3833.123065294377;0.0;zone49;S01010304;12;542;456;332;[0.323529,0.514706,0.161765];[0.635135,0.25,0.114865];[0.477273,0.522727,0.0];[0.829268,0.109756,0.060976];[0.372340425532,0.0425531914894,0.297872340426,0.287234042553];1;804.0;0.384523850516;1939;86;0.2733333333333333;2.3333333333333335;74.16;41.333333333333336;81.81;9.583333333333334;22.916666666666668;25.25;5.413333333333333;0.0;2.3899999999999997;0.7400000000000001;2.1666666666666665;0.33666666666666667;1.5500000000000005;9.75;10.25
11286;zone50;4697.410406890209;3639.1027396354093;0.0;zone50;S01010305;7;807;694;478;[0.36036,0.468468,0.171171];[0.553191,0.33617,0.110638];[0.409639,0.301205,0.289157];[0.589888,0.337079,0.073034];[0.198529411765,0.0735294117647,0.382352941176,0.345588235294];1;223.0;-0.28282788147;680;60;0.33714285714285713;1.5714285714285714;53.82285714285713;50.142857142857146;70.22285714285714;9.285714285714286;22.142857142857142;18.428571428571427;5.897142857142856;0.0;2.8628571428571425;2.165714285714286;0.7542857142857142;0.29714285714285715;1.4742857142857144;5.0;11.142857142857142
11286;zone51;4591.3082521834585;3868.367573740388;0.0;zone51;S01010306;13;752;675;449;[0.35625,0.56875,0.075];[0.570588,0.355882,0.073529];[0.283019,0.566038,0.150943];[0.650943,0.330189,0.018868];[0.165680473373,0.0473372781065,0.479289940828,0.307692307692];2;238.0;-0.265781391166;808;143;0.4276923076923077;1.5384615384615385;46.864615384615384;55.92307692307692;78.87384615384615;11.384615384615385;24.46153846153846;15.692307692307692;8.366153846153846;0.0;2.821538461538461;2.566153846153846;1.8153846153846156;0.43692307692307697;2.2984615384615386;7.3076923076923075;14.923076923076923
11286;zone52;4503.72067559025;3742.2957906521283;0.0;zone52;S01010307;9;821;732;428;[0.189922,0.577519,0.232558];[0.407407,0.487654,0.104938];[0.346154,0.538462,0.115385];[0.71875,0.234375,0.046875];[0.0681818181818,0.0568181818182,0.375,0.5];5;319.0;-0.172537833795;430;139;0.5955555555555555;2.111111111111111;49.49333333333334;81.33333333333333;89.59111111111112;9.88888888888889;24.77777777777778;16.333333333333332;9.52;0.0;5.666666666666667;6.1066666666666665;2.431111111111111;0.1733333333333333;1.9377777777777776;11.11111111111111;23.333333333333332
11286;zone53;4364.519870735056;4047.768725526131;0.0;zone53;S01010308;9;975;858;480;[0.285714,0.54007,0.174216];[0.511936,0.384615,0.103448];[0.254902,0.411765,0.333333];[0.648352,0.307692,0.043956];[0.0970873786408,0.0631067961165,0.359223300971,0.480582524272];4;257.0;-0.244477582955;1201;137;0.5911111111111111;1.5555555555555556;50.760000000000005;70.44444444444444;76.40444444444444;8.555555555555555;22.11111111111111;17.444444444444443;9.26222222222222;0.0;7.04;1.377777777777778;1.391111111111111;0.2977777777777778;1.8533333333333333;5.444444444444445;18.666666666666668
11286;zone54;5381.88771051669;3636.3205112402793;0.0;zone54;S01010309;4;419;356;264;[0.333333,0.25,0.416667];[0.478873,0.422535,0.098592];[0.352941,0.382353,0.264706];[0.705882,0.24183,0.052288];[0.365853658537,0.170731707317,0.390243902439,0.0731707317073];1;0.0;-0.540229885057;2153;20;0.18;1.75;38.47;23.0;60.449999999999996;10.0;21.75;13.25;1.71;0.0;2.0700000000000003;0.03;1.56;0.23;0.86;7.25;4.75
11286;zone55;5657.373406240428;3625.6586165034923;0.0;zone55;S01010310;13;706;540;381;[0.333333,0.238095,0.428571];[0.565517,0.337931,0.096552];[0.54902,0.27451,0.176471];[0.715415,0.256917,0.027668];[0.484848484848,0.151515151515,0.318181818182,0.0454545454545];1;574.0;0.120406534162;845;72;0.20615384615384616;1.4615384615384615;46.9723076923077;36.38461538461539;66.03384615384616;9.76923076923077;21.923076923076923;16.23076923076923;3.31076923076923;0.0;1.713846153846154;0.5107692307692309;2.756923076923077;0.1630769230769231;2.701538461538462;5.230769230769231;7.846153846153846
11286;zone56;5685.425126382168;3318.6970593171873;0.0;zone56;S01010311;22;721;556;351;[0.411765,0.352941,0.235294];[0.472222,0.453704,0.074074];[0.571429,0.404762,0.02381];[0.717949,0.271062,0.010989];[0.565217391304,0.121739130435,0.269565217391,0.0434782608696];1;1534.0;1.22364271569;1642;115;0.19818181818181818;1.5;64.70909090909093;34.68181818181818;73.13090909090909;10.0;22.40909090909091;22.0;2.2545454545454544;0.0;3.8181818181818183;0.08727272727272727;2.6872727272727275;0.23636363636363641;2.5018181818181815;5.545454545454546;8.363636363636363
11286;zone57;5466.52613028024;3072.1402274564575;0.0;zone57;S01010312;34;868;647;425;[0.117647,0.823529,0.058824];[0.754386,0.22807,0.017544];[0.407407,0.444444,0.148148];[0.804945,0.153846,0.041209];[0.586956521739,0.115942028986,0.268115942029,0.0289855072464];1;685.0;0.247477927043;1651;165;0.18352941176470589;1.0294117647058822;57.93882352941176;37.911764705882355;69.98470588235293;9.794117647058824;22.352941176470587;19.735294117647058;2.2399999999999993;0.0;4.509411764705882;0.09529411764705883;2.618823529411765;0.31647058823529417;2.3823529411764706;4.294117647058823;9.029411764705882
11286;zone58;5251.7403530303945;3502.549209042501;0.0;zone58;S01010313;16;654;529;356;[0.428571,0.285714,0.285714];[0.6,0.333333,0.066667];[0.433735,0.481928,0.084337];[0.739623,0.162264,0.098113];[0.648351648352,0.131868131868,0.175824175824,0.043956043956];1;565.0;0.109617915218;2142;80;0.1975;1.0;66.3125;39.9375;79.185;10.875;24.1875;22.9375;4.547499999999999;0.0;3.555;0.5675;2.7325;0.52;2.72;4.9375;10.875
11286;zone59;4840.312157862589;3385.4448126102257;0.0;zone59;S01010314;21;1248;1034;550;[0.358209,0.507463,0.134328];[0.514493,0.333333,0.152174];[0.5,0.326923,0.173077];[0.636,0.324,0.04];[0.316901408451,0.133802816901,0.401408450704,0.147887323944];1;637.0;0.192402372167;1097;137;0.2438095238095238;1.619047619047619;45.23047619047619;35.19047619047619;72.94095238095238;11.619047619047619;23.857142857142858;15.428571428571429;4.3409523809523805;0.0;3.9923809523809526;1.1714285714285715;0.8019047619047619;0.37523809523809526;1.8380952380952378;7.476190476190476;9.761904761904763
11286;zone60;4536.293429266749;2504.1273706154316;0.0;zone60;S01010315;43;911;678;409;[0.180723,0.554217,0.26506];[0.252632,0.457895,0.289474];[0.208333,0.5,0.291667];[0.55144,0.345679,0.102881];[0.308176100629,0.169811320755,0.358490566038,0.163522012579];2;382.0;-0.100954860853;1604;361;0.3227906976744186;1.3953488372093024;52.005581395348834;48.883720930232556;72.4586046511628;9.581395348837209;22.3953488372093;17.813953488372093;3.3665116279069767;0.0;7.197209302325583;0.03441860465116278;2.9888372093023263;0.2772093023255814;2.1999999999999997;4.813953488372093;13.13953488372093
11286;zone61;4589.6619547948285;2943.195659127726;0.0;zone61;S01010316;25;512;414;304;[0.392157,0.529412,0.078431];[0.62931,0.37069,0.0];[0.439024,0.560976,0.0];[0.775401,0.224599,0.0];[0.439252336449,0.102803738318,0.252336448598,0.205607476636];1;481.0;0.0128180141103;1417;198;0.3072;1.2;55.26559999999999;45.84;75.7792;10.48;23.48;18.68;4.150400000000001;0.0;6.4656;0.42400000000000004;2.6272;0.3264000000000001;2.4671999999999996;4.96;13.28
11286;zone63;4421.5566371748755;3071.026327566895;0.0;zone63;S01010318;12;1588;1497;304;[0.5,0.456522,0.043478];[0.469799,0.47651,0.053691];[0.310345,0.37931,0.310345];[0.678571,0.285714,0.035714];[0.36,0.14,0.34,0.16];3;317.0;-0.175110645645;1040;154;0.49333333333333335;1.9166666666666667;65.84;71.5;87.09000000000002;8.75;23.416666666666668;22.416666666666668;10.016666666666666;0.0;8.28;1.07;1.3933333333333333;0.18666666666666668;1.7933333333333332;8.083333333333334;20.25
11286;zone64;4173.240913470097;2893.8040771744095;0.0;zone64;S01010319;9;711;624;407;[0.258741,0.608392,0.132867];[0.383399,0.486166,0.130435];[0.439394,0.212121,0.348485];[0.530769,0.384615,0.084615];[0.171974522293,0.0700636942675,0.471337579618,0.286624203822];2;473.0;0.00423719084943;1446;66;0.28;1.8888888888888888;50.857777777777784;45.333333333333336;72.46666666666667;9.222222222222221;22.333333333333332;17.444444444444443;2.582222222222222;0.0;6.4444444444444455;0.13777777777777778;3.0044444444444443;0.35555555555555557;1.6977777777777776;7.222222222222222;11.777777777777779
11286;zone65;3940.1918462749595;2900.8899784533987;0.0;zone65;S01010320;4;675;594;437;[0.257813,0.523438,0.21875];[0.61753,0.298805,0.083665];[0.526316,0.22807,0.245614];[0.805085,0.169492,0.025424];[0.172185430464,0.0662251655629,0.443708609272,0.317880794702];1;646.0;0.202453315259;1199;21;0.19;2.0;56.09;38.5;81.00999999999999;12.0;24.5;19.25;6.250000000000001;0.0;2.52;0.36;2.52;0.30000000000000004;1.8600000000000003;9.75;11.25
11286;zone66;3905.8658739096163;2664.6669636212755;0.0;zone66;S01010321;7;837;634;432;[0.401709,0.555556,0.042735];[0.54717,0.433962,0.018868];[0.45122,0.439024,0.109756];[0.666667,0.271186,0.062147];[0.212328767123,0.0958904109589,0.390410958904,0.301369863014];1;1019.0;0.631764531736;1941;38;0.2057142857142857;1.5714285714285714;64.12571428571428;39.0;80.66857142857143;11.714285714285714;24.0;22.142857142857142;3.8457142857142848;0.0;5.96;0.1942857142857143;1.8228571428571427;0.29714285714285715;1.977142857142857;6.714285714285714;11.428571428571429
11286;zone67;3630.3978644730896;3132.1651121578075;0.0;zone67;S01010322;9;1028;914;549;[0.174419,0.549419,0.276163];[0.412399,0.471698,0.115903];[0.298507,0.38806,0.313433];[0.647059,0.323529,0.029412];[0.057268722467,0.0352422907489,0.449339207048,0.458149779736];5;124.0;-0.397569575369;1492;128;0.5422222222222223;1.6666666666666667;38.77333333333333;62.77777777777778;75.98666666666668;10.222222222222221;23.333333333333332;13.11111111111111;5.3599999999999985;0.0;11.520000000000001;0.6755555555555556;1.6177777777777775;0.21333333333333335;1.6355555555555554;6.666666666666667;18.666666666666668
11286;zone68;6208.193116766784;3072.425066795916;0.0;zone68;S01010323;4;603;466;377;[0.555556,0.444444,0.0];[0.657143,0.271429,0.071429];[0.642857,0.321429,0.035714];[0.793651,0.166667,0.039683];[0.578431372549,0.166666666667,0.235294117647,0.0196078431373];1;970.0;0.57559463238;1077;19;0.18;0.75;51.94;42.0;73.27;11.25;24.0;17.0;9.34;0.0;2.09;0.07;2.39;0.43000000000000005;2.41;2.25;13.5
11286;zone69;6517.651722029823;2240.572579661372;0.0;zone69;S01010324;6;759;566;403;[0.142857,0.571429,0.285714];[0.298077,0.490385,0.211538];[0.333333,0.530864,0.135802];[0.401674,0.414226,0.1841];[0.569620253165,0.101265822785,0.291139240506,0.0379746835443];1;407.0;-0.0721601679586;1232;34;0.21333333333333335;1.0;30.080000000000002;31.666666666666668;64.32666666666667;12.666666666666666;23.833333333333332;9.833333333333334;2.3333333333333335;0.0;1.72;0.0;4.366666666666666;0.3933333333333333;2.466666666666667;5.166666666666667;8.0
11286;zone70;6038.016041009105;2402.8415869980217;0.0;zone70;S01010325;18;939;666;501;[0.263158,0.368421,0.368421];[0.383838,0.525253,0.090909];[0.253623,0.615942,0.130435];[0.451362,0.463035,0.085603];[0.545454545455,0.238636363636,0.193181818182,0.0227272727273];1;225.0;-0.281126582053;1383;102;0.21555555555555556;0.9444444444444444;32.004444444444445;37.27777777777778;64.61111111111113;12.11111111111111;23.88888888888889;10.38888888888889;1.8355555555555556;0.0;1.3377777777777782;0.0;5.666666666666666;0.47555555555555556;2.735555555555555;4.388888888888889;8.333333333333334
11286;zone71;5272.359331052501;2740.775131541117;0.0;zone71;S01010326;39;987;707;494;[0.526316,0.368421,0.105263];[0.522523,0.333333,0.144144];[0.492188,0.3125,0.195313];[0.723514,0.224806,0.05168];[0.54375,0.16875,0.23125,0.05625];1;1389.0;1.05701743376;1010;280;0.2717948717948718;1.205128205128205;51.316923076923075;43.41025641025641;73.77230769230769;10.384615384615385;23.102564102564102;17.615384615384617;2.449230769230769;0.0;8.32923076923077;0.01435897435897436;2.2902564102564105;0.3087179487179487;2.4789743589743587;5.102564102564102;12.743589743589743
11286;zone72;4970.167032608406;2501.795090448298;0.0;zone72;S01010327;34;982;660;362;[0.031746,0.507937,0.460317];[0.372881,0.432203,0.194915];[0.289063,0.328125,0.382813];[0.516892,0.347973,0.135135];[0.416184971098,0.21387283237,0.236994219653,0.132947976879];1;470.0;0.000335688704598;926;276;0.3164705882352941;1.2058823529411764;45.21058823529413;42.35294117647059;67.00588235294114;9.529411764705882;22.0;15.294117647058824;2.302352941176471;0.0;7.809411764705882;0.05176470588235294;1.6611764705882355;0.2894117647058824;2.154117647058823;4.294117647058823;11.323529411764707
11286;zone73;5975.307390960257;2677.5485166167286;0.0;zone73;S01010328;24;969;706;445;[0.16129,0.5,0.33871];[0.27044,0.471698,0.257862];[0.192547,0.434783,0.372671];[0.338983,0.432203,0.228814];[0.309352517986,0.258992805755,0.280575539568,0.151079136691];2;457.0;-0.0138550124678;1958;198;0.31833333333333336;1.5833333333333333;44.975;44.041666666666664;67.54833333333333;9.75;22.125;15.208333333333334;3.528333333333333;0.0;2.3;0.0;4.7266666666666675;0.21333333333333335;2.023333333333333;5.625;9.958333333333334
