cycle;name;location.x;location.y;location.z;name;dataZone;nm_children;pop;over16;nm_hh;AB_car_prob;C1_car_prob;C2_car_prob;DE_car_prob;prob_social;simd;crimeRate;norm_crime;avg_dis_sh;neigh_play;daily_play_per_child;avg_FSA;avg_walk;daily_OD;zone_mvpa;mvpa_home;mvpa_sc;mvpa_road;mvpa_play_field;mvpa_home_garden;mvpa_park;mvpa_PG;mvpa_amenity;mvpa_shops;mvpa_F_home;mvpa_fsa;mvpa_OD
11286;zone0;8448.90275962388;2625.4515469546564;0.0;zone0;S01010195;19;531;390;212;[0.0,0.481481,0.518519];[0.261538,0.646154,0.092308];[0.12,0.59,0.29];[0.447368,0.368421,0.184211];[0.418918918919,0.283783783784,0.202702702703,0.0945945945946];1;0.0;-0.540229885057;1073;32;0.06315789473684211;0.7368421052631579;47.34947368421052;25.57894736842105;67.4778947368421;12.68421052631579;23.57894736842105;16.36842105263158;0.7873684210526316;0.0;2.8715789473684215;0.03578947368421053;3.290526315789474;0.6694736842105263;2.7747368421052636;2.736842105263158;6.578947368421052
11286;zone1;8656.736904000718;2165.9902346445633;0.0;zone1;S01010198;18;1027;748;394;[0.058824,0.529412,0.411765];[0.305785,0.561983,0.132231];[0.219858,0.496454,0.283688];[0.523179,0.331126,0.145695];[0.48623853211,0.229357798165,0.266055045872,0.0183486238532];1;1609.0;1.3102524676;1356;21;0.04666666666666667;1.3888888888888888;53.44888888888889;30.27777777777778;64.49111111111111;9.61111111111111;21.88888888888889;18.333333333333332;0.9733333333333333;0.0;1.1022222222222222;0.18444444444444447;3.728888888888889;0.3133333333333333;2.086666666666667;4.722222222222222;5.5
11286;zone2;8537.588755655543;3024.028900129281;0.0;zone2;S01010201;22;643;453;253;[0.0,0.47619,0.52381];[0.270833,0.3125,0.416667];[0.088,0.48,0.432];[0.296552,0.434483,0.268966];[0.365853658537,0.292682926829,0.292682926829,0.0487804878049];2;219.0;-0.28762447053;805;44;0.07272727272727272;0.8636363636363636;34.53454545454545;35.13636363636363;61.79454545454546;11.136363636363637;22.90909090909091;11.681818181818182;0.7763636363636365;0.0;2.6472727272727274;0.04181818181818182;4.534545454545455;0.40363636363636374;2.399999999999999;3.4545454545454546;7.454545454545454
11286;zone3;8059.42097232239;3767.666522351409;0.0;zone3;S01010203;30;671;504;260;[0.090909,0.363636,0.545455];[0.263804,0.460123,0.276074];[0.094828,0.422414,0.482759];[0.183824,0.375,0.441176];[0.272727272727,0.218181818182,0.363636363636,0.145454545455];3;215.0;-0.292668818285;2017;45;0.05733333333333333;1.5666666666666667;75.06933333333333;33.833333333333336;77.47066666666666;10.266666666666667;22.9;25.766666666666666;1.0546666666666666;0.0;2.0853333333333333;0.0;4.498666666666667;0.3133333333333334;1.9013333333333333;6.966666666666667;7.066666666666666
11286;zone4;8368.288440296214;3565.498290652094;0.0;zone4;S01010204;30;800;589;381;[0.272727,0.727273,0.0];[0.627451,0.27451,0.098039];[0.444444,0.533333,0.022222];[0.600619,0.321981,0.077399];[0.595041322314,0.157024793388,0.239669421488,0.00826446280992];1;497.0;0.0317745673598;1056;49;0.064;0.9333333333333333;44.97866666666667;28.5;63.72000000000001;11.066666666666666;22.566666666666666;15.033333333333333;1.0653333333333335;0.0;2.1106666666666674;0.0;3.3546666666666667;0.452;2.405333333333333;3.8666666666666667;6.0
11286;zone5;8034.229745798958;3515.110462853287;0.0;zone5;S01010205;15;658;534;355;[0.411765,0.117647,0.470588];[0.465116,0.457364,0.077519];[0.317757,0.588785,0.093458];[0.593458,0.280374,0.126168];[0.466666666667,0.2,0.3,0.0333333333333];1;925.0;0.523434132086;1133;29;0.07466666666666667;0.8666666666666667;47.23733333333333;28.6;70.49866666666667;12.6;24.0;16.066666666666666;2.008;0.0;3.08;0.0;3.4853333333333336;0.47466666666666674;2.632;4.333333333333333;8.066666666666666
11286;zone6;7457.064719570519;3739.055375726369;0.0;zone6;S01010208;18;903;745;565;[0.30137,0.589041,0.109589];[0.48062,0.457364,0.062016];[0.272727,0.613636,0.113636];[0.66055,0.270642,0.068807];[0.233333333333,0.133333333333,0.461111111111,0.172222222222];1;603.0;0.153385979085;1386;21;0.04444444444444445;1.3888888888888888;56.0;22.833333333333332;68.26666666666667;11.055555555555555;23.0;19.333333333333332;1.2866666666666668;0.0;1.3577777777777778;0.0;3.0;0.3444444444444445;2.608888888888889;4.722222222222222;5.166666666666667
11286;zone7;7917.838214725937;1939.334458859395;0.0;zone7;S01010209;24;966;677;468;[0.172414,0.586207,0.241379];[0.333333,0.414966,0.251701];[0.381944,0.458333,0.159722];[0.545852,0.336245,0.117904];[0.337931034483,0.248275862069,0.303448275862,0.110344827586];1;2053.0;1.82052250092;1641;35;0.05333333333333334;2.125;68.94333333333334;23.583333333333332;75.29166666666667;10.375;22.916666666666668;23.666666666666668;0.48;0.0;2.068333333333334;0.0;3.0850000000000004;0.32166666666666677;1.6033333333333333;9.0;5.208333333333333
11286;zone8;7878.406567747077;2721.2634132011362;0.0;zone8;S01010210;18;885;641;416;[0.173913,0.456522,0.369565];[0.21519,0.5,0.28481];[0.189781,0.386861,0.423358];[0.422111,0.442211,0.135678];[0.394736842105,0.236842105263,0.254385964912,0.114035087719];1;344.0;-0.144253829852;1081;27;0.06;1.3888888888888888;46.06888888888889;21.88888888888889;67.39777777777778;11.777777777777779;23.38888888888889;15.555555555555555;0.9444444444444442;0.0;2.497777777777778;0.0;2.3133333333333335;0.548888888888889;2.186666666666667;6.444444444444445;5.388888888888889
11286;zone9;7785.599648345685;3201.783800714137;0.0;zone9;S01010211;22;858;634;452;[0.147059,0.705882,0.147059];[0.384615,0.452991,0.162393];[0.469565,0.4,0.130435];[0.722656,0.226563,0.050781];[0.473214285714,0.169642857143,0.285714285714,0.0714285714286];1;430.0;-0.0456985893816;1130;21;0.03636363636363636;1.4545454545454546;48.470909090909096;20.863636363636363;64.12727272727274;11.0;22.227272727272727;16.318181818181817;1.8527272727272723;0.0;1.64;0.0;1.4763636363636363;0.4690909090909091;2.3472727272727276;5.181818181818182;4.545454545454546
11286;zone10;7580.688680869333;3097.127786881416;0.0;zone10;S01010212;49;1083;779;559;[0.233333,0.633333,0.133333];[0.594771,0.339869,0.065359];[0.465517,0.405172,0.12931];[0.712821,0.269231,0.017949];[0.566037735849,0.138364779874,0.22641509434,0.0691823899371];1;1473.0;1.15298517036;1154;91;0.07102040816326531;1.0204081632653061;51.04326530612245;30.081632653061224;68.86285714285715;11.346938775510203;23.020408163265305;17.46938775510204;1.8612244897959187;0.0;2.7387755102040807;0.0;3.0522448979591843;0.4726530612244898;2.5183673469387764;4.73469387755102;7.183673469387755
11286;zone11;8065.177293237223;3111.5884965344962;0.0;zone11;S01010213;13;924;657;476;[0.105263,0.684211,0.210526];[0.382609,0.547826,0.069565];[0.218543,0.556291,0.225166];[0.467925,0.483019,0.049057];[0.451327433628,0.221238938053,0.274336283186,0.0530973451327];1;247.0;-0.255840453357;1041;18;0.05230769230769231;0.8461538461538461;41.784615384615385;30.76923076923077;63.716923076923074;11.076923076923077;22.76923076923077;14.0;1.2984615384615383;0.0;3.092307692307692;0.0;4.412307692307693;0.42461538461538456;2.04;2.769230769230769;8.307692307692308
11286;zone12;7144.994858230166;1947.4125453867302;0.0;zone12;S01010214;27;967;717;396;[0.098592,0.28169,0.619718];[0.197531,0.438272,0.364198];[0.173333,0.493333,0.333333];[0.237069,0.487069,0.275862];[0.361344537815,0.210084033613,0.310924369748,0.117647058824];3;176.0;-0.337854473183;1914;51;0.07407407407407407;1.2222222222222223;78.47703703703704;37.03703703703704;78.8637037037037;9.925925925925926;22.77777777777778;27.22222222222222;2.887407407407407;0.0;3.220740740740741;0.0;3.6874074074074077;0.49777777777777776;2.197037037037037;4.7407407407407405;9.333333333333334
11286;zone13;7013.590150664996;2618.495528189446;0.0;zone13;S01010215;24;850;608;492;[0.571429,0.285714,0.142857];[0.5,0.431373,0.068627];[0.382609,0.391304,0.226087];[0.678571,0.269841,0.051587];[0.467289719626,0.140186915888,0.345794392523,0.0467289719626];1;547.0;0.0886083430805;588;52;0.08333333333333333;0.7916666666666666;35.58833333333334;31.166666666666668;59.33000000000001;10.416666666666666;22.333333333333332;11.875;1.6966666666666665;0.0;1.1316666666666666;0.0;3.8583333333333343;0.2716666666666667;2.52;3.5;6.25
11286;zone14;7332.222205807836;2329.961970144465;0.0;zone14;S01010216;15;621;464;361;[0.6,0.4,0.0];[0.597701,0.356322,0.045977];[0.409091,0.439394,0.151515];[0.709544,0.273859,0.016598];[0.5,0.163265306122,0.265306122449,0.0714285714286];1;600.0;0.150092344085;1346;26;0.06933333333333333;1.6;57.86666666666667;28.733333333333334;67.15466666666667;9.333333333333334;22.066666666666666;19.466666666666665;1.432;0.0;1.704;0.0;3.4426666666666668;0.31466666666666676;1.8666666666666667;5.733333333333333;6.133333333333334
11286;zone15;7299.833172322251;2625.8610945736937;0.0;zone15;S01010217;33;817;598;406;[0.16129,0.516129,0.322581];[0.565517,0.4,0.034483];[0.5,0.431373,0.068627];[0.702703,0.283784,0.013514];[0.541935483871,0.0967741935484,0.296774193548,0.0645161290323];1;1060.0;0.679274950851;1009;64;0.07515151515151515;1.3333333333333333;46.632727272727266;28.606060606060606;65.96969696969697;10.696969696969697;22.90909090909091;15.787878787878787;0.8824242424242424;0.0;2.6909090909090914;0.0;3.550303030303031;0.4460606060606061;2.311515151515151;4.9393939393939394;6.636363636363637
11286;zone16;7142.953643082513;3018.5401822929393;0.0;zone16;S01010218;31;1018;790;587;[0.425532,0.404255,0.170213];[0.392523,0.453271,0.154206];[0.358209,0.492537,0.149254];[0.589124,0.335347,0.075529];[0.424657534247,0.109589041096,0.369863013699,0.0958904109589];1;557.0;0.101026678737;525;48;0.06064516129032258;1.5806451612903225;35.58838709677419;26.774193548387096;60.3832258064516;10.193548387096774;22.032258064516128;11.870967741935484;1.1703225806451611;0.0;1.3393548387096772;0.0;3.1458064516129034;0.40903225806451604;2.2116129032258063;6.129032258064516;5.193548387096774
11286;zone17;6738.8937706128745;4298.8917997019325;0.0;zone17;S01010219;21;503;382;274;[0.695652,0.304348,0.0];[0.758621,0.215517,0.025862];[0.761905,0.166667,0.071429];[0.781609,0.195402,0.022989];[0.41935483871,0.0752688172043,0.408602150538,0.0967741935484];2;184.0;-0.327838932938;1382;38;0.07238095238095238;2.3333333333333335;68.18857142857142;28.238095238095237;73.27238095238097;9.238095238095237;21.857142857142858;23.19047619047619;4.041904761904762;0.0;2.592380952380953;0.09333333333333334;1.1295238095238094;0.20952380952380958;1.516190476190476;7.380952380952381;7.380952380952381
11286;zone18;5915.780765415368;4211.222876105162;0.0;zone18;S01010220;7;476;433;279;[0.181159,0.608696,0.210145];[0.404255,0.531915,0.06383];[0.227273,0.704545,0.068182];[0.448276,0.482759,0.068966];[0.154545454545,0.0636363636364,0.318181818182,0.463636363636];5;267.0;-0.232306706325;1202;13;0.06857142857142857;2.0;48.81714285714286;23.0;72.33142857142857;12.142857142857142;23.714285714285715;16.285714285714285;3.422857142857143;0.0;2.411428571428572;0.1142857142857143;1.1885714285714286;0.3314285714285714;2.04;8.857142857142858;6.714285714285714
11286;zone19;6341.0811208317455;3913.8398648988496;0.0;zone19;S01010221;13;546;394;260;[0.6,0.4,0.0];[0.557377,0.409836,0.032787];[0.538462,0.323077,0.138462];[0.699387,0.257669,0.042945];[0.609375,0.140625,0.203125,0.046875];1;635.0;0.19005459739;1581;20;0.05846153846153846;1.8461538461538463;67.19076923076923;25.46153846153846;77.68923076923078;11.461538461538462;23.384615384615383;23.0;4.667692307692308;0.0;2.76;0.0;1.2184615384615383;0.2830769230769231;2.1661538461538465;6.923076923076923;8.0
11286;zone20;7001.213463613622;4053.9957950241624;0.0;zone20;S01010222;15;492;414;285;[0.142857,0.5,0.357143];[0.432432,0.459459,0.108108];[0.348624,0.522936,0.12844];[0.747899,0.235294,0.016807];[0.345238095238,0.214285714286,0.309523809524,0.130952380952];1;377.0;-0.105830277325;1794;23;0.06133333333333333;0.9333333333333333;70.72533333333332;27.933333333333334;72.52;10.2;22.333333333333332;24.466666666666665;2.4213333333333336;0.0;1.954666666666667;0.0;2.7253333333333334;0.5280000000000001;2.448;3.8666666666666667;6.6
11286;zone21;6986.8418912765155;3434.1450308482026;0.0;zone21;S01010223;4;556;462;337;[0.076923,0.538462,0.384615];[0.567797,0.330508,0.101695];[0.472222,0.444444,0.083333];[0.584699,0.36612,0.04918];[0.432432432432,0.162162162162,0.324324324324,0.0810810810811];1;439.0;-0.0353356041414;1754;4;0.04;1.0;64.88;31.25;73.08;11.0;23.0;22.0;3.96;0.0;4.01;0.14;1.4200000000000002;0.41000000000000003;2.26;3.25;9.0
11286;zone22;6247.397837456437;3329.661273309237;0.0;zone22;S01010224;40;1036;727;469;[0.405405,0.540541,0.054054];[0.592593,0.274074,0.133333];[0.418803,0.504274,0.076923];[0.768421,0.202632,0.028947];[0.506097560976,0.140243902439,0.268292682927,0.0853658536585];1;1004.0;0.614259332793;1027;57;0.054;1.225;51.927;19.625;68.27199999999998;11.775;23.325;17.45;3.2669999999999995;0.0;1.2600000000000002;0.04700000000000001;1.2500000000000002;0.385;2.638;5.025;5.4
11286;zone23;7827.985844039554;4105.4701191949;0.0;zone23;S01010225;33;812;636;431;[0.25,0.634615,0.115385];[0.469072,0.43299,0.097938];[0.54023,0.413793,0.045977];[0.672065,0.234818,0.093117];[0.385185185185,0.125925925926,0.325925925926,0.162962962963];1;1006.0;0.616572011517;1671;41;0.04484848484848485;1.5454545454545454;68.13454545454546;24.939393939393938;75.36848484848483;11.242424242424242;23.242424242424242;23.575757575757574;2.1430303030303026;0.0;1.9709090909090907;0.0096969696969697;2.6800000000000006;0.3224242424242424;2.146666666666667;6.181818181818182;6.393939393939394
11286;zone24;7040.363001382077;4481.052780471187;0.0;zone24;S01010226;40;816;565;394;[0.454545,0.242424,0.30303];[0.715385,0.2,0.084615];[0.540541,0.405405,0.054054];[0.766917,0.18797,0.045113];[0.503355704698,0.201342281879,0.221476510067,0.0738255033557];2;422.0;-0.0548014077425;1323;121;0.117;1.225;61.342999999999996;35.825;73.89000000000001;10.65;22.825;21.1;4.284000000000001;0.0;3.701999999999999;0.12400000000000003;2.002;0.36199999999999993;2.4579999999999997;4.675;9.625
11286;zone25;6847.772309074456;4638.663588163389;0.0;zone25;S01010227;39;692;454;294;[0.413793,0.413793,0.172414];[0.704545,0.238636,0.056818];[0.654545,0.345455,0.0];[0.810606,0.159091,0.030303];[0.672268907563,0.0924369747899,0.159663865546,0.0756302521008];4;0.0;-0.540229885057;1127;134;0.13333333333333333;1.435897435897436;52.735384615384625;41.717948717948715;75.52102564102564;11.512820512820513;23.53846153846154;18.05128205128205;4.816410256410257;0.0;4.583589743589743;0.03897435897435898;2.7897435897435905;0.37333333333333335;2.026666666666667;6.282051282051282;11.717948717948717
11286;zone26;8241.816993110848;4572.457656401622;0.0;zone26;S01010229;30;1016;787;508;[0.1,0.625,0.275];[0.350877,0.350877,0.298246];[0.348315,0.477528,0.174157];[0.565217,0.310559,0.124224];[0.420731707317,0.213414634146,0.292682926829,0.0731707317073];1;395.0;-0.0859445809966;1293;47;0.06133333333333333;1.3666666666666667;58.20266666666667;20.466666666666665;68.45333333333333;10.6;22.633333333333333;20.0;1.7960000000000003;0.0;1.7906666666666664;0.0;1.7346666666666664;0.4706666666666667;2.1213333333333333;5.466666666666667;4.833333333333333
11286;zone27;7458.320056766788;4680.341251240345;0.0;zone27;S01010230;24;1005;772;577;[0.314286,0.628571,0.057143];[0.703883,0.296117,0.0];[0.727273,0.218182,0.054545];[0.71831,0.24507,0.03662];[0.517857142857,0.136904761905,0.267857142857,0.077380952381];1;846.0;0.433218203459;828;37;0.06;1.4166666666666667;46.12500000000001;28.375;67.86666666666666;11.25;23.458333333333332;15.833333333333334;2.0466666666666664;0.0;2.7466666666666666;0.05166666666666667;2.885;0.23166666666666672;2.5500000000000003;5.166666666666667;7.291666666666667
11286;zone28;7569.802990100143;4917.458811240416;0.0;zone28;S01010232;37;1074;792;485;[0.457143,0.485714,0.057143];[0.557292,0.338542,0.104167];[0.492063,0.333333,0.174603];[0.654229,0.251244,0.094527];[0.470297029703,0.153465346535,0.306930693069,0.0693069306931];1;771.0;0.347049794199;1020;88;0.08972972972972973;1.4054054054054055;48.43999999999998;32.13513513513514;67.62810810810811;10.81081081081081;22.81081081081081;16.405405405405407;2.389189189189189;0.0;2.0810810810810816;0.10486486486486486;3.3654054054054052;0.39891891891891884;2.071351351351352;5.54054054054054;7.486486486486487
11286;zone29;7830.713068379679;4879.746446724283;0.0;zone29;S01010233;33;970;705;476;[0.275,0.625,0.1];[0.655629,0.245033,0.099338];[0.52809,0.426966,0.044944];[0.771505,0.212366,0.016129];[0.587209302326,0.093023255814,0.261627906977,0.0581395348837];1;284.0;-0.213781821634;1130;62;0.07151515151515152;1.2121212121212122;51.561212121212115;29.727272727272727;66.32121212121211;10.545454545454545;22.545454545454547;17.78787878787879;1.4593939393939395;0.0;1.6557575757575755;0.11151515151515151;3.9733333333333336;0.2993939393939395;2.4109090909090902;4.03030303030303;6.818181818181818
11286;zone30;6473.383843181837;4954.519765957263;0.0;zone30;S01010261;6;2551;2373;526;[0.666667,0.270833,0.0625];[0.675841,0.281346,0.042813];[0.75,0.25,0.0];[0.824468,0.164894,0.010638];[0.41,0.06,0.41,0.12];3;176.0;-0.337679921334;1873;6;0.04;2.1666666666666665;79.00666666666667;28.5;82.24666666666666;10.5;24.166666666666668;26.833333333333332;2.8466666666666662;0.0;1.4133333333333333;0.11333333333333334;3.4333333333333336;0.27999999999999997;1.7933333333333337;8.666666666666666;7.166666666666667
11286;zone31;4930.642193689802;4959.449818932565;0.0;zone31;S01010266;3;555;474;237;[0.320755,0.556604,0.122642];[0.677273,0.254545,0.068182];[0.5,0.461538,0.038462];[0.534247,0.30137,0.164384];[0.141176470588,0.0588235294118,0.4,0.4];3;536.0;0.0761386922126;1069;2;0.02666666666666667;2.0;48.50666666666666;22.333333333333332;71.96;12.666666666666666;24.333333333333332;16.333333333333332;0.38666666666666666;0.0;2.0533333333333332;0.10666666666666667;3.7733333333333334;0.16;2.56;7.333333333333333;5.666666666666667
11286;zone32;5712.5549897826;4979.400336637217;0.0;zone32;S01010270;4;1153;972;817;[0.389831,0.533898,0.076271];[0.70255,0.252125,0.045326];[0.714286,0.272727,0.012987];[0.771552,0.228448,0.0];[0.125,0.0909090909091,0.454545454545,0.329545454545];1;871.0;0.461200629557;1787;4;0.04;2.5;64.56;17.5;65.60999999999999;9.0;21.75;22.0;1.7;0.0;0.38;0.0;1.45;0.12;1.8599999999999999;5.5;3.0
11286;zone33;3394.0723536088512;4934.677182292946;0.0;zone33;S01010282;13;976;841;645;[0.438776,0.520408,0.040816];[0.545732,0.405488,0.04878];[0.521277,0.382979,0.095745];[0.712707,0.232044,0.055249];[0.190954773869,0.070351758794,0.35175879397,0.386934673367];2;350.0;-0.137812028107;1330;20;0.05846153846153846;2.5384615384615383;64.65538461538462;28.0;83.0953846153846;12.23076923076923;23.846153846153847;22.153846153846153;1.1446153846153846;0.0;7.5076923076923086;0.29230769230769227;0.9261538461538461;0.3692307692307692;1.4123076923076923;11.384615384615385;9.384615384615385
11286;zone34;4385.789287498423;4835.237486850067;0.0;zone34;S01010289;15;771;687;380;[0.130952,0.511905,0.357143];[0.262911,0.502347,0.234742];[0.178571,0.464286,0.357143];[0.410256,0.435897,0.153846];[0.058064516129,0.0322580645161,0.245161290323,0.664516129032];5;259.0;-0.241396294863;1290;46;0.12;1.6;52.69866666666667;48.86666666666667;75.24533333333333;10.733333333333333;23.2;18.066666666666666;2.3333333333333335;0.0;7.109333333333335;1.3760000000000001;2.7546666666666666;0.2906666666666667;1.5200000000000002;6.066666666666666;13.133333333333333
11286;zone35;4401.5375624188455;4669.062022109911;0.0;zone35;S01010290;13;546;485;278;[0.198198,0.603604,0.198198];[0.485944,0.449799,0.064257];[0.555556,0.444444,0.0];[0.435897,0.512821,0.051282];[0.10752688172,0.0430107526882,0.494623655914,0.354838709677];3;353.0;-0.133686757747;1257;26;0.07692307692307693;1.6923076923076923;52.716923076923074;32.23076923076923;66.02153846153847;9.384615384615385;21.923076923076923;18.0;1.209230769230769;0.0;3.7876923076923075;0.606153846153846;2.0061538461538464;0.3569230769230769;1.8246153846153847;5.3076923076923075;7.153846153846154
11286;zone36;4119.983651650423;4281.100418217042;0.0;zone36;S01010291;12;1075;975;481;[0.405594,0.447552,0.146853];[0.627907,0.277132,0.094961];[0.415094,0.433962,0.150943];[0.562963,0.325926,0.111111];[0.197080291971,0.0729927007299,0.445255474453,0.284671532847];3;438.0;-0.0363924713322;870;21;0.07;1.9166666666666667;50.583333333333336;33.25;70.21333333333334;9.666666666666666;22.583333333333332;17.25;1.42;0.0;6.463333333333332;0.25333333333333335;1.0066666666666666;0.26333333333333336;2.006666666666667;7.333333333333333;8.75
11286;zone37;4399.731076226201;4291.6703625917;0.0;zone37;S01010292;10;890;831;409;[0.348214,0.508929,0.142857];[0.477169,0.420091,0.10274];[0.339286,0.446429,0.214286];[0.55814,0.383721,0.05814];[0.128378378378,0.0540540540541,0.398648648649,0.418918918919];4;323.0;-0.168488563048;933;13;0.052;0.9;48.068;45.9;78.02000000000001;12.7;24.4;16.3;4.0;0.0;8.736;0.684;2.216;0.4800000000000001;2.5680000000000005;4.4;15.2
11286;zone38;4514.690807242894;4541.15458266895;0.0;zone38;S01010293;16;839;723;373;[0.51773,0.35461,0.12766];[0.635389,0.262735,0.101877];[0.446809,0.319149,0.234043];[0.514286,0.392857,0.092857];[0.242424242424,0.0606060606061,0.393939393939,0.30303030303];3;290.0;-0.205814991507;1301;39;0.095;1.25;58.09250000000001;33.875;72.1075;10.5;23.0625;19.875;2.1275;0.0;5.5675;0.34750000000000003;1.5225;0.29750000000000004;2.1899999999999995;5.0;9.0625
11286;zone39;4541.7482834333705;4418.565122351524;0.0;zone39;S01010294;13;690;631;275;[0.242105,0.526316,0.231579];[0.650873,0.214464,0.134663];[0.583333,0.208333,0.208333];[0.414894,0.489362,0.095745];[0.164835164835,0.043956043956,0.494505494505,0.296703296703];4;440.0;-0.0342259463805;1013;38;0.11076923076923077;1.3076923076923077;49.886153846153846;45.23076923076923;69.91076923076925;10.076923076923077;22.692307692307693;17.153846153846153;2.6738461538461538;0.0;3.1507692307692303;0.4953846153846155;4.163076923076924;0.3692307692307693;2.187692307692308;5.3076923076923075;10.0
11286;zone40;4766.8646917667475;4574.50133624035;0.0;zone40;S01010295;18;974;870;427;[0.384615,0.391026,0.224359];[0.604555,0.310559,0.084886];[0.428571,0.285714,0.285714];[0.390728,0.516556,0.092715];[0.212765957447,0.113475177305,0.297872340426,0.375886524823];4;529.0;0.0680145754747;1270;44;0.09333333333333334;1.2222222222222223;57.94222222222223;43.666666666666664;75.48888888888888;10.833333333333334;23.22222222222222;19.88888888888889;2.946666666666667;0.0;5.608888888888888;0.5711111111111111;2.5022222222222212;0.4422222222222222;1.9599999999999997;5.666666666666667;11.166666666666666
11286;zone41;4647.752341766679;4736.091736240359;0.0;zone41;S01010296;16;664;560;291;[0.294118,0.423529,0.282353];[0.520913,0.368821,0.110266];[0.375,0.375,0.25];[0.475524,0.391608,0.132867];[0.282828282828,0.111111111111,0.363636363636,0.242424242424];2;856.0;0.444094443477;1205;35;0.0875;1.4375;50.765;33.6875;75.82499999999999;13.375;24.1875;17.1875;1.8649999999999998;0.0;4.5225;0.8525;2.3975;0.4650000000000001;1.935;7.3125;9.125
11286;zone42;5522.849421766708;4411.996091240393;0.0;zone42;S01010297;7;1066;894;676;[0.582609,0.382609,0.034783];[0.691824,0.245283,0.062893];[0.540541,0.333333,0.126126];[0.681275,0.270916,0.047809];[0.260563380282,0.140845070423,0.37323943662,0.225352112676];1;504.0;0.0391758595379;1101;14;0.07428571428571429;1.7142857142857142;50.68571428571429;25.571428571428573;66.38857142857142;10.428571428571429;22.285714285714285;17.285714285714285;0.6742857142857143;0.0;0.9085714285714286;0.12000000000000001;3.32;0.5942857142857144;2.777142857142857;6.285714285714286;4.571428571428571
11286;zone43;4706.481893689814;4143.807995855712;0.0;zone43;S01010298;12;880;677;515;[0.308943,0.479675,0.211382];[0.581395,0.356589,0.062016];[0.539683,0.396825,0.063492];[0.744828,0.193103,0.062069];[0.227272727273,0.0984848484848,0.371212121212,0.30303030303];1;486.0;0.0190902878356;1039;17;0.05333333333333334;1.5833333333333333;48.29999999999999;24.166666666666668;74.92666666666668;13.916666666666666;24.5;16.083333333333332;2.7733333333333334;0.0;3.19;0.4466666666666666;1.5433333333333332;0.37333333333333335;2.2399999999999998;8.083333333333334;7.5
11286;zone44;4885.424673909578;4209.645754097502;0.0;zone44;S01010299;4;536;404;292;[0.3,0.54,0.16];[0.556701,0.340206,0.103093];[0.458333,0.520833,0.020833];[0.584906,0.283019,0.132075];[0.428571428571,0.0857142857143,0.285714285714,0.2];1;375.0;-0.10827530326;592;13;0.13;0.5;36.69;45.0;56.95;9.25;21.0;12.25;2.6;0.0;1.42;1.09;3.05;0.5;2.35;1.75;7.5
11286;zone45;4883.397012115578;4340.414778682246;0.0;zone45;S01010300;21;934;764;478;[0.460784,0.411765,0.127451];[0.664653,0.238671,0.096677];[0.632353,0.323529,0.044118];[0.606383,0.329787,0.06383];[0.3046875,0.125,0.3515625,0.21875];2;513.0;0.0498225801839;700;47;0.08571428571428572;1.6666666666666667;39.90666666666667;27.523809523809526;71.21714285714287;12.714285714285714;24.476190476190474;13.666666666666666;1.8095238095238095;0.0;3.481904761904762;0.43809523809523804;2.318095238095238;0.3733333333333334;2.0038095238095237;8.0;7.523809523809524
11286;zone46;5144.66081966521;4032.769083704074;0.0;zone46;S01010301;6;522;457;283;[0.292683,0.597561,0.109756];[0.57563,0.315126,0.109244];[0.222222,0.703704,0.074074];[0.561798,0.393258,0.044944];[0.214285714286,0.0612244897959,0.459183673469,0.265306122449];4;490.0;0.0232745011966;1697;14;0.08666666666666667;2.0;67.91333333333334;32.333333333333336;79.92;11.333333333333334;23.666666666666668;23.333333333333332;4.6066666666666665;0.0;0.98;0.16;2.8533333333333335;0.3133333333333333;1.62;9.666666666666666;8.166666666666666
11286;zone47;5165.568789180556;4297.038752619699;0.0;zone47;S01010302;24;669;495;388;[0.65625,0.28125,0.0625];[0.6,0.356522,0.043478];[0.716981,0.226415,0.056604];[0.801802,0.18018,0.018018];[0.582417582418,0.0769230769231,0.263736263736,0.0769230769231];1;392.0;-0.0896499889057;1265;44;0.06666666666666667;1.0416666666666667;51.135;29.125;70.52500000000002;12.166666666666666;24.0;17.166666666666668;2.31;0.0;1.6466666666666667;0.2283333333333334;3.6099999999999994;0.45999999999999996;2.938333333333333;4.208333333333333;7.25
11286;zone48;5241.140616766716;4139.402270499609;0.0;zone48;S01010303;33;579;387;250;[0.692308,0.153846,0.153846];[0.56701,0.298969,0.134021];[0.630435,0.282609,0.086957];[0.658879,0.285047,0.056075];[0.58407079646,0.106194690265,0.274336283186,0.0353982300885];1;415.0;-0.0627120940391;1653;69;0.08;1.0606060606060606;64.78545454545454;30.303030303030305;74.75030303030303;11.515151515151516;23.515151515151516;22.12121212121212;4.282424242424242;0.0;0.8884848484848484;0.2800000000000001;2.757575757575758;0.42181818181818187;2.5854545454545446;4.7272727272727275;7.666666666666667
11286;zone49;4853.647576226233;3833.123065294377;0.0;zone49;S01010304;12;542;456;332;[0.323529,0.514706,0.161765];[0.635135,0.25,0.114865];[0.477273,0.522727,0.0];[0.829268,0.109756,0.060976];[0.372340425532,0.0425531914894,0.297872340426,0.287234042553];1;804.0;0.384523850516;1909;18;0.06;1.75;73.54333333333332;27.416666666666668;81.98;12.583333333333334;24.5;25.416666666666668;3.483333333333333;0.0;0.8300000000000001;0.5966666666666668;2.0733333333333333;0.3166666666666667;2.346666666666667;8.25;6.583333333333333
11286;zone50;4697.410406890209;3639.1027396354093;0.0;zone50;S01010305;7;807;694;478;[0.36036,0.468468,0.171171];[0.553191,0.33617,0.110638];[0.409639,0.301205,0.289157];[0.589888,0.337079,0.073034];[0.198529411765,0.0735294117647,0.382352941176,0.345588235294];1;223.0;-0.28282788147;617;12;0.06857142857142857;3.2857142857142856;46.434285714285714;19.714285714285715;73.74857142857142;11.714285714285714;23.857142857142858;15.285714285714286;1.1485714285714284;0.0;1.0399999999999998;1.645714285714286;0.5085714285714286;0.10857142857142857;1.2;15.0;4.0
11286;zone51;4591.3082521834585;3868.367573740388;0.0;zone51;S01010306;13;752;675;449;[0.35625,0.56875,0.075];[0.570588,0.355882,0.073529];[0.283019,0.566038,0.150943];[0.650943,0.330189,0.018868];[0.165680473373,0.0473372781065,0.479289940828,0.307692307692];2;238.0;-0.265781391166;712;24;0.07076923076923076;2.3076923076923075;47.098461538461535;34.46153846153846;65.94153846153846;9.461538461538462;21.923076923076923;16.0;2.8400000000000003;0.0;1.7938461538461536;1.9046153846153848;1.0092307692307694;0.18769230769230769;1.516923076923077;7.615384615384615;6.923076923076923
11286;zone52;4503.72067559025;3742.2957906521283;0.0;zone52;S01010307;9;821;732;428;[0.189922,0.577519,0.232558];[0.407407,0.487654,0.104938];[0.346154,0.538462,0.115385];[0.71875,0.234375,0.046875];[0.0681818181818,0.0568181818182,0.375,0.5];5;319.0;-0.172537833795;488;29;0.12444444444444444;0.8888888888888888;35.04888888888889;44.666666666666664;62.724444444444444;10.666666666666666;22.88888888888889;11.555555555555555;3.7022222222222223;0.0;2.728888888888889;3.7199999999999998;0.16444444444444445;0.3422222222222222;2.017777777777778;3.0;10.0
11286;zone53;4364.519870735056;4047.768725526131;0.0;zone53;S01010308;9;975;858;480;[0.285714,0.54007,0.174216];[0.511936,0.384615,0.103448];[0.254902,0.411765,0.333333];[0.648352,0.307692,0.043956];[0.0970873786408,0.0631067961165,0.359223300971,0.480582524272];4;257.0;-0.244477582955;1239;20;0.08888888888888889;2.3333333333333335;64.88000000000001;34.55555555555556;76.43555555555557;9.666666666666666;22.444444444444443;22.444444444444443;2.4977777777777783;0.0;2.666666666666666;1.8533333333333337;1.1022222222222224;0.3155555555555556;1.057777777777778;10.444444444444445;7.777777777777778
11286;zone54;5381.88771051669;3636.3205112402793;0.0;zone54;S01010309;4;419;356;264;[0.333333,0.25,0.416667];[0.478873,0.422535,0.098592];[0.352941,0.382353,0.264706];[0.705882,0.24183,0.052288];[0.365853658537,0.170731707317,0.390243902439,0.0731707317073];1;0.0;-0.540229885057;2262;4;0.04;2.5;83.25;27.25;83.55000000000001;11.75;23.75;28.5;1.91;0.0;2.6399999999999997;0.2;2.3899999999999997;0.19;1.78;8.75;6.5
11286;zone55;5657.373406240428;3625.6586165034923;0.0;zone55;S01010310;13;706;540;381;[0.333333,0.238095,0.428571];[0.565517,0.337931,0.096552];[0.54902,0.27451,0.176471];[0.715415,0.256917,0.027668];[0.484848484848,0.151515151515,0.318181818182,0.0454545454545];1;574.0;0.120406534162;815;22;0.06461538461538462;1.0;47.72;29.076923076923077;65.25538461538461;10.692307692307692;22.692307692307693;16.076923076923077;2.2184615384615385;0.0;1.123076923076923;0.12307692307692308;3.316923076923077;0.34769230769230774;2.578461538461539;4.076923076923077;6.3076923076923075
11286;zone56;5685.425126382168;3318.6970593171873;0.0;zone56;S01010311;22;721;556;351;[0.411765,0.352941,0.235294];[0.472222,0.453704,0.074074];[0.571429,0.404762,0.02381];[0.717949,0.271062,0.010989];[0.565217391304,0.121739130435,0.269565217391,0.0434782608696];1;1534.0;1.22364271569;1664;30;0.05272727272727273;0.9090909090909091;64.35090909090908;28.772727272727273;74.64545454545456;11.772727272727273;23.727272727272727;22.045454545454547;2.3527272727272726;0.0;2.7836363636363637;0.10181818181818182;2.892727272727272;0.3418181818181818;2.852727272727272;4.090909090909091;7.590909090909091
11286;zone57;5466.52613028024;3072.1402274564575;0.0;zone57;S01010312;34;868;647;425;[0.117647,0.823529,0.058824];[0.754386,0.22807,0.017544];[0.407407,0.444444,0.148148];[0.804945,0.153846,0.041209];[0.586956521739,0.115942028986,0.268115942029,0.0289855072464];1;685.0;0.247477927043;1686;53;0.0611764705882353;0.7941176470588235;68.22823529411765;30.058823529411764;75.25058823529415;11.352941176470589;23.647058823529413;23.352941176470587;1.651764705882353;0.0;3.4199999999999995;0.08705882352941177;3.4000000000000004;0.3976470588235294;2.844705882352941;3.4705882352941178;8.176470588235293
11286;zone58;5251.7403530303945;3502.549209042501;0.0;zone58;S01010313;16;654;529;356;[0.428571,0.285714,0.285714];[0.6,0.333333,0.066667];[0.433735,0.481928,0.084337];[0.739623,0.162264,0.098113];[0.648351648352,0.131868131868,0.175824175824,0.043956043956];1;565.0;0.109617915218;2108;30;0.07;1.6875;87.6675;27.625;85.92000000000002;11.3125;24.0625;29.75;2.1100000000000003;0.0;3.5374999999999996;0.1;2.2825;0.4625;2.13;8.375;7.6875
11286;zone59;4840.312157862589;3385.4448126102257;0.0;zone59;S01010314;21;1248;1034;550;[0.358209,0.507463,0.134328];[0.514493,0.333333,0.152174];[0.5,0.326923,0.173077];[0.636,0.324,0.04];[0.316901408451,0.133802816901,0.401408450704,0.147887323944];1;637.0;0.192402372167;968;32;0.05333333333333334;1.6666666666666667;51.90285714285714;27.428571428571427;64.93523809523809;9.619047619047619;21.761904761904763;17.61904761904762;2.8476190476190473;0.0;2.4457142857142857;0.8361904761904762;0.5333333333333333;0.16952380952380952;1.8666666666666667;5.285714285714286;6.095238095238095
11286;zone60;4536.293429266749;2504.1273706154316;0.0;zone60;S01010315;43;911;678;409;[0.180723,0.554217,0.26506];[0.252632,0.457895,0.289474];[0.208333,0.5,0.291667];[0.55144,0.345679,0.102881];[0.308176100629,0.169811320755,0.358490566038,0.163522012579];2;382.0;-0.100954860853;1627;79;0.06511627906976744;1.3488372093023255;63.02790697674419;33.76744186046512;71.73581395348836;9.69767441860465;22.813953488372093;21.558139534883722;2.466976744186047;0.0;2.9051162790697673;0.0;3.0874418604651153;0.3302325581395349;2.337674418604651;4.813953488372093;8.023255813953488
11286;zone61;4589.6619547948285;2943.195659127726;0.0;zone61;S01010316;25;512;414;304;[0.392157,0.529412,0.078431];[0.62931,0.37069,0.0];[0.439024,0.560976,0.0];[0.775401,0.224599,0.0];[0.439252336449,0.102803738318,0.252336448598,0.205607476636];1;481.0;0.0128180141103;1235;50;0.072;1.6;55.57760000000001;28.08;69.6912;10.8;22.56;18.72;1.9344000000000006;0.0;3.2655999999999996;0.0336;1.8559999999999999;0.3376000000000001;2.1056;6.28;6.6
11286;zone63;4421.5566371748755;3071.026327566895;0.0;zone63;S01010318;12;1588;1497;304;[0.5,0.456522,0.043478];[0.469799,0.47651,0.053691];[0.310345,0.37931,0.310345];[0.678571,0.285714,0.035714];[0.36,0.14,0.34,0.16];3;317.0;-0.175110645645;1175;27;0.09;2.0;61.85333333333333;35.333333333333336;77.31;10.583333333333334;23.583333333333332;21.166666666666668;4.96;0.0;4.45;0.5900000000000001;0.5833333333333334;0.3366666666666667;1.713333333333333;7.5;10.083333333333334
11286;zone64;4173.240913470097;2893.8040771744095;0.0;zone64;S01010319;9;711;624;407;[0.258741,0.608392,0.132867];[0.383399,0.486166,0.130435];[0.439394,0.212121,0.348485];[0.530769,0.384615,0.084615];[0.171974522293,0.0700636942675,0.471337579618,0.286624203822];2;473.0;0.00423719084943;1530;15;0.06222222222222222;1.6666666666666667;62.800000000000004;34.44444444444444;79.08888888888889;11.88888888888889;24.22222222222222;21.0;3.1599999999999997;0.0;3.604444444444445;0.3377777777777778;3.1155555555555554;0.29333333333333333;1.431111111111111;8.222222222222221;9.666666666666666
11286;zone65;3940.1918462749595;2900.8899784533987;0.0;zone65;S01010320;4;675;594;437;[0.257813,0.523438,0.21875];[0.61753,0.298805,0.083665];[0.526316,0.22807,0.245614];[0.805085,0.169492,0.025424];[0.172185430464,0.0662251655629,0.443708609272,0.317880794702];1;646.0;0.202453315259;1207;6;0.06;1.5;51.28;22.0;62.93;9.75;20.75;18.5;2.0;0.0;1.4900000000000002;0.14;0.9700000000000001;0.49;2.1999999999999997;5.0;4.5
11286;zone66;3905.8658739096163;2664.6669636212755;0.0;zone66;S01010321;7;837;634;432;[0.401709,0.555556,0.042735];[0.54717,0.433962,0.018868];[0.45122,0.439024,0.109756];[0.666667,0.271186,0.062147];[0.212328767123,0.0958904109589,0.390410958904,0.301369863014];1;1019.0;0.631764531736;1974;18;0.09714285714285714;1.1428571428571428;77.5657142857143;23.142857142857142;75.21142857142857;10.142857142857142;22.857142857142858;26.714285714285715;2.085714285714286;0.0;1.8057142857142856;0.0;1.8685714285714285;0.26857142857142857;2.9371428571428573;4.571428571428571;5.142857142857143
11286;zone67;3630.3978644730896;3132.1651121578075;0.0;zone67;S01010322;9;1028;914;549;[0.174419,0.549419,0.276163];[0.412399,0.471698,0.115903];[0.298507,0.38806,0.313433];[0.647059,0.323529,0.029412];[0.057268722467,0.0352422907489,0.449339207048,0.458149779736];5;124.0;-0.397569575369;1349;27;0.10666666666666667;2.2222222222222223;58.946666666666665;42.22222222222222;81.90666666666668;11.0;24.22222222222222;20.444444444444443;4.911111111111111;0.0;4.52;0.5733333333333334;2.6977777777777776;0.3288888888888889;1.6888888888888889;9.88888888888889;12.222222222222221
11286;zone68;6208.193116766784;3072.425066795916;0.0;zone68;S01010323;4;603;466;377;[0.555556,0.444444,0.0];[0.657143,0.271429,0.071429];[0.642857,0.321429,0.035714];[0.793651,0.166667,0.039683];[0.578431372549,0.166666666667,0.235294117647,0.0196078431373];1;970.0;0.57559463238;1078;8;0.07;1.25;43.879999999999995;24.25;64.14999999999999;10.75;22.0;15.5;6.06;0.0;0.43;0.0;0.62;0.5499999999999999;2.3;4.0;6.5
11286;zone69;6517.651722029823;2240.572579661372;0.0;zone69;S01010324;6;759;566;403;[0.142857,0.571429,0.285714];[0.298077,0.490385,0.211538];[0.333333,0.530864,0.135802];[0.401674,0.414226,0.1841];[0.569620253165,0.101265822785,0.291139240506,0.0379746835443];1;407.0;-0.0721601679586;1676;6;0.04;2.5;58.333333333333336;25.666666666666668;67.17999999999999;8.333333333333334;21.5;20.0;1.6466666666666667;0.0;0.7333333333333334;0.0;3.173333333333334;0.24666666666666667;1.12;8.666666666666666;5.0
11286;zone70;6038.016041009105;2402.8415869980217;0.0;zone70;S01010325;18;939;666;501;[0.263158,0.368421,0.368421];[0.383838,0.525253,0.090909];[0.253623,0.615942,0.130435];[0.451362,0.463035,0.085603];[0.545454545455,0.238636363636,0.193181818182,0.0227272727273];1;225.0;-0.281126582053;1479;31;0.06888888888888889;1.2777777777777777;53.64666666666666;29.055555555555557;66.30444444444444;10.555555555555555;22.22222222222222;18.11111111111111;1.3133333333333335;0.0;1.0844444444444445;0.0;3.817777777777777;0.3133333333333333;2.028888888888889;5.111111111111111;5.777777777777778
11286;zone71;5272.359331052501;2740.775131541117;0.0;zone71;S01010326;39;987;707;494;[0.526316,0.368421,0.105263];[0.522523,0.333333,0.144144];[0.492188,0.3125,0.195313];[0.723514,0.224806,0.05168];[0.54375,0.16875,0.23125,0.05625];1;1389.0;1.05701743376;933;63;0.06153846153846154;1.2564102564102564;50.919999999999995;30.025641025641026;71.77641025641023;11.333333333333334;23.28205128205128;17.358974358974358;1.521025641025641;0.0;6.943589743589746;0.0;1.0779487179487182;0.4964102564102564;2.4871794871794872;5.358974358974359;9.102564102564102
11286;zone72;4970.167032608406;2501.795090448298;0.0;zone72;S01010327;34;982;660;362;[0.031746,0.507937,0.460317];[0.372881,0.432203,0.194915];[0.289063,0.328125,0.382813];[0.516892,0.347973,0.135135];[0.416184971098,0.21387283237,0.236994219653,0.132947976879];1;470.0;0.000335688704598;993;45;0.05176470588235294;1.5588235294117647;47.86941176470587;25.147058823529413;69.68235294117646;11.558823529411764;23.08823529411765;16.294117647058822;1.130588235294118;0.0;5.489411764705881;0.04588235294117647;1.2458823529411764;0.34117647058823536;2.3964705882352932;6.4411764705882355;7.470588235294118
11286;zone73;5975.307390960257;2677.5485166167286;0.0;zone73;S01010328;24;969;706;445;[0.16129,0.5,0.33871];[0.27044,0.471698,0.257862];[0.192547,0.434783,0.372671];[0.338983,0.432203,0.228814];[0.309352517986,0.258992805755,0.280575539568,0.151079136691];2;457.0;-0.0138550124678;1997;55;0.08833333333333333;1.0833333333333333;70.69500000000001;30.75;72.80666666666667;10.0;22.458333333333332;24.083333333333332;2.263333333333333;0.0;1.7283333333333335;0.0;3.5166666666666675;0.45666666666666655;2.4266666666666667;4.166666666666667;7.0
