cycle;name;location.x;location.y;location.z;name;dataZone;nm_children;pop;over16;nm_hh;AB_car_prob;C1_car_prob;C2_car_prob;DE_car_prob;prob_social;simd;crimeRate;norm_crime;avg_dis_sh;neigh_play;daily_play_per_child;avg_FSA;avg_walk;daily_OD;zone_mvpa;mvpa_home;mvpa_sc;mvpa_road;mvpa_play_field;mvpa_home_garden;mvpa_park;mvpa_PG;mvpa_amenity;mvpa_shops;mvpa_F_home;mvpa_fsa;mvpa_OD
11286;zone0;8448.90275962388;2625.4515469546564;0.0;zone0;S01010195;19;531;390;212;[0.0,0.481481,0.518519];[0.261538,0.646154,0.092308];[0.12,0.59,0.29];[0.447368,0.368421,0.184211];[0.418918918919,0.283783783784,0.202702702703,0.0945945945946];1;0.0;-0.540229885057;1084;35;0.06947368421052631;1.3157894736842106;49.72631578947369;28.63157894736842;67.58736842105263;10.947368421052632;22.894736842105264;17.05263157894737;0.8947368421052632;0.0;3.3557894736842107;0.03789473684210526;3.067368421052631;0.3263157894736843;2.669473684210527;4.7368421052631575;6.894736842105263
11286;zone1;8656.736904000718;2165.9902346445633;0.0;zone1;S01010198;18;1027;748;394;[0.058824,0.529412,0.411765];[0.305785,0.561983,0.132231];[0.219858,0.496454,0.283688];[0.523179,0.331126,0.145695];[0.48623853211,0.229357798165,0.266055045872,0.0183486238532];1;1609.0;1.3102524676;1156;30;0.06444444444444444;1.5;50.49111111111112;29.88888888888889;71.1511111111111;11.666666666666666;23.333333333333332;17.055555555555557;1.1244444444444444;0.0;2.3444444444444446;0.2511111111111111;3.9177777777777782;0.34888888888888897;2.4088888888888893;6.833333333333333;7.111111111111111
11286;zone2;8537.588755655543;3024.028900129281;0.0;zone2;S01010201;22;643;453;253;[0.0,0.47619,0.52381];[0.270833,0.3125,0.416667];[0.088,0.48,0.432];[0.296552,0.434483,0.268966];[0.365853658537,0.292682926829,0.292682926829,0.0487804878049];2;219.0;-0.28762447053;772;28;0.04909090909090909;1.0;37.48363636363636;36.09090909090909;64.05454545454545;11.272727272727273;22.90909090909091;12.409090909090908;1.3090909090909093;0.0;3.1654545454545455;0.07818181818181819;4.361818181818182;0.5218181818181817;2.627272727272727;3.590909090909091;8.409090909090908
11286;zone3;8059.42097232239;3767.666522351409;0.0;zone3;S01010203;30;671;504;260;[0.090909,0.363636,0.545455];[0.263804,0.460123,0.276074];[0.094828,0.422414,0.482759];[0.183824,0.375,0.441176];[0.272727272727,0.218181818182,0.363636363636,0.145454545455];3;215.0;-0.292668818285;2019;51;0.06533333333333333;1.0333333333333334;74.98399999999998;35.53333333333333;77.47866666666668;10.4;23.3;26.066666666666666;2.0786666666666664;0.0;2.5120000000000005;0.0;4.555999999999999;0.3906666666666666;2.538666666666667;3.933333333333333;8.633333333333333
11286;zone4;8368.288440296214;3565.498290652094;0.0;zone4;S01010204;30;800;589;381;[0.272727,0.727273,0.0];[0.627451,0.27451,0.098039];[0.444444,0.533333,0.022222];[0.600619,0.321981,0.077399];[0.595041322314,0.157024793388,0.239669421488,0.00826446280992];1;497.0;0.0317745673598;1375;59;0.07466666666666667;1.1;52.19466666666666;30.866666666666667;65.688;10.333333333333334;22.3;17.8;1.0906666666666665;0.0;2.1626666666666665;0.048;3.393333333333335;0.348;2.389333333333333;4.166666666666667;6.233333333333333
11286;zone5;8034.229745798958;3515.110462853287;0.0;zone5;S01010205;15;658;534;355;[0.411765,0.117647,0.470588];[0.465116,0.457364,0.077519];[0.317757,0.588785,0.093458];[0.593458,0.280374,0.126168];[0.466666666667,0.2,0.3,0.0333333333333];1;925.0;0.523434132086;1382;22;0.05866666666666667;1.7333333333333334;54.744;23.2;68.94133333333335;10.6;23.066666666666666;18.666666666666668;1.7226666666666663;0.0;1.826666666666666;0.0;2.608;0.34400000000000003;2.1439999999999997;6.266666666666667;5.666666666666667
11286;zone6;7457.064719570519;3739.055375726369;0.0;zone6;S01010208;18;903;745;565;[0.30137,0.589041,0.109589];[0.48062,0.457364,0.062016];[0.272727,0.613636,0.113636];[0.66055,0.270642,0.068807];[0.233333333333,0.133333333333,0.461111111111,0.172222222222];1;603.0;0.153385979085;1367;23;0.04888888888888889;1.3333333333333333;52.17111111111111;28.22222222222222;65.06222222222223;9.88888888888889;22.22222222222222;17.666666666666668;1.1844444444444444;0.0;1.2555555555555555;0.0;3.566666666666666;0.3466666666666667;2.0755555555555554;4.944444444444445;5.611111111111111
11286;zone7;7917.838214725937;1939.334458859395;0.0;zone7;S01010209;24;966;677;468;[0.172414,0.586207,0.241379];[0.333333,0.414966,0.251701];[0.381944,0.458333,0.159722];[0.545852,0.336245,0.117904];[0.337931034483,0.248275862069,0.303448275862,0.110344827586];1;2053.0;1.82052250092;1634;42;0.06833333333333333;0.4583333333333333;61.95666666666665;33.083333333333336;71.24166666666666;11.333333333333334;23.458333333333332;21.333333333333332;0.6466666666666666;0.0;4.1916666666666655;0.0;3.986666666666666;0.34500000000000003;3.033333333333333;1.3333333333333333;8.375
11286;zone8;7878.406567747077;2721.2634132011362;0.0;zone8;S01010210;18;885;641;416;[0.173913,0.456522,0.369565];[0.21519,0.5,0.28481];[0.189781,0.386861,0.423358];[0.422111,0.442211,0.135678];[0.394736842105,0.236842105263,0.254385964912,0.114035087719];1;344.0;-0.144253829852;1188;32;0.07111111111111111;0.8333333333333334;43.09111111111111;24.61111111111111;63.26222222222221;10.833333333333334;22.77777777777778;14.777777777777779;1.0377777777777777;0.0;2.56;0.0;2.655555555555556;0.28888888888888886;3.1600000000000006;3.3333333333333335;5.777777777777778
11286;zone9;7785.599648345685;3201.783800714137;0.0;zone9;S01010211;22;858;634;452;[0.147059,0.705882,0.147059];[0.384615,0.452991,0.162393];[0.469565,0.4,0.130435];[0.722656,0.226563,0.050781];[0.473214285714,0.169642857143,0.285714285714,0.0714285714286];1;430.0;-0.0456985893816;1084;41;0.06727272727272728;1.0;47.31272727272728;26.272727272727273;63.532727272727264;11.045454545454545;22.227272727272727;15.954545454545455;1.06;0.0;1.8327272727272728;0.0;3.3145454545454545;0.46727272727272734;2.630909090909091;3.5;5.7272727272727275
11286;zone10;7580.688680869333;3097.127786881416;0.0;zone10;S01010212;49;1083;779;559;[0.233333,0.633333,0.133333];[0.594771,0.339869,0.065359];[0.465517,0.405172,0.12931];[0.712821,0.269231,0.017949];[0.566037735849,0.138364779874,0.22641509434,0.0691823899371];1;1473.0;1.15298517036;1214;95;0.07673469387755102;1.1224489795918366;53.11836734693879;30.612244897959183;70.83020408163264;11.755102040816327;23.571428571428573;18.081632653061224;1.263673469387755;0.0;3.044897959183673;0.0;3.8808163265306135;0.3632653061224489;2.6661224489795923;4.530612244897959;7.6938775510204085
11286;zone11;8065.177293237223;3111.5884965344962;0.0;zone11;S01010213;13;924;657;476;[0.105263,0.684211,0.210526];[0.382609,0.547826,0.069565];[0.218543,0.556291,0.225166];[0.467925,0.483019,0.049057];[0.451327433628,0.221238938053,0.274336283186,0.0530973451327];1;247.0;-0.255840453357;963;27;0.08;0.9230769230769231;41.51076923076924;29.0;64.2923076923077;11.846153846153847;23.153846153846153;14.0;1.0;0.0;2.1599999999999997;0.0;3.9199999999999995;0.5323076923076924;2.4615384615384612;3.4615384615384617;6.615384615384615
11286;zone12;7144.994858230166;1947.4125453867302;0.0;zone12;S01010214;27;967;717;396;[0.098592,0.28169,0.619718];[0.197531,0.438272,0.364198];[0.173333,0.493333,0.333333];[0.237069,0.487069,0.275862];[0.361344537815,0.210084033613,0.310924369748,0.117647058824];3;176.0;-0.337854473183;1881;49;0.06962962962962962;1.0740740740740742;68.7437037037037;38.407407407407405;73.74518518518519;10.185185185185185;22.62962962962963;23.51851851851852;2.4103703703703707;0.0;2.334814814814815;0.0;4.274074074074073;0.3051851851851853;2.3437037037037043;4.074074074074074;8.555555555555555
11286;zone13;7013.590150664996;2618.495528189446;0.0;zone13;S01010215;24;850;608;492;[0.571429,0.285714,0.142857];[0.5,0.431373,0.068627];[0.382609,0.391304,0.226087];[0.678571,0.269841,0.051587];[0.467289719626,0.140186915888,0.345794392523,0.0467289719626];1;547.0;0.0886083430805;496;44;0.07;1.125;31.588333333333335;28.458333333333332;63.820000000000014;12.833333333333334;23.791666666666668;10.708333333333334;1.2750000000000001;0.0;1.4916666666666663;0.0;4.344999999999999;0.5516666666666666;2.6733333333333333;4.458333333333333;6.666666666666667
11286;zone14;7332.222205807836;2329.961970144465;0.0;zone14;S01010216;15;621;464;361;[0.6,0.4,0.0];[0.597701,0.356322,0.045977];[0.409091,0.439394,0.151515];[0.709544,0.273859,0.016598];[0.5,0.163265306122,0.265306122449,0.0714285714286];1;600.0;0.150092344085;1306;25;0.06666666666666667;1.1333333333333333;56.26666666666666;29.266666666666666;69.94399999999999;11.0;22.933333333333334;19.533333333333335;1.1893333333333334;0.0;2.4853333333333336;0.0;3.9440000000000004;0.544;2.5466666666666664;3.8;7.066666666666666
11286;zone15;7299.833172322251;2625.8610945736937;0.0;zone15;S01010217;33;817;598;406;[0.16129,0.516129,0.322581];[0.565517,0.4,0.034483];[0.5,0.431373,0.068627];[0.702703,0.283784,0.013514];[0.541935483871,0.0967741935484,0.296774193548,0.0645161290323];1;1060.0;0.679274950851;1011;64;0.07272727272727272;1.4848484848484849;47.31151515151516;29.87878787878788;69.97696969696972;11.242424242424242;23.636363636363637;16.060606060606062;1.5515151515151517;0.0;2.6957575757575754;0.0;3.7975757575757574;0.37939393939393945;2.549090909090909;6.121212121212121;7.515151515151516
11286;zone16;7142.953643082513;3018.5401822929393;0.0;zone16;S01010218;31;1018;790;587;[0.425532,0.404255,0.170213];[0.392523,0.453271,0.154206];[0.358209,0.492537,0.149254];[0.589124,0.335347,0.075529];[0.424657534247,0.109589041096,0.369863013699,0.0958904109589];1;557.0;0.101026678737;547;45;0.05806451612903226;1.5806451612903225;35.703225806451606;24.741935483870968;63.2748387096774;11.451612903225806;23.096774193548388;11.903225806451612;0.7006451612903225;0.0;1.1445161290322579;0.0;3.7974193548387105;0.46193548387096783;2.292903225806452;6.741935483870968;5.096774193548387
11286;zone17;6738.8937706128745;4298.8917997019325;0.0;zone17;S01010219;21;503;382;274;[0.695652,0.304348,0.0];[0.758621,0.215517,0.025862];[0.761905,0.166667,0.071429];[0.781609,0.195402,0.022989];[0.41935483871,0.0752688172043,0.408602150538,0.0967741935484];2;184.0;-0.327838932938;1475;56;0.10476190476190476;1.1428571428571428;68.07238095238097;34.714285714285715;78.10285714285716;11.238095238095237;23.61904761904762;23.333333333333332;2.2914285714285714;0.0;5.373333333333335;0.01523809523809524;3.104761904761905;0.4304761904761905;2.586666666666667;4.238095238095238;10.333333333333334
11286;zone18;5915.780765415368;4211.222876105162;0.0;zone18;S01010220;7;476;433;279;[0.181159,0.608696,0.210145];[0.404255,0.531915,0.06383];[0.227273,0.704545,0.068182];[0.448276,0.482759,0.068966];[0.154545454545,0.0636363636364,0.318181818182,0.463636363636];5;267.0;-0.232306706325;1143;18;0.10285714285714286;2.142857142857143;47.16571428571429;27.285714285714285;70.16;11.0;23.0;16.285714285714285;2.6628571428571424;0.0;2.8685714285714288;0.2285714285714286;1.7657142857142858;0.32571428571428573;1.8057142857142858;8.571428571428571;7.0
11286;zone19;6341.0811208317455;3913.8398648988496;0.0;zone19;S01010221;13;546;394;260;[0.6,0.4,0.0];[0.557377,0.409836,0.032787];[0.538462,0.323077,0.138462];[0.699387,0.257669,0.042945];[0.609375,0.140625,0.203125,0.046875];1;635.0;0.19005459739;1304;12;0.03076923076923077;1.4615384615384615;62.24615384615383;16.846153846153847;71.32307692307691;11.538461538461538;22.923076923076923;21.307692307692307;2.569230769230769;0.0;1.5723076923076922;0.01230769230769231;0.5723076923076923;0.3384615384615385;2.184615384615385;6.538461538461538;4.230769230769231
11286;zone20;7001.213463613622;4053.9957950241624;0.0;zone20;S01010222;15;492;414;285;[0.142857,0.5,0.357143];[0.432432,0.459459,0.108108];[0.348624,0.522936,0.12844];[0.747899,0.235294,0.016807];[0.345238095238,0.214285714286,0.309523809524,0.130952380952];1;377.0;-0.105830277325;1882;26;0.06933333333333333;1.0666666666666667;66.29866666666666;28.666666666666668;72.71199999999999;10.866666666666667;23.133333333333333;22.666666666666668;1.0693333333333332;0.0;2.2079999999999997;0.0;3.4159999999999995;0.6080000000000001;2.488;4.466666666666667;6.333333333333333
11286;zone21;6986.8418912765155;3434.1450308482026;0.0;zone21;S01010223;4;556;462;337;[0.076923,0.538462,0.384615];[0.567797,0.330508,0.101695];[0.472222,0.444444,0.083333];[0.584699,0.36612,0.04918];[0.432432432432,0.162162162162,0.324324324324,0.0810810810811];1;439.0;-0.0353356041414;1585;6;0.06;1.5;65.3;21.5;83.53999999999999;14.0;26.0;22.25;3.3099999999999996;0.0;0.54;0.0;4.05;0.91;2.51;8.0;7.5
11286;zone22;6247.397837456437;3329.661273309237;0.0;zone22;S01010224;40;1036;727;469;[0.405405,0.540541,0.054054];[0.592593,0.274074,0.133333];[0.418803,0.504274,0.076923];[0.768421,0.202632,0.028947];[0.506097560976,0.140243902439,0.268292682927,0.0853658536585];1;1004.0;0.614259332793;836;70;0.068;1.3;43.36400000000001;20.725;65.138;11.95;23.05;14.7;2.3709999999999996;0.0;1.521;0.018;2.0650000000000004;0.3849999999999999;2.2300000000000004;5.175;5.55
11286;zone23;7827.985844039554;4105.4701191949;0.0;zone23;S01010225;33;812;636;431;[0.25,0.634615,0.115385];[0.469072,0.43299,0.097938];[0.54023,0.413793,0.045977];[0.672065,0.234818,0.093117];[0.385185185185,0.125925925926,0.325925925926,0.162962962963];1;1006.0;0.616572011517;1721;33;0.04;1.7878787878787878;71.4678787878788;23.757575757575758;78.06787878787878;11.121212121212121;23.484848484848484;24.757575757575758;1.9636363636363645;0.0;1.3200000000000003;0.0;3.0933333333333333;0.4072727272727272;2.1672727272727275;7.848484848484849;5.878787878787879
11286;zone24;7040.363001382077;4481.052780471187;0.0;zone24;S01010226;40;816;565;394;[0.454545,0.242424,0.30303];[0.715385,0.2,0.084615];[0.540541,0.405405,0.054054];[0.766917,0.18797,0.045113];[0.503355704698,0.201342281879,0.221476510067,0.0738255033557];2;422.0;-0.0548014077425;1040;92;0.09;1.45;53.955000000000005;33.325;70.86300000000001;10.425;22.925;18.575;3.750000000000001;0.0;3.7879999999999994;0.06100000000000001;1.624;0.3919999999999999;2.3;5.4;8.8
11286;zone25;6847.772309074456;4638.663588163389;0.0;zone25;S01010227;39;692;454;294;[0.413793,0.413793,0.172414];[0.704545,0.238636,0.056818];[0.654545,0.345455,0.0];[0.810606,0.159091,0.030303];[0.672268907563,0.0924369747899,0.159663865546,0.0756302521008];4;0.0;-0.540229885057;1060;135;0.1282051282051282;1.358974358974359;51.59487179487179;43.23076923076923;72.0225641025641;10.256410256410257;22.871794871794872;17.28205128205128;1.7076923076923078;0.0;7.5958974358974345;0.03076923076923077;2.684102564102564;0.34358974358974365;2.1764102564102568;5.230769230769231;11.615384615384615
11286;zone26;8241.816993110848;4572.457656401622;0.0;zone26;S01010229;30;1016;787;508;[0.1,0.625,0.275];[0.350877,0.350877,0.298246];[0.348315,0.477528,0.174157];[0.565217,0.310559,0.124224];[0.420731707317,0.213414634146,0.292682926829,0.0731707317073];1;395.0;-0.0859445809966;1385;49;0.06266666666666666;1.2333333333333334;57.113333333333316;26.233333333333334;68.51733333333333;10.8;22.7;19.6;1.0613333333333332;0.0;2.717333333333333;0.01066666666666667;2.612;0.34;2.2573333333333334;4.866666666666666;5.866666666666666
11286;zone27;7458.320056766788;4680.341251240345;0.0;zone27;S01010230;24;1005;772;577;[0.314286,0.628571,0.057143];[0.703883,0.296117,0.0];[0.727273,0.218182,0.054545];[0.71831,0.24507,0.03662];[0.517857142857,0.136904761905,0.267857142857,0.077380952381];1;846.0;0.433218203459;891;38;0.05833333333333333;1.1666666666666667;41.848333333333336;27.791666666666668;67.36666666666666;11.583333333333334;23.208333333333332;14.166666666666666;1.7200000000000004;0.0;4.566666666666667;0.04166666666666666;2.0583333333333327;0.48000000000000004;2.7750000000000004;5.125;7.958333333333333
11286;zone28;7569.802990100143;4917.458811240416;0.0;zone28;S01010232;37;1074;792;485;[0.457143,0.485714,0.057143];[0.557292,0.338542,0.104167];[0.492063,0.333333,0.174603];[0.654229,0.251244,0.094527];[0.470297029703,0.153465346535,0.306930693069,0.0693069306931];1;771.0;0.347049794199;1006;58;0.05945945945945946;1.162162162162162;46.931891891891894;27.486486486486488;68.26810810810811;11.35135135135135;23.45945945945946;16.0;1.1405405405405402;0.0;2.6227027027027026;0.04972972972972974;3.291891891891892;0.361081081081081;2.8313513513513513;5.216216216216216;6.675675675675675
11286;zone29;7830.713068379679;4879.746446724283;0.0;zone29;S01010233;33;970;705;476;[0.275,0.625,0.1];[0.655629,0.245033,0.099338];[0.52809,0.426966,0.044944];[0.771505,0.212366,0.016129];[0.587209302326,0.093023255814,0.261627906977,0.0581395348837];1;284.0;-0.213781821634;1182;50;0.05939393939393939;1.0303030303030303;50.478787878787884;28.09090909090909;69.36121212121212;12.0;23.424242424242426;17.181818181818183;0.7757575757575759;0.0;2.5733333333333333;0.07393939393939396;4.261818181818183;0.3587878787878788;2.7393939393939397;4.242424242424242;7.181818181818182
11286;zone30;6473.383843181837;4954.519765957263;0.0;zone30;S01010261;6;2551;2373;526;[0.666667,0.270833,0.0625];[0.675841,0.281346,0.042813];[0.75,0.25,0.0];[0.824468,0.164894,0.010638];[0.41,0.06,0.41,0.12];3;176.0;-0.337679921334;1087;13;0.08666666666666667;0.5;54.813333333333325;40.0;74.43333333333332;12.333333333333334;24.333333333333332;18.833333333333332;3.973333333333333;0.0;3.1199999999999997;0.32;4.08;0.26666666666666666;3.2733333333333334;2.3333333333333335;11.0
11286;zone31;4930.642193689802;4959.449818932565;0.0;zone31;S01010266;3;555;474;237;[0.320755,0.556604,0.122642];[0.677273,0.254545,0.068182];[0.5,0.461538,0.038462];[0.534247,0.30137,0.164384];[0.141176470588,0.0588235294118,0.4,0.4];3;536.0;0.0761386922126;1156;2;0.02666666666666667;3.3333333333333335;57.14666666666667;26.0;72.44000000000001;9.0;22.333333333333332;20.0;0.39999999999999997;0.0;1.1333333333333333;0.25333333333333335;3.5199999999999996;0.32;1.0666666666666667;12.666666666666666;4.666666666666667
11286;zone32;5712.5549897826;4979.400336637217;0.0;zone32;S01010270;4;1153;972;817;[0.389831,0.533898,0.076271];[0.70255,0.252125,0.045326];[0.714286,0.272727,0.012987];[0.771552,0.228448,0.0];[0.125,0.0909090909091,0.454545454545,0.329545454545];1;871.0;0.461200629557;1695;3;0.03;3.0;70.32;20.75;74.28;10.25;22.25;24.25;1.3900000000000001;0.0;1.63;0.34;2.34;0.18;0.84;8.75;5.25
11286;zone33;3394.0723536088512;4934.677182292946;0.0;zone33;S01010282;13;976;841;645;[0.438776,0.520408,0.040816];[0.545732,0.405488,0.04878];[0.521277,0.382979,0.095745];[0.712707,0.232044,0.055249];[0.190954773869,0.070351758794,0.35175879397,0.386934673367];2;350.0;-0.137812028107;1330;27;0.08;0.9230769230769231;56.56615384615385;31.23076923076923;66.48615384615384;10.0;22.076923076923077;19.53846153846154;1.8030769230769232;0.0;4.569230769230769;0.49846153846153857;1.4553846153846153;0.29538461538461536;1.981538461538462;2.769230769230769;7.923076923076923
11286;zone34;4385.789287498423;4835.237486850067;0.0;zone34;S01010289;15;771;687;380;[0.130952,0.511905,0.357143];[0.262911,0.502347,0.234742];[0.178571,0.464286,0.357143];[0.410256,0.435897,0.153846];[0.058064516129,0.0322580645161,0.245161290323,0.664516129032];5;259.0;-0.241396294863;1354;33;0.088;1.7333333333333334;52.208;40.2;70.39733333333334;10.266666666666667;22.6;17.8;1.7493333333333332;0.0;4.890666666666666;1.1173333333333333;1.9600000000000002;0.25600000000000006;1.4933333333333332;6.466666666666667;9.266666666666667
11286;zone35;4401.5375624188455;4669.062022109911;0.0;zone35;S01010290;13;546;485;278;[0.198198,0.603604,0.198198];[0.485944,0.449799,0.064257];[0.555556,0.444444,0.0];[0.435897,0.512821,0.051282];[0.10752688172,0.0430107526882,0.494623655914,0.354838709677];3;353.0;-0.133686757747;791;43;0.12923076923076923;2.0;43.590769230769226;43.92307692307692;70.91076923076925;10.307692307692308;22.53846153846154;14.923076923076923;1.6523076923076923;0.0;7.446153846153848;0.6338461538461538;1.9476923076923076;0.2953846153846154;1.32;8.0;11.23076923076923
11286;zone36;4119.983651650423;4281.100418217042;0.0;zone36;S01010291;12;1075;975;481;[0.405594,0.447552,0.146853];[0.627907,0.277132,0.094961];[0.415094,0.433962,0.150943];[0.562963,0.325926,0.111111];[0.197080291971,0.0729927007299,0.445255474453,0.284671532847];3;438.0;-0.0363924713322;1143;22;0.06666666666666667;1.5;53.296666666666674;40.75;75.78666666666666;11.416666666666666;22.833333333333332;18.416666666666668;1.0966666666666665;0.0;8.866666666666665;0.73;1.4266666666666667;0.3166666666666667;1.8166666666666667;7.083333333333333;11.75
11286;zone37;4399.731076226201;4291.6703625917;0.0;zone37;S01010292;10;890;831;409;[0.348214,0.508929,0.142857];[0.477169,0.420091,0.10274];[0.339286,0.446429,0.214286];[0.55814,0.383721,0.05814];[0.128378378378,0.0540540540541,0.398648648649,0.418918918919];4;323.0;-0.168488563048;1049;26;0.1;1.7;51.943999999999996;49.5;74.964;10.2;22.3;17.6;2.0200000000000005;0.0;10.164;0.45600000000000007;1.6320000000000001;0.5000000000000001;1.3599999999999999;6.8;13.8
11286;zone38;4514.690807242894;4541.15458266895;0.0;zone38;S01010293;16;839;723;373;[0.51773,0.35461,0.12766];[0.635389,0.262735,0.101877];[0.446809,0.319149,0.234043];[0.514286,0.392857,0.092857];[0.242424242424,0.0606060606061,0.393939393939,0.30303030303];3;290.0;-0.205814991507;1050;51;0.125;1.5625;55.065;42.3125;75.45499999999998;10.875;23.5625;18.875;2.275;0.0;7.555;0.7425;2.25;0.3975;1.3375;5.875;12.3125
11286;zone39;4541.7482834333705;4418.565122351524;0.0;zone39;S01010294;13;690;631;275;[0.242105,0.526316,0.231579];[0.650873,0.214464,0.134663];[0.583333,0.208333,0.208333];[0.414894,0.489362,0.095745];[0.164835164835,0.043956043956,0.494505494505,0.296703296703];4;440.0;-0.0342259463805;1243;40;0.12;1.3846153846153846;59.839999999999996;47.07692307692308;78.75384615384617;11.461538461538462;23.46153846153846;20.153846153846153;2.6799999999999997;0.0;8.44923076923077;0.8523076923076923;2.267692307692308;0.3076923076923077;1.6215384615384614;5.846153846153846;13.615384615384615
11286;zone40;4766.8646917667475;4574.50133624035;0.0;zone40;S01010295;18;974;870;427;[0.384615,0.391026,0.224359];[0.604555,0.310559,0.084886];[0.428571,0.285714,0.285714];[0.390728,0.516556,0.092715];[0.212765957447,0.113475177305,0.297872340426,0.375886524823];4;529.0;0.0680145754747;945;48;0.1;0.9444444444444444;45.826666666666675;41.833333333333336;68.70222222222223;10.666666666666666;22.77777777777778;15.444444444444445;2.1155555555555554;0.0;7.037777777777778;0.8355555555555557;1.7400000000000004;0.5;2.1444444444444444;3.7222222222222223;11.166666666666666
11286;zone41;4647.752341766679;4736.091736240359;0.0;zone41;S01010296;16;664;560;291;[0.294118,0.423529,0.282353];[0.520913,0.368821,0.110266];[0.375,0.375,0.25];[0.475524,0.391608,0.132867];[0.282828282828,0.111111111111,0.363636363636,0.242424242424];2;856.0;0.444094443477;1147;36;0.085;1.625;49.712500000000006;35.5625;72.2225;11.1875;23.125;17.0625;1.325;0.0;6.7825;0.9824999999999998;1.5474999999999997;0.38750000000000007;2.155;5.75;10.25
11286;zone42;5522.849421766708;4411.996091240393;0.0;zone42;S01010297;7;1066;894;676;[0.582609,0.382609,0.034783];[0.691824,0.245283,0.062893];[0.540541,0.333333,0.126126];[0.681275,0.270916,0.047809];[0.260563380282,0.140845070423,0.37323943662,0.225352112676];1;504.0;0.0391758595379;1083;14;0.08;1.2857142857142858;46.097142857142856;25.0;64.86857142857143;11.571428571428571;22.714285714285715;15.857142857142858;1.5485714285714285;0.0;2.011428571428571;0.35428571428571426;2.2114285714285717;0.3885714285714286;2.0571428571428574;5.0;5.857142857142857
11286;zone43;4706.481893689814;4143.807995855712;0.0;zone43;S01010298;12;880;677;515;[0.308943,0.479675,0.211382];[0.581395,0.356589,0.062016];[0.539683,0.396825,0.063492];[0.744828,0.193103,0.062069];[0.227272727273,0.0984848484848,0.371212121212,0.30303030303];1;486.0;0.0190902878356;1092;19;0.06333333333333334;1.0833333333333333;48.53;29.25;64.32333333333334;9.916666666666666;22.333333333333332;16.416666666666668;2.12;0.0;2.7466666666666666;0.6866666666666666;1.3233333333333333;0.2833333333333334;2.676666666666667;4.5;6.5
11286;zone44;4885.424673909578;4209.645754097502;0.0;zone44;S01010299;4;536;404;292;[0.3,0.54,0.16];[0.556701,0.340206,0.103093];[0.458333,0.520833,0.020833];[0.584906,0.283019,0.132075];[0.428571428571,0.0857142857143,0.285714285714,0.2];1;375.0;-0.10827530326;680;8;0.08;2.25;40.050000000000004;26.25;61.72;9.5;22.0;13.75;1.8399999999999999;0.0;0.37;0.22999999999999998;3.17;0.27;1.48;7.25;4.75
11286;zone45;4883.397012115578;4340.414778682246;0.0;zone45;S01010300;21;934;764;478;[0.460784,0.411765,0.127451];[0.664653,0.238671,0.096677];[0.632353,0.323529,0.044118];[0.606383,0.329787,0.06383];[0.3046875,0.125,0.3515625,0.21875];2;513.0;0.0498225801839;686;40;0.07428571428571429;1.2857142857142858;37.75047619047619;30.904761904761905;68.79238095238097;13.047619047619047;23.904761904761905;12.380952380952381;2.6666666666666665;0.0;2.657142857142857;0.2914285714285714;3.0742857142857143;0.43619047619047613;2.693333333333334;5.761904761904762;8.095238095238095
11286;zone46;5144.66081966521;4032.769083704074;0.0;zone46;S01010301;6;522;457;283;[0.292683,0.597561,0.109756];[0.57563,0.315126,0.109244];[0.222222,0.703704,0.074074];[0.561798,0.393258,0.044944];[0.214285714286,0.0612244897959,0.459183673469,0.265306122449];4;490.0;0.0232745011966;1288;15;0.09333333333333334;1.5;59.48666666666666;46.166666666666664;73.22;9.5;22.5;20.0;5.84;0.0;0.5;0.08;4.3533333333333335;0.2866666666666667;2.2466666666666666;6.5;10.166666666666666
11286;zone47;5165.568789180556;4297.038752619699;0.0;zone47;S01010302;24;669;495;388;[0.65625,0.28125,0.0625];[0.6,0.356522,0.043478];[0.716981,0.226415,0.056604];[0.801802,0.18018,0.018018];[0.582417582418,0.0769230769231,0.263736263736,0.0769230769231];1;392.0;-0.0896499889057;1192;45;0.075;1.125;50.90500000000001;29.0;64.35166666666667;10.541666666666666;22.166666666666668;17.083333333333332;2.5383333333333336;0.0;1.1300000000000001;0.36333333333333334;2.2850000000000006;0.2916666666666667;2.3233333333333337;3.875;5.833333333333333
11286;zone48;5241.140616766716;4139.402270499609;0.0;zone48;S01010303;33;579;387;250;[0.692308,0.153846,0.153846];[0.56701,0.298969,0.134021];[0.630435,0.282609,0.086957];[0.658879,0.285047,0.056075];[0.58407079646,0.106194690265,0.274336283186,0.0353982300885];1;415.0;-0.0627120940391;1435;80;0.08969696969696969;1.1818181818181819;57.85939393939395;29.757575757575758;72.46545454545453;11.272727272727273;23.484848484848484;19.636363636363637;4.223030303030303;0.0;1.2581818181818178;0.38787878787878777;2.0715151515151518;0.39636363636363636;2.313939393939394;5.606060606060606;7.454545454545454
11286;zone49;4853.647576226233;3833.123065294377;0.0;zone49;S01010304;12;542;456;332;[0.323529,0.514706,0.161765];[0.635135,0.25,0.114865];[0.477273,0.522727,0.0];[0.829268,0.109756,0.060976];[0.372340425532,0.0425531914894,0.297872340426,0.287234042553];1;804.0;0.384523850516;1434;22;0.06333333333333334;1.8333333333333333;59.646666666666675;27.083333333333332;76.65666666666667;12.583333333333334;24.166666666666668;20.333333333333332;5.336666666666666;0.0;0.7933333333333333;0.19000000000000003;2.626666666666667;0.27666666666666667;2.5566666666666666;6.0;8.5
11286;zone50;4697.410406890209;3639.1027396354093;0.0;zone50;S01010305;7;807;694;478;[0.36036,0.468468,0.171171];[0.553191,0.33617,0.110638];[0.409639,0.301205,0.289157];[0.589888,0.337079,0.073034];[0.198529411765,0.0735294117647,0.382352941176,0.345588235294];1;223.0;-0.28282788147;383;8;0.04571428571428571;1.8571428571428572;42.502857142857145;27.0;62.839999999999996;9.285714285714286;22.0;14.714285714285714;3.0742857142857143;0.0;0.5714285714285714;1.4171428571428568;0.5371428571428571;0.19999999999999998;1.9028571428571428;7.285714285714286;5.0
11286;zone51;4591.3082521834585;3868.367573740388;0.0;zone51;S01010306;13;752;675;449;[0.35625,0.56875,0.075];[0.570588,0.355882,0.073529];[0.283019,0.566038,0.150943];[0.650943,0.330189,0.018868];[0.165680473373,0.0473372781065,0.479289940828,0.307692307692];2;238.0;-0.265781391166;840;18;0.05230769230769231;1.9230769230769231;53.338461538461544;28.0;68.41538461538461;10.538461538461538;22.23076923076923;18.076923076923077;2.0615384615384618;0.0;1.4030769230769233;1.8923076923076922;0.7753846153846153;0.2923076923076923;1.935384615384615;7.3076923076923075;5.6923076923076925
11286;zone52;4503.72067559025;3742.2957906521283;0.0;zone52;S01010307;9;821;732;428;[0.189922,0.577519,0.232558];[0.407407,0.487654,0.104938];[0.346154,0.538462,0.115385];[0.71875,0.234375,0.046875];[0.0681818181818,0.0568181818182,0.375,0.5];5;319.0;-0.172537833795;469;24;0.09777777777777778;2.2222222222222223;40.364444444444445;40.111111111111114;64.00444444444445;9.222222222222221;21.88888888888889;13.444444444444445;2.8000000000000003;0.0;1.0;3.6755555555555555;0.48000000000000004;0.2177777777777778;1.4311111111111112;7.888888888888889;7.555555555555555
11286;zone53;4364.519870735056;4047.768725526131;0.0;zone53;S01010308;9;975;858;480;[0.285714,0.54007,0.174216];[0.511936,0.384615,0.103448];[0.254902,0.411765,0.333333];[0.648352,0.307692,0.043956];[0.0970873786408,0.0631067961165,0.359223300971,0.480582524272];4;257.0;-0.244477582955;944;19;0.07111111111111111;2.111111111111111;57.03555555555556;35.888888888888886;72.83999999999999;10.555555555555555;22.666666666666668;19.555555555555557;3.2088888888888887;0.0;2.8133333333333335;1.7866666666666668;1.48;0.3555555555555555;1.502222222222222;7.111111111111111;8.666666666666666
11286;zone54;5381.88771051669;3636.3205112402793;0.0;zone54;S01010309;4;419;356;264;[0.333333,0.25,0.416667];[0.478873,0.422535,0.098592];[0.352941,0.382353,0.264706];[0.705882,0.24183,0.052288];[0.365853658537,0.170731707317,0.390243902439,0.0731707317073];1;0.0;-0.540229885057;1573;14;0.14;0.75;68.86;38.25;79.4;12.25;26.0;23.25;2.6500000000000004;0.0;3.12;0.37000000000000005;5.050000000000001;0.27;1.77;3.0;10.75
11286;zone55;5657.373406240428;3625.6586165034923;0.0;zone55;S01010310;13;706;540;381;[0.333333,0.238095,0.428571];[0.565517,0.337931,0.096552];[0.54902,0.27451,0.176471];[0.715415,0.256917,0.027668];[0.484848484848,0.151515151515,0.318181818182,0.0454545454545];1;574.0;0.120406534162;802;24;0.07076923076923076;0.8461538461538461;46.44307692307693;33.61538461538461;66.07999999999998;11.76923076923077;22.46153846153846;15.923076923076923;2.187692307692308;0.0;2.0153846153846158;1.0246153846153847;3.0307692307692307;0.5969230769230769;2.4615384615384617;2.923076923076923;7.6923076923076925
11286;zone56;5685.425126382168;3318.6970593171873;0.0;zone56;S01010311;22;721;556;351;[0.411765,0.352941,0.235294];[0.472222,0.453704,0.074074];[0.571429,0.404762,0.02381];[0.717949,0.271062,0.010989];[0.565217391304,0.121739130435,0.269565217391,0.0434782608696];1;1534.0;1.22364271569;1792;35;0.05818181818181818;1.3181818181818181;69.10181818181817;25.818181818181817;71.89818181818181;10.090909090909092;22.181818181818183;23.818181818181817;2.1890909090909094;0.0;1.74;0.1490909090909091;2.274545454545455;0.24727272727272728;2.3672727272727276;5.136363636363637;5.7727272727272725
11286;zone57;5466.52613028024;3072.1402274564575;0.0;zone57;S01010312;34;868;647;425;[0.117647,0.823529,0.058824];[0.754386,0.22807,0.017544];[0.407407,0.444444,0.148148];[0.804945,0.153846,0.041209];[0.586956521739,0.115942028986,0.268115942029,0.0289855072464];1;685.0;0.247477927043;1557;54;0.05882352941176471;0.9705882352941176;66.40941176470588;30.41176470588235;73.21411764705883;10.823529411764707;23.08823529411765;22.794117647058822;2.2929411764705883;0.0;2.1494117647058824;0.05647058823529411;3.550588235294118;0.38470588235294123;2.5811764705882347;3.7058823529411766;7.529411764705882
11286;zone58;5251.7403530303945;3502.549209042501;0.0;zone58;S01010313;16;654;529;356;[0.428571,0.285714,0.285714];[0.6,0.333333,0.066667];[0.433735,0.481928,0.084337];[0.739623,0.162264,0.098113];[0.648351648352,0.131868131868,0.175824175824,0.043956043956];1;565.0;0.109617915218;2130;25;0.06;0.5625;80.93999999999998;28.5625;74.7725;10.0625;22.6875;28.0625;2.1550000000000002;0.0;2.2975;0.10250000000000001;2.5975;0.3225;2.8799999999999994;1.8125;6.6875
11286;zone59;4840.312157862589;3385.4448126102257;0.0;zone59;S01010314;21;1248;1034;550;[0.358209,0.507463,0.134328];[0.514493,0.333333,0.152174];[0.5,0.326923,0.173077];[0.636,0.324,0.04];[0.316901408451,0.133802816901,0.401408450704,0.147887323944];1;637.0;0.192402372167;1246;29;0.05333333333333334;1.6666666666666667;62.019047619047605;27.238095238095237;70.56571428571428;9.857142857142858;21.857142857142858;21.285714285714285;2.994285714285714;0.0;2.7085714285714286;0.5676190476190476;0.8342857142857143;0.4057142857142858;2.076190476190477;6.095238095238095;6.571428571428571
11286;zone60;4536.293429266749;2504.1273706154316;0.0;zone60;S01010315;43;911;678;409;[0.180723,0.554217,0.26506];[0.252632,0.457895,0.289474];[0.208333,0.5,0.291667];[0.55144,0.345679,0.102881];[0.308176100629,0.169811320755,0.358490566038,0.163522012579];2;382.0;-0.100954860853;1646;79;0.06976744186046512;1.441860465116279;62.86883720930233;31.697674418604652;77.19069767441862;11.651162790697674;23.651162790697676;21.674418604651162;3.0837209302325572;0.0;3.0046511627906973;0.0;3.150697674418605;0.3506976744186046;2.4846511627906973;6.372093023255814;8.744186046511627
11286;zone61;4589.6619547948285;2943.195659127726;0.0;zone61;S01010316;25;512;414;304;[0.392157,0.529412,0.078431];[0.62931,0.37069,0.0];[0.439024,0.560976,0.0];[0.775401,0.224599,0.0];[0.439252336449,0.102803738318,0.252336448598,0.205607476636];1;481.0;0.0128180141103;1231;50;0.0768;1.32;54.096;27.88;68.55199999999999;10.6;22.6;18.68;3.0271999999999997;0.0;2.36;0.0864;2.1664000000000003;0.528;2.2079999999999997;4.68;7.32
11286;zone63;4421.5566371748755;3071.026327566895;0.0;zone63;S01010318;12;1588;1497;304;[0.5,0.456522,0.043478];[0.469799,0.47651,0.053691];[0.310345,0.37931,0.310345];[0.678571,0.285714,0.035714];[0.36,0.14,0.34,0.16];3;317.0;-0.175110645645;1086;22;0.07333333333333333;1.75;57.76;30.333333333333332;65.80333333333334;7.916666666666667;20.916666666666668;19.916666666666668;2.0533333333333332;0.0;4.579999999999999;0.3066666666666667;0.4066666666666667;0.2266666666666667;1.7500000000000002;6.083333333333333;6.833333333333333
11286;zone64;4173.240913470097;2893.8040771744095;0.0;zone64;S01010319;9;711;624;407;[0.258741,0.608392,0.132867];[0.383399,0.486166,0.130435];[0.439394,0.212121,0.348485];[0.530769,0.384615,0.084615];[0.171974522293,0.0700636942675,0.471337579618,0.286624203822];2;473.0;0.00423719084943;1626;15;0.06666666666666667;1.8888888888888888;67.65333333333335;26.22222222222222;70.86666666666666;9.777777777777779;22.0;23.11111111111111;2.088888888888889;0.0;1.146666666666667;0.11555555555555556;2.3644444444444446;0.20444444444444448;2.368888888888889;5.888888888888889;5.222222222222222
11286;zone65;3940.1918462749595;2900.8899784533987;0.0;zone65;S01010320;4;675;594;437;[0.257813,0.523438,0.21875];[0.61753,0.298805,0.083665];[0.526316,0.22807,0.245614];[0.805085,0.169492,0.025424];[0.172185430464,0.0662251655629,0.443708609272,0.317880794702];1;646.0;0.202453315259;1128;9;0.08;1.0;45.58;26.0;69.39;13.0;24.25;15.25;3.7;0.0;0.59;0.05;3.4000000000000004;0.54;2.5;4.25;7.0
11286;zone66;3905.8658739096163;2664.6669636212755;0.0;zone66;S01010321;7;837;634;432;[0.401709,0.555556,0.042735];[0.54717,0.433962,0.018868];[0.45122,0.439024,0.109756];[0.666667,0.271186,0.062147];[0.212328767123,0.0958904109589,0.390410958904,0.301369863014];1;1019.0;0.631764531736;1733;3;0.01714285714285714;1.7142857142857142;61.434285714285714;24.142857142857142;79.18857142857142;13.571428571428571;24.428571428571427;21.0;3.1428571428571423;0.0;2.3885714285714283;0.13714285714285715;2.5771428571428574;0.29714285714285715;1.8800000000000001;8.0;7.857142857142857
11286;zone67;3630.3978644730896;3132.1651121578075;0.0;zone67;S01010322;9;1028;914;549;[0.174419,0.549419,0.276163];[0.412399,0.471698,0.115903];[0.298507,0.38806,0.313433];[0.647059,0.323529,0.029412];[0.057268722467,0.0352422907489,0.449339207048,0.458149779736];5;124.0;-0.397569575369;1344;27;0.11555555555555555;2.111111111111111;55.44;45.888888888888886;81.88444444444445;12.222222222222221;24.11111111111111;19.22222222222222;7.0488888888888885;0.0;2.3377777777777777;1.2888888888888888;2.5555555555555554;0.29333333333333333;1.911111111111111;9.11111111111111;12.777777777777779
11286;zone68;6208.193116766784;3072.425066795916;0.0;zone68;S01010323;4;603;466;377;[0.555556,0.444444,0.0];[0.657143,0.271429,0.071429];[0.642857,0.321429,0.035714];[0.793651,0.166667,0.039683];[0.578431372549,0.166666666667,0.235294117647,0.0196078431373];1;970.0;0.57559463238;783;8;0.07;2.0;49.879999999999995;30.75;71.19;11.0;22.75;16.5;6.42;0.0;0.94;0.0;2.06;0.42999999999999994;1.22;8.0;8.75
11286;zone69;6517.651722029823;2240.572579661372;0.0;zone69;S01010324;6;759;566;403;[0.142857,0.571429,0.285714];[0.298077,0.490385,0.211538];[0.333333,0.530864,0.135802];[0.401674,0.414226,0.1841];[0.569620253165,0.101265822785,0.291139240506,0.0379746835443];1;407.0;-0.0721601679586;1803;12;0.08;0.8333333333333334;54.75333333333334;37.333333333333336;72.76666666666667;11.833333333333334;24.166666666666668;18.333333333333332;2.0066666666666664;0.0;1.62;0.0;6.260000000000001;0.5533333333333333;2.3533333333333335;4.166666666666667;9.5
11286;zone70;6038.016041009105;2402.8415869980217;0.0;zone70;S01010325;18;939;666;501;[0.263158,0.368421,0.368421];[0.383838,0.525253,0.090909];[0.253623,0.615942,0.130435];[0.451362,0.463035,0.085603];[0.545454545455,0.238636363636,0.193181818182,0.0227272727273];1;225.0;-0.281126582053;1838;27;0.06;1.3888888888888888;59.775555555555556;31.555555555555557;73.62444444444446;11.833333333333334;23.444444444444443;20.72222222222222;2.8400000000000007;0.0;1.0;0.0;4.091111111111112;0.41777777777777775;2.384444444444444;5.222222222222222;7.388888888888889
11286;zone71;5272.359331052501;2740.775131541117;0.0;zone71;S01010326;39;987;707;494;[0.526316,0.368421,0.105263];[0.522523,0.333333,0.144144];[0.492188,0.3125,0.195313];[0.723514,0.224806,0.05168];[0.54375,0.16875,0.23125,0.05625];1;1389.0;1.05701743376;967;66;0.06564102564102564;1.2307692307692308;50.96102564102562;29.76923076923077;70.76923076923076;11.461538461538462;23.153846153846153;17.307692307692307;1.6256410256410254;0.0;6.057435897435899;0.01948717948717949;1.4646153846153847;0.28923076923076924;2.5435897435897434;5.205128205128205;8.666666666666666
11286;zone72;4970.167032608406;2501.795090448298;0.0;zone72;S01010327;34;982;660;362;[0.031746,0.507937,0.460317];[0.372881,0.432203,0.194915];[0.289063,0.328125,0.382813];[0.516892,0.347973,0.135135];[0.416184971098,0.21387283237,0.236994219653,0.132947976879];1;470.0;0.000335688704598;954;67;0.07411764705882352;1.7647058823529411;52.46823529411765;25.941176470588236;67.9129411764706;9.558823529411764;22.205882352941178;17.91176470588235;1.996470588235294;0.0;4.792941176470589;0.0;0.7776470588235294;0.3035294117647059;2.148235294117647;6.264705882352941;7.0588235294117645
11286;zone73;5975.307390960257;2677.5485166167286;0.0;zone73;S01010328;24;969;706;445;[0.16129,0.5,0.33871];[0.27044,0.471698,0.257862];[0.192547,0.434783,0.372671];[0.338983,0.432203,0.228814];[0.309352517986,0.258992805755,0.280575539568,0.151079136691];2;457.0;-0.0138550124678;1809;47;0.07833333333333334;1.1666666666666667;60.21666666666666;35.458333333333336;73.58833333333334;11.291666666666666;23.5;20.458333333333332;2.4150000000000005;0.0;1.3499999999999996;0.0;5.035000000000001;0.4633333333333333;2.658333333333333;4.625;8.208333333333334
