cycle;name;location.x;location.y;location.z;name;dataZone;nm_children;pop;over16;nm_hh;AB_car_prob;C1_car_prob;C2_car_prob;DE_car_prob;prob_social;simd;crimeRate;norm_crime;avg_dis_sh;neigh_play;daily_play_per_child;avg_FSA;avg_walk;daily_OD;zone_mvpa;mvpa_home;mvpa_sc;mvpa_road;mvpa_play_field;mvpa_home_garden;mvpa_park;mvpa_PG;mvpa_amenity;mvpa_shops;mvpa_F_home;mvpa_fsa;mvpa_OD
11286;zone0;8448.90275962388;2625.4515469546564;0.0;zone0;S01010195;19;531;390;212;[0.0,0.481481,0.518519];[0.261538,0.646154,0.092308];[0.12,0.59,0.29];[0.447368,0.368421,0.184211];[0.418918918919,0.283783783784,0.202702702703,0.0945945945946];1;0.0;-0.540229885057;1098;22;0.04631578947368421;1.5263157894736843;50.183157894736844;26.05263157894737;67.5915789473684;10.789473684210526;22.68421052631579;16.894736842105264;0.7936842105263158;0.0;3.1052631578947367;0.0;2.6673684210526316;0.3600000000000001;2.4357894736842107;6.052631578947368;6.105263157894737
11286;zone1;8656.736904000718;2165.9902346445633;0.0;zone1;S01010198;18;1027;748;394;[0.058824,0.529412,0.411765];[0.305785,0.561983,0.132231];[0.219858,0.496454,0.283688];[0.523179,0.331126,0.145695];[0.48623853211,0.229357798165,0.266055045872,0.0183486238532];1;1609.0;1.3102524676;1402;29;0.06222222222222222;0.7222222222222222;53.47777777777779;29.0;71.09111111111112;12.444444444444445;24.0;18.166666666666668;2.5;0.0;2.666666666666667;0.0;3.2666666666666666;0.6066666666666669;2.5933333333333333;3.2777777777777777;7.944444444444445
11286;zone2;8537.588755655543;3024.028900129281;0.0;zone2;S01010201;22;643;453;253;[0.0,0.47619,0.52381];[0.270833,0.3125,0.416667];[0.088,0.48,0.432];[0.296552,0.434483,0.268966];[0.365853658537,0.292682926829,0.292682926829,0.0487804878049];2;219.0;-0.28762447053;955;53;0.09454545454545454;1.5909090909090908;39.53090909090909;32.22727272727273;64.40181818181819;10.136363636363637;22.636363636363637;13.5;1.5672727272727274;0.0;2.5600000000000005;0.0;3.64909090909091;0.33636363636363636;2.1036363636363635;6.0;7.2272727272727275
11286;zone3;8059.42097232239;3767.666522351409;0.0;zone3;S01010203;30;671;504;260;[0.090909,0.363636,0.545455];[0.263804,0.460123,0.276074];[0.094828,0.422414,0.482759];[0.183824,0.375,0.441176];[0.272727272727,0.218181818182,0.363636363636,0.145454545455];3;215.0;-0.292668818285;2008;55;0.068;1.5;75.75866666666667;35.0;75.79466666666666;9.666666666666666;22.333333333333332;26.066666666666666;2.225333333333333;0.0;2.285333333333333;0.0;3.688;0.30533333333333335;2.2573333333333334;5.1;7.766666666666667
11286;zone4;8368.288440296214;3565.498290652094;0.0;zone4;S01010204;30;800;589;381;[0.272727,0.727273,0.0];[0.627451,0.27451,0.098039];[0.444444,0.533333,0.022222];[0.600619,0.321981,0.077399];[0.595041322314,0.157024793388,0.239669421488,0.00826446280992];1;497.0;0.0317745673598;1108;42;0.05466666666666667;1.1;46.86;28.533333333333335;66.12400000000001;11.1;23.0;16.033333333333335;0.9079999999999999;0.0;2.5679999999999996;0.01333333333333333;3.4480000000000004;0.39600000000000013;2.452;4.766666666666667;6.466666666666667
11286;zone5;8034.229745798958;3515.110462853287;0.0;zone5;S01010205;15;658;534;355;[0.411765,0.117647,0.470588];[0.465116,0.457364,0.077519];[0.317757,0.588785,0.093458];[0.593458,0.280374,0.126168];[0.466666666667,0.2,0.3,0.0333333333333];1;925.0;0.523434132086;1385;26;0.05866666666666667;0.8666666666666667;50.535999999999994;31.266666666666666;65.76000000000002;10.533333333333333;23.0;17.133333333333333;1.9573333333333334;0.0;1.9706666666666668;0.0;3.6853333333333333;0.3760000000000001;2.2853333333333334;3.1333333333333333;7.2
11286;zone6;7457.064719570519;3739.055375726369;0.0;zone6;S01010208;18;903;745;565;[0.30137,0.589041,0.109589];[0.48062,0.457364,0.062016];[0.272727,0.613636,0.113636];[0.66055,0.270642,0.068807];[0.233333333333,0.133333333333,0.461111111111,0.172222222222];1;603.0;0.153385979085;1459;24;0.05333333333333334;1.4444444444444444;58.96444444444444;27.27777777777778;75.42222222222223;11.944444444444445;24.0;20.333333333333332;1.844444444444444;0.0;1.191111111111111;0.0;4.0;0.33777777777777784;2.9288888888888893;7.277777777777778;6.555555555555555
11286;zone7;7917.838214725937;1939.334458859395;0.0;zone7;S01010209;24;966;677;468;[0.172414,0.586207,0.241379];[0.333333,0.414966,0.251701];[0.381944,0.458333,0.159722];[0.545852,0.336245,0.117904];[0.337931034483,0.248275862069,0.303448275862,0.110344827586];1;2053.0;1.82052250092;1586;27;0.04333333333333333;1.6666666666666667;64.69833333333334;24.916666666666668;72.52;10.291666666666666;22.416666666666668;22.416666666666668;0.8366666666666668;0.0;2.571666666666667;0.0;2.636666666666667;0.32666666666666677;2.1533333333333338;7.083333333333333;5.583333333333333
11286;zone8;7878.406567747077;2721.2634132011362;0.0;zone8;S01010210;18;885;641;416;[0.173913,0.456522,0.369565];[0.21519,0.5,0.28481];[0.189781,0.386861,0.423358];[0.422111,0.442211,0.135678];[0.394736842105,0.236842105263,0.254385964912,0.114035087719];1;344.0;-0.144253829852;1051;19;0.04222222222222222;1.0;40.46000000000001;23.833333333333332;64.39333333333333;12.277777777777779;23.166666666666668;13.444444444444445;1.0644444444444445;0.0;2.5266666666666664;0.0;2.7622222222222224;0.4644444444444445;2.884444444444445;4.055555555555555;6.0
11286;zone9;7785.599648345685;3201.783800714137;0.0;zone9;S01010211;22;858;634;452;[0.147059,0.705882,0.147059];[0.384615,0.452991,0.162393];[0.469565,0.4,0.130435];[0.722656,0.226563,0.050781];[0.473214285714,0.169642857143,0.285714285714,0.0714285714286];1;430.0;-0.0456985893816;1102;41;0.07090909090909091;0.9545454545454546;48.43999999999999;30.818181818181817;69.65999999999998;11.863636363636363;23.318181818181817;16.454545454545453;3.66909090909091;0.0;3.058181818181818;0.0;2.196363636363636;0.47454545454545466;2.78;4.0;8.5
11286;zone10;7580.688680869333;3097.127786881416;0.0;zone10;S01010212;49;1083;779;559;[0.233333,0.633333,0.133333];[0.594771,0.339869,0.065359];[0.465517,0.405172,0.12931];[0.712821,0.269231,0.017949];[0.566037735849,0.138364779874,0.22641509434,0.0691823899371];1;1473.0;1.15298517036;1268;80;0.06285714285714286;1.489795918367347;57.42040816326529;26.775510204081634;68.87673469387757;10.428571428571429;22.408163265306122;19.53061224489796;1.6391836734693874;0.0;2.2620408163265293;0.0;2.4971428571428573;0.24489795918367344;2.18530612244898;5.938775510204081;5.959183673469388
11286;zone11;8065.177293237223;3111.5884965344962;0.0;zone11;S01010213;13;924;657;476;[0.105263,0.684211,0.210526];[0.382609,0.547826,0.069565];[0.218543,0.556291,0.225166];[0.467925,0.483019,0.049057];[0.451327433628,0.221238938053,0.274336283186,0.0530973451327];1;247.0;-0.255840453357;752;21;0.06461538461538462;0.7692307692307693;34.67076923076924;26.846153846153847;57.46153846153846;10.692307692307692;21.615384615384617;11.76923076923077;0.9661538461538459;0.0;2.7384615384615385;0.0;2.532307692307692;0.35384615384615387;2.544615384615385;2.4615384615384617;5.6923076923076925
11286;zone12;7144.994858230166;1947.4125453867302;0.0;zone12;S01010214;27;967;717;396;[0.098592,0.28169,0.619718];[0.197531,0.438272,0.364198];[0.173333,0.493333,0.333333];[0.237069,0.487069,0.275862];[0.361344537815,0.210084033613,0.310924369748,0.117647058824];3;176.0;-0.337854473183;1878;51;0.07555555555555556;1.1851851851851851;78.07703703703703;38.148148148148145;77.9348148148148;9.555555555555555;22.74074074074074;26.88888888888889;3.171851851851852;0.0;2.9392592592592592;0.0;3.967407407407408;0.3451851851851852;2.088888888888889;4.407407407407407;9.555555555555555
11286;zone13;7013.590150664996;2618.495528189446;0.0;zone13;S01010215;24;850;608;492;[0.571429,0.285714,0.142857];[0.5,0.431373,0.068627];[0.382609,0.391304,0.226087];[0.678571,0.269841,0.051587];[0.467289719626,0.140186915888,0.345794392523,0.0467289719626];1;547.0;0.0886083430805;743;45;0.07166666666666667;1.25;41.21666666666667;32.333333333333336;60.36666666666665;9.708333333333334;21.416666666666668;13.875;1.5733333333333333;0.0;2.101666666666666;0.0;3.191666666666667;0.33000000000000007;2.033333333333333;4.333333333333333;6.375
11286;zone14;7332.222205807836;2329.961970144465;0.0;zone14;S01010216;15;621;464;361;[0.6,0.4,0.0];[0.597701,0.356322,0.045977];[0.409091,0.439394,0.151515];[0.709544,0.273859,0.016598];[0.5,0.163265306122,0.265306122449,0.0714285714286];1;600.0;0.150092344085;1317;21;0.048;1.2;57.84;32.06666666666667;68.24533333333332;9.8;22.533333333333335;19.6;1.1973333333333334;0.0;2.416000000000001;0.0;3.5120000000000005;0.30133333333333334;2.277333333333333;4.933333333333334;6.533333333333333
11286;zone15;7299.833172322251;2625.8610945736937;0.0;zone15;S01010217;33;817;598;406;[0.16129,0.516129,0.322581];[0.565517,0.4,0.034483];[0.5,0.431373,0.068627];[0.702703,0.283784,0.013514];[0.541935483871,0.0967741935484,0.296774193548,0.0645161290323];1;1060.0;0.679274950851;991;52;0.06060606060606061;1.6363636363636365;46.01818181818182;29.818181818181817;65.59151515151517;10.272727272727273;22.393939393939394;15.727272727272727;0.7975757575757575;0.0;2.60969696969697;0.0;3.3369696969696965;0.4121212121212121;2.105454545454546;6.242424242424242;6.303030303030303
11286;zone16;7142.953643082513;3018.5401822929393;0.0;zone16;S01010218;31;1018;790;587;[0.425532,0.404255,0.170213];[0.392523,0.453271,0.154206];[0.358209,0.492537,0.149254];[0.589124,0.335347,0.075529];[0.424657534247,0.109589041096,0.369863013699,0.0958904109589];1;557.0;0.101026678737;566;46;0.0567741935483871;1.4838709677419355;36.54193548387096;27.677419354838708;63.889032258064496;11.258064516129032;22.903225806451612;12.580645161290322;0.9716129032258065;0.0;1.287741935483871;0.0;4.180645161290323;0.4129032258064516;2.3625806451612896;6.096774193548387;5.967741935483871
11286;zone17;6738.8937706128745;4298.8917997019325;0.0;zone17;S01010219;21;503;382;274;[0.695652,0.304348,0.0];[0.758621,0.215517,0.025862];[0.761905,0.166667,0.071429];[0.781609,0.195402,0.022989];[0.41935483871,0.0752688172043,0.408602150538,0.0967741935484];2;184.0;-0.327838932938;1297;37;0.07047619047619047;1.4285714285714286;62.30857142857144;30.19047619047619;74.96190476190475;11.380952380952381;23.38095238095238;21.047619047619047;3.001904761904762;0.0;3.6761904761904756;0.05714285714285714;2.6285714285714286;0.2704761904761905;2.4038095238095236;5.380952380952381;8.952380952380953
11286;zone18;5915.780765415368;4211.222876105162;0.0;zone18;S01010220;7;476;433;279;[0.181159,0.608696,0.210145];[0.404255,0.531915,0.06383];[0.227273,0.704545,0.068182];[0.448276,0.482759,0.068966];[0.154545454545,0.0636363636364,0.318181818182,0.463636363636];5;267.0;-0.232306706325;1336;27;0.14285714285714285;1.4285714285714286;55.06285714285714;41.142857142857146;71.82285714285715;10.142857142857142;22.714285714285715;18.714285714285715;4.388571428571429;0.0;5.32;0.26285714285714284;1.7428571428571427;0.4114285714285715;1.6914285714285715;4.714285714285714;11.285714285714286
11286;zone19;6341.0811208317455;3913.8398648988496;0.0;zone19;S01010221;13;546;394;260;[0.6,0.4,0.0];[0.557377,0.409836,0.032787];[0.538462,0.323077,0.138462];[0.699387,0.257669,0.042945];[0.609375,0.140625,0.203125,0.046875];1;635.0;0.19005459739;1166;26;0.07076923076923076;1.2307692307692308;60.92;23.23076923076923;65.78153846153847;9.461538461538462;21.615384615384617;20.53846153846154;2.7138461538461534;0.0;2.2615384615384615;0.0;0.8830769230769231;0.25538461538461543;2.4338461538461535;3.6923076923076925;5.384615384615385
11286;zone20;7001.213463613622;4053.9957950241624;0.0;zone20;S01010222;15;492;414;285;[0.142857,0.5,0.357143];[0.432432,0.459459,0.108108];[0.348624,0.522936,0.12844];[0.747899,0.235294,0.016807];[0.345238095238,0.214285714286,0.309523809524,0.130952380952];1;377.0;-0.105830277325;1844;18;0.04533333333333334;0.8666666666666667;67.13333333333334;28.066666666666666;70.35733333333334;10.133333333333333;22.4;22.866666666666667;2.3920000000000003;0.0;2.3413333333333335;0.0;2.637333333333333;0.4240000000000001;2.4586666666666672;2.8666666666666667;6.866666666666666
11286;zone21;6986.8418912765155;3434.1450308482026;0.0;zone21;S01010223;4;556;462;337;[0.076923,0.538462,0.384615];[0.567797,0.330508,0.101695];[0.472222,0.444444,0.083333];[0.584699,0.36612,0.04918];[0.432432432432,0.162162162162,0.324324324324,0.0810810810811];1;439.0;-0.0353356041414;1489;7;0.07;1.25;65.07;25.5;70.44;10.5;22.25;22.0;2.8300000000000005;0.0;1.6700000000000002;0.0;1.7999999999999998;0.36;2.84;4.75;5.75
11286;zone22;6247.397837456437;3329.661273309237;0.0;zone22;S01010224;40;1036;727;469;[0.405405,0.540541,0.054054];[0.592593,0.274074,0.133333];[0.418803,0.504274,0.076923];[0.768421,0.202632,0.028947];[0.506097560976,0.140243902439,0.268292682927,0.0853658536585];1;1004.0;0.614259332793;1044;62;0.06;1.2;51.725;25.725;69.94999999999999;11.225;23.3;17.7;4.022;0.0;1.748;0.014;1.7529999999999997;0.339;2.8690000000000007;5.275;6.975
11286;zone23;7827.985844039554;4105.4701191949;0.0;zone23;S01010225;33;812;636;431;[0.25,0.634615,0.115385];[0.469072,0.43299,0.097938];[0.54023,0.413793,0.045977];[0.672065,0.234818,0.093117];[0.385185185185,0.125925925926,0.325925925926,0.162962962963];1;1006.0;0.616572011517;1690;48;0.05818181818181818;1.2121212121212122;66.88969696969698;30.333333333333332;74.93333333333332;11.333333333333334;23.393939393939394;22.636363636363637;2.6048484848484845;0.0;2.7175757575757578;0.00727272727272727;3.1006060606060606;0.30909090909090914;2.5515151515151513;4.575757575757576;7.909090909090909
11286;zone24;7040.363001382077;4481.052780471187;0.0;zone24;S01010226;40;816;565;394;[0.454545,0.242424,0.30303];[0.715385,0.2,0.084615];[0.540541,0.405405,0.054054];[0.766917,0.18797,0.045113];[0.503355704698,0.201342281879,0.221476510067,0.0738255033557];2;422.0;-0.0548014077425;1292;91;0.089;1.175;57.57899999999999;34.5;70.806;10.15;22.4;19.85;3.535;0.0;3.8310000000000004;0.02;1.9349999999999994;0.3559999999999999;2.393;4.725;8.825
11286;zone25;6847.772309074456;4638.663588163389;0.0;zone25;S01010227;39;692;454;294;[0.413793,0.413793,0.172414];[0.704545,0.238636,0.056818];[0.654545,0.345455,0.0];[0.810606,0.159091,0.030303];[0.672268907563,0.0924369747899,0.159663865546,0.0756302521008];4;0.0;-0.540229885057;1009;140;0.14256410256410257;0.9230769230769231;48.002051282051276;41.69230769230769;69.05333333333333;10.384615384615385;22.512820512820515;16.435897435897434;2.936410256410256;0.0;7.635897435897436;0.04923076923076924;1.8246153846153845;0.3887179487179486;2.3117948717948718;2.9743589743589745;11.974358974358974
11286;zone26;8241.816993110848;4572.457656401622;0.0;zone26;S01010229;30;1016;787;508;[0.1,0.625,0.275];[0.350877,0.350877,0.298246];[0.348315,0.477528,0.174157];[0.565217,0.310559,0.124224];[0.420731707317,0.213414634146,0.292682926829,0.0731707317073];1;395.0;-0.0859445809966;1323;46;0.05866666666666667;1.1666666666666667;58.82799999999999;24.466666666666665;70.20133333333334;11.4;23.166666666666668;20.033333333333335;1.3840000000000001;0.0;2.356;0.008;2.918666666666667;0.46799999999999997;2.5519999999999996;4.233333333333333;6.133333333333334
11286;zone27;7458.320056766788;4680.341251240345;0.0;zone27;S01010230;24;1005;772;577;[0.314286,0.628571,0.057143];[0.703883,0.296117,0.0];[0.727273,0.218182,0.054545];[0.71831,0.24507,0.03662];[0.517857142857,0.136904761905,0.267857142857,0.077380952381];1;846.0;0.433218203459;933;42;0.06833333333333333;1.0416666666666667;44.336666666666666;31.541666666666668;63.53333333333336;10.625;22.166666666666668;15.083333333333334;1.765;0.0;3.765;0.01166666666666667;2.348333333333333;0.40666666666666673;2.3849999999999993;3.2916666666666665;7.375
11286;zone28;7569.802990100143;4917.458811240416;0.0;zone28;S01010232;37;1074;792;485;[0.457143,0.485714,0.057143];[0.557292,0.338542,0.104167];[0.492063,0.333333,0.174603];[0.654229,0.251244,0.094527];[0.470297029703,0.153465346535,0.306930693069,0.0693069306931];1;771.0;0.347049794199;1106;71;0.07567567567567568;1.0810810810810811;50.88648648648649;30.324324324324323;66.27243243243242;10.513513513513514;22.405405405405407;17.324324324324323;1.8399999999999999;0.0;2.995675675675676;0.0227027027027027;2.963243243243244;0.37513513513513513;2.405405405405406;3.7567567567567566;7.324324324324325
11286;zone29;7830.713068379679;4879.746446724283;0.0;zone29;S01010233;33;970;705;476;[0.275,0.625,0.1];[0.655629,0.245033,0.099338];[0.52809,0.426966,0.044944];[0.771505,0.212366,0.016129];[0.587209302326,0.093023255814,0.261627906977,0.0581395348837];1;284.0;-0.213781821634;1113;59;0.06787878787878789;1.5757575757575757;53.381818181818176;27.484848484848484;70.2751515151515;11.424242424242424;23.242424242424242;18.363636363636363;1.614545454545454;0.0;2.0012121212121214;0.09090909090909091;3.1660606060606065;0.34909090909090906;2.0012121212121214;6.242424242424242;6.363636363636363
11286;zone30;6473.383843181837;4954.519765957263;0.0;zone30;S01010261;6;2551;2373;526;[0.666667,0.270833,0.0625];[0.675841,0.281346,0.042813];[0.75,0.25,0.0];[0.824468,0.164894,0.010638];[0.41,0.06,0.41,0.12];3;176.0;-0.337679921334;2244;3;0.02;2.3333333333333335;88.67333333333333;28.5;74.70666666666666;7.833333333333333;21.166666666666668;30.5;2.7600000000000002;0.0;0.28;0.09333333333333334;2.353333333333333;0.24;1.3066666666666666;6.166666666666667;5.166666666666667
11286;zone31;4930.642193689802;4959.449818932565;0.0;zone31;S01010266;3;555;474;237;[0.320755,0.556604,0.122642];[0.677273,0.254545,0.068182];[0.5,0.461538,0.038462];[0.534247,0.30137,0.164384];[0.141176470588,0.0588235294118,0.4,0.4];3;536.0;0.0761386922126;1122;4;0.05333333333333334;0.3333333333333333;42.626666666666665;40.0;71.53333333333333;13.666666666666666;25.0;15.0;3.0;0.0;1.24;0.7733333333333334;6.44;0.5333333333333333;2.72;1.6666666666666667;11.0
11286;zone32;5712.5549897826;4979.400336637217;0.0;zone32;S01010270;4;1153;972;817;[0.389831,0.533898,0.076271];[0.70255,0.252125,0.045326];[0.714286,0.272727,0.012987];[0.771552,0.228448,0.0];[0.125,0.0909090909091,0.454545454545,0.329545454545];1;871.0;0.461200629557;1617;4;0.04;1.5;68.28;23.0;75.5;11.0;23.5;23.25;3.6899999999999995;0.0;0.86;0.0;1.7900000000000003;0.16;2.6100000000000003;6.75;6.0
11286;zone33;3394.0723536088512;4934.677182292946;0.0;zone33;S01010282;13;976;841;645;[0.438776,0.520408,0.040816];[0.545732,0.405488,0.04878];[0.521277,0.382979,0.095745];[0.712707,0.232044,0.055249];[0.190954773869,0.070351758794,0.35175879397,0.386934673367];2;350.0;-0.137812028107;1390;21;0.06461538461538462;1.4615384615384615;58.47076923076924;38.07692307692308;80.3876923076923;12.23076923076923;24.23076923076923;20.076923076923077;2.0061538461538464;0.0;7.92;1.2276923076923076;1.4676923076923076;0.3384615384615385;1.9999999999999998;7.076923076923077;12.23076923076923
11286;zone34;4385.789287498423;4835.237486850067;0.0;zone34;S01010289;15;771;687;380;[0.130952,0.511905,0.357143];[0.262911,0.502347,0.234742];[0.178571,0.464286,0.357143];[0.410256,0.435897,0.153846];[0.058064516129,0.0322580645161,0.245161290323,0.664516129032];5;259.0;-0.241396294863;1357;34;0.08533333333333333;1.8;56.87200000000001;48.333333333333336;74.33866666666667;10.2;23.0;19.733333333333334;2.384;0.0;4.850666666666667;1.1653333333333333;3.0506666666666664;0.2853333333333333;1.7333333333333334;5.866666666666666;11.0
11286;zone35;4401.5375624188455;4669.062022109911;0.0;zone35;S01010290;13;546;485;278;[0.198198,0.603604,0.198198];[0.485944,0.449799,0.064257];[0.555556,0.444444,0.0];[0.435897,0.512821,0.051282];[0.10752688172,0.0430107526882,0.494623655914,0.354838709677];3;353.0;-0.133686757747;1376;31;0.08923076923076922;1.6153846153846154;60.74461538461538;39.15384615384615;79.22769230769231;12.076923076923077;23.46153846153846;20.53846153846154;2.3815384615384616;0.0;5.729230769230771;0.8646153846153845;2.6061538461538465;0.5876923076923076;1.9938461538461536;7.3076923076923075;11.076923076923077
11286;zone36;4119.983651650423;4281.100418217042;0.0;zone36;S01010291;12;1075;975;481;[0.405594,0.447552,0.146853];[0.627907,0.277132,0.094961];[0.415094,0.433962,0.150943];[0.562963,0.325926,0.111111];[0.197080291971,0.0729927007299,0.445255474453,0.284671532847];3;438.0;-0.0363924713322;1019;34;0.11;1.0833333333333333;47.080000000000005;38.916666666666664;72.36;11.25;23.666666666666668;15.916666666666666;2.6266666666666665;0.0;6.8566666666666665;0.5633333333333334;1.8100000000000003;0.3;2.9533333333333336;4.666666666666667;11.25
11286;zone37;4399.731076226201;4291.6703625917;0.0;zone37;S01010292;10;890;831;409;[0.348214,0.508929,0.142857];[0.477169,0.420091,0.10274];[0.339286,0.446429,0.214286];[0.55814,0.383721,0.05814];[0.128378378378,0.0540540540541,0.398648648649,0.418918918919];4;323.0;-0.168488563048;1203;22;0.084;1.2;50.624;44.1;78.944;12.1;24.6;16.9;6.523999999999999;0.0;5.896;0.5439999999999999;1.7399999999999998;0.376;2.4;6.2;14.1
11286;zone38;4514.690807242894;4541.15458266895;0.0;zone38;S01010293;16;839;723;373;[0.51773,0.35461,0.12766];[0.635389,0.262735,0.101877];[0.446809,0.319149,0.234043];[0.514286,0.392857,0.092857];[0.242424242424,0.0606060606061,0.393939393939,0.30303030303];3;290.0;-0.205814991507;1113;43;0.1025;1.25;52.06749999999999;43.625;74.005;10.4375;23.3125;17.875;3.9625;0.0;5.800000000000002;0.4125;2.6325;0.42750000000000005;2.3425000000000002;5.0625;12.25
11286;zone39;4541.7482834333705;4418.565122351524;0.0;zone39;S01010294;13;690;631;275;[0.242105,0.526316,0.231579];[0.650873,0.214464,0.134663];[0.583333,0.208333,0.208333];[0.414894,0.489362,0.095745];[0.164835164835,0.043956043956,0.494505494505,0.296703296703];4;440.0;-0.0342259463805;1143;33;0.09230769230769231;2.0;58.74461538461538;37.46153846153846;72.0276923076923;9.384615384615385;22.615384615384617;20.153846153846153;2.1630769230769227;0.0;3.0738461538461546;0.29538461538461536;3.3723076923076927;0.3384615384615385;1.7846153846153845;7.384615384615385;8.538461538461538
11286;zone40;4766.8646917667475;4574.50133624035;0.0;zone40;S01010295;18;974;870;427;[0.384615,0.391026,0.224359];[0.604555,0.310559,0.084886];[0.428571,0.285714,0.285714];[0.390728,0.516556,0.092715];[0.212765957447,0.113475177305,0.297872340426,0.375886524823];4;529.0;0.0680145754747;1266;36;0.08;1.8888888888888888;55.3;37.388888888888886;76.55111111111111;11.38888888888889;23.444444444444443;18.666666666666668;2.2777777777777777;0.0;5.782222222222222;0.4822222222222222;2.191111111111111;0.3533333333333335;1.7533333333333334;8.222222222222221;10.166666666666666
11286;zone41;4647.752341766679;4736.091736240359;0.0;zone41;S01010296;16;664;560;291;[0.294118,0.423529,0.282353];[0.520913,0.368821,0.110266];[0.375,0.375,0.25];[0.475524,0.391608,0.132867];[0.282828282828,0.111111111111,0.363636363636,0.242424242424];2;856.0;0.444094443477;1386;27;0.0675;1.8125;59.239999999999995;35.5625;77.5;11.6875;23.3125;20.125;2.5800000000000005;0.0;3.2150000000000003;1.125;2.6875;0.3075;1.975;8.625;9.0625
11286;zone42;5522.849421766708;4411.996091240393;0.0;zone42;S01010297;7;1066;894;676;[0.582609,0.382609,0.034783];[0.691824,0.245283,0.062893];[0.540541,0.333333,0.126126];[0.681275,0.270916,0.047809];[0.260563380282,0.140845070423,0.37323943662,0.225352112676];1;504.0;0.0391758595379;640;15;0.08571428571428572;1.7142857142857142;40.80571428571428;25.142857142857142;59.04;9.428571428571429;21.285714285714285;13.571428571428571;1.1314285714285715;0.0;1.32;0.34285714285714286;1.8514285714285716;0.26857142857142857;1.6685714285714288;6.428571428571429;4.142857142857143
11286;zone43;4706.481893689814;4143.807995855712;0.0;zone43;S01010298;12;880;677;515;[0.308943,0.479675,0.211382];[0.581395,0.356589,0.062016];[0.539683,0.396825,0.063492];[0.744828,0.193103,0.062069];[0.227272727273,0.0984848484848,0.371212121212,0.30303030303];1;486.0;0.0190902878356;1084;16;0.04666666666666667;1.4166666666666667;49.916666666666664;26.75;67.75666666666666;11.0;22.916666666666668;17.166666666666668;2.0966666666666662;0.0;3.7033333333333336;0.20666666666666667;1.2266666666666666;0.3966666666666667;2.1766666666666667;5.166666666666667;6.75
11286;zone44;4885.424673909578;4209.645754097502;0.0;zone44;S01010299;4;536;404;292;[0.3,0.54,0.16];[0.556701,0.340206,0.103093];[0.458333,0.520833,0.020833];[0.584906,0.283019,0.132075];[0.428571428571,0.0857142857143,0.285714285714,0.2];1;375.0;-0.10827530326;701;9;0.08;1.25;37.44;31.5;59.39;10.5;21.25;13.25;1.9;0.0;1.73;0.38;2.3;0.55;1.6400000000000001;4.0;6.0
11286;zone45;4883.397012115578;4340.414778682246;0.0;zone45;S01010300;21;934;764;478;[0.460784,0.411765,0.127451];[0.664653,0.238671,0.096677];[0.632353,0.323529,0.044118];[0.606383,0.329787,0.06383];[0.3046875,0.125,0.3515625,0.21875];2;513.0;0.0498225801839;652;44;0.0838095238095238;1.4761904761904763;39.23238095238095;30.761904761904763;64.52380952380952;10.80952380952381;22.476190476190474;13.19047619047619;2.3942857142857146;0.0;1.6171428571428568;0.5733333333333335;2.876190476190476;0.3771428571428572;2.1390476190476195;6.0476190476190474;7.0476190476190474
11286;zone46;5144.66081966521;4032.769083704074;0.0;zone46;S01010301;6;522;457;283;[0.292683,0.597561,0.109756];[0.57563,0.315126,0.109244];[0.222222,0.703704,0.074074];[0.561798,0.393258,0.044944];[0.214285714286,0.0612244897959,0.459183673469,0.265306122449];4;490.0;0.0232745011966;903;26;0.16;1.1666666666666667;44.79333333333333;45.5;64.46;9.666666666666666;21.833333333333332;15.166666666666666;4.819999999999999;0.0;1.08;0.3133333333333333;3.6666666666666674;0.3466666666666667;1.8133333333333332;4.333333333333333;9.333333333333334
11286;zone47;5165.568789180556;4297.038752619699;0.0;zone47;S01010302;24;669;495;388;[0.65625,0.28125,0.0625];[0.6,0.356522,0.043478];[0.716981,0.226415,0.056604];[0.801802,0.18018,0.018018];[0.582417582418,0.0769230769231,0.263736263736,0.0769230769231];1;392.0;-0.0896499889057;675;61;0.09666666666666666;1.5833333333333333;35.00166666666667;31.666666666666668;62.676666666666655;11.0;22.5;11.583333333333334;3.148333333333333;0.0;1.2383333333333333;0.3116666666666666;2.994999999999999;0.46666666666666673;1.8583333333333332;5.791666666666667;7.291666666666667
11286;zone48;5241.140616766716;4139.402270499609;0.0;zone48;S01010303;33;579;387;250;[0.692308,0.153846,0.153846];[0.56701,0.298969,0.134021];[0.630435,0.282609,0.086957];[0.658879,0.285047,0.056075];[0.58407079646,0.106194690265,0.274336283186,0.0353982300885];1;415.0;-0.0627120940391;978;79;0.09333333333333334;0.9090909090909091;45.553939393939395;31.454545454545453;62.795151515151524;10.454545454545455;22.303030303030305;15.333333333333334;3.5466666666666673;0.0;0.9551515151515153;0.4230303030303031;2.4363636363636356;0.4787878787878788;2.063030303030303;2.909090909090909;6.9393939393939394
11286;zone49;4853.647576226233;3833.123065294377;0.0;zone49;S01010304;12;542;456;332;[0.323529,0.514706,0.161765];[0.635135,0.25,0.114865];[0.477273,0.522727,0.0];[0.829268,0.109756,0.060976];[0.372340425532,0.0425531914894,0.297872340426,0.287234042553];1;804.0;0.384523850516;1051;24;0.07;2.0833333333333335;48.51;27.083333333333332;69.04666666666667;10.583333333333334;22.916666666666668;16.5;3.3166666666666664;0.0;1.3133333333333335;0.4366666666666667;1.55;0.29000000000000004;1.8766666666666667;8.5;6.166666666666667
11286;zone50;4697.410406890209;3639.1027396354093;0.0;zone50;S01010305;7;807;694;478;[0.36036,0.468468,0.171171];[0.553191,0.33617,0.110638];[0.409639,0.301205,0.289157];[0.589888,0.337079,0.073034];[0.198529411765,0.0735294117647,0.382352941176,0.345588235294];1;223.0;-0.28282788147;750;11;0.06285714285714286;1.2857142857142858;43.48;29.0;62.53142857142858;10.0;21.714285714285715;14.714285714285714;2.2514285714285713;0.0;0.8685714285714285;2.011428571428571;0.5828571428571429;0.26285714285714284;1.8914285714285712;6.142857142857143;5.428571428571429
11286;zone51;4591.3082521834585;3868.367573740388;0.0;zone51;S01010306;13;752;675;449;[0.35625,0.56875,0.075];[0.570588,0.355882,0.073529];[0.283019,0.566038,0.150943];[0.650943,0.330189,0.018868];[0.165680473373,0.0473372781065,0.479289940828,0.307692307692];2;238.0;-0.265781391166;620;34;0.09846153846153846;1.2307692307692308;42.01846153846154;34.76923076923077;67.56615384615385;12.461538461538462;23.46153846153846;13.846153846153847;3.286153846153846;0.0;2.0307692307692307;2.7353846153846155;0.49230769230769234;0.5938461538461538;1.8892307692307695;5.076923076923077;8.0
11286;zone52;4503.72067559025;3742.2957906521283;0.0;zone52;S01010307;9;821;732;428;[0.189922,0.577519,0.232558];[0.407407,0.487654,0.104938];[0.346154,0.538462,0.115385];[0.71875,0.234375,0.046875];[0.0681818181818,0.0568181818182,0.375,0.5];5;319.0;-0.172537833795;472;24;0.09333333333333334;1.3333333333333333;36.81333333333333;50.111111111111114;65.6888888888889;10.333333333333334;22.88888888888889;12.555555555555555;4.591111111111112;0.0;1.3822222222222225;3.875555555555555;0.7022222222222222;0.3244444444444444;2.0088888888888885;5.222222222222222;10.222222222222221
11286;zone53;4364.519870735056;4047.768725526131;0.0;zone53;S01010308;9;975;858;480;[0.285714,0.54007,0.174216];[0.511936,0.384615,0.103448];[0.254902,0.411765,0.333333];[0.648352,0.307692,0.043956];[0.0970873786408,0.0631067961165,0.359223300971,0.480582524272];4;257.0;-0.244477582955;1077;29;0.1288888888888889;2.111111111111111;60.57777777777777;32.888888888888886;63.87555555555556;7.777777777777778;20.22222222222222;20.666666666666668;2.9511111111111115;0.0;2.2488888888888887;1.0177777777777777;0.46222222222222226;0.16000000000000003;1.3466666666666667;5.444444444444445;6.333333333333333
11286;zone54;5381.88771051669;3636.3205112402793;0.0;zone54;S01010309;4;419;356;264;[0.333333,0.25,0.416667];[0.478873,0.422535,0.098592];[0.352941,0.382353,0.264706];[0.705882,0.24183,0.052288];[0.365853658537,0.170731707317,0.390243902439,0.0731707317073];1;0.0;-0.540229885057;1815;5;0.04;1.0;72.3;33.25;69.35000000000001;9.0;21.75;24.75;2.62;0.0;1.24;0.35;2.96;0.34;1.6800000000000002;3.25;6.5
11286;zone55;5657.373406240428;3625.6586165034923;0.0;zone55;S01010310;13;706;540;381;[0.333333,0.238095,0.428571];[0.565517,0.337931,0.096552];[0.54902,0.27451,0.176471];[0.715415,0.256917,0.027668];[0.484848484848,0.151515151515,0.318181818182,0.0454545454545];1;574.0;0.120406534162;837;16;0.04923076923076923;0.8461538461538461;44.42769230769231;27.76923076923077;61.88;10.615384615384615;22.46153846153846;15.384615384615385;2.1753846153846155;0.0;1.2123076923076925;1.3107692307692307;1.4153846153846155;0.3938461538461539;2.8615384615384616;2.5384615384615383;5.6923076923076925
11286;zone56;5685.425126382168;3318.6970593171873;0.0;zone56;S01010311;22;721;556;351;[0.411765,0.352941,0.235294];[0.472222,0.453704,0.074074];[0.571429,0.404762,0.02381];[0.717949,0.271062,0.010989];[0.565217391304,0.121739130435,0.269565217391,0.0434782608696];1;1534.0;1.22364271569;1964;37;0.06181818181818182;1.1363636363636365;74.31636363636363;28.772727272727273;78.08545454545452;11.0;23.681818181818183;25.545454545454547;2.0127272727272727;0.0;2.52;0.3109090909090909;2.8581818181818175;0.3181818181818183;2.16909090909091;5.954545454545454;7.318181818181818
11286;zone57;5466.52613028024;3072.1402274564575;0.0;zone57;S01010312;34;868;647;425;[0.117647,0.823529,0.058824];[0.754386,0.22807,0.017544];[0.407407,0.444444,0.148148];[0.804945,0.153846,0.041209];[0.586956521739,0.115942028986,0.268115942029,0.0289855072464];1;685.0;0.247477927043;1721;50;0.05882352941176471;1.3823529411764706;74.65764705882351;29.38235294117647;76.79176470588236;10.617647058823529;23.08823529411765;25.61764705882353;1.709411764705882;0.0;2.7847058823529407;0.0411764705882353;3.052941176470589;0.36235294117647054;2.2364705882352944;5.382352941176471;7.029411764705882
11286;zone58;5251.7403530303945;3502.549209042501;0.0;zone58;S01010313;16;654;529;356;[0.428571,0.285714,0.285714];[0.6,0.333333,0.066667];[0.433735,0.481928,0.084337];[0.739623,0.162264,0.098113];[0.648351648352,0.131868131868,0.175824175824,0.043956043956];1;565.0;0.109617915218;2127;28;0.0675;0.4375;79.17;32.875;75.04249999999999;10.25;22.625;27.3125;2.035;0.0;3.3475;0.12;2.7650000000000006;0.4375;3.4850000000000003;1.0;7.8125
11286;zone59;4840.312157862589;3385.4448126102257;0.0;zone59;S01010314;21;1248;1034;550;[0.358209,0.507463,0.134328];[0.514493,0.333333,0.152174];[0.5,0.326923,0.173077];[0.636,0.324,0.04];[0.316901408451,0.133802816901,0.401408450704,0.147887323944];1;637.0;0.192402372167;1226;40;0.07238095238095238;1.1428571428571428;55.14476190476189;29.857142857142858;69.89714285714285;11.333333333333334;23.19047619047619;18.761904761904763;3.114285714285714;0.0;2.8628571428571425;0.899047619047619;1.0457142857142856;0.43809523809523804;2.1333333333333337;4.571428571428571;7.428571428571429
11286;zone60;4536.293429266749;2504.1273706154316;0.0;zone60;S01010315;43;911;678;409;[0.180723,0.554217,0.26506];[0.252632,0.457895,0.289474];[0.208333,0.5,0.291667];[0.55144,0.345679,0.102881];[0.308176100629,0.169811320755,0.358490566038,0.163522012579];2;382.0;-0.100954860853;1645;90;0.08093023255813954;1.2093023255813953;65.17023255813955;32.83720930232558;74.6325581395349;11.0;23.162790697674417;22.25581395348837;2.9116279069767437;0.0;3.2418604651162797;0.0;3.1776744186046515;0.26232558139534884;2.3730232558139535;4.511627906976744;8.813953488372093
11286;zone61;4589.6619547948285;2943.195659127726;0.0;zone61;S01010316;25;512;414;304;[0.392157,0.529412,0.078431];[0.62931,0.37069,0.0];[0.439024,0.560976,0.0];[0.775401,0.224599,0.0];[0.439252336449,0.102803738318,0.252336448598,0.205607476636];1;481.0;0.0128180141103;1215;58;0.088;0.6;51.09279999999999;34.92;68.69120000000001;11.24;23.28;17.56;2.2352000000000003;0.0;4.0368;0.07039999999999999;3.278399999999999;0.48160000000000003;2.6;2.4;9.16
11286;zone63;4421.5566371748755;3071.026327566895;0.0;zone63;S01010318;12;1588;1497;304;[0.5,0.456522,0.043478];[0.469799,0.47651,0.053691];[0.310345,0.37931,0.310345];[0.678571,0.285714,0.035714];[0.36,0.14,0.34,0.16];3;317.0;-0.175110645645;1269;28;0.09333333333333334;1.5;61.36666666666667;36.583333333333336;75.96666666666665;10.75;23.5;20.916666666666668;3.676666666666667;0.0;4.293333333333333;0.25666666666666665;2.226666666666667;0.5266666666666667;1.8966666666666667;6.083333333333333;9.833333333333334
11286;zone64;4173.240913470097;2893.8040771744095;0.0;zone64;S01010319;9;711;624;407;[0.258741,0.608392,0.132867];[0.383399,0.486166,0.130435];[0.439394,0.212121,0.348485];[0.530769,0.384615,0.084615];[0.171974522293,0.0700636942675,0.471337579618,0.286624203822];2;473.0;0.00423719084943;1503;18;0.06666666666666667;1.3333333333333333;62.728888888888896;36.77777777777778;75.64888888888889;11.0;23.555555555555557;21.444444444444443;5.191111111111111;0.0;1.897777777777778;0.36444444444444446;2.96;0.29333333333333333;1.8844444444444441;5.222222222222222;10.0
11286;zone65;3940.1918462749595;2900.8899784533987;0.0;zone65;S01010320;4;675;594;437;[0.257813,0.523438,0.21875];[0.61753,0.298805,0.083665];[0.526316,0.22807,0.245614];[0.805085,0.169492,0.025424];[0.172185430464,0.0662251655629,0.443708609272,0.317880794702];1;646.0;0.202453315259;1151;11;0.11;1.25;47.48;23.25;66.60000000000001;11.5;22.5;16.25;1.6800000000000002;0.0;1.3499999999999999;0.31;2.3699999999999997;0.47;2.86;5.5;5.25
11286;zone66;3905.8658739096163;2664.6669636212755;0.0;zone66;S01010321;7;837;634;432;[0.401709,0.555556,0.042735];[0.54717,0.433962,0.018868];[0.45122,0.439024,0.109756];[0.666667,0.271186,0.062147];[0.212328767123,0.0958904109589,0.390410958904,0.301369863014];1;1019.0;0.631764531736;2016;17;0.09142857142857143;1.1428571428571428;74.76571428571428;29.142857142857142;71.73714285714286;9.428571428571429;21.857142857142858;25.857142857142858;3.7371428571428575;0.0;1.5657142857142858;0.0;1.32;0.12571428571428572;1.7199999999999995;4.285714285714286;6.142857142857143
11286;zone67;3630.3978644730896;3132.1651121578075;0.0;zone67;S01010322;9;1028;914;549;[0.174419,0.549419,0.276163];[0.412399,0.471698,0.115903];[0.298507,0.38806,0.313433];[0.647059,0.323529,0.029412];[0.057268722467,0.0352422907489,0.449339207048,0.458149779736];5;124.0;-0.397569575369;1392;28;0.12444444444444444;1.8888888888888888;60.75555555555555;43.111111111111114;78.83555555555557;10.555555555555555;23.555555555555557;20.555555555555557;3.831111111111111;0.0;5.844444444444445;0.7422222222222223;2.2844444444444445;0.22666666666666668;1.72;7.777777777777778;12.222222222222221
11286;zone68;6208.193116766784;3072.425066795916;0.0;zone68;S01010323;4;603;466;377;[0.555556,0.444444,0.0];[0.657143,0.271429,0.071429];[0.642857,0.321429,0.035714];[0.793651,0.166667,0.039683];[0.578431372549,0.166666666667,0.235294117647,0.0196078431373];1;970.0;0.57559463238;902;6;0.06;0.5;44.72;35.0;70.03;11.75;23.75;14.75;9.01;0.0;1.89;0.0;0.31;0.79;3.75;2.25;11.0
11286;zone69;6517.651722029823;2240.572579661372;0.0;zone69;S01010324;6;759;566;403;[0.142857,0.571429,0.285714];[0.298077,0.490385,0.211538];[0.333333,0.530864,0.135802];[0.401674,0.414226,0.1841];[0.569620253165,0.101265822785,0.291139240506,0.0379746835443];1;407.0;-0.0721601679586;1559;12;0.08;2.0;59.29333333333333;31.0;72.79333333333334;10.5;22.833333333333332;20.333333333333332;1.5133333333333334;0.0;0.54;0.0;4.16;0.43333333333333335;1.6666666666666667;8.833333333333334;5.666666666666667
11286;zone70;6038.016041009105;2402.8415869980217;0.0;zone70;S01010325;18;939;666;501;[0.263158,0.368421,0.368421];[0.383838,0.525253,0.090909];[0.253623,0.615942,0.130435];[0.451362,0.463035,0.085603];[0.545454545455,0.238636363636,0.193181818182,0.0227272727273];1;225.0;-0.281126582053;1505;37;0.08222222222222222;1.0;48.859999999999985;33.611111111111114;61.4888888888889;9.38888888888889;21.61111111111111;16.61111111111111;1.6866666666666665;0.0;0.8511111111111112;0.0;3.9155555555555557;0.23777777777777778;2.1933333333333334;3.3333333333333335;6.0
11286;zone71;5272.359331052501;2740.775131541117;0.0;zone71;S01010326;39;987;707;494;[0.526316,0.368421,0.105263];[0.522523,0.333333,0.144144];[0.492188,0.3125,0.195313];[0.723514,0.224806,0.05168];[0.54375,0.16875,0.23125,0.05625];1;1389.0;1.05701743376;1034;49;0.04923076923076923;1.4615384615384615;53.93948717948719;26.897435897435898;70.61743589743591;10.948717948717949;22.846153846153847;18.46153846153846;1.4194871794871797;0.0;5.302564102564102;0.00820512820512821;1.3897435897435895;0.4071794871794872;2.3374358974358977;5.641025641025641;7.615384615384615
11286;zone72;4970.167032608406;2501.795090448298;0.0;zone72;S01010327;34;982;660;362;[0.031746,0.507937,0.460317];[0.372881,0.432203,0.194915];[0.289063,0.328125,0.382813];[0.516892,0.347973,0.135135];[0.416184971098,0.21387283237,0.236994219653,0.132947976879];1;470.0;0.000335688704598;1023;49;0.05764705882352941;1.4411764705882353;48.87176470588237;29.823529411764707;69.3835294117647;11.029411764705882;22.794117647058822;16.58823529411765;1.8176470588235294;0.0;5.656470588235294;0.04705882352941176;1.2541176470588238;0.37176470588235294;2.1858823529411766;6.029411764705882;8.294117647058824
11286;zone73;5975.307390960257;2677.5485166167286;0.0;zone73;S01010328;24;969;706;445;[0.16129,0.5,0.33871];[0.27044,0.471698,0.257862];[0.192547,0.434783,0.372671];[0.338983,0.432203,0.228814];[0.309352517986,0.258992805755,0.280575539568,0.151079136691];2;457.0;-0.0138550124678;1909;37;0.05833333333333333;1.8333333333333333;66.69333333333334;29.833333333333332;75.62666666666668;11.125;23.333333333333332;22.958333333333332;2.1566666666666663;0.0;1.3316666666666668;0.0;3.8699999999999997;0.37666666666666665;1.7283333333333335;7.166666666666667;6.875
