cycle;name;location.x;location.y;location.z;name;dataZone;nm_children;pop;over16;nm_hh;AB_car_prob;C1_car_prob;C2_car_prob;DE_car_prob;prob_social;simd;crimeRate;norm_crime;avg_dis_sh;neigh_play;daily_play_per_child;avg_FSA;avg_walk;daily_OD;zone_mvpa;mvpa_home;mvpa_sc;mvpa_road;mvpa_play_field;mvpa_home_garden;mvpa_park;mvpa_PG;mvpa_amenity;mvpa_shops;mvpa_F_home;mvpa_fsa;mvpa_OD
11286;zone0;8448.90275962388;2625.4515469546564;0.0;zone0;S01010195;19;531;390;212;[0.0,0.481481,0.518519];[0.261538,0.646154,0.092308];[0.12,0.59,0.29];[0.447368,0.368421,0.184211];[0.418918918919,0.283783783784,0.202702702703,0.0945945945946];1;0.0;-0.540229885057;1014;31;0.06526315789473684;0.7368421052631579;46.002105263157894;28.05263157894737;63.098947368421044;11.105263157894736;22.473684210526315;15.473684210526315;1.3368421052631583;0.0;2.6505263157894734;0.0;2.688421052631579;0.4105263157894737;2.4589473684210525;2.789473684210526;6.2631578947368425
11286;zone1;8656.736904000718;2165.9902346445633;0.0;zone1;S01010198;18;1027;748;394;[0.058824,0.529412,0.411765];[0.305785,0.561983,0.132231];[0.219858,0.496454,0.283688];[0.523179,0.331126,0.145695];[0.48623853211,0.229357798165,0.266055045872,0.0183486238532];1;1609.0;1.3102524676;1419;25;0.05333333333333334;1.5;59.25333333333333;28.11111111111111;70.1;10.5;22.333333333333332;19.944444444444443;1.2333333333333334;0.0;2.057777777777778;0.04888888888888889;3.322222222222222;0.3911111111111112;2.3022222222222224;6.0;6.277777777777778
11286;zone2;8537.588755655543;3024.028900129281;0.0;zone2;S01010201;22;643;453;253;[0.0,0.47619,0.52381];[0.270833,0.3125,0.416667];[0.088,0.48,0.432];[0.296552,0.434483,0.268966];[0.365853658537,0.292682926829,0.292682926829,0.0487804878049];2;219.0;-0.28762447053;758;38;0.06727272727272728;1.1363636363636365;38.34;27.0;61.61272727272728;11.590909090909092;22.59090909090909;12.863636363636363;1.3981818181818182;0.0;2.165454545454545;0.02363636363636364;2.8218181818181822;0.3763636363636364;2.076363636363636;4.181818181818182;6.0
11286;zone3;8059.42097232239;3767.666522351409;0.0;zone3;S01010203;30;671;504;260;[0.090909,0.363636,0.545455];[0.263804,0.460123,0.276074];[0.094828,0.422414,0.482759];[0.183824,0.375,0.441176];[0.272727272727,0.218181818182,0.363636363636,0.145454545455];3;215.0;-0.292668818285;1956;71;0.08933333333333333;2.066666666666667;77.88533333333332;36.333333333333336;79.93866666666668;10.033333333333333;22.566666666666666;26.733333333333334;2.621333333333333;0.0;2.654666666666666;0.0;3.874666666666667;0.2893333333333333;1.5906666666666665;7.766666666666667;8.6
11286;zone4;8368.288440296214;3565.498290652094;0.0;zone4;S01010204;30;800;589;381;[0.272727,0.727273,0.0];[0.627451,0.27451,0.098039];[0.444444,0.533333,0.022222];[0.600619,0.321981,0.077399];[0.595041322314,0.157024793388,0.239669421488,0.00826446280992];1;497.0;0.0317745673598;1177;40;0.04933333333333333;1.4333333333333333;47.78266666666668;25.3;66.96666666666667;11.033333333333333;23.0;16.033333333333335;0.9720000000000002;0.0;1.7933333333333337;0.0;3.4639999999999995;0.3413333333333333;2.5759999999999996;5.866666666666666;5.8
11286;zone5;8034.229745798958;3515.110462853287;0.0;zone5;S01010205;15;658;534;355;[0.411765,0.117647,0.470588];[0.465116,0.457364,0.077519];[0.317757,0.588785,0.093458];[0.593458,0.280374,0.126168];[0.466666666667,0.2,0.3,0.0333333333333];1;925.0;0.523434132086;1324;16;0.03733333333333334;1.2;52.111999999999995;29.266666666666666;73.05600000000001;12.533333333333333;24.333333333333332;17.866666666666667;1.0053333333333334;0.0;2.024;0.0;4.562666666666667;0.3840000000000001;3.277333333333333;5.266666666666667;7.266666666666667
11286;zone6;7457.064719570519;3739.055375726369;0.0;zone6;S01010208;18;903;745;565;[0.30137,0.589041,0.109589];[0.48062,0.457364,0.062016];[0.272727,0.613636,0.113636];[0.66055,0.270642,0.068807];[0.233333333333,0.133333333333,0.461111111111,0.172222222222];1;603.0;0.153385979085;1394;22;0.04666666666666667;1.1666666666666667;58.39777777777778;26.61111111111111;70.57777777777778;11.333333333333334;23.333333333333332;19.555555555555557;0.9888888888888889;0.0;1.428888888888889;0.0;4.062222222222221;0.4822222222222222;2.631111111111111;4.888888888888889;5.944444444444445
11286;zone7;7917.838214725937;1939.334458859395;0.0;zone7;S01010209;24;966;677;468;[0.172414,0.586207,0.241379];[0.333333,0.414966,0.251701];[0.381944,0.458333,0.159722];[0.545852,0.336245,0.117904];[0.337931034483,0.248275862069,0.303448275862,0.110344827586];1;2053.0;1.82052250092;1706;37;0.05833333333333333;1.4166666666666667;69.64166666666667;31.125;75.51666666666665;10.333333333333334;23.375;23.75;1.3883333333333336;0.0;3.1133333333333333;0.0;3.7100000000000004;0.35833333333333334;2.0983333333333327;5.708333333333333;7.75
11286;zone8;7878.406567747077;2721.2634132011362;0.0;zone8;S01010210;18;885;641;416;[0.173913,0.456522,0.369565];[0.21519,0.5,0.28481];[0.189781,0.386861,0.423358];[0.422111,0.442211,0.135678];[0.394736842105,0.236842105263,0.254385964912,0.114035087719];1;344.0;-0.144253829852;932;28;0.06222222222222222;1.2777777777777777;43.291111111111114;27.055555555555557;65.03333333333335;11.0;22.833333333333332;14.5;2.6199999999999997;0.0;2.253333333333333;0.0;2.126666666666667;0.368888888888889;2.2311111111111117;5.5;6.5
11286;zone9;7785.599648345685;3201.783800714137;0.0;zone9;S01010211;22;858;634;452;[0.147059,0.705882,0.147059];[0.384615,0.452991,0.162393];[0.469565,0.4,0.130435];[0.722656,0.226563,0.050781];[0.473214285714,0.169642857143,0.285714285714,0.0714285714286];1;430.0;-0.0456985893816;1103;35;0.05454545454545454;1.5;50.79636363636364;29.363636363636363;71.32909090909091;11.636363636363637;23.727272727272727;17.136363636363637;1.952727272727273;0.0;2.158181818181818;0.0;3.7145454545454544;0.3072727272727273;2.7290909090909095;6.045454545454546;7.318181818181818
11286;zone10;7580.688680869333;3097.127786881416;0.0;zone10;S01010212;49;1083;779;559;[0.233333,0.633333,0.133333];[0.594771,0.339869,0.065359];[0.465517,0.405172,0.12931];[0.712821,0.269231,0.017949];[0.566037735849,0.138364779874,0.22641509434,0.0691823899371];1;1473.0;1.15298517036;1203;69;0.0546938775510204;1.346938775510204;52.23428571428571;27.489795918367346;70.34857142857143;11.693877551020408;23.612244897959183;17.612244897959183;1.4579591836734695;0.0;2.5036734693877554;0.0;3.477551020408164;0.436734693877551;2.456326530612245;5.387755102040816;7.0
11286;zone11;8065.177293237223;3111.5884965344962;0.0;zone11;S01010213;13;924;657;476;[0.105263,0.684211,0.210526];[0.382609,0.547826,0.069565];[0.218543,0.556291,0.225166];[0.467925,0.483019,0.049057];[0.451327433628,0.221238938053,0.274336283186,0.0530973451327];1;247.0;-0.255840453357;1044;18;0.05538461538461539;1.3076923076923077;41.181538461538466;25.692307692307693;62.92307692307692;10.846153846153847;22.46153846153846;13.923076923076923;0.9353846153846154;0.0;2.0646153846153847;0.0;2.9815384615384612;0.3723076923076923;2.366153846153846;5.461538461538462;5.384615384615385
11286;zone12;7144.994858230166;1947.4125453867302;0.0;zone12;S01010214;27;967;717;396;[0.098592,0.28169,0.619718];[0.197531,0.438272,0.364198];[0.173333,0.493333,0.333333];[0.237069,0.487069,0.275862];[0.361344537815,0.210084033613,0.310924369748,0.117647058824];3;176.0;-0.337854473183;1771;46;0.0637037037037037;1.5555555555555556;70.23703703703703;35.888888888888886;72.12296296296296;9.481481481481481;21.88888888888889;24.037037037037038;1.8874074074074076;0.0;2.488888888888889;0.0;3.4399999999999995;0.27555555555555555;1.9051851851851853;4.925925925925926;7.407407407407407
11286;zone13;7013.590150664996;2618.495528189446;0.0;zone13;S01010215;24;850;608;492;[0.571429,0.285714,0.142857];[0.5,0.431373,0.068627];[0.382609,0.391304,0.226087];[0.678571,0.269841,0.051587];[0.467289719626,0.140186915888,0.345794392523,0.0467289719626];1;547.0;0.0886083430805;572;37;0.05833333333333333;1.25;38.18833333333333;28.25;59.103333333333346;9.541666666666666;21.666666666666668;13.125;1.2899999999999998;0.0;1.1816666666666666;0.0;3.288333333333334;0.3566666666666667;2.11;4.791666666666667;5.291666666666667
11286;zone14;7332.222205807836;2329.961970144465;0.0;zone14;S01010216;15;621;464;361;[0.6,0.4,0.0];[0.597701,0.356322,0.045977];[0.409091,0.439394,0.151515];[0.709544,0.273859,0.016598];[0.5,0.163265306122,0.265306122449,0.0714285714286];1;600.0;0.150092344085;1322;25;0.064;0.8666666666666667;55.525333333333336;31.133333333333333;71.752;12.2;23.6;19.0;1.9680000000000002;0.0;2.597333333333333;0.0;3.7226666666666666;0.3893333333333333;3.301333333333333;3.066666666666667;7.8
11286;zone15;7299.833172322251;2625.8610945736937;0.0;zone15;S01010217;33;817;598;406;[0.16129,0.516129,0.322581];[0.565517,0.4,0.034483];[0.5,0.431373,0.068627];[0.702703,0.283784,0.013514];[0.541935483871,0.0967741935484,0.296774193548,0.0645161290323];1;1060.0;0.679274950851;997;61;0.07272727272727272;1.121212121212121;41.45090909090909;29.90909090909091;64.95151515151515;11.06060606060606;23.21212121212121;14.090909090909092;1.2133333333333336;0.0;2.408484848484848;0.0;3.9684848484848496;0.41454545454545455;2.315151515151515;4.606060606060606;7.090909090909091
11286;zone16;7142.953643082513;3018.5401822929393;0.0;zone16;S01010218;31;1018;790;587;[0.425532,0.404255,0.170213];[0.392523,0.453271,0.154206];[0.358209,0.492537,0.149254];[0.589124,0.335347,0.075529];[0.424657534247,0.109589041096,0.369863013699,0.0958904109589];1;557.0;0.101026678737;519;59;0.07225806451612904;1.2903225806451613;34.86451612903225;28.35483870967742;57.8283870967742;10.193548387096774;21.677419354838708;11.612903225806452;1.0877419354838709;0.0;1.287741935483871;0.0;3.526451612903226;0.46064516129032257;2.223225806451613;4.096774193548387;5.354838709677419
11286;zone17;6738.8937706128745;4298.8917997019325;0.0;zone17;S01010219;21;503;382;274;[0.695652,0.304348,0.0];[0.758621,0.215517,0.025862];[0.761905,0.166667,0.071429];[0.781609,0.195402,0.022989];[0.41935483871,0.0752688172043,0.408602150538,0.0967741935484];2;184.0;-0.327838932938;1459;54;0.09904761904761905;1.0476190476190477;67.2742857142857;34.57142857142857;71.87428571428572;9.619047619047619;22.238095238095237;23.142857142857142;2.984761904761905;0.0;4.32952380952381;0.01333333333333333;1.9809523809523815;0.4647619047619048;2.1866666666666665;3.238095238095238;8.80952380952381
11286;zone18;5915.780765415368;4211.222876105162;0.0;zone18;S01010220;7;476;433;279;[0.181159,0.608696,0.210145];[0.404255,0.531915,0.06383];[0.227273,0.704545,0.068182];[0.448276,0.482759,0.068966];[0.154545454545,0.0636363636364,0.318181818182,0.463636363636];5;267.0;-0.232306706325;1248;14;0.07428571428571429;1.1428571428571428;53.08571428571428;43.0;73.81714285714285;11.428571428571429;23.142857142857142;18.285714285714285;6.291428571428571;0.0;4.062857142857143;0.05142857142857143;1.7714285714285711;0.3085714285714286;2.1485714285714286;4.428571428571429;11.714285714285714
11286;zone19;6341.0811208317455;3913.8398648988496;0.0;zone19;S01010221;13;546;394;260;[0.6,0.4,0.0];[0.557377,0.409836,0.032787];[0.538462,0.323077,0.138462];[0.699387,0.257669,0.042945];[0.609375,0.140625,0.203125,0.046875];1;635.0;0.19005459739;937;15;0.03692307692307693;1.0;50.33538461538462;21.923076923076923;64.76307692307692;10.538461538461538;22.692307692307693;17.076923076923077;3.5969230769230767;0.0;1.412307692307692;0.0;1.3753846153846156;0.28;2.6276923076923078;3.6923076923076925;5.923076923076923
11286;zone20;7001.213463613622;4053.9957950241624;0.0;zone20;S01010222;15;492;414;285;[0.142857,0.5,0.357143];[0.432432,0.459459,0.108108];[0.348624,0.522936,0.12844];[0.747899,0.235294,0.016807];[0.345238095238,0.214285714286,0.309523809524,0.130952380952];1;377.0;-0.105830277325;1820;19;0.05066666666666667;1.1333333333333333;65.48;28.733333333333334;71.62933333333334;10.466666666666667;22.6;22.0;3.0480000000000005;0.0;1.7360000000000002;0.0;2.714666666666667;0.4053333333333334;2.4506666666666663;4.6;7.066666666666666
11286;zone21;6986.8418912765155;3434.1450308482026;0.0;zone21;S01010223;4;556;462;337;[0.076923,0.538462,0.384615];[0.567797,0.330508,0.101695];[0.472222,0.444444,0.083333];[0.584699,0.36612,0.04918];[0.432432432432,0.162162162162,0.324324324324,0.0810810810811];1;439.0;-0.0353356041414;1996;4;0.04;1.25;90.4;32.5;83.22;9.5;23.25;32.25;4.790000000000001;0.0;1.5499999999999998;0.0;2.9699999999999998;0.33;2.66;4.25;9.0
11286;zone22;6247.397837456437;3329.661273309237;0.0;zone22;S01010224;40;1036;727;469;[0.405405,0.540541,0.054054];[0.592593,0.274074,0.133333];[0.418803,0.504274,0.076923];[0.768421,0.202632,0.028947];[0.506097560976,0.140243902439,0.268292682927,0.0853658536585];1;1004.0;0.614259332793;909;78;0.073;1.475;44.16100000000001;22.05;65.05299999999998;11.4;22.8;15.1;2.794;0.0;1.235;0.021;1.6430000000000002;0.41600000000000004;1.9790000000000003;5.975;5.15
11286;zone23;7827.985844039554;4105.4701191949;0.0;zone23;S01010225;33;812;636;431;[0.25,0.634615,0.115385];[0.469072,0.43299,0.097938];[0.54023,0.413793,0.045977];[0.672065,0.234818,0.093117];[0.385185185185,0.125925925926,0.325925925926,0.162962962963];1;1006.0;0.616572011517;1549;47;0.05454545454545454;1.5151515151515151;63.89212121212121;26.696969696969695;72.90545454545457;10.969696969696969;22.848484848484848;21.757575757575758;2.1551515151515144;0.0;2.915151515151515;0.01575757575757576;2.246060606060606;0.39515151515151514;1.992727272727273;5.96969696969697;6.909090909090909
11286;zone24;7040.363001382077;4481.052780471187;0.0;zone24;S01010226;40;816;565;394;[0.454545,0.242424,0.30303];[0.715385,0.2,0.084615];[0.540541,0.405405,0.054054];[0.766917,0.18797,0.045113];[0.503355704698,0.201342281879,0.221476510067,0.0738255033557];2;422.0;-0.0548014077425;1254;103;0.101;1.3;56.544;35.55;72.08499999999998;10.6;22.825;19.275;4.018000000000001;0.0;3.724;0.047;2.136;0.35899999999999993;2.159;5.15;9.45
11286;zone25;6847.772309074456;4638.663588163389;0.0;zone25;S01010227;39;692;454;294;[0.413793,0.413793,0.172414];[0.704545,0.238636,0.056818];[0.654545,0.345455,0.0];[0.810606,0.159091,0.030303];[0.672268907563,0.0924369747899,0.159663865546,0.0756302521008];4;0.0;-0.540229885057;1249;139;0.13948717948717948;1.4102564102564104;54.40615384615385;43.82051282051282;75.99589743589743;11.025641025641026;23.076923076923077;18.58974358974359;3.6512820512820507;0.0;7.16820512820513;0.09743589743589745;2.094358974358975;0.3282051282051282;2.0410256410256413;6.0;12.58974358974359
11286;zone26;8241.816993110848;4572.457656401622;0.0;zone26;S01010229;30;1016;787;508;[0.1,0.625,0.275];[0.350877,0.350877,0.298246];[0.348315,0.477528,0.174157];[0.565217,0.310559,0.124224];[0.420731707317,0.213414634146,0.292682926829,0.0731707317073];1;395.0;-0.0859445809966;1345;45;0.05733333333333333;0.9;56.026666666666664;26.6;68.53066666666668;11.2;23.2;19.166666666666668;2.1399999999999997;0.0;2.106666666666667;0.00933333333333333;2.5613333333333332;0.4213333333333333;2.710666666666667;3.3666666666666667;6.4
11286;zone27;7458.320056766788;4680.341251240345;0.0;zone27;S01010230;24;1005;772;577;[0.314286,0.628571,0.057143];[0.703883,0.296117,0.0];[0.727273,0.218182,0.054545];[0.71831,0.24507,0.03662];[0.517857142857,0.136904761905,0.267857142857,0.077380952381];1;846.0;0.433218203459;966;41;0.06333333333333334;1.0;45.504999999999995;29.333333333333332;62.883333333333326;10.0;22.125;15.5;2.0633333333333335;0.0;3.7583333333333333;0.0;1.4833333333333334;0.37166666666666676;2.0066666666666664;3.875;6.833333333333333
11286;zone28;7569.802990100143;4917.458811240416;0.0;zone28;S01010232;37;1074;792;485;[0.457143,0.485714,0.057143];[0.557292,0.338542,0.104167];[0.492063,0.333333,0.174603];[0.654229,0.251244,0.094527];[0.470297029703,0.153465346535,0.306930693069,0.0693069306931];1;771.0;0.347049794199;1098;60;0.05729729729729729;1.6486486486486487;52.170810810810806;27.0;69.20432432432433;10.675675675675675;22.864864864864863;17.756756756756758;1.6929729729729734;0.0;2.622702702702703;0.02162162162162162;2.444324324324324;0.41405405405405393;1.9243243243243249;6.918918918918919;6.243243243243243
11286;zone29;7830.713068379679;4879.746446724283;0.0;zone29;S01010233;33;970;705;476;[0.275,0.625,0.1];[0.655629,0.245033,0.099338];[0.52809,0.426966,0.044944];[0.771505,0.212366,0.016129];[0.587209302326,0.093023255814,0.261627906977,0.0581395348837];1;284.0;-0.213781821634;949;50;0.05939393939393939;1.0303030303030303;44.75757575757576;28.90909090909091;60.70909090909091;9.969696969696969;21.696969696969695;15.090909090909092;1.1939393939393939;0.0;2.104242424242424;0.02909090909090909;2.7042424242424246;0.3527272727272727;2.0545454545454547;3.727272727272727;5.545454545454546
11286;zone30;6473.383843181837;4954.519765957263;0.0;zone30;S01010261;6;2551;2373;526;[0.666667,0.270833,0.0625];[0.675841,0.281346,0.042813];[0.75,0.25,0.0];[0.824468,0.164894,0.010638];[0.41,0.06,0.41,0.12];3;176.0;-0.337679921334;2078;8;0.05333333333333334;1.1666666666666667;95.32000000000001;30.666666666666668;86.59333333333332;12.166666666666666;24.5;32.166666666666664;3.5933333333333337;0.0;1.12;0.10666666666666667;3.9866666666666664;0.22;2.6133333333333333;4.5;8.5
11286;zone31;4930.642193689802;4959.449818932565;0.0;zone31;S01010266;3;555;474;237;[0.320755,0.556604,0.122642];[0.677273,0.254545,0.068182];[0.5,0.461538,0.038462];[0.534247,0.30137,0.164384];[0.141176470588,0.0588235294118,0.4,0.4];3;536.0;0.0761386922126;1071;4;0.05333333333333334;1.0;45.32;33.666666666666664;77.48;15.666666666666666;26.0;15.0;1.1066666666666667;0.0;4.04;1.6533333333333333;3.8266666666666667;0.6266666666666666;3.4933333333333336;4.666666666666667;10.0
11286;zone32;5712.5549897826;4979.400336637217;0.0;zone32;S01010270;4;1153;972;817;[0.389831,0.533898,0.076271];[0.70255,0.252125,0.045326];[0.714286,0.272727,0.012987];[0.771552,0.228448,0.0];[0.125,0.0909090909091,0.454545454545,0.329545454545];1;871.0;0.461200629557;1822;6;0.05;3.0;77.47;18.25;74.0;9.5;21.5;26.0;2.0;0.0;1.1;0.25;1.1;0.16999999999999998;1.22;9.25;3.75
11286;zone33;3394.0723536088512;4934.677182292946;0.0;zone33;S01010282;13;976;841;645;[0.438776,0.520408,0.040816];[0.545732,0.405488,0.04878];[0.521277,0.382979,0.095745];[0.712707,0.232044,0.055249];[0.190954773869,0.070351758794,0.35175879397,0.386934673367];2;350.0;-0.137812028107;1340;19;0.05538461538461539;1.3076923076923077;61.21846153846154;36.23076923076923;72.6;10.23076923076923;22.53846153846154;20.76923076923077;1.566153846153846;0.0;7.316923076923077;0.21846153846153848;1.0461538461538462;0.36307692307692313;1.8646153846153846;4.846153846153846;9.615384615384615
11286;zone34;4385.789287498423;4835.237486850067;0.0;zone34;S01010289;15;771;687;380;[0.130952,0.511905,0.357143];[0.262911,0.502347,0.234742];[0.178571,0.464286,0.357143];[0.410256,0.435897,0.153846];[0.058064516129,0.0322580645161,0.245161290323,0.664516129032];5;259.0;-0.241396294863;1452;47;0.12;2.0;61.67999999999999;46.0;80.44;11.0;23.333333333333332;20.866666666666667;2.192;0.0;7.237333333333333;1.128;2.754666666666666;0.17333333333333334;1.6719999999999997;8.066666666666666;12.666666666666666
11286;zone35;4401.5375624188455;4669.062022109911;0.0;zone35;S01010290;13;546;485;278;[0.198198,0.603604,0.198198];[0.485944,0.449799,0.064257];[0.555556,0.444444,0.0];[0.435897,0.512821,0.051282];[0.10752688172,0.0430107526882,0.494623655914,0.354838709677];3;353.0;-0.133686757747;1039;44;0.12307692307692308;0.8461538461538461;48.39999999999999;46.30769230769231;70.17846153846155;10.076923076923077;23.23076923076923;16.384615384615383;2.6246153846153844;0.0;8.249230769230769;0.7384615384615384;1.7046153846153844;0.3507692307692307;2.329230769230769;2.6923076923076925;12.846153846153847
11286;zone36;4119.983651650423;4281.100418217042;0.0;zone36;S01010291;12;1075;975;481;[0.405594,0.447552,0.146853];[0.627907,0.277132,0.094961];[0.415094,0.433962,0.150943];[0.562963,0.325926,0.111111];[0.197080291971,0.0729927007299,0.445255474453,0.284671532847];3;438.0;-0.0363924713322;1201;25;0.07666666666666666;1.8333333333333333;56.42666666666668;36.833333333333336;77.00666666666666;11.583333333333334;23.166666666666668;19.416666666666668;1.9833333333333334;0.0;8.466666666666667;0.8666666666666666;0.7933333333333333;0.30333333333333334;1.5366666666666664;7.333333333333333;11.583333333333334
11286;zone37;4399.731076226201;4291.6703625917;0.0;zone37;S01010292;10;890;831;409;[0.348214,0.508929,0.142857];[0.477169,0.420091,0.10274];[0.339286,0.446429,0.214286];[0.55814,0.383721,0.05814];[0.128378378378,0.0540540540541,0.398648648649,0.418918918919];4;323.0;-0.168488563048;1013;21;0.076;1.9;48.596000000000004;43.8;67.196;9.0;21.8;16.4;2.4880000000000004;0.0;7.291999999999999;0.24000000000000005;1.2760000000000002;0.17200000000000001;1.1960000000000002;5.6;10.7
11286;zone38;4514.690807242894;4541.15458266895;0.0;zone38;S01010293;16;839;723;373;[0.51773,0.35461,0.12766];[0.635389,0.262735,0.101877];[0.446809,0.319149,0.234043];[0.514286,0.392857,0.092857];[0.242424242424,0.0606060606061,0.393939393939,0.30303030303];3;290.0;-0.205814991507;1166;46;0.11;2.4375;60.2825;37.3125;76.44000000000001;10.0625;22.6875;20.4375;2.3925000000000005;0.0;5.387500000000001;0.22500000000000003;2.4975000000000005;0.25750000000000006;1.5524999999999998;9.3125;10.0625
11286;zone39;4541.7482834333705;4418.565122351524;0.0;zone39;S01010294;13;690;631;275;[0.242105,0.526316,0.231579];[0.650873,0.214464,0.134663];[0.583333,0.208333,0.208333];[0.414894,0.489362,0.095745];[0.164835164835,0.043956043956,0.494505494505,0.296703296703];4;440.0;-0.0342259463805;1111;40;0.11384615384615385;1.0769230769230769;51.861538461538466;44.15384615384615;76.04307692307692;12.23076923076923;24.307692307692307;17.384615384615383;3.024615384615385;0.0;4.16;0.8400000000000001;4.544615384615384;0.3169230769230769;2.2615384615384615;5.230769230769231;12.0
11286;zone40;4766.8646917667475;4574.50133624035;0.0;zone40;S01010295;18;974;870;427;[0.384615,0.391026,0.224359];[0.604555,0.310559,0.084886];[0.428571,0.285714,0.285714];[0.390728,0.516556,0.092715];[0.212765957447,0.113475177305,0.297872340426,0.375886524823];4;529.0;0.0680145754747;1078;49;0.10444444444444445;1.8333333333333333;54.36;40.666666666666664;79.52444444444443;11.38888888888889;24.22222222222222;18.72222222222222;2.38;0.0;7.680000000000001;0.48888888888888893;2.4355555555555557;0.3044444444444445;1.9066666666666667;8.055555555555555;12.5
11286;zone41;4647.752341766679;4736.091736240359;0.0;zone41;S01010296;16;664;560;291;[0.294118,0.423529,0.282353];[0.520913,0.368821,0.110266];[0.375,0.375,0.25];[0.475524,0.391608,0.132867];[0.282828282828,0.111111111111,0.363636363636,0.242424242424];2;856.0;0.444094443477;1108;41;0.1;1.25;46.794999999999995;40.5;72.84499999999998;12.125;24.125;15.6875;1.6425;0.0;4.6625;1.0425;3.5074999999999994;0.38999999999999996;2.3725;5.5;10.375
11286;zone42;5522.849421766708;4411.996091240393;0.0;zone42;S01010297;7;1066;894;676;[0.582609,0.382609,0.034783];[0.691824,0.245283,0.062893];[0.540541,0.333333,0.126126];[0.681275,0.270916,0.047809];[0.260563380282,0.140845070423,0.37323943662,0.225352112676];1;504.0;0.0391758595379;1029;18;0.09714285714285714;1.1428571428571428;44.49714285714286;28.428571428571427;58.348571428571425;9.714285714285714;21.428571428571427;15.0;1.4914285714285713;0.0;1.542857142857143;0.39428571428571424;1.9085714285714286;0.35428571428571437;2.1142857142857143;2.7142857142857144;4.571428571428571
11286;zone43;4706.481893689814;4143.807995855712;0.0;zone43;S01010298;12;880;677;515;[0.308943,0.479675,0.211382];[0.581395,0.356589,0.062016];[0.539683,0.396825,0.063492];[0.744828,0.193103,0.062069];[0.227272727273,0.0984848484848,0.371212121212,0.30303030303];1;486.0;0.0190902878356;1090;24;0.07;1.8333333333333333;54.173333333333325;30.75;80.28666666666665;12.916666666666666;25.0;18.5;3.643333333333333;0.0;3.733333333333333;0.6633333333333333;2.08;0.34;2.323333333333333;9.416666666666666;9.5
11286;zone44;4885.424673909578;4209.645754097502;0.0;zone44;S01010299;4;536;404;292;[0.3,0.54,0.16];[0.556701,0.340206,0.103093];[0.458333,0.520833,0.020833];[0.584906,0.283019,0.132075];[0.428571428571,0.0857142857143,0.285714285714,0.2];1;375.0;-0.10827530326;670;6;0.05;2.5;34.68;18.25;64.62;11.75;22.5;12.0;1.73;0.0;0.36;0.32;1.6400000000000001;0.42000000000000004;1.97;9.75;3.5
11286;zone45;4883.397012115578;4340.414778682246;0.0;zone45;S01010300;21;934;764;478;[0.460784,0.411765,0.127451];[0.664653,0.238671,0.096677];[0.632353,0.323529,0.044118];[0.606383,0.329787,0.06383];[0.3046875,0.125,0.3515625,0.21875];2;513.0;0.0498225801839;634;48;0.08761904761904762;1.2380952380952381;37.52952380952381;29.714285714285715;61.70285714285714;10.714285714285714;22.476190476190474;12.761904761904763;2.5904761904761906;0.0;1.9752380952380955;0.2742857142857143;2.441904761904762;0.44190476190476186;1.8857142857142855;4.523809523809524;6.714285714285714
11286;zone46;5144.66081966521;4032.769083704074;0.0;zone46;S01010301;6;522;457;283;[0.292683,0.597561,0.109756];[0.57563,0.315126,0.109244];[0.222222,0.703704,0.074074];[0.561798,0.393258,0.044944];[0.214285714286,0.0612244897959,0.459183673469,0.265306122449];4;490.0;0.0232745011966;1330;24;0.16;1.6666666666666667;63.91333333333333;40.833333333333336;74.87333333333333;9.333333333333334;23.166666666666668;22.0;4.713333333333334;0.0;1.2733333333333332;0.38000000000000006;4.946666666666666;0.34;2.28;4.666666666666667;10.833333333333334
11286;zone47;5165.568789180556;4297.038752619699;0.0;zone47;S01010302;24;669;495;388;[0.65625,0.28125,0.0625];[0.6,0.356522,0.043478];[0.716981,0.226415,0.056604];[0.801802,0.18018,0.018018];[0.582417582418,0.0769230769231,0.263736263736,0.0769230769231];1;392.0;-0.0896499889057;1493;38;0.06;1.375;58.03999999999999;24.666666666666668;68.02500000000002;10.75;22.333333333333332;19.916666666666668;2.9933333333333336;0.0;0.7133333333333334;0.06999999999999999;2.2983333333333333;0.3366666666666667;1.9866666666666664;4.791666666666667;5.666666666666667
11286;zone48;5241.140616766716;4139.402270499609;0.0;zone48;S01010303;33;579;387;250;[0.692308,0.153846,0.153846];[0.56701,0.298969,0.134021];[0.630435,0.282609,0.086957];[0.658879,0.285047,0.056075];[0.58407079646,0.106194690265,0.274336283186,0.0353982300885];1;415.0;-0.0627120940391;1362;74;0.08727272727272728;1.9393939393939394;58.599999999999994;25.272727272727273;72.66424242424242;11.0;22.696969696969695;20.303030303030305;3.7284848484848485;0.0;0.4315151515151515;0.07030303030303031;2.0278787878787874;0.2957575757575759;2.038787878787879;8.272727272727273;5.7272727272727275
11286;zone49;4853.647576226233;3833.123065294377;0.0;zone49;S01010304;12;542;456;332;[0.323529,0.514706,0.161765];[0.635135,0.25,0.114865];[0.477273,0.522727,0.0];[0.829268,0.109756,0.060976];[0.372340425532,0.0425531914894,0.297872340426,0.287234042553];1;804.0;0.384523850516;1813;25;0.08;2.1666666666666665;66.16666666666667;25.916666666666668;72.19666666666667;9.833333333333334;21.833333333333332;22.833333333333332;3.0700000000000003;0.0;0.9233333333333333;0.09333333333333334;1.92;0.42666666666666675;1.5833333333333333;7.75;5.666666666666667
11286;zone50;4697.410406890209;3639.1027396354093;0.0;zone50;S01010305;7;807;694;478;[0.36036,0.468468,0.171171];[0.553191,0.33617,0.110638];[0.409639,0.301205,0.289157];[0.589888,0.337079,0.073034];[0.198529411765,0.0735294117647,0.382352941176,0.345588235294];1;223.0;-0.28282788147;445;18;0.09714285714285714;1.1428571428571428;39.90857142857143;32.285714285714285;63.08571428571429;10.0;22.0;13.571428571428571;5.468571428571429;0.0;1.582857142857143;0.44;0.5657142857142857;0.3028571428571429;2.1542857142857144;5.0;7.571428571428571
11286;zone51;4591.3082521834585;3868.367573740388;0.0;zone51;S01010306;13;752;675;449;[0.35625,0.56875,0.075];[0.570588,0.355882,0.073529];[0.283019,0.566038,0.150943];[0.650943,0.330189,0.018868];[0.165680473373,0.0473372781065,0.479289940828,0.307692307692];2;238.0;-0.265781391166;911;26;0.08;1.3846153846153846;53.53846153846154;33.61538461538461;70.15076923076923;11.0;22.76923076923077;17.923076923076923;4.516923076923077;0.0;2.267692307692308;1.4553846153846155;0.6184615384615385;0.3323076923076923;1.7230769230769227;5.846153846153846;8.461538461538462
11286;zone52;4503.72067559025;3742.2957906521283;0.0;zone52;S01010307;9;821;732;428;[0.189922,0.577519,0.232558];[0.407407,0.487654,0.104938];[0.346154,0.538462,0.115385];[0.71875,0.234375,0.046875];[0.0681818181818,0.0568181818182,0.375,0.5];5;319.0;-0.172537833795;508;21;0.09333333333333334;1.8888888888888888;41.23555555555556;42.77777777777778;70.8488888888889;9.88888888888889;22.77777777777778;14.11111111111111;8.497777777777777;0.0;1.6400000000000001;0.8444444444444446;0.25333333333333335;0.2666666666666667;1.3422222222222224;9.444444444444445;10.777777777777779
11286;zone53;4364.519870735056;4047.768725526131;0.0;zone53;S01010308;9;975;858;480;[0.285714,0.54007,0.174216];[0.511936,0.384615,0.103448];[0.254902,0.411765,0.333333];[0.648352,0.307692,0.043956];[0.0970873786408,0.0631067961165,0.359223300971,0.480582524272];4;257.0;-0.244477582955;1165;29;0.12;1.8888888888888888;60.35555555555556;41.0;67.83999999999999;8.333333333333334;21.0;20.333333333333332;3.973333333333333;0.0;2.617777777777777;1.2088888888888887;1.3466666666666667;0.27111111111111114;1.4533333333333331;5.444444444444445;8.88888888888889
11286;zone54;5381.88771051669;3636.3205112402793;0.0;zone54;S01010309;4;419;356;264;[0.333333,0.25,0.416667];[0.478873,0.422535,0.098592];[0.352941,0.382353,0.264706];[0.705882,0.24183,0.052288];[0.365853658537,0.170731707317,0.390243902439,0.0731707317073];1;0.0;-0.540229885057;1896;8;0.07;0.25;72.25999999999999;30.0;73.14;11.5;23.5;24.75;1.83;0.0;1.8499999999999999;0.0;4.22;0.13;3.07;0.75;7.5
11286;zone55;5657.373406240428;3625.6586165034923;0.0;zone55;S01010310;13;706;540;381;[0.333333,0.238095,0.428571];[0.565517,0.337931,0.096552];[0.54902,0.27451,0.176471];[0.715415,0.256917,0.027668];[0.484848484848,0.151515151515,0.318181818182,0.0454545454545];1;574.0;0.120406534162;843;20;0.06153846153846154;1.7692307692307692;47.96307692307692;26.23076923076923;67.12307692307692;10.923076923076923;22.692307692307693;16.153846153846153;2.1630769230769236;0.0;1.2307692307692306;0.05846153846153846;3.135384615384616;0.476923076923077;2.0246153846153847;6.615384615384615;6.076923076923077
11286;zone56;5685.425126382168;3318.6970593171873;0.0;zone56;S01010311;22;721;556;351;[0.411765,0.352941,0.235294];[0.472222,0.453704,0.074074];[0.571429,0.404762,0.02381];[0.717949,0.271062,0.010989];[0.565217391304,0.121739130435,0.269565217391,0.0434782608696];1;1534.0;1.22364271569;1504;32;0.05454545454545454;1.0454545454545454;64.60181818181819;27.045454545454547;73.09818181818181;11.636363636363637;23.40909090909091;22.0;1.5290909090909095;0.0;2.2472727272727275;0.1;3.3527272727272734;0.38545454545454555;2.4163636363636365;4.2272727272727275;6.7272727272727275
11286;zone57;5466.52613028024;3072.1402274564575;0.0;zone57;S01010312;34;868;647;425;[0.117647,0.823529,0.058824];[0.754386,0.22807,0.017544];[0.407407,0.444444,0.148148];[0.804945,0.153846,0.041209];[0.586956521739,0.115942028986,0.268115942029,0.0289855072464];1;685.0;0.247477927043;1677;60;0.06823529411764706;1.088235294117647;71.0070588235294;27.147058823529413;71.33764705882355;9.941176470588236;22.147058823529413;24.647058823529413;1.3329411764705885;0.0;2.781176470588235;0.03647058823529412;2.2694117647058825;0.44117647058823534;2.290588235294118;3.764705882352941;5.911764705882353
11286;zone58;5251.7403530303945;3502.549209042501;0.0;zone58;S01010313;16;654;529;356;[0.428571,0.285714,0.285714];[0.6,0.333333,0.066667];[0.433735,0.481928,0.084337];[0.739623,0.162264,0.098113];[0.648351648352,0.131868131868,0.175824175824,0.043956043956];1;565.0;0.109617915218;2148;20;0.045;1.6875;79.4775;24.0;79.29500000000002;11.125;23.125;27.25;1.445;0.0;2.2075;0.0525;2.5750000000000006;0.255;2.2975000000000003;7.25;5.75
11286;zone59;4840.312157862589;3385.4448126102257;0.0;zone59;S01010314;21;1248;1034;550;[0.358209,0.507463,0.134328];[0.514493,0.333333,0.152174];[0.5,0.326923,0.173077];[0.636,0.324,0.04];[0.316901408451,0.133802816901,0.401408450704,0.147887323944];1;637.0;0.192402372167;1131;47;0.08190476190476191;1.1428571428571428;54.664761904761896;33.666666666666664;77.82857142857142;12.952380952380953;24.61904761904762;18.666666666666668;5.971428571428571;0.0;3.7104761904761907;0.43047619047619046;1.2133333333333336;0.3619047619047619;2.567619047619048;5.666666666666667;10.80952380952381
11286;zone60;4536.293429266749;2504.1273706154316;0.0;zone60;S01010315;43;911;678;409;[0.180723,0.554217,0.26506];[0.252632,0.457895,0.289474];[0.208333,0.5,0.291667];[0.55144,0.345679,0.102881];[0.308176100629,0.169811320755,0.358490566038,0.163522012579];2;382.0;-0.100954860853;1647;87;0.07906976744186046;1.6744186046511629;63.916279069767434;31.25581395348837;74.19162790697673;10.69767441860465;23.046511627906977;21.72093023255814;3.40186046511628;0.0;1.9525581395348846;0.0;2.79813953488372;0.3404651162790697;2.0279069767441857;6.488372093023256;7.651162790697675
11286;zone61;4589.6619547948285;2943.195659127726;0.0;zone61;S01010316;25;512;414;304;[0.392157,0.529412,0.078431];[0.62931,0.37069,0.0];[0.439024,0.560976,0.0];[0.775401,0.224599,0.0];[0.439252336449,0.102803738318,0.252336448598,0.205607476636];1;481.0;0.0128180141103;1286;60;0.0896;1.36;54.393600000000006;28.76;67.39360000000002;10.48;22.4;18.32;2.5488000000000004;0.0;2.5632;0.0336;2.1919999999999997;0.3536000000000001;2.2576;4.6;6.84
11286;zone63;4421.5566371748755;3071.026327566895;0.0;zone63;S01010318;12;1588;1497;304;[0.5,0.456522,0.043478];[0.469799,0.47651,0.053691];[0.310345,0.37931,0.310345];[0.678571,0.285714,0.035714];[0.36,0.14,0.34,0.16];3;317.0;-0.175110645645;1067;28;0.09333333333333334;1.6666666666666667;53.53666666666667;35.25;72.07666666666667;10.333333333333334;22.833333333333332;18.25;6.12;0.0;3.8900000000000006;0.27666666666666667;0.49666666666666676;0.35333333333333333;1.8933333333333335;5.75;10.333333333333334
11286;zone64;4173.240913470097;2893.8040771744095;0.0;zone64;S01010319;9;711;624;407;[0.258741,0.608392,0.132867];[0.383399,0.486166,0.130435];[0.439394,0.212121,0.348485];[0.530769,0.384615,0.084615];[0.171974522293,0.0700636942675,0.471337579618,0.286624203822];2;473.0;0.00423719084943;1457;15;0.06666666666666667;1.2222222222222223;60.28444444444444;31.88888888888889;74.06666666666666;11.0;23.22222222222222;21.22222222222222;4.657777777777778;0.0;2.128888888888889;0.21777777777777776;1.7999999999999998;0.2666666666666667;2.568888888888889;5.333333333333333;8.333333333333334
11286;zone65;3940.1918462749595;2900.8899784533987;0.0;zone65;S01010320;4;675;594;437;[0.257813,0.523438,0.21875];[0.61753,0.298805,0.083665];[0.526316,0.22807,0.245614];[0.805085,0.169492,0.025424];[0.172185430464,0.0662251655629,0.443708609272,0.317880794702];1;646.0;0.202453315259;1240;3;0.03;1.25;51.85;28.5;63.14;9.5;21.0;17.75;4.8100000000000005;0.0;1.35;0.35;0.27;0.6799999999999999;1.98;3.75;6.25
11286;zone66;3905.8658739096163;2664.6669636212755;0.0;zone66;S01010321;7;837;634;432;[0.401709,0.555556,0.042735];[0.54717,0.433962,0.018868];[0.45122,0.439024,0.109756];[0.666667,0.271186,0.062147];[0.212328767123,0.0958904109589,0.390410958904,0.301369863014];1;1019.0;0.631764531736;2066;6;0.02857142857142857;1.5714285714285714;77.73142857142857;25.285714285714285;79.28571428571429;10.857142857142858;23.428571428571427;26.857142857142858;4.508571428571428;0.0;0.9657142857142856;0.09142857142857143;1.737142857142857;0.4342857142857143;2.2914285714285714;6.285714285714286;6.857142857142857
11286;zone67;3630.3978644730896;3132.1651121578075;0.0;zone67;S01010322;9;1028;914;549;[0.174419,0.549419,0.276163];[0.412399,0.471698,0.115903];[0.298507,0.38806,0.313433];[0.647059,0.323529,0.029412];[0.057268722467,0.0352422907489,0.449339207048,0.458149779736];5;124.0;-0.397569575369;1454;22;0.09333333333333334;2.0;62.20444444444445;40.77777777777778;81.61333333333333;11.333333333333334;23.555555555555557;21.555555555555557;5.239999999999998;0.0;3.3866666666666667;0.6488888888888888;3.022222222222222;0.568888888888889;1.8844444444444446;8.88888888888889;11.777777777777779
11286;zone68;6208.193116766784;3072.425066795916;0.0;zone68;S01010323;4;603;466;377;[0.555556,0.444444,0.0];[0.657143,0.271429,0.071429];[0.642857,0.321429,0.035714];[0.793651,0.166667,0.039683];[0.578431372549,0.166666666667,0.235294117647,0.0196078431373];1;970.0;0.57559463238;774;5;0.05;1.75;48.13;29.5;64.21000000000001;8.75;21.5;17.0;5.18;0.0;0.42;0.11;0.83;0.22999999999999998;1.55;6.5;6.0
11286;zone69;6517.651722029823;2240.572579661372;0.0;zone69;S01010324;6;759;566;403;[0.142857,0.571429,0.285714];[0.298077,0.490385,0.211538];[0.333333,0.530864,0.135802];[0.401674,0.414226,0.1841];[0.569620253165,0.101265822785,0.291139240506,0.0379746835443];1;407.0;-0.0721601679586;1470;7;0.04666666666666667;0.6666666666666666;56.14666666666667;31.0;66.16666666666667;11.333333333333334;22.333333333333332;19.166666666666668;2.0933333333333333;0.0;0.88;0.0;3.8866666666666667;0.5533333333333333;2.4200000000000004;2.3333333333333335;6.333333333333333
11286;zone70;6038.016041009105;2402.8415869980217;0.0;zone70;S01010325;18;939;666;501;[0.263158,0.368421,0.368421];[0.383838,0.525253,0.090909];[0.253623,0.615942,0.130435];[0.451362,0.463035,0.085603];[0.545454545455,0.238636363636,0.193181818182,0.0227272727273];1;225.0;-0.281126582053;1643;34;0.07111111111111111;1.0555555555555556;58.3311111111111;29.72222222222222;65.18444444444444;9.333333333333334;21.666666666666668;20.055555555555557;1.9777777777777779;0.0;1.1511111111111112;0.0;3.013333333333333;0.4244444444444445;2.215555555555556;3.611111111111111;5.666666666666667
11286;zone71;5272.359331052501;2740.775131541117;0.0;zone71;S01010326;39;987;707;494;[0.526316,0.368421,0.105263];[0.522523,0.333333,0.144144];[0.492188,0.3125,0.195313];[0.723514,0.224806,0.05168];[0.54375,0.16875,0.23125,0.05625];1;1389.0;1.05701743376;966;58;0.05435897435897436;1.3076923076923077;52.25333333333332;26.28205128205128;71.42256410256411;11.461538461538462;23.615384615384617;17.897435897435898;1.5251282051282051;0.0;5.44923076923077;0.0;1.369230769230769;0.3589743589743589;2.765128205128206;5.282051282051282;7.846153846153846
11286;zone72;4970.167032608406;2501.795090448298;0.0;zone72;S01010327;34;982;660;362;[0.031746,0.507937,0.460317];[0.372881,0.432203,0.194915];[0.289063,0.328125,0.382813];[0.516892,0.347973,0.135135];[0.416184971098,0.21387283237,0.236994219653,0.132947976879];1;470.0;0.000335688704598;1015;61;0.06470588235294118;0.9411764705882353;52.030588235294104;28.735294117647058;68.76470588235296;10.588235294117647;22.794117647058822;17.794117647058822;1.6952941176470588;0.0;5.163529411764706;0.04117647058823529;1.5788235294117652;0.3764705882352941;3.041176470588235;3.9705882352941178;8.029411764705882
11286;zone73;5975.307390960257;2677.5485166167286;0.0;zone73;S01010328;24;969;706;445;[0.16129,0.5,0.33871];[0.27044,0.471698,0.257862];[0.192547,0.434783,0.372671];[0.338983,0.432203,0.228814];[0.309352517986,0.258992805755,0.280575539568,0.151079136691];2;457.0;-0.0138550124678;2153;46;0.07166666666666667;1.375;69.93833333333332;35.708333333333336;79.01833333333332;11.458333333333334;23.916666666666668;23.791666666666668;3.0966666666666676;0.0;1.41;0.0;5.1466666666666665;0.20833333333333337;2.2766666666666673;5.791666666666667;9.25
11286;zone74;4421.847657862615;2232.0860934321454;0.0;zone74;S01010329;21;573;435;290;[0.368421,0.263158,0.368421];[0.341176,0.470588,0.188235];[0.255814,0.465116,0.27907];[0.52,0.354286,0.125714];[0.438356164384,0.191780821918,0.27397260274,0.0958904109589];2;105.0;-0.418628586414;1679;33;0.06095238095238095;1.2857142857142858;61.63999999999999;30.238095238095237;72.69333333333333;10.571428571428571;22.857142857142858;21.428571428571427;3.1238095238095234;0.0;1.9085714285714286;0.0;2.619047619047619;0.4228571428571429;2.7047619047619054;5.380952380952381;7.333333333333333
