cycle;name;location.x;location.y;location.z;name;dataZone;nm_children;pop;over16;nm_hh;AB_car_prob;C1_car_prob;C2_car_prob;DE_car_prob;prob_social;simd;crimeRate;norm_crime;avg_dis_sh;neigh_play;daily_play_per_child;avg_FSA;avg_walk;daily_OD;zone_mvpa;mvpa_home;mvpa_sc;mvpa_road;mvpa_play_field;mvpa_home_garden;mvpa_park;mvpa_PG;mvpa_amenity;mvpa_shops;mvpa_F_home;mvpa_fsa;mvpa_OD
11286;zone0;8448.90275962388;2625.4515469546564;0.0;zone0;S01010195;19;531;390;212;[0.0,0.481481,0.518519];[0.261538,0.646154,0.092308];[0.12,0.59,0.29];[0.447368,0.368421,0.184211];[0.418918918919,0.283783783784,0.202702702703,0.0945945945946];1;0.0;-0.540229885057;1120;36;0.07578947368421053;1.5789473684210527;47.964210526315796;24.894736842105264;65.18947368421053;10.421052631578947;22.263157894736842;16.263157894736842;0.7789473684210527;0.0;1.991578947368421;0.04;2.52;0.29263157894736846;2.132631578947369;6.684210526315789;4.7894736842105265
11286;zone1;8656.736904000718;2165.9902346445633;0.0;zone1;S01010198;18;1027;748;394;[0.058824,0.529412,0.411765];[0.305785,0.561983,0.132231];[0.219858,0.496454,0.283688];[0.523179,0.331126,0.145695];[0.48623853211,0.229357798165,0.266055045872,0.0183486238532];1;1609.0;1.3102524676;1223;25;0.05555555555555555;0.6666666666666666;49.29555555555556;28.11111111111111;64.11777777777779;10.88888888888889;22.72222222222222;16.666666666666668;1.2200000000000002;0.0;2.131111111111111;0.03333333333333333;3.126666666666666;0.2911111111111112;3.0444444444444447;2.2222222222222223;6.0
11286;zone2;8537.588755655543;3024.028900129281;0.0;zone2;S01010201;22;643;453;253;[0.0,0.47619,0.52381];[0.270833,0.3125,0.416667];[0.088,0.48,0.432];[0.296552,0.434483,0.268966];[0.365853658537,0.292682926829,0.292682926829,0.0487804878049];2;219.0;-0.28762447053;823;41;0.07272727272727272;1.2272727272727273;36.86545454545455;28.954545454545453;60.905454545454546;10.727272727272727;22.227272727272727;12.409090909090908;1.1000000000000003;0.0;2.1763636363636363;0.07090909090909091;3.001818181818182;0.4145454545454546;2.4090909090909096;4.636363636363637;5.7727272727272725
11286;zone3;8059.42097232239;3767.666522351409;0.0;zone3;S01010203;30;671;504;260;[0.090909,0.363636,0.545455];[0.263804,0.460123,0.276074];[0.094828,0.422414,0.482759];[0.183824,0.375,0.441176];[0.272727272727,0.218181818182,0.363636363636,0.145454545455];3;215.0;-0.292668818285;1990;52;0.068;1.3333333333333333;76.12000000000002;33.63333333333333;75.62400000000001;10.2;22.666666666666668;26.0;1.6213333333333333;0.0;2.5773333333333333;0.0;3.9266666666666667;0.2733333333333334;2.030666666666667;4.766666666666667;7.633333333333334
11286;zone4;8368.288440296214;3565.498290652094;0.0;zone4;S01010204;30;800;589;381;[0.272727,0.727273,0.0];[0.627451,0.27451,0.098039];[0.444444,0.533333,0.022222];[0.600619,0.321981,0.077399];[0.595041322314,0.157024793388,0.239669421488,0.00826446280992];1;497.0;0.0317745673598;1259;53;0.07066666666666667;0.8666666666666667;46.852;31.6;63.71466666666665;10.5;22.366666666666667;15.8;1.3879999999999997;0.0;1.974666666666667;0.02933333333333334;3.708;0.45200000000000007;2.426666666666667;3.4;6.666666666666667
11286;zone5;8034.229745798958;3515.110462853287;0.0;zone5;S01010205;15;658;534;355;[0.411765,0.117647,0.470588];[0.465116,0.457364,0.077519];[0.317757,0.588785,0.093458];[0.593458,0.280374,0.126168];[0.466666666667,0.2,0.3,0.0333333333333];1;925.0;0.523434132086;1426;23;0.05866666666666667;1.6666666666666667;59.306666666666665;25.466666666666665;79.39733333333334;13.0;24.8;20.333333333333332;2.2799999999999994;0.0;2.0933333333333333;0.0;3.4693333333333336;0.3946666666666667;2.8240000000000003;8.133333333333333;7.266666666666667
11286;zone6;7457.064719570519;3739.055375726369;0.0;zone6;S01010208;18;903;745;565;[0.30137,0.589041,0.109589];[0.48062,0.457364,0.062016];[0.272727,0.613636,0.113636];[0.66055,0.270642,0.068807];[0.233333333333,0.133333333333,0.461111111111,0.172222222222];1;603.0;0.153385979085;1420;22;0.04666666666666667;1.1666666666666667;59.10000000000001;29.055555555555557;68.94;10.222222222222221;22.666666666666668;20.38888888888889;1.2999999999999998;0.0;1.7066666666666666;0.0;3.717777777777778;0.2955555555555557;2.333333333333333;4.555555555555555;6.111111111111111
11286;zone7;7917.838214725937;1939.334458859395;0.0;zone7;S01010209;24;966;677;468;[0.172414,0.586207,0.241379];[0.333333,0.414966,0.251701];[0.381944,0.458333,0.159722];[0.545852,0.336245,0.117904];[0.337931034483,0.248275862069,0.303448275862,0.110344827586];1;2053.0;1.82052250092;1737;38;0.06;1.625;70.52333333333333;25.333333333333332;75.03166666666665;10.666666666666666;22.541666666666668;24.25;1.113333333333333;0.0;2.898333333333334;0.0;2.1350000000000002;0.3133333333333334;2.011666666666667;7.291666666666667;5.666666666666667
11286;zone8;7878.406567747077;2721.2634132011362;0.0;zone8;S01010210;18;885;641;416;[0.173913,0.456522,0.369565];[0.21519,0.5,0.28481];[0.189781,0.386861,0.423358];[0.422111,0.442211,0.135678];[0.394736842105,0.236842105263,0.254385964912,0.114035087719];1;344.0;-0.144253829852;1338;38;0.08222222222222222;1.6666666666666667;51.47555555555555;22.38888888888889;70.16444444444446;11.61111111111111;23.11111111111111;17.72222222222222;1.202222222222222;0.0;2.5755555555555554;0.01111111111111111;2.266666666666667;0.3622222222222222;2.342222222222222;7.055555555555555;5.5
11286;zone9;7785.599648345685;3201.783800714137;0.0;zone9;S01010211;22;858;634;452;[0.147059,0.705882,0.147059];[0.384615,0.452991,0.162393];[0.469565,0.4,0.130435];[0.722656,0.226563,0.050781];[0.473214285714,0.169642857143,0.285714285714,0.0714285714286];1;430.0;-0.0456985893816;1129;51;0.08727272727272728;1.2272727272727273;51.530909090909105;27.227272727272727;69.46363636363635;11.409090909090908;23.227272727272727;17.59090909090909;1.8145454545454547;0.0;2.963636363636364;0.01454545454545455;2.5254545454545454;0.36181818181818187;2.46;5.318181818181818;6.954545454545454
11286;zone10;7580.688680869333;3097.127786881416;0.0;zone10;S01010212;49;1083;779;559;[0.233333,0.633333,0.133333];[0.594771,0.339869,0.065359];[0.465517,0.405172,0.12931];[0.712821,0.269231,0.017949];[0.566037735849,0.138364779874,0.22641509434,0.0691823899371];1;1473.0;1.15298517036;1249;80;0.06204081632653061;1.4081632653061225;54.94530612244899;27.612244897959183;70.11183673469388;10.877551020408163;23.06122448979592;18.73469387755102;1.5779591836734694;0.0;2.4693877551020407;0.0;2.998367346938776;0.37469387755102035;2.24;6.040816326530612;6.591836734693878
11286;zone11;8065.177293237223;3111.5884965344962;0.0;zone11;S01010213;13;924;657;476;[0.105263,0.684211,0.210526];[0.382609,0.547826,0.069565];[0.218543,0.556291,0.225166];[0.467925,0.483019,0.049057];[0.451327433628,0.221238938053,0.274336283186,0.0530973451327];1;247.0;-0.255840453357;901;24;0.07076923076923076;0.7692307692307693;38.75076923076923;27.46153846153846;64.17846153846155;12.461538461538462;23.307692307692307;13.076923076923077;1.6584615384615384;0.0;2.418461538461538;0.0;3.2523076923076912;0.4707692307692308;3.0430769230769226;2.8461538461538463;6.6923076923076925
11286;zone12;7144.994858230166;1947.4125453867302;0.0;zone12;S01010214;27;967;717;396;[0.098592,0.28169,0.619718];[0.197531,0.438272,0.364198];[0.173333,0.493333,0.333333];[0.237069,0.487069,0.275862];[0.361344537815,0.210084033613,0.310924369748,0.117647058824];3;176.0;-0.337854473183;1828;57;0.08148148148148149;1.2592592592592593;68.04592592592594;34.148148148148145;76.10222222222222;10.925925925925926;23.296296296296298;23.296296296296298;2.8933333333333335;0.0;2.2859259259259255;0.0;3.6088888888888895;0.33481481481481484;2.3081481481481485;5.37037037037037;8.333333333333334
11286;zone13;7013.590150664996;2618.495528189446;0.0;zone13;S01010215;24;850;608;492;[0.571429,0.285714,0.142857];[0.5,0.431373,0.068627];[0.382609,0.391304,0.226087];[0.678571,0.269841,0.051587];[0.467289719626,0.140186915888,0.345794392523,0.0467289719626];1;547.0;0.0886083430805;631;31;0.05;1.8333333333333333;42.288333333333334;26.583333333333332;65.87666666666668;11.333333333333334;22.5;14.375;1.1116666666666666;0.0;1.6316666666666666;0.0;3.4683333333333333;0.2283333333333334;2.1050000000000004;7.5;5.791666666666667
11286;zone14;7332.222205807836;2329.961970144465;0.0;zone14;S01010216;15;621;464;361;[0.6,0.4,0.0];[0.597701,0.356322,0.045977];[0.409091,0.439394,0.151515];[0.709544,0.273859,0.016598];[0.5,0.163265306122,0.265306122449,0.0714285714286];1;600.0;0.150092344085;1311;22;0.05333333333333334;0.7333333333333333;58.29866666666666;30.333333333333332;69.24266666666666;10.866666666666667;22.6;20.066666666666666;1.304;0.0;3.949333333333333;0.0;2.9733333333333336;0.3546666666666667;2.9039999999999995;2.6666666666666665;7.733333333333333
11286;zone15;7299.833172322251;2625.8610945736937;0.0;zone15;S01010217;33;817;598;406;[0.16129,0.516129,0.322581];[0.565517,0.4,0.034483];[0.5,0.431373,0.068627];[0.702703,0.283784,0.013514];[0.541935483871,0.0967741935484,0.296774193548,0.0645161290323];1;1060.0;0.679274950851;1042;48;0.05454545454545454;1.4545454545454546;48.64363636363637;28.454545454545453;72.16484848484849;12.303030303030303;24.181818181818183;16.545454545454547;1.1030303030303032;0.0;2.9430303030303033;0.0;3.9466666666666677;0.3503030303030304;2.3345454545454545;6.878787878787879;7.575757575757576
11286;zone16;7142.953643082513;3018.5401822929393;0.0;zone16;S01010218;31;1018;790;587;[0.425532,0.404255,0.170213];[0.392523,0.453271,0.154206];[0.358209,0.492537,0.149254];[0.589124,0.335347,0.075529];[0.424657534247,0.109589041096,0.369863013699,0.0958904109589];1;557.0;0.101026678737;472;57;0.07354838709677419;1.3870967741935485;35.160000000000004;27.838709677419356;60.95354838709677;10.67741935483871;22.612903225806452;11.870967741935484;1.558709677419355;0.0;1.3070967741935484;0.0;3.2722580645161288;0.3096774193548387;2.2761290322580647;5.580645161290323;5.67741935483871
11286;zone17;6738.8937706128745;4298.8917997019325;0.0;zone17;S01010219;21;503;382;274;[0.695652,0.304348,0.0];[0.758621,0.215517,0.025862];[0.761905,0.166667,0.071429];[0.781609,0.195402,0.022989];[0.41935483871,0.0752688172043,0.408602150538,0.0967741935484];2;184.0;-0.327838932938;1554;53;0.09714285714285714;1.380952380952381;72.04571428571428;37.142857142857146;76.92952380952381;10.047619047619047;22.714285714285715;24.476190476190474;3.1961904761904765;0.0;3.683809523809524;0.06857142857142857;2.830476190476191;0.3961904761904762;2.2876190476190477;5.380952380952381;9.333333333333334
11286;zone18;5915.780765415368;4211.222876105162;0.0;zone18;S01010220;7;476;433;279;[0.181159,0.608696,0.210145];[0.404255,0.531915,0.06383];[0.227273,0.704545,0.068182];[0.448276,0.482759,0.068966];[0.154545454545,0.0636363636364,0.318181818182,0.463636363636];5;267.0;-0.232306706325;1172;21;0.10857142857142857;2.5714285714285716;56.81142857142857;26.142857142857142;75.86285714285714;12.0;23.0;19.142857142857142;3.4457142857142857;0.0;3.382857142857143;0.05714285714285715;1.2971428571428574;0.21142857142857138;0.9485714285714286;10.285714285714286;7.571428571428571
11286;zone19;6341.0811208317455;3913.8398648988496;0.0;zone19;S01010221;13;546;394;260;[0.6,0.4,0.0];[0.557377,0.409836,0.032787];[0.538462,0.323077,0.138462];[0.699387,0.257669,0.042945];[0.609375,0.140625,0.203125,0.046875];1;635.0;0.19005459739;1241;17;0.05230769230769231;1.3846153846153846;59.28307692307692;21.692307692307693;68.49846153846154;10.076923076923077;22.0;20.076923076923077;2.984615384615385;0.0;2.2830769230769232;0.02461538461538462;1.4861538461538462;0.42461538461538456;2.452307692307692;4.615384615384615;6.3076923076923075
11286;zone20;7001.213463613622;4053.9957950241624;0.0;zone20;S01010222;15;492;414;285;[0.142857,0.5,0.357143];[0.432432,0.459459,0.108108];[0.348624,0.522936,0.12844];[0.747899,0.235294,0.016807];[0.345238095238,0.214285714286,0.309523809524,0.130952380952];1;377.0;-0.105830277325;1788;15;0.03733333333333334;1.6666666666666667;63.04266666666667;19.066666666666666;66.17066666666666;8.866666666666667;21.666666666666668;21.8;0.9546666666666668;0.0;1.3493333333333333;0.0;1.9066666666666665;0.34933333333333333;1.9946666666666664;5.8;3.8
11286;zone21;6986.8418912765155;3434.1450308482026;0.0;zone21;S01010223;4;556;462;337;[0.076923,0.538462,0.384615];[0.567797,0.330508,0.101695];[0.472222,0.444444,0.083333];[0.584699,0.36612,0.04918];[0.432432432432,0.162162162162,0.324324324324,0.0810810810811];1;439.0;-0.0353356041414;1867;6;0.06;2.0;82.50999999999999;18.25;76.4;9.25;22.25;28.5;1.4900000000000002;0.0;0.95;0.09;2.09;0.27;1.92;7.5;4.25
11286;zone22;6247.397837456437;3329.661273309237;0.0;zone22;S01010224;40;1036;727;469;[0.405405,0.540541,0.054054];[0.592593,0.274074,0.133333];[0.418803,0.504274,0.076923];[0.768421,0.202632,0.028947];[0.506097560976,0.140243902439,0.268292682927,0.0853658536585];1;1004.0;0.614259332793;1150;60;0.056;1.15;52.237999999999985;24.025;65.994;11.025;22.3;17.65;4.115;0.0;1.5820000000000003;0.008;1.02;0.31400000000000006;2.0119999999999996;4.075;6.35
11286;zone23;7827.985844039554;4105.4701191949;0.0;zone23;S01010225;33;812;636;431;[0.25,0.634615,0.115385];[0.469072,0.43299,0.097938];[0.54023,0.413793,0.045977];[0.672065,0.234818,0.093117];[0.385185185185,0.125925925926,0.325925925926,0.162962962963];1;1006.0;0.616572011517;1657;40;0.04484848484848485;1.2424242424242424;65.52363636363637;24.939393939393938;73.91515151515152;11.636363636363637;23.545454545454547;22.333333333333332;1.709090909090909;0.0;1.9090909090909094;0.00848484848484849;2.797575757575758;0.34060606060606063;2.726060606060606;5.181818181818182;5.9393939393939394
11286;zone24;7040.363001382077;4481.052780471187;0.0;zone24;S01010226;40;816;565;394;[0.454545,0.242424,0.30303];[0.715385,0.2,0.084615];[0.540541,0.405405,0.054054];[0.766917,0.18797,0.045113];[0.503355704698,0.201342281879,0.221476510067,0.0738255033557];2;422.0;-0.0548014077425;1023;101;0.097;1.05;46.753;35.125;66.60099999999998;10.25;22.675;16.0;3.71;0.0;2.9760000000000004;0.05;2.3219999999999996;0.31599999999999995;2.541000000000001;4.1;8.575
11286;zone25;6847.772309074456;4638.663588163389;0.0;zone25;S01010227;39;692;454;294;[0.413793,0.413793,0.172414];[0.704545,0.238636,0.056818];[0.654545,0.345455,0.0];[0.810606,0.159091,0.030303];[0.672268907563,0.0924369747899,0.159663865546,0.0756302521008];4;0.0;-0.540229885057;1135;133;0.13128205128205128;1.1282051282051282;53.49025641025642;44.38461538461539;75.81538461538462;11.307692307692308;23.666666666666668;18.28205128205128;3.0328205128205123;0.0;7.178461538461538;0.09025641025641026;3.2933333333333334;0.4512820512820511;2.2338461538461543;4.615384615384615;13.128205128205128
11286;zone26;8241.816993110848;4572.457656401622;0.0;zone26;S01010229;30;1016;787;508;[0.1,0.625,0.275];[0.350877,0.350877,0.298246];[0.348315,0.477528,0.174157];[0.565217,0.310559,0.124224];[0.420731707317,0.213414634146,0.292682926829,0.0731707317073];1;395.0;-0.0859445809966;1095;40;0.04933333333333333;1.2333333333333334;52.083999999999996;20.666666666666668;65.75466666666667;10.966666666666667;22.466666666666665;17.633333333333333;1.5040000000000002;0.0;1.5079999999999998;0.03333333333333333;1.9133333333333333;0.48000000000000004;2.138666666666667;5.333333333333333;4.566666666666666
11286;zone27;7458.320056766788;4680.341251240345;0.0;zone27;S01010230;24;1005;772;577;[0.314286,0.628571,0.057143];[0.703883,0.296117,0.0];[0.727273,0.218182,0.054545];[0.71831,0.24507,0.03662];[0.517857142857,0.136904761905,0.267857142857,0.077380952381];1;846.0;0.433218203459;772;46;0.075;1.3333333333333333;43.77833333333333;27.291666666666668;65.87833333333333;11.041666666666666;23.166666666666668;14.833333333333334;1.2133333333333336;0.0;3.0750000000000006;0.08666666666666667;2.9450000000000003;0.4666666666666666;2.308333333333334;5.083333333333333;6.791666666666667
11286;zone28;7569.802990100143;4917.458811240416;0.0;zone28;S01010232;37;1074;792;485;[0.457143,0.485714,0.057143];[0.557292,0.338542,0.104167];[0.492063,0.333333,0.174603];[0.654229,0.251244,0.094527];[0.470297029703,0.153465346535,0.306930693069,0.0693069306931];1;771.0;0.347049794199;1185;66;0.06702702702702702;1.135135135135135;51.84864864864864;29.972972972972972;70.97189189189189;11.864864864864865;23.72972972972973;17.72972972972973;1.9059459459459462;0.0;2.9016216216216217;0.17405405405405405;3.495135135135135;0.4432432432432432;2.3621621621621616;4.702702702702703;8.027027027027026
11286;zone29;7830.713068379679;4879.746446724283;0.0;zone29;S01010233;33;970;705;476;[0.275,0.625,0.1];[0.655629,0.245033,0.099338];[0.52809,0.426966,0.044944];[0.771505,0.212366,0.016129];[0.587209302326,0.093023255814,0.261627906977,0.0581395348837];1;284.0;-0.213781821634;1500;72;0.08484848484848485;1.0909090909090908;60.39272727272727;27.666666666666668;69.83757575757573;10.818181818181818;22.757575757575758;20.757575757575758;1.0993939393939394;0.0;2.087272727272727;0.02060606060606061;3.6872727272727275;0.49212121212121207;2.5139393939393937;4.0;6.454545454545454
11286;zone30;6473.383843181837;4954.519765957263;0.0;zone30;S01010261;6;2551;2373;526;[0.666667,0.270833,0.0625];[0.675841,0.281346,0.042813];[0.75,0.25,0.0];[0.824468,0.164894,0.010638];[0.41,0.06,0.41,0.12];3;176.0;-0.337679921334;1669;13;0.08666666666666667;0.5;66.49999999999999;34.166666666666664;72.39999999999999;11.833333333333334;23.0;22.666666666666668;3.3066666666666666;0.0;1.4266666666666667;0.04666666666666666;3.8866666666666667;0.39999999999999997;2.5533333333333332;1.8333333333333333;8.166666666666666
11286;zone31;4930.642193689802;4959.449818932565;0.0;zone31;S01010266;3;555;474;237;[0.320755,0.556604,0.122642];[0.677273,0.254545,0.068182];[0.5,0.461538,0.038462];[0.534247,0.30137,0.164384];[0.141176470588,0.0588235294118,0.4,0.4];3;536.0;0.0761386922126;1174;6;0.08;2.6666666666666665;53.919999999999995;21.666666666666668;82.72000000000001;14.666666666666666;25.666666666666668;18.666666666666668;0.41333333333333333;0.0;0.36000000000000004;0.25333333333333335;5.506666666666667;0.4666666666666666;1.7733333333333334;13.333333333333334;6.333333333333333
11286;zone32;5712.5549897826;4979.400336637217;0.0;zone32;S01010270;4;1153;972;817;[0.389831,0.533898,0.076271];[0.70255,0.252125,0.045326];[0.714286,0.272727,0.012987];[0.771552,0.228448,0.0];[0.125,0.0909090909091,0.454545454545,0.329545454545];1;871.0;0.461200629557;1688;3;0.03;1.75;60.61;14.5;64.19;8.75;21.5;20.25;1.3699999999999999;0.0;0.32;0.15;1.1;0.47;2.0;6.5;2.5
11286;zone33;3394.0723536088512;4934.677182292946;0.0;zone33;S01010282;13;976;841;645;[0.438776,0.520408,0.040816];[0.545732,0.405488,0.04878];[0.521277,0.382979,0.095745];[0.712707,0.232044,0.055249];[0.190954773869,0.070351758794,0.35175879397,0.386934673367];2;350.0;-0.137812028107;1366;18;0.05538461538461539;1.4615384615384615;56.69230769230769;29.923076923076923;71.40923076923076;10.76923076923077;22.846153846153847;19.615384615384617;1.32;0.0;6.083076923076922;0.9076923076923078;0.3661538461538462;0.4492307692307692;2.036923076923077;5.3076923076923075;8.23076923076923
11286;zone34;4385.789287498423;4835.237486850067;0.0;zone34;S01010289;15;771;687;380;[0.130952,0.511905,0.357143];[0.262911,0.502347,0.234742];[0.178571,0.464286,0.357143];[0.410256,0.435897,0.153846];[0.058064516129,0.0322580645161,0.245161290323,0.664516129032];5;259.0;-0.241396294863;1377;51;0.128;1.2;57.99733333333334;46.0;74.74666666666667;10.933333333333334;23.2;20.0;2.1093333333333333;0.0;4.856;1.6346666666666665;3.3466666666666667;0.4106666666666667;2.104;4.333333333333333;11.533333333333333
11286;zone35;4401.5375624188455;4669.062022109911;0.0;zone35;S01010290;13;546;485;278;[0.198198,0.603604,0.198198];[0.485944,0.449799,0.064257];[0.555556,0.444444,0.0];[0.435897,0.512821,0.051282];[0.10752688172,0.0430107526882,0.494623655914,0.354838709677];3;353.0;-0.133686757747;1185;30;0.08923076923076922;1.6153846153846154;53.10153846153845;37.46153846153846;73.83999999999999;11.0;23.0;18.153846153846153;2.0984615384615384;0.0;5.535384615384615;0.9384615384615382;2.4830769230769225;0.31384615384615383;2.0246153846153843;6.461538461538462;10.538461538461538
11286;zone36;4119.983651650423;4281.100418217042;0.0;zone36;S01010291;12;1075;975;481;[0.405594,0.447552,0.146853];[0.627907,0.277132,0.094961];[0.415094,0.433962,0.150943];[0.562963,0.325926,0.111111];[0.197080291971,0.0729927007299,0.445255474453,0.284671532847];3;438.0;-0.0363924713322;1054;22;0.07;1.1666666666666667;50.0;33.333333333333336;66.33999999999999;9.916666666666666;22.333333333333332;17.333333333333332;2.0;0.0;4.2;0.5400000000000001;1.5766666666666669;0.38000000000000006;2.3733333333333335;4.25;7.916666666666667
11286;zone37;4399.731076226201;4291.6703625917;0.0;zone37;S01010292;10;890;831;409;[0.348214,0.508929,0.142857];[0.477169,0.420091,0.10274];[0.339286,0.446429,0.214286];[0.55814,0.383721,0.05814];[0.128378378378,0.0540540540541,0.398648648649,0.418918918919];4;323.0;-0.168488563048;965;18;0.072;1.6;48.256;46.1;68.844;9.1;21.5;16.3;2.784;0.0;5.9079999999999995;0.736;1.936;0.4280000000000001;2.0800000000000005;6.1;10.8
11286;zone38;4514.690807242894;4541.15458266895;0.0;zone38;S01010293;16;839;723;373;[0.51773,0.35461,0.12766];[0.635389,0.262735,0.101877];[0.446809,0.319149,0.234043];[0.514286,0.392857,0.092857];[0.242424242424,0.0606060606061,0.393939393939,0.30303030303];3;290.0;-0.205814991507;1203;48;0.115;1.0;53.765;41.1875;72.8225;11.0625;23.6875;18.3125;2.7350000000000003;0.0;4.6975;1.29;2.5850000000000004;0.5025000000000002;2.1500000000000004;3.9375;10.8125
11286;zone39;4541.7482834333705;4418.565122351524;0.0;zone39;S01010294;13;690;631;275;[0.242105,0.526316,0.231579];[0.650873,0.214464,0.134663];[0.583333,0.208333,0.208333];[0.414894,0.489362,0.095745];[0.164835164835,0.043956043956,0.494505494505,0.296703296703];4;440.0;-0.0342259463805;948;43;0.13230769230769232;1.2307692307692308;50.37230769230769;52.07692307692308;73.89846153846155;11.076923076923077;22.923076923076923;17.153846153846153;3.0615384615384618;0.0;4.698461538461539;1.3138461538461537;4.095384615384615;0.4830769230769232;1.8646153846153848;5.3076923076923075;12.615384615384615
11286;zone40;4766.8646917667475;4574.50133624035;0.0;zone40;S01010295;18;974;870;427;[0.384615,0.391026,0.224359];[0.604555,0.310559,0.084886];[0.428571,0.285714,0.285714];[0.390728,0.516556,0.092715];[0.212765957447,0.113475177305,0.297872340426,0.375886524823];4;529.0;0.0680145754747;1485;27;0.05333333333333334;2.4444444444444446;58.93777777777777;27.88888888888889;75.79777777777778;11.166666666666666;23.38888888888889;20.11111111111111;1.7022222222222223;0.0;3.688888888888888;0.7311111111111113;1.7377777777777779;0.3555555555555556;1.357777777777778;9.61111111111111;7.222222222222222
11286;zone41;4647.752341766679;4736.091736240359;0.0;zone41;S01010296;16;664;560;291;[0.294118,0.423529,0.282353];[0.520913,0.368821,0.110266];[0.375,0.375,0.25];[0.475524,0.391608,0.132867];[0.282828282828,0.111111111111,0.363636363636,0.242424242424];2;856.0;0.444094443477;1715;34;0.085;1.5625;70.50250000000003;34.25;79.07;10.6875;23.6875;24.1875;2.835;0.0;3.465;0.97;2.5575;0.44750000000000006;1.9525000000000003;6.3125;9.375
11286;zone42;5522.849421766708;4411.996091240393;0.0;zone42;S01010297;7;1066;894;676;[0.582609,0.382609,0.034783];[0.691824,0.245283,0.062893];[0.540541,0.333333,0.126126];[0.681275,0.270916,0.047809];[0.260563380282,0.140845070423,0.37323943662,0.225352112676];1;504.0;0.0391758595379;1519;16;0.09142857142857143;1.4285714285714286;62.89714285714286;30.571428571428573;72.30285714285715;10.428571428571429;23.285714285714285;21.0;3.045714285714286;0.0;1.0114285714285713;0.33142857142857146;3.079999999999999;0.4114285714285715;2.4285714285714284;5.285714285714286;7.0
11286;zone43;4706.481893689814;4143.807995855712;0.0;zone43;S01010298;12;880;677;515;[0.308943,0.479675,0.211382];[0.581395,0.356589,0.062016];[0.539683,0.396825,0.063492];[0.744828,0.193103,0.062069];[0.227272727273,0.0984848484848,0.371212121212,0.30303030303];1;486.0;0.0190902878356;1208;12;0.04;1.5;55.12;24.833333333333332;67.72333333333334;10.333333333333334;21.833333333333332;18.833333333333332;2.5633333333333335;0.0;3.44;0.12000000000000001;0.65;0.3166666666666667;1.9366666666666665;5.916666666666667;6.5
11286;zone44;4885.424673909578;4209.645754097502;0.0;zone44;S01010299;4;536;404;292;[0.3,0.54,0.16];[0.556701,0.340206,0.103093];[0.458333,0.520833,0.020833];[0.584906,0.283019,0.132075];[0.428571428571,0.0857142857143,0.285714285714,0.2];1;375.0;-0.10827530326;684;11;0.1;1.75;40.89;28.0;68.13000000000001;11.25;23.75;14.25;3.04;0.0;0.96;0.29000000000000004;3.3;0.25;2.14;7.0;7.0
11286;zone45;4883.397012115578;4340.414778682246;0.0;zone45;S01010300;21;934;764;478;[0.460784,0.411765,0.127451];[0.664653,0.238671,0.096677];[0.632353,0.323529,0.044118];[0.606383,0.329787,0.06383];[0.3046875,0.125,0.3515625,0.21875];2;513.0;0.0498225801839;632;42;0.07428571428571429;1.7142857142857142;38.457142857142856;24.238095238095237;62.20571428571431;10.571428571428571;22.238095238095237;12.857142857142858;2.106666666666666;0.0;1.7333333333333332;0.14285714285714285;1.9714285714285713;0.46095238095238095;2.005714285714286;6.285714285714286;5.523809523809524
11286;zone46;5144.66081966521;4032.769083704074;0.0;zone46;S01010301;6;522;457;283;[0.292683,0.597561,0.109756];[0.57563,0.315126,0.109244];[0.222222,0.703704,0.074074];[0.561798,0.393258,0.044944];[0.214285714286,0.0612244897959,0.459183673469,0.265306122449];4;490.0;0.0232745011966;2094;23;0.15333333333333332;1.1666666666666667;77.06;49.166666666666664;82.08;9.833333333333334;23.833333333333332;26.666666666666668;6.833333333333333;0.0;0.9866666666666667;0.49333333333333335;4.586666666666667;0.4333333333333334;2.04;5.166666666666667;12.333333333333334
11286;zone47;5165.568789180556;4297.038752619699;0.0;zone47;S01010302;24;669;495;388;[0.65625,0.28125,0.0625];[0.6,0.356522,0.043478];[0.716981,0.226415,0.056604];[0.801802,0.18018,0.018018];[0.582417582418,0.0769230769231,0.263736263736,0.0769230769231];1;392.0;-0.0896499889057;1371;61;0.09666666666666666;1.125;52.83833333333334;31.0;71.69000000000001;12.75;23.791666666666668;17.833333333333332;3.6266666666666674;0.0;0.6516666666666667;0.24000000000000007;3.3849999999999985;0.5533333333333331;2.3316666666666666;5.0;7.541666666666667
11286;zone48;5241.140616766716;4139.402270499609;0.0;zone48;S01010303;33;579;387;250;[0.692308,0.153846,0.153846];[0.56701,0.298969,0.134021];[0.630435,0.282609,0.086957];[0.658879,0.285047,0.056075];[0.58407079646,0.106194690265,0.274336283186,0.0353982300885];1;415.0;-0.0627120940391;1517;71;0.07878787878787878;1.3333333333333333;59.44363636363636;30.151515151515152;72.18666666666667;11.181818181818182;23.09090909090909;20.060606060606062;3.512727272727273;0.0;0.9527272727272726;0.21696969696969698;3.0618181818181824;0.35515151515151516;2.4436363636363634;5.424242424242424;7.2727272727272725
11286;zone49;4853.647576226233;3833.123065294377;0.0;zone49;S01010304;12;542;456;332;[0.323529,0.514706,0.161765];[0.635135,0.25,0.114865];[0.477273,0.522727,0.0];[0.829268,0.109756,0.060976];[0.372340425532,0.0425531914894,0.297872340426,0.287234042553];1;804.0;0.384523850516;1704;21;0.05333333333333334;1.25;68.41666666666667;27.416666666666668;71.34333333333332;10.333333333333334;22.75;23.416666666666668;3.14;0.0;0.9366666666666666;0.12999999999999998;2.433333333333333;0.4066666666666668;2.703333333333333;3.5833333333333335;6.166666666666667
11286;zone50;4697.410406890209;3639.1027396354093;0.0;zone50;S01010305;7;807;694;478;[0.36036,0.468468,0.171171];[0.553191,0.33617,0.110638];[0.409639,0.301205,0.289157];[0.589888,0.337079,0.073034];[0.198529411765,0.0735294117647,0.382352941176,0.345588235294];1;223.0;-0.28282788147;546;10;0.05142857142857143;2.142857142857143;38.98285714285714;29.285714285714285;78.03999999999999;12.857142857142858;25.0;13.0;8.537142857142857;0.0;0.7942857142857144;0.42857142857142855;0.8628571428571429;0.48571428571428577;2.04;12.142857142857142;10.142857142857142
11286;zone51;4591.3082521834585;3868.367573740388;0.0;zone51;S01010306;13;752;675;449;[0.35625,0.56875,0.075];[0.570588,0.355882,0.073529];[0.283019,0.566038,0.150943];[0.650943,0.330189,0.018868];[0.165680473373,0.0473372781065,0.479289940828,0.307692307692];2;238.0;-0.265781391166;653;31;0.08923076923076922;1.8461538461538463;46.33230769230769;30.23076923076923;71.23384615384614;11.76923076923077;23.53846153846154;15.76923076923077;5.212307692307693;0.0;1.7692307692307692;0.45230769230769236;0.8123076923076922;0.2738461538461539;1.6369230769230774;8.23076923076923;7.6923076923076925
11286;zone52;4503.72067559025;3742.2957906521283;0.0;zone52;S01010307;9;821;732;428;[0.189922,0.577519,0.232558];[0.407407,0.487654,0.104938];[0.346154,0.538462,0.115385];[0.71875,0.234375,0.046875];[0.0681818181818,0.0568181818182,0.375,0.5];5;319.0;-0.172537833795;474;30;0.12444444444444444;1.7777777777777777;41.111111111111114;40.77777777777778;74.39555555555556;12.222222222222221;23.77777777777778;14.0;7.911111111111111;0.0;2.071111111111111;1.271111111111111;0.16;0.4933333333333333;1.4533333333333334;9.444444444444445;11.0
11286;zone53;4364.519870735056;4047.768725526131;0.0;zone53;S01010308;9;975;858;480;[0.285714,0.54007,0.174216];[0.511936,0.384615,0.103448];[0.254902,0.411765,0.333333];[0.648352,0.307692,0.043956];[0.0970873786408,0.0631067961165,0.359223300971,0.480582524272];4;257.0;-0.244477582955;1187;23;0.09777777777777778;2.111111111111111;63.591111111111104;38.333333333333336;73.88000000000001;8.88888888888889;22.11111111111111;21.88888888888889;4.137777777777777;0.0;2.1377777777777776;1.0577777777777777;1.448888888888889;0.22666666666666668;1.5333333333333334;8.666666666666666;8.333333333333334
11286;zone54;5381.88771051669;3636.3205112402793;0.0;zone54;S01010309;4;419;356;264;[0.333333,0.25,0.416667];[0.478873,0.422535,0.098592];[0.352941,0.382353,0.264706];[0.705882,0.24183,0.052288];[0.365853658537,0.170731707317,0.390243902439,0.0731707317073];1;0.0;-0.540229885057;1779;6;0.06;2.5;71.16999999999999;19.5;70.13000000000001;9.25;21.75;23.75;1.68;0.0;1.7000000000000002;0.0;1.3399999999999999;0.22999999999999998;1.48;6.75;4.25
11286;zone55;5657.373406240428;3625.6586165034923;0.0;zone55;S01010310;13;706;540;381;[0.333333,0.238095,0.428571];[0.565517,0.337931,0.096552];[0.54902,0.27451,0.176471];[0.715415,0.256917,0.027668];[0.484848484848,0.151515151515,0.318181818182,0.0454545454545];1;574.0;0.120406534162;768;17;0.05230769230769231;1.6923076923076923;47.027692307692305;24.076923076923077;65.23076923076923;10.461538461538462;22.46153846153846;15.923076923076923;1.2584615384615387;0.0;1.4984615384615385;0.15692307692307692;2.9015384615384607;0.3323076923076923;1.3046153846153847;7.0;5.384615384615385
11286;zone56;5685.425126382168;3318.6970593171873;0.0;zone56;S01010311;22;721;556;351;[0.411765,0.352941,0.235294];[0.472222,0.453704,0.074074];[0.571429,0.404762,0.02381];[0.717949,0.271062,0.010989];[0.565217391304,0.121739130435,0.269565217391,0.0434782608696];1;1534.0;1.22364271569;1610;37;0.06181818181818182;0.6818181818181818;64.75090909090909;30.227272727272727;69.22545454545454;10.181818181818182;22.40909090909091;22.272727272727273;1.6909090909090905;0.0;1.9218181818181816;0.02545454545454546;3.3818181818181823;0.4327272727272728;2.387272727272727;2.6818181818181817;6.545454545454546
11286;zone57;5466.52613028024;3072.1402274564575;0.0;zone57;S01010312;34;868;647;425;[0.117647,0.823529,0.058824];[0.754386,0.22807,0.017544];[0.407407,0.444444,0.148148];[0.804945,0.153846,0.041209];[0.586956521739,0.115942028986,0.268115942029,0.0289855072464];1;685.0;0.247477927043;1700;48;0.05176470588235294;1.1470588235294117;71.10823529411765;28.11764705882353;71.70705882352941;10.235294117647058;22.205882352941178;24.11764705882353;1.675294117647059;0.0;2.0094117647058827;0.06823529411764706;2.7447058823529416;0.3423529411764706;2.2541176470588233;4.323529411764706;6.0588235294117645
11286;zone58;5251.7403530303945;3502.549209042501;0.0;zone58;S01010313;16;654;529;356;[0.428571,0.285714,0.285714];[0.6,0.333333,0.066667];[0.433735,0.481928,0.084337];[0.739623,0.162264,0.098113];[0.648351648352,0.131868131868,0.175824175824,0.043956043956];1;565.0;0.109617915218;2141;22;0.0525;0.875;80.75;30.125;72.51750000000001;8.5625;21.625;28.0;1.5875;0.0;1.7275;0.12000000000000001;2.795;0.315;2.6700000000000004;3.375;5.75
11286;zone59;4840.312157862589;3385.4448126102257;0.0;zone59;S01010314;21;1248;1034;550;[0.358209,0.507463,0.134328];[0.514493,0.333333,0.152174];[0.5,0.326923,0.173077];[0.636,0.324,0.04];[0.316901408451,0.133802816901,0.401408450704,0.147887323944];1;637.0;0.192402372167;1052;37;0.06857142857142857;1.619047619047619;52.603809523809524;32.57142857142857;74.21142857142857;11.571428571428571;23.38095238095238;17.952380952380953;6.196190476190475;0.0;2.763809523809524;0.24190476190476187;0.9809523809523808;0.3904761904761904;2.1714285714285717;6.904761904761905;9.761904761904763
11286;zone60;4536.293429266749;2504.1273706154316;0.0;zone60;S01010315;43;911;678;409;[0.180723,0.554217,0.26506];[0.252632,0.457895,0.289474];[0.208333,0.5,0.291667];[0.55144,0.345679,0.102881];[0.308176100629,0.169811320755,0.358490566038,0.163522012579];2;382.0;-0.100954860853;1648;78;0.06976744186046512;1.697674418604651;65.24186046511628;31.232558139534884;73.13953488372094;10.046511627906977;22.511627906976745;22.325581395348838;2.5786046511627907;0.0;2.1320930232558135;0.00930232558139535;2.746046511627907;0.3460465116279069;1.8102325581395347;6.8604651162790695;6.976744186046512
11286;zone61;4589.6619547948285;2943.195659127726;0.0;zone61;S01010316;25;512;414;304;[0.392157,0.529412,0.078431];[0.62931,0.37069,0.0];[0.439024,0.560976,0.0];[0.775401,0.224599,0.0];[0.439252336449,0.102803738318,0.252336448598,0.205607476636];1;481.0;0.0128180141103;1388;42;0.064;1.4;59.241600000000005;31.56;73.70400000000001;11.48;23.28;20.24;2.5856;0.0;2.7327999999999997;0.04;3.4816000000000003;0.43999999999999995;1.9232;5.72;8.32
11286;zone63;4421.5566371748755;3071.026327566895;0.0;zone63;S01010318;12;1588;1497;304;[0.5,0.456522,0.043478];[0.469799,0.47651,0.053691];[0.310345,0.37931,0.310345];[0.678571,0.285714,0.035714];[0.36,0.14,0.34,0.16];3;317.0;-0.175110645645;1007;27;0.08666666666666667;2.25;54.663333333333334;32.166666666666664;72.14666666666668;9.5;22.083333333333332;18.583333333333332;5.133333333333334;0.0;3.866666666666666;0.10000000000000002;0.12666666666666668;0.32;1.5866666666666662;9.0;8.833333333333334
11286;zone64;4173.240913470097;2893.8040771744095;0.0;zone64;S01010319;9;711;624;407;[0.258741,0.608392,0.132867];[0.383399,0.486166,0.130435];[0.439394,0.212121,0.348485];[0.530769,0.384615,0.084615];[0.171974522293,0.0700636942675,0.471337579618,0.286624203822];2;473.0;0.00423719084943;1540;18;0.08;1.7777777777777777;64.26666666666667;39.111111111111114;73.39111111111112;9.88888888888889;22.333333333333332;21.666666666666668;3.355555555555556;0.0;1.5644444444444443;0.04444444444444445;3.0888888888888886;0.13333333333333336;1.2355555555555555;8.555555555555555;7.555555555555555
11286;zone65;3940.1918462749595;2900.8899784533987;0.0;zone65;S01010320;4;675;594;437;[0.257813,0.523438,0.21875];[0.61753,0.298805,0.083665];[0.526316,0.22807,0.245614];[0.805085,0.169492,0.025424];[0.172185430464,0.0662251655629,0.443708609272,0.317880794702];1;646.0;0.202453315259;1167;6;0.05;2.25;60.33;29.5;83.14;13.25;24.5;20.75;5.800000000000001;0.0;1.16;0.45;2.05;0.53;1.3599999999999999;11.25;9.0
11286;zone66;3905.8658739096163;2664.6669636212755;0.0;zone66;S01010321;7;837;634;432;[0.401709,0.555556,0.042735];[0.54717,0.433962,0.018868];[0.45122,0.439024,0.109756];[0.666667,0.271186,0.062147];[0.212328767123,0.0958904109589,0.390410958904,0.301369863014];1;1019.0;0.631764531736;1748;15;0.08571428571428572;1.7142857142857142;71.46857142857144;27.142857142857142;80.84;12.0;23.857142857142858;24.285714285714285;2.7485714285714287;0.0;3.0057142857142862;0.31428571428571433;1.942857142857143;0.37142857142857144;2.8000000000000003;7.857142857142857;7.428571428571429
11286;zone67;3630.3978644730896;3132.1651121578075;0.0;zone67;S01010322;9;1028;914;549;[0.174419,0.549419,0.276163];[0.412399,0.471698,0.115903];[0.298507,0.38806,0.313433];[0.647059,0.323529,0.029412];[0.057268722467,0.0352422907489,0.449339207048,0.458149779736];5;124.0;-0.397569575369;1483;32;0.13333333333333333;1.4444444444444444;60.83555555555555;42.333333333333336;79.98222222222222;11.11111111111111;24.22222222222222;20.444444444444443;6.724444444444446;0.0;4.12;0.8933333333333332;1.5022222222222221;0.44444444444444453;2.542222222222222;6.0;12.666666666666666
11286;zone68;6208.193116766784;3072.425066795916;0.0;zone68;S01010323;4;603;466;377;[0.555556,0.444444,0.0];[0.657143,0.271429,0.071429];[0.642857,0.321429,0.035714];[0.793651,0.166667,0.039683];[0.578431372549,0.166666666667,0.235294117647,0.0196078431373];1;970.0;0.57559463238;800;11;0.11;2.0;44.0;31.25;67.21;10.75;22.75;14.5;4.01;0.0;1.31;0.15;2.12;0.27;1.12;8.25;7.25
11286;zone69;6517.651722029823;2240.572579661372;0.0;zone69;S01010324;6;759;566;403;[0.142857,0.571429,0.285714];[0.298077,0.490385,0.211538];[0.333333,0.530864,0.135802];[0.401674,0.414226,0.1841];[0.569620253165,0.101265822785,0.291139240506,0.0379746835443];1;407.0;-0.0721601679586;1249;8;0.05333333333333334;2.8333333333333335;45.173333333333325;20.166666666666668;62.02;9.333333333333334;21.5;15.0;0.12666666666666668;0.0;0.8733333333333334;0.0;2.8533333333333335;0.25333333333333335;1.1266666666666667;9.0;3.3333333333333335
11286;zone70;6038.016041009105;2402.8415869980217;0.0;zone70;S01010325;18;939;666;501;[0.263158,0.368421,0.368421];[0.383838,0.525253,0.090909];[0.253623,0.615942,0.130435];[0.451362,0.463035,0.085603];[0.545454545455,0.238636363636,0.193181818182,0.0227272727273];1;225.0;-0.281126582053;1616;29;0.06222222222222222;1.4444444444444444;58.14888888888889;27.61111111111111;73.63111111111112;12.0;23.833333333333332;19.5;1.5466666666666666;0.0;1.248888888888889;0.0;4.113333333333333;0.4111111111111112;2.531111111111111;6.444444444444445;6.555555555555555
11286;zone71;5272.359331052501;2740.775131541117;0.0;zone71;S01010326;39;987;707;494;[0.526316,0.368421,0.105263];[0.522523,0.333333,0.144144];[0.492188,0.3125,0.195313];[0.723514,0.224806,0.05168];[0.54375,0.16875,0.23125,0.05625];1;1389.0;1.05701743376;1010;75;0.07282051282051281;1.1794871794871795;49.704615384615394;26.153846153846153;66.06051282051283;10.615384615384615;22.076923076923077;17.102564102564102;1.3979487179487184;0.0;5.265641025641025;0.03282051282051282;1.0194871794871796;0.32205128205128203;2.3323076923076926;4.128205128205129;7.282051282051282
11286;zone72;4970.167032608406;2501.795090448298;0.0;zone72;S01010327;34;982;660;362;[0.031746,0.507937,0.460317];[0.372881,0.432203,0.194915];[0.289063,0.328125,0.382813];[0.516892,0.347973,0.135135];[0.416184971098,0.21387283237,0.236994219653,0.132947976879];1;470.0;0.000335688704598;983;63;0.07176470588235294;1.5;52.93529411764706;29.294117647058822;68.64470588235292;10.294117647058824;22.441176470588236;18.08823529411765;2.0458823529411765;0.0;5.029411764705882;0.02;1.0976470588235292;0.38941176470588224;1.8717647058823532;5.647058823529412;7.764705882352941
11286;zone73;5975.307390960257;2677.5485166167286;0.0;zone73;S01010328;24;969;706;445;[0.16129,0.5,0.33871];[0.27044,0.471698,0.257862];[0.192547,0.434783,0.372671];[0.338983,0.432203,0.228814];[0.309352517986,0.258992805755,0.280575539568,0.151079136691];2;457.0;-0.0138550124678;2233;46;0.07;1.7083333333333333;72.86;32.0;78.93833333333333;11.0;23.833333333333332;25.083333333333332;1.8649999999999995;0.0;1.4783333333333333;0.0;4.381666666666667;0.4233333333333333;1.8383333333333332;7.458333333333333;7.208333333333333
