cycle;name;location.x;location.y;location.z;name;dataZone;nm_children;pop;over16;nm_hh;AB_car_prob;C1_car_prob;C2_car_prob;DE_car_prob;prob_social;simd;crimeRate;norm_crime;avg_dis_sh;neigh_play;daily_play_per_child;avg_FSA;avg_walk;daily_OD;zone_mvpa;mvpa_home;mvpa_sc;mvpa_road;mvpa_play_field;mvpa_home_garden;mvpa_park;mvpa_PG;mvpa_amenity;mvpa_shops;mvpa_F_home;mvpa_fsa;mvpa_OD
11286;zone0;8448.90275962388;2625.4515469546564;0.0;zone0;S01010195;19;531;390;212;[0.0,0.481481,0.518519];[0.261538,0.646154,0.092308];[0.12,0.59,0.29];[0.447368,0.368421,0.184211];[0.418918918919,0.283783783784,0.202702702703,0.0945945945946];1;0.0;-0.540229885057;1089;25;0.05052631578947368;1.8421052631578947;53.09684210526316;22.31578947368421;70.26526315789474;11.052631578947368;22.842105263157894;18.0;0.911578947368421;0.0;2.3010526315789472;0.0;2.458947368421053;0.368421052631579;2.2547368421052627;8.157894736842104;5.2631578947368425
11286;zone1;8656.736904000718;2165.9902346445633;0.0;zone1;S01010198;18;1027;748;394;[0.058824,0.529412,0.411765];[0.305785,0.561983,0.132231];[0.219858,0.496454,0.283688];[0.523179,0.331126,0.145695];[0.48623853211,0.229357798165,0.266055045872,0.0183486238532];1;1609.0;1.3102524676;1352;20;0.04444444444444445;1.2777777777777777;58.32888888888889;23.61111111111111;70.12222222222222;10.944444444444445;23.11111111111111;20.11111111111111;1.3311111111111111;0.0;1.9933333333333334;0.02;2.8533333333333326;0.3400000000000001;2.7155555555555555;5.0;5.777777777777778
11286;zone2;8537.588755655543;3024.028900129281;0.0;zone2;S01010201;22;643;453;253;[0.0,0.47619,0.52381];[0.270833,0.3125,0.416667];[0.088,0.48,0.432];[0.296552,0.434483,0.268966];[0.365853658537,0.292682926829,0.292682926829,0.0487804878049];2;219.0;-0.28762447053;699;42;0.07272727272727272;1.6818181818181819;37.76545454545455;31.272727272727273;66.63272727272728;11.727272727272727;23.181818181818183;12.681818181818182;1.2236363636363636;0.0;2.6109090909090913;0.01272727272727273;4.047272727272727;0.5672727272727272;2.001818181818182;6.818181818181818;7.454545454545454
11286;zone3;8059.42097232239;3767.666522351409;0.0;zone3;S01010203;30;671;504;260;[0.090909,0.363636,0.545455];[0.263804,0.460123,0.276074];[0.094828,0.422414,0.482759];[0.183824,0.375,0.441176];[0.272727272727,0.218181818182,0.363636363636,0.145454545455];3;215.0;-0.292668818285;1992;61;0.072;1.6333333333333333;74.66666666666667;31.8;76.25733333333332;10.133333333333333;22.933333333333334;25.733333333333334;1.732;0.0;1.7080000000000004;0.0;3.9800000000000013;0.36000000000000004;2.1493333333333333;5.833333333333333;6.9
11286;zone4;8368.288440296214;3565.498290652094;0.0;zone4;S01010204;30;800;589;381;[0.272727,0.727273,0.0];[0.627451,0.27451,0.098039];[0.444444,0.533333,0.022222];[0.600619,0.321981,0.077399];[0.595041322314,0.157024793388,0.239669421488,0.00826446280992];1;497.0;0.0317745673598;1246;39;0.04933333333333333;1.5666666666666667;50.759999999999984;26.933333333333334;65.82533333333333;10.6;22.333333333333332;17.033333333333335;0.8599999999999999;0.0;1.5120000000000002;0.0;3.373333333333333;0.36000000000000004;1.7200000000000002;6.166666666666667;5.333333333333333
11286;zone5;8034.229745798958;3515.110462853287;0.0;zone5;S01010205;15;658;534;355;[0.411765,0.117647,0.470588];[0.465116,0.457364,0.077519];[0.317757,0.588785,0.093458];[0.593458,0.280374,0.126168];[0.466666666667,0.2,0.3,0.0333333333333];1;925.0;0.523434132086;1298;29;0.07466666666666667;1.5333333333333334;52.13066666666668;25.4;70.83999999999999;12.2;23.466666666666665;17.666666666666668;1.8613333333333335;0.0;1.8586666666666667;0.0;2.8213333333333335;0.45600000000000007;1.9999999999999996;6.733333333333333;6.066666666666666
11286;zone6;7457.064719570519;3739.055375726369;0.0;zone6;S01010208;18;903;745;565;[0.30137,0.589041,0.109589];[0.48062,0.457364,0.062016];[0.272727,0.613636,0.113636];[0.66055,0.270642,0.068807];[0.233333333333,0.133333333333,0.461111111111,0.172222222222];1;603.0;0.153385979085;1436;22;0.04666666666666667;1.4444444444444444;60.946666666666665;29.555555555555557;74.96444444444444;11.222222222222221;23.555555555555557;21.0;2.133333333333334;0.0;1.28;0.0;4.228888888888889;0.5044444444444446;2.622222222222222;6.722222222222222;7.166666666666667
11286;zone7;7917.838214725937;1939.334458859395;0.0;zone7;S01010209;24;966;677;468;[0.172414,0.586207,0.241379];[0.333333,0.414966,0.251701];[0.381944,0.458333,0.159722];[0.545852,0.336245,0.117904];[0.337931034483,0.248275862069,0.303448275862,0.110344827586];1;2053.0;1.82052250092;1544;40;0.06666666666666667;1.1666666666666667;64.32166666666667;28.458333333333332;75.25166666666665;11.375;23.625;21.958333333333332;1.6066666666666667;0.0;2.7566666666666664;0.0;3.356666666666667;0.3283333333333334;2.7216666666666662;5.666666666666667;7.125
11286;zone8;7878.406567747077;2721.2634132011362;0.0;zone8;S01010210;18;885;641;416;[0.173913,0.456522,0.369565];[0.21519,0.5,0.28481];[0.189781,0.386861,0.423358];[0.422111,0.442211,0.135678];[0.394736842105,0.236842105263,0.254385964912,0.114035087719];1;344.0;-0.144253829852;1271;27;0.06;1.6111111111111112;50.16444444444445;24.72222222222222;63.84444444444445;9.61111111111111;21.72222222222222;17.0;0.9511111111111114;0.0;1.402222222222222;0.05111111111111111;2.6288888888888895;0.3400000000000001;1.6955555555555555;6.666666666666667;4.5
11286;zone9;7785.599648345685;3201.783800714137;0.0;zone9;S01010211;22;858;634;452;[0.147059,0.705882,0.147059];[0.384615,0.452991,0.162393];[0.469565,0.4,0.130435];[0.722656,0.226563,0.050781];[0.473214285714,0.169642857143,0.285714285714,0.0714285714286];1;430.0;-0.0456985893816;1144;30;0.05272727272727273;1.0;45.84181818181819;28.818181818181817;65.72181818181818;11.545454545454545;23.045454545454547;15.318181818181818;1.4527272727272726;0.0;3.1090909090909093;0.0;3.005454545454546;0.31090909090909097;2.5890909090909093;3.5;7.0
11286;zone10;7580.688680869333;3097.127786881416;0.0;zone10;S01010212;49;1083;779;559;[0.233333,0.633333,0.133333];[0.594771,0.339869,0.065359];[0.465517,0.405172,0.12931];[0.712821,0.269231,0.017949];[0.566037735849,0.138364779874,0.22641509434,0.0691823899371];1;1473.0;1.15298517036;1168;87;0.06857142857142857;1.1428571428571428;52.6261224489796;28.836734693877553;68.81061224489795;11.53061224489796;23.06122448979592;18.0;1.9102040816326529;0.0;2.266938775510204;0.0;3.0016326530612254;0.3787755102040816;2.478367346938776;4.448979591836735;6.6938775510204085
11286;zone11;8065.177293237223;3111.5884965344962;0.0;zone11;S01010213;13;924;657;476;[0.105263,0.684211,0.210526];[0.382609,0.547826,0.069565];[0.218543,0.556291,0.225166];[0.467925,0.483019,0.049057];[0.451327433628,0.221238938053,0.274336283186,0.0530973451327];1;247.0;-0.255840453357;1052;35;0.10153846153846154;0.8461538461538461;41.741538461538454;31.53846153846154;68.40307692307692;12.538461538461538;24.0;14.384615384615385;1.393846153846154;0.0;2.646153846153846;0.05538461538461538;4.993846153846154;0.6215384615384617;2.3723076923076922;3.6153846153846154;8.615384615384615
11286;zone12;7144.994858230166;1947.4125453867302;0.0;zone12;S01010214;27;967;717;396;[0.098592,0.28169,0.619718];[0.197531,0.438272,0.364198];[0.173333,0.493333,0.333333];[0.237069,0.487069,0.275862];[0.361344537815,0.210084033613,0.310924369748,0.117647058824];3;176.0;-0.337854473183;1913;40;0.05777777777777778;1.1851851851851851;75.09629629629629;37.77777777777778;75.92888888888889;9.88888888888889;22.74074074074074;25.555555555555557;3.6370370370370373;0.0;2.045925925925926;0.0;3.924444444444444;0.3007407407407407;2.2518518518518515;3.8518518518518516;9.11111111111111
11286;zone13;7013.590150664996;2618.495528189446;0.0;zone13;S01010215;24;850;608;492;[0.571429,0.285714,0.142857];[0.5,0.431373,0.068627];[0.382609,0.391304,0.226087];[0.678571,0.269841,0.051587];[0.467289719626,0.140186915888,0.345794392523,0.0467289719626];1;547.0;0.0886083430805;857;41;0.06666666666666667;1.5416666666666667;45.68;25.416666666666668;68.64833333333333;11.833333333333334;23.583333333333332;15.583333333333334;0.7850000000000001;0.0;2.015;0.0;3.603333333333333;0.4466666666666667;2.173333333333334;6.791666666666667;5.916666666666667
11286;zone14;7332.222205807836;2329.961970144465;0.0;zone14;S01010216;15;621;464;361;[0.6,0.4,0.0];[0.597701,0.356322,0.045977];[0.409091,0.439394,0.151515];[0.709544,0.273859,0.016598];[0.5,0.163265306122,0.265306122449,0.0714285714286];1;600.0;0.150092344085;1301;23;0.056;0.8;58.048;29.933333333333334;68.45599999999999;10.6;22.666666666666668;20.0;1.4693333333333334;0.0;2.4986666666666664;0.0;3.445333333333333;0.4240000000000001;2.8160000000000003;2.7333333333333334;6.933333333333334
11286;zone15;7299.833172322251;2625.8610945736937;0.0;zone15;S01010217;33;817;598;406;[0.16129,0.516129,0.322581];[0.565517,0.4,0.034483];[0.5,0.431373,0.068627];[0.702703,0.283784,0.013514];[0.541935483871,0.0967741935484,0.296774193548,0.0645161290323];1;1060.0;0.679274950851;973;62;0.07393939393939394;1.5757575757575757;43.45333333333332;29.303030303030305;66.79757575757576;11.484848484848484;23.242424242424242;14.606060606060606;1.1175757575757572;0.0;2.212121212121212;0.0;4.140606060606061;0.35515151515151516;2.4521212121212117;5.454545454545454;6.96969696969697
11286;zone16;7142.953643082513;3018.5401822929393;0.0;zone16;S01010218;31;1018;790;587;[0.425532,0.404255,0.170213];[0.392523,0.453271,0.154206];[0.358209,0.492537,0.149254];[0.589124,0.335347,0.075529];[0.424657534247,0.109589041096,0.369863013699,0.0958904109589];1;557.0;0.101026678737;631;45;0.0567741935483871;1.7096774193548387;41.818064516129034;26.548387096774192;68.37548387096776;12.290322580645162;23.903225806451612;14.225806451612904;1.3496774193548389;0.0;1.2193548387096773;0.0;4.104516129032258;0.4387096774193549;2.259354838709678;6.774193548387097;6.225806451612903
11286;zone17;6738.8937706128745;4298.8917997019325;0.0;zone17;S01010219;21;503;382;274;[0.695652,0.304348,0.0];[0.758621,0.215517,0.025862];[0.761905,0.166667,0.071429];[0.781609,0.195402,0.022989];[0.41935483871,0.0752688172043,0.408602150538,0.0967741935484];2;184.0;-0.327838932938;1295;28;0.04761904761904762;1.7142857142857142;63.16952380952383;26.714285714285715;71.62666666666667;10.142857142857142;22.333333333333332;21.904761904761905;2.687619047619048;0.0;2.3961904761904758;0.0380952380952381;1.944761904761905;0.32571428571428573;2.0095238095238095;6.190476190476191;6.476190476190476
11286;zone18;5915.780765415368;4211.222876105162;0.0;zone18;S01010220;7;476;433;279;[0.181159,0.608696,0.210145];[0.404255,0.531915,0.06383];[0.227273,0.704545,0.068182];[0.448276,0.482759,0.068966];[0.154545454545,0.0636363636364,0.318181818182,0.463636363636];5;267.0;-0.232306706325;1260;20;0.11428571428571428;2.857142857142857;52.417142857142856;25.857142857142858;72.69714285714285;9.857142857142858;22.571428571428573;18.285714285714285;2.6514285714285712;0.0;3.9771428571428573;0.12000000000000001;0.8114285714285714;0.23999999999999996;0.9314285714285714;11.571428571428571;7.142857142857143
11286;zone19;6341.0811208317455;3913.8398648988496;0.0;zone19;S01010221;13;546;394;260;[0.6,0.4,0.0];[0.557377,0.409836,0.032787];[0.538462,0.323077,0.138462];[0.699387,0.257669,0.042945];[0.609375,0.140625,0.203125,0.046875];1;635.0;0.19005459739;1304;17;0.05230769230769231;1.5384615384615385;57.566153846153846;18.384615384615383;65.96;9.538461538461538;21.846153846153847;19.692307692307693;2.113846153846154;0.0;2.3046153846153845;0.01538461538461539;0.5446153846153846;0.34153846153846157;2.193846153846154;5.6923076923076925;4.6923076923076925
11286;zone20;7001.213463613622;4053.9957950241624;0.0;zone20;S01010222;15;492;414;285;[0.142857,0.5,0.357143];[0.432432,0.459459,0.108108];[0.348624,0.522936,0.12844];[0.747899,0.235294,0.016807];[0.345238095238,0.214285714286,0.309523809524,0.130952380952];1;377.0;-0.105830277325;1764;23;0.06133333333333333;2.066666666666667;67.4;24.466666666666665;69.864;8.933333333333334;21.8;22.733333333333334;1.2213333333333332;0.0;1.637333333333333;0.0;2.9306666666666668;0.24800000000000003;2.2026666666666666;6.2;5.266666666666667
11286;zone21;6986.8418912765155;3434.1450308482026;0.0;zone21;S01010223;4;556;462;337;[0.076923,0.538462,0.384615];[0.567797,0.330508,0.101695];[0.472222,0.444444,0.083333];[0.584699,0.36612,0.04918];[0.432432432432,0.162162162162,0.324324324324,0.0810810810811];1;439.0;-0.0353356041414;1698;7;0.07;1.25;72.08;29.75;70.82;9.0;21.25;24.5;2.8000000000000007;0.0;2.88;0.0;1.52;0.12;2.63;4.75;6.75
11286;zone22;6247.397837456437;3329.661273309237;0.0;zone22;S01010224;40;1036;727;469;[0.405405,0.540541,0.054054];[0.592593,0.274074,0.133333];[0.418803,0.504274,0.076923];[0.768421,0.202632,0.028947];[0.506097560976,0.140243902439,0.268292682927,0.0853658536585];1;1004.0;0.614259332793;844;82;0.077;0.9;46.509;26.25;64.857;11.325;22.625;15.775;3.097000000000001;0.0;1.9569999999999996;0.078;1.857;0.35600000000000004;2.498;3.6;6.55
11286;zone23;7827.985844039554;4105.4701191949;0.0;zone23;S01010225;33;812;636;431;[0.25,0.634615,0.115385];[0.469072,0.43299,0.097938];[0.54023,0.413793,0.045977];[0.672065,0.234818,0.093117];[0.385185185185,0.125925925926,0.325925925926,0.162962962963];1;1006.0;0.616572011517;1684;49;0.05575757575757576;1.121212121212121;67.98303030303029;31.242424242424242;70.77575757575755;9.818181818181818;22.272727272727273;23.272727272727273;1.6678787878787877;0.0;2.2399999999999998;0.0;3.323636363636363;0.32727272727272727;2.4509090909090907;3.6363636363636362;6.878787878787879
11286;zone24;7040.363001382077;4481.052780471187;0.0;zone24;S01010226;40;816;565;394;[0.454545,0.242424,0.30303];[0.715385,0.2,0.084615];[0.540541,0.405405,0.054054];[0.766917,0.18797,0.045113];[0.503355704698,0.201342281879,0.221476510067,0.0738255033557];2;422.0;-0.0548014077425;1135;121;0.113;1.6;57.452;32.15;69.67699999999999;9.85;21.925;19.575;3.1790000000000003;0.0;3.7;0.037;1.5979999999999999;0.372;1.8980000000000001;5.85;8.05
11286;zone25;6847.772309074456;4638.663588163389;0.0;zone25;S01010227;39;692;454;294;[0.413793,0.413793,0.172414];[0.704545,0.238636,0.056818];[0.654545,0.345455,0.0];[0.810606,0.159091,0.030303];[0.672268907563,0.0924369747899,0.159663865546,0.0756302521008];4;0.0;-0.540229885057;1227;139;0.13435897435897437;1.2820512820512822;56.00307692307692;43.0;75.51897435897435;10.871794871794872;23.128205128205128;19.256410256410255;4.777435897435896;0.0;5.220512820512821;0.06051282051282052;2.5702564102564107;0.3733333333333333;2.3251282051282054;5.205128205128205;12.23076923076923
11286;zone26;8241.816993110848;4572.457656401622;0.0;zone26;S01010229;30;1016;787;508;[0.1,0.625,0.275];[0.350877,0.350877,0.298246];[0.348315,0.477528,0.174157];[0.565217,0.310559,0.124224];[0.420731707317,0.213414634146,0.292682926829,0.0731707317073];1;395.0;-0.0859445809966;1246;45;0.05466666666666667;1.2;57.00800000000002;22.3;66.87466666666667;10.7;22.4;19.533333333333335;0.9946666666666668;0.0;1.7906666666666669;0.032;2.1599999999999997;0.3293333333333333;2.4213333333333336;4.9;4.6
11286;zone27;7458.320056766788;4680.341251240345;0.0;zone27;S01010230;24;1005;772;577;[0.314286,0.628571,0.057143];[0.703883,0.296117,0.0];[0.727273,0.218182,0.054545];[0.71831,0.24507,0.03662];[0.517857142857,0.136904761905,0.267857142857,0.077380952381];1;846.0;0.433218203459;1020;41;0.06666666666666667;1.25;51.715;27.208333333333332;67.665;11.25;22.75;17.625;1.625;0.0;3.0016666666666665;0.0;2.5366666666666666;0.4616666666666666;2.1166666666666663;4.833333333333333;6.75
11286;zone28;7569.802990100143;4917.458811240416;0.0;zone28;S01010232;37;1074;792;485;[0.457143,0.485714,0.057143];[0.557292,0.338542,0.104167];[0.492063,0.333333,0.174603];[0.654229,0.251244,0.094527];[0.470297029703,0.153465346535,0.306930693069,0.0693069306931];1;771.0;0.347049794199;1170;66;0.06918918918918919;1.054054054054054;48.60864864864864;30.756756756756758;67.41729729729732;11.297297297297296;22.81081081081081;16.45945945945946;1.8691891891891894;0.0;2.5481081081081087;0.03783783783783783;3.19027027027027;0.37945945945945947;2.48;4.702702702702703;7.216216216216216
11286;zone29;7830.713068379679;4879.746446724283;0.0;zone29;S01010233;33;970;705;476;[0.275,0.625,0.1];[0.655629,0.245033,0.099338];[0.52809,0.426966,0.044944];[0.771505,0.212366,0.016129];[0.587209302326,0.093023255814,0.261627906977,0.0581395348837];1;284.0;-0.213781821634;1071;64;0.07636363636363637;0.9696969696969697;51.023030303030296;29.393939393939394;65.93212121212122;10.393939393939394;22.636363636363637;17.21212121212121;1.3139393939393942;0.0;1.695757575757576;0.03878787878787879;3.604848484848485;0.4072727272727271;2.5163636363636366;4.363636363636363;6.151515151515151
11286;zone30;6473.383843181837;4954.519765957263;0.0;zone30;S01010261;6;2551;2373;526;[0.666667,0.270833,0.0625];[0.675841,0.281346,0.042813];[0.75,0.25,0.0];[0.824468,0.164894,0.010638];[0.41,0.06,0.41,0.12];3;176.0;-0.337679921334;939;8;0.05333333333333334;1.0;50.800000000000004;38.666666666666664;68.96;11.166666666666666;23.0;17.333333333333332;2.9466666666666668;0.0;1.5733333333333335;0.04;5.133333333333333;0.5266666666666666;3.013333333333333;2.5;9.5
11286;zone31;4930.642193689802;4959.449818932565;0.0;zone31;S01010266;3;555;474;237;[0.320755,0.556604,0.122642];[0.677273,0.254545,0.068182];[0.5,0.461538,0.038462];[0.534247,0.30137,0.164384];[0.141176470588,0.0588235294118,0.4,0.4];3;536.0;0.0761386922126;1164;6;0.06666666666666667;1.6666666666666667;46.44;22.666666666666668;60.35999999999999;9.666666666666666;21.333333333333332;15.666666666666666;0.0;0.0;1.4000000000000001;0.30666666666666664;2.3866666666666667;0.22666666666666668;1.6266666666666667;6.333333333333333;3.6666666666666665
11286;zone32;5712.5549897826;4979.400336637217;0.0;zone32;S01010270;4;1153;972;817;[0.389831,0.533898,0.076271];[0.70255,0.252125,0.045326];[0.714286,0.272727,0.012987];[0.771552,0.228448,0.0];[0.125,0.0909090909091,0.454545454545,0.329545454545];1;871.0;0.461200629557;1646;7;0.07;0.0;64.09;35.0;67.35;10.5;22.25;21.0;3.4799999999999995;0.0;1.42;0.7300000000000001;2.1599999999999997;0.76;3.31;0.0;7.25
11286;zone33;3394.0723536088512;4934.677182292946;0.0;zone33;S01010282;13;976;841;645;[0.438776,0.520408,0.040816];[0.545732,0.405488,0.04878];[0.521277,0.382979,0.095745];[0.712707,0.232044,0.055249];[0.190954773869,0.070351758794,0.35175879397,0.386934673367];2;350.0;-0.137812028107;1401;22;0.06461538461538462;1.2307692307692308;61.12307692307692;35.92307692307692;76.21846153846154;11.76923076923077;24.0;20.76923076923077;0.5323076923076924;0.0;7.2153846153846155;0.5261538461538462;2.4553846153846157;0.4492307692307692;1.9538461538461536;4.769230769230769;10.076923076923077
11286;zone34;4385.789287498423;4835.237486850067;0.0;zone34;S01010289;15;771;687;380;[0.130952,0.511905,0.357143];[0.262911,0.502347,0.234742];[0.178571,0.464286,0.357143];[0.410256,0.435897,0.153846];[0.058064516129,0.0322580645161,0.245161290323,0.664516129032];5;259.0;-0.241396294863;1247;46;0.12;2.066666666666667;55.48266666666667;45.6;77.74133333333333;10.866666666666667;23.533333333333335;19.066666666666666;2.042666666666667;0.0;5.421333333333333;3.2213333333333334;1.3333333333333333;0.3386666666666667;1.4080000000000004;8.666666666666666;11.666666666666666
11286;zone35;4401.5375624188455;4669.062022109911;0.0;zone35;S01010290;13;546;485;278;[0.198198,0.603604,0.198198];[0.485944,0.449799,0.064257];[0.555556,0.444444,0.0];[0.435897,0.512821,0.051282];[0.10752688172,0.0430107526882,0.494623655914,0.354838709677];3;353.0;-0.133686757747;945;35;0.10461538461538461;1.7692307692307692;46.849230769230765;39.61538461538461;68.02461538461537;9.384615384615385;22.46153846153846;16.23076923076923;1.630769230769231;0.0;4.421538461538462;1.5046153846153845;1.9661538461538461;0.29538461538461536;1.726153846153846;6.846153846153846;9.076923076923077
11286;zone36;4119.983651650423;4281.100418217042;0.0;zone36;S01010291;12;1075;975;481;[0.405594,0.447552,0.146853];[0.627907,0.277132,0.094961];[0.415094,0.433962,0.150943];[0.562963,0.325926,0.111111];[0.197080291971,0.0729927007299,0.445255474453,0.284671532847];3;438.0;-0.0363924713322;979;39;0.12666666666666668;1.3333333333333333;44.13333333333333;36.333333333333336;69.29;11.75;23.333333333333332;14.916666666666666;2.1066666666666665;0.0;3.6;2.74;1.21;0.41333333333333333;1.6833333333333336;5.75;9.166666666666666
11286;zone37;4399.731076226201;4291.6703625917;0.0;zone37;S01010292;10;890;831;409;[0.348214,0.508929,0.142857];[0.477169,0.420091,0.10274];[0.339286,0.446429,0.214286];[0.55814,0.383721,0.05814];[0.128378378378,0.0540540540541,0.398648648649,0.418918918919];4;323.0;-0.168488563048;1086;26;0.096;2.0;52.94;41.6;73.58;10.8;22.9;18.0;2.3039999999999994;0.0;5.164;2.3440000000000003;1.152;0.324;1.336;7.7;10.3
11286;zone38;4514.690807242894;4541.15458266895;0.0;zone38;S01010293;16;839;723;373;[0.51773,0.35461,0.12766];[0.635389,0.262735,0.101877];[0.446809,0.319149,0.234043];[0.514286,0.392857,0.092857];[0.242424242424,0.0606060606061,0.393939393939,0.30303030303];3;290.0;-0.205814991507;964;49;0.115;1.4375;48.7275;36.5;66.6675;10.5;21.9375;16.5;1.8375;0.0;5.5375;0.935;1.295;0.35750000000000004;1.6425;4.375;9.125
11286;zone39;4541.7482834333705;4418.565122351524;0.0;zone39;S01010294;13;690;631;275;[0.242105,0.526316,0.231579];[0.650873,0.214464,0.134663];[0.583333,0.208333,0.208333];[0.414894,0.489362,0.095745];[0.164835164835,0.043956043956,0.494505494505,0.296703296703];4;440.0;-0.0342259463805;1323;45;0.13538461538461538;1.7692307692307692;59.92615384615384;43.84615384615385;81.55692307692308;11.538461538461538;24.153846153846153;20.384615384615383;2.615384615384615;0.0;6.3076923076923075;2.0092307692307694;1.9230769230769236;0.29846153846153844;1.4738461538461538;9.076923076923077;12.461538461538462
11286;zone40;4766.8646917667475;4574.50133624035;0.0;zone40;S01010295;18;974;870;427;[0.384615,0.391026,0.224359];[0.604555,0.310559,0.084886];[0.428571,0.285714,0.285714];[0.390728,0.516556,0.092715];[0.212765957447,0.113475177305,0.297872340426,0.375886524823];4;529.0;0.0680145754747;1015;43;0.08666666666666667;1.3333333333333333;46.26888888888888;39.55555555555556;70.95777777777778;11.055555555555555;23.666666666666668;15.5;2.8266666666666667;0.0;5.7844444444444445;1.1222222222222222;1.4955555555555555;0.37333333333333346;1.8644444444444441;5.444444444444445;10.722222222222221
11286;zone41;4647.752341766679;4736.091736240359;0.0;zone41;S01010296;16;664;560;291;[0.294118,0.423529,0.282353];[0.520913,0.368821,0.110266];[0.375,0.375,0.25];[0.475524,0.391608,0.132867];[0.282828282828,0.111111111111,0.363636363636,0.242424242424];2;856.0;0.444094443477;1173;25;0.0625;1.625;51.82249999999999;35.625;67.39000000000001;9.5;22.125;17.625;1.37;0.0;4.1274999999999995;1.29;1.2999999999999998;0.2575;1.5324999999999998;6.625;7.625
11286;zone42;5522.849421766708;4411.996091240393;0.0;zone42;S01010297;7;1066;894;676;[0.582609,0.382609,0.034783];[0.691824,0.245283,0.062893];[0.540541,0.333333,0.126126];[0.681275,0.270916,0.047809];[0.260563380282,0.140845070423,0.37323943662,0.225352112676];1;504.0;0.0391758595379;1083;10;0.05714285714285714;2.2857142857142856;49.125714285714274;22.571428571428573;69.17714285714285;11.428571428571429;23.142857142857142;16.142857142857142;1.4342857142857142;0.0;0.8742857142857142;0.3885714285714286;2.08;0.3828571428571429;2.0342857142857143;9.285714285714286;4.428571428571429
11286;zone43;4706.481893689814;4143.807995855712;0.0;zone43;S01010298;12;880;677;515;[0.308943,0.479675,0.211382];[0.581395,0.356589,0.062016];[0.539683,0.396825,0.063492];[0.744828,0.193103,0.062069];[0.227272727273,0.0984848484848,0.371212121212,0.30303030303];1;486.0;0.0190902878356;1047;18;0.05666666666666666;1.5;53.416666666666664;30.0;65.28333333333335;9.25;21.583333333333332;18.166666666666668;2.526666666666667;0.0;3.296666666666667;0.3866666666666667;1.0833333333333337;0.36999999999999994;1.4433333333333334;5.833333333333333;6.833333333333333
11286;zone44;4885.424673909578;4209.645754097502;0.0;zone44;S01010299;4;536;404;292;[0.3,0.54,0.16];[0.556701,0.340206,0.103093];[0.458333,0.520833,0.020833];[0.584906,0.283019,0.132075];[0.428571428571,0.0857142857143,0.285714285714,0.2];1;375.0;-0.10827530326;702;7;0.07;1.0;38.28;37.75;70.75;11.75;25.25;12.75;3.4;0.0;1.08;0.76;5.67;0.21000000000000002;3.47;4.75;10.25
11286;zone45;4883.397012115578;4340.414778682246;0.0;zone45;S01010300;21;934;764;478;[0.460784,0.411765,0.127451];[0.664653,0.238671,0.096677];[0.632353,0.323529,0.044118];[0.606383,0.329787,0.06383];[0.3046875,0.125,0.3515625,0.21875];2;513.0;0.0498225801839;660;44;0.0761904761904762;1.3333333333333333;37.158095238095235;30.523809523809526;63.79238095238097;11.095238095238095;22.80952380952381;12.857142857142858;2.9276190476190473;0.0;2.3904761904761904;0.4114285714285715;2.2666666666666666;0.4495238095238096;2.1295238095238096;4.809523809523809;7.476190476190476
11286;zone46;5144.66081966521;4032.769083704074;0.0;zone46;S01010301;6;522;457;283;[0.292683,0.597561,0.109756];[0.57563,0.315126,0.109244];[0.222222,0.703704,0.074074];[0.561798,0.393258,0.044944];[0.214285714286,0.0612244897959,0.459183673469,0.265306122449];4;490.0;0.0232745011966;1874;20;0.12;1.6666666666666667;71.77999999999999;41.0;77.46;9.333333333333334;22.833333333333332;24.166666666666668;4.166666666666667;0.0;1.5266666666666666;0.4466666666666667;4.006666666666667;0.40666666666666673;2.013333333333333;6.5;9.5
11286;zone47;5165.568789180556;4297.038752619699;0.0;zone47;S01010302;24;669;495;388;[0.65625,0.28125,0.0625];[0.6,0.356522,0.043478];[0.716981,0.226415,0.056604];[0.801802,0.18018,0.018018];[0.582417582418,0.0769230769231,0.263736263736,0.0769230769231];1;392.0;-0.0896499889057;1070;50;0.08333333333333333;1.2916666666666667;46.70833333333334;27.041666666666668;69.92333333333333;12.5;23.75;15.833333333333334;2.5500000000000003;0.0;1.25;0.25666666666666665;2.916666666666668;0.39000000000000007;2.6633333333333327;6.208333333333333;6.583333333333333
11286;zone48;5241.140616766716;4139.402270499609;0.0;zone48;S01010303;33;579;387;250;[0.692308,0.153846,0.153846];[0.56701,0.298969,0.134021];[0.630435,0.282609,0.086957];[0.658879,0.285047,0.056075];[0.58407079646,0.106194690265,0.274336283186,0.0353982300885];1;415.0;-0.0627120940391;1411;52;0.06060606060606061;1.5757575757575757;58.93090909090908;25.21212121212121;71.8569696969697;11.515151515151516;23.0;20.181818181818183;2.9599999999999995;0.0;0.8133333333333332;0.1903030303030303;2.3878787878787873;0.2921212121212121;2.573333333333333;6.03030303030303;5.909090909090909
11286;zone49;4853.647576226233;3833.123065294377;0.0;zone49;S01010304;12;542;456;332;[0.323529,0.514706,0.161765];[0.635135,0.25,0.114865];[0.477273,0.522727,0.0];[0.829268,0.109756,0.060976];[0.372340425532,0.0425531914894,0.297872340426,0.287234042553];1;804.0;0.384523850516;1978;19;0.06;1.9166666666666667;79.03666666666666;29.583333333333332;76.76666666666668;9.0;22.333333333333332;27.583333333333332;3.8066666666666653;0.0;0.7633333333333333;0.17333333333333334;2.6366666666666667;0.25;1.7999999999999998;6.583333333333333;6.833333333333333
11286;zone50;4697.410406890209;3639.1027396354093;0.0;zone50;S01010305;7;807;694;478;[0.36036,0.468468,0.171171];[0.553191,0.33617,0.110638];[0.409639,0.301205,0.289157];[0.589888,0.337079,0.073034];[0.198529411765,0.0735294117647,0.382352941176,0.345588235294];1;223.0;-0.28282788147;591;16;0.08571428571428572;1.7142857142857142;39.93714285714287;29.142857142857142;75.50857142857141;14.285714285714286;25.0;13.285714285714286;8.200000000000001;0.0;1.262857142857143;0.34285714285714286;0.7371428571428572;0.4114285714285714;1.7599999999999998;8.571428571428571;10.285714285714286
11286;zone51;4591.3082521834585;3868.367573740388;0.0;zone51;S01010306;13;752;675;449;[0.35625,0.56875,0.075];[0.570588,0.355882,0.073529];[0.283019,0.566038,0.150943];[0.650943,0.330189,0.018868];[0.165680473373,0.0473372781065,0.479289940828,0.307692307692];2;238.0;-0.265781391166;740;43;0.12307692307692308;1.6153846153846154;48.21846153846153;36.61538461538461;68.83999999999999;10.307692307692308;22.53846153846154;16.692307692307693;5.981538461538462;0.0;1.9230769230769234;0.8523076923076923;1.1384615384615384;0.2738461538461538;2.0892307692307694;5.461538461538462;9.384615384615385
11286;zone52;4503.72067559025;3742.2957906521283;0.0;zone52;S01010307;9;821;732;428;[0.189922,0.577519,0.232558];[0.407407,0.487654,0.104938];[0.346154,0.538462,0.115385];[0.71875,0.234375,0.046875];[0.0681818181818,0.0568181818182,0.375,0.5];5;319.0;-0.172537833795;472;29;0.12;1.3333333333333333;39.44888888888889;40.77777777777778;64.8488888888889;9.777777777777779;22.22222222222222;13.0;8.608888888888888;0.0;1.5111111111111113;0.5111111111111112;1.0533333333333335;0.3066666666666667;2.413333333333333;3.6666666666666665;11.333333333333334
11286;zone53;4364.519870735056;4047.768725526131;0.0;zone53;S01010308;9;975;858;480;[0.285714,0.54007,0.174216];[0.511936,0.384615,0.103448];[0.254902,0.411765,0.333333];[0.648352,0.307692,0.043956];[0.0970873786408,0.0631067961165,0.359223300971,0.480582524272];4;257.0;-0.244477582955;1404;20;0.08444444444444445;1.6666666666666667;66.09333333333333;43.666666666666664;72.10666666666665;8.777777777777779;21.77777777777778;22.444444444444443;2.3111111111111113;0.0;3.8399999999999994;1.6177777777777778;1.6844444444444446;0.4000000000000001;0.9644444444444444;6.666666666666667;9.11111111111111
11286;zone54;5381.88771051669;3636.3205112402793;0.0;zone54;S01010309;4;419;356;264;[0.333333,0.25,0.416667];[0.478873,0.422535,0.098592];[0.352941,0.382353,0.264706];[0.705882,0.24183,0.052288];[0.365853658537,0.170731707317,0.390243902439,0.0731707317073];1;0.0;-0.540229885057;2145;7;0.06;0.75;73.7;36.5;83.75;13.75;25.0;25.75;3.33;0.0;3.52;0.3;4.41;0.37;3.13;3.0;11.25
11286;zone55;5657.373406240428;3625.6586165034923;0.0;zone55;S01010310;13;706;540;381;[0.333333,0.238095,0.428571];[0.565517,0.337931,0.096552];[0.54902,0.27451,0.176471];[0.715415,0.256917,0.027668];[0.484848484848,0.151515151515,0.318181818182,0.0454545454545];1;574.0;0.120406534162;833;35;0.09538461538461539;1.0;51.44923076923077;31.846153846153847;64.42153846153847;9.76923076923077;22.0;17.46153846153846;2.1815384615384614;0.0;1.689230769230769;0.44615384615384623;2.6061538461538465;0.3784615384615385;2.56923076923077;3.6923076923076925;6.461538461538462
11286;zone56;5685.425126382168;3318.6970593171873;0.0;zone56;S01010311;22;721;556;351;[0.411765,0.352941,0.235294];[0.472222,0.453704,0.074074];[0.571429,0.404762,0.02381];[0.717949,0.271062,0.010989];[0.565217391304,0.121739130435,0.269565217391,0.0434782608696];1;1534.0;1.22364271569;1712;27;0.04909090909090909;1.0909090909090908;65.91636363636364;27.181818181818183;73.48363636363638;11.318181818181818;23.136363636363637;22.636363636363637;1.5254545454545458;0.0;2.941818181818181;0.2072727272727273;2.789090909090909;0.5381818181818182;2.416363636363636;4.363636363636363;6.863636363636363
11286;zone57;5466.52613028024;3072.1402274564575;0.0;zone57;S01010312;34;868;647;425;[0.117647,0.823529,0.058824];[0.754386,0.22807,0.017544];[0.407407,0.444444,0.148148];[0.804945,0.153846,0.041209];[0.586956521739,0.115942028986,0.268115942029,0.0289855072464];1;685.0;0.247477927043;1597;57;0.06588235294117648;1.3823529411764706;67.39764705882352;26.558823529411764;74.71176470588236;11.176470588235293;23.235294117647058;23.0;1.9658823529411766;0.0;3.0258823529411765;0.03411764705882353;2.5199999999999996;0.36000000000000004;2.2705882352941176;5.294117647058823;7.117647058823529
11286;zone58;5251.7403530303945;3502.549209042501;0.0;zone58;S01010313;16;654;529;356;[0.428571,0.285714,0.285714];[0.6,0.333333,0.066667];[0.433735,0.481928,0.084337];[0.739623,0.162264,0.098113];[0.648351648352,0.131868131868,0.175824175824,0.043956043956];1;565.0;0.109617915218;2130;20;0.045;1.3125;83.6575;29.5;75.85750000000002;9.1875;21.75;29.0625;2.0324999999999998;0.0;2.725;0.1025;2.0100000000000007;0.275;2.3325000000000005;4.5;6.375
11286;zone59;4840.312157862589;3385.4448126102257;0.0;zone59;S01010314;21;1248;1034;550;[0.358209,0.507463,0.134328];[0.514493,0.333333,0.152174];[0.5,0.326923,0.173077];[0.636,0.324,0.04];[0.316901408451,0.133802816901,0.401408450704,0.147887323944];1;637.0;0.192402372167;947;25;0.04571428571428571;1.8571428571428572;54.44571428571428;25.571428571428573;73.67428571428572;11.380952380952381;23.476190476190474;18.761904761904763;4.316190476190476;0.0;3.1695238095238087;0.2285714285714286;0.43809523809523815;0.3276190476190477;1.9485714285714284;7.857142857142857;7.666666666666667
11286;zone60;4536.293429266749;2504.1273706154316;0.0;zone60;S01010315;43;911;678;409;[0.180723,0.554217,0.26506];[0.252632,0.457895,0.289474];[0.208333,0.5,0.291667];[0.55144,0.345679,0.102881];[0.308176100629,0.169811320755,0.358490566038,0.163522012579];2;382.0;-0.100954860853;1573;87;0.07534883720930233;1.441860465116279;62.56744186046511;30.86046511627907;77.78790697674418;12.162790697674419;23.930232558139537;21.488372093023255;3.544186046511628;0.0;2.413023255813954;0.0;3.122790697674418;0.4353488372093023;2.183255813953488;6.534883720930233;8.581395348837209
11286;zone61;4589.6619547948285;2943.195659127726;0.0;zone61;S01010316;25;512;414;304;[0.392157,0.529412,0.078431];[0.62931,0.37069,0.0];[0.439024,0.560976,0.0];[0.775401,0.224599,0.0];[0.439252336449,0.102803738318,0.252336448598,0.205607476636];1;481.0;0.0128180141103;1292;43;0.0656;1.24;54.348800000000004;30.24;68.2288;10.52;22.6;18.32;2.2656000000000005;0.0;2.6527999999999996;0.0272;2.6128000000000005;0.37599999999999995;2.3520000000000003;4.76;7.12
11286;zone63;4421.5566371748755;3071.026327566895;0.0;zone63;S01010318;12;1588;1497;304;[0.5,0.456522,0.043478];[0.469799,0.47651,0.053691];[0.310345,0.37931,0.310345];[0.678571,0.285714,0.035714];[0.36,0.14,0.34,0.16];3;317.0;-0.175110645645;1012;29;0.09;0.5;48.97;43.083333333333336;71.37;10.5;23.416666666666668;16.75;6.533333333333334;0.0;5.5633333333333335;0.3566666666666667;0.8266666666666667;0.49333333333333335;2.5899999999999994;2.75;12.833333333333334
11286;zone64;4173.240913470097;2893.8040771744095;0.0;zone64;S01010319;9;711;624;407;[0.258741,0.608392,0.132867];[0.383399,0.486166,0.130435];[0.439394,0.212121,0.348485];[0.530769,0.384615,0.084615];[0.171974522293,0.0700636942675,0.471337579618,0.286624203822];2;473.0;0.00423719084943;1452;17;0.07555555555555556;1.3333333333333333;63.54666666666666;29.333333333333332;71.64888888888888;10.444444444444445;22.666666666666668;21.77777777777778;2.2800000000000002;0.0;1.9777777777777779;0.10222222222222223;2.6755555555555555;0.30222222222222217;2.1822222222222223;5.333333333333333;6.777777777777778
11286;zone65;3940.1918462749595;2900.8899784533987;0.0;zone65;S01010320;4;675;594;437;[0.257813,0.523438,0.21875];[0.61753,0.298805,0.083665];[0.526316,0.22807,0.245614];[0.805085,0.169492,0.025424];[0.172185430464,0.0662251655629,0.443708609272,0.317880794702];1;646.0;0.202453315259;1146;12;0.12;1.25;46.11;37.75;67.42;10.5;23.0;16.0;2.55;0.0;1.73;0.74;3.69;0.36;2.56;4.25;8.25
11286;zone66;3905.8658739096163;2664.6669636212755;0.0;zone66;S01010321;7;837;634;432;[0.401709,0.555556,0.042735];[0.54717,0.433962,0.018868];[0.45122,0.439024,0.109756];[0.666667,0.271186,0.062147];[0.212328767123,0.0958904109589,0.390410958904,0.301369863014];1;1019.0;0.631764531736;1623;10;0.05714285714285714;1.8571428571428572;72.83428571428571;30.571428571428573;77.78285714285714;10.428571428571429;23.428571428571427;24.857142857142858;4.6571428571428575;0.0;0.942857142857143;0.17714285714285713;1.9142857142857146;0.14285714285714285;1.457142857142857;7.857142857142857;7.0
11286;zone67;3630.3978644730896;3132.1651121578075;0.0;zone67;S01010322;9;1028;914;549;[0.174419,0.549419,0.276163];[0.412399,0.471698,0.115903];[0.298507,0.38806,0.313433];[0.647059,0.323529,0.029412];[0.057268722467,0.0352422907489,0.449339207048,0.458149779736];5;124.0;-0.397569575369;1435;19;0.08;2.3333333333333335;60.044444444444444;33.44444444444444;73.82222222222222;9.555555555555555;22.11111111111111;20.444444444444443;2.102222222222222;0.0;5.20888888888889;0.20444444444444443;1.5466666666666664;0.17777777777777778;1.4666666666666663;9.0;8.666666666666666
11286;zone68;6208.193116766784;3072.425066795916;0.0;zone68;S01010323;4;603;466;377;[0.555556,0.444444,0.0];[0.657143,0.271429,0.071429];[0.642857,0.321429,0.035714];[0.793651,0.166667,0.039683];[0.578431372549,0.166666666667,0.235294117647,0.0196078431373];1;970.0;0.57559463238;941;6;0.05;1.5;48.39;24.5;71.65;12.75;23.75;17.25;5.19;0.0;1.44;0.16;0.73;0.34;1.9799999999999998;6.5;7.25
11286;zone69;6517.651722029823;2240.572579661372;0.0;zone69;S01010324;6;759;566;403;[0.142857,0.571429,0.285714];[0.298077,0.490385,0.211538];[0.333333,0.530864,0.135802];[0.401674,0.414226,0.1841];[0.569620253165,0.101265822785,0.291139240506,0.0379746835443];1;407.0;-0.0721601679586;1802;3;0.02;0.6666666666666666;56.06;24.666666666666668;67.45333333333333;12.166666666666666;23.166666666666668;18.833333333333332;1.5066666666666666;0.0;0.64;0.0;3.7533333333333334;0.36666666666666664;3.106666666666667;2.3333333333333335;5.5
11286;zone70;6038.016041009105;2402.8415869980217;0.0;zone70;S01010325;18;939;666;501;[0.263158,0.368421,0.368421];[0.383838,0.525253,0.090909];[0.253623,0.615942,0.130435];[0.451362,0.463035,0.085603];[0.545454545455,0.238636363636,0.193181818182,0.0227272727273];1;225.0;-0.281126582053;1610;32;0.07111111111111111;0.9444444444444444;52.4088888888889;29.333333333333332;65.17555555555556;10.722222222222221;22.27777777777778;17.944444444444443;1.4666666666666663;0.0;0.6755555555555556;0.0;4.004444444444445;0.3666666666666667;2.6288888888888886;3.7222222222222223;5.722222222222222
11286;zone71;5272.359331052501;2740.775131541117;0.0;zone71;S01010326;39;987;707;494;[0.526316,0.368421,0.105263];[0.522523,0.333333,0.144144];[0.492188,0.3125,0.195313];[0.723514,0.224806,0.05168];[0.54375,0.16875,0.23125,0.05625];1;1389.0;1.05701743376;1062;69;0.06564102564102564;1.4615384615384615;52.666666666666664;25.23076923076923;68.84205128205126;10.717948717948717;22.846153846153847;17.846153846153847;1.0287179487179487;0.0;4.6235897435897435;0.03384615384615385;1.477948717948718;0.4184615384615384;2.0635897435897435;6.051282051282051;6.641025641025641
11286;zone72;4970.167032608406;2501.795090448298;0.0;zone72;S01010327;34;982;660;362;[0.031746,0.507937,0.460317];[0.372881,0.432203,0.194915];[0.289063,0.328125,0.382813];[0.516892,0.347973,0.135135];[0.416184971098,0.21387283237,0.236994219653,0.132947976879];1;470.0;0.000335688704598;970;65;0.07294117647058823;1.2941176470588236;51.881176470588244;28.38235294117647;66.72941176470586;9.852941176470589;22.264705882352942;17.647058823529413;1.6741176470588233;0.0;5.68;0.01764705882352941;0.9505882352941176;0.3341176470588235;2.1752941176470584;4.470588235294118;7.882352941176471
11286;zone73;5975.307390960257;2677.5485166167286;0.0;zone73;S01010328;24;969;706;445;[0.16129,0.5,0.33871];[0.27044,0.471698,0.257862];[0.192547,0.434783,0.372671];[0.338983,0.432203,0.228814];[0.309352517986,0.258992805755,0.280575539568,0.151079136691];2;457.0;-0.0138550124678;1604;49;0.075;1.25;57.50333333333334;33.083333333333336;71.82833333333335;11.083333333333334;23.041666666666668;19.666666666666668;2.246666666666667;0.0;1.3899999999999997;0.0;4.713333333333334;0.3916666666666668;2.31;5.208333333333333;7.833333333333333
11286;zone74;4421.847657862615;2232.0860934321454;0.0;zone74;S01010329;21;573;435;290;[0.368421,0.263158,0.368421];[0.341176,0.470588,0.188235];[0.255814,0.465116,0.27907];[0.52,0.354286,0.125714];[0.438356164384,0.191780821918,0.27397260274,0.0958904109589];2;105.0;-0.418628586414;1667;33;0.06095238095238095;1.0476190476190477;67.28;32.095238095238095;73.38476190476192;10.761904761904763;22.857142857142858;22.857142857142858;3.3714285714285706;0.0;2.525714285714286;0.06476190476190477;2.56;0.3352380952380954;2.5771428571428574;3.7142857142857144;8.095238095238095
