cycle;name;location.x;location.y;location.z;name;dataZone;nm_children;pop;over16;nm_hh;AB_car_prob;C1_car_prob;C2_car_prob;DE_car_prob;prob_social;simd;crimeRate;norm_crime;avg_dis_sh;neigh_play;daily_play_per_child;avg_FSA;avg_walk;daily_OD;zone_mvpa;mvpa_home;mvpa_sc;mvpa_road;mvpa_play_field;mvpa_home_garden;mvpa_park;mvpa_PG;mvpa_amenity;mvpa_shops;mvpa_F_home;mvpa_fsa;mvpa_OD
11286;zone0;8448.90275962388;2625.4515469546564;0.0;zone0;S01010195;19;531;390;212;[0.0,0.481481,0.518519];[0.261538,0.646154,0.092308];[0.12,0.59,0.29];[0.447368,0.368421,0.184211];[0.418918918919,0.283783783784,0.202702702703,0.0945945945946];1;0.0;-0.540229885057;988;38;0.08;1.0526315789473684;34.193684210526314;24.94736842105263;59.195789473684215;10.842105263157896;22.31578947368421;11.421052631578947;1.0421052631578949;0.0;2.534736842105263;0.0;2.608421052631579;0.3578947368421053;2.4989473684210526;3.9473684210526314;5.7368421052631575
11286;zone1;8656.736904000718;2165.9902346445633;0.0;zone1;S01010198;18;1027;748;394;[0.058824,0.529412,0.411765];[0.305785,0.561983,0.132231];[0.219858,0.496454,0.283688];[0.523179,0.331126,0.145695];[0.48623853211,0.229357798165,0.266055045872,0.0183486238532];1;1609.0;1.3102524676;1266;20;0.04222222222222222;1.6111111111111112;38.37555555555556;19.944444444444443;68.58;12.833333333333334;24.27777777777778;13.055555555555555;1.4644444444444444;0.0;2.322222222222222;0.03777777777777778;2.4333333333333327;0.5933333333333333;2.371111111111111;7.277777777777778;5.722222222222222
11286;zone2;8537.588755655543;3024.028900129281;0.0;zone2;S01010201;22;643;453;253;[0.0,0.47619,0.52381];[0.270833,0.3125,0.416667];[0.088,0.48,0.432];[0.296552,0.434483,0.268966];[0.365853658537,0.292682926829,0.292682926829,0.0487804878049];2;219.0;-0.28762447053;763;47;0.08;1.5;29.86363636363637;28.454545454545453;60.17999999999998;11.136363636363637;22.772727272727273;9.954545454545455;1.02;0.0;2.44;0.05272727272727273;3.1600000000000006;0.3018181818181818;1.8200000000000005;5.909090909090909;6.181818181818182
11286;zone3;8059.42097232239;3767.666522351409;0.0;zone3;S01010203;30;671;504;260;[0.090909,0.363636,0.545455];[0.263804,0.460123,0.276074];[0.094828,0.422414,0.482759];[0.183824,0.375,0.441176];[0.272727272727,0.218181818182,0.363636363636,0.145454545455];3;215.0;-0.292668818285;1981;53;0.06666666666666667;1.6;46.53066666666666;27.1;64.80533333333334;10.566666666666666;22.533333333333335;15.8;1.3173333333333332;0.0;1.902666666666667;0.0;3.3;0.32933333333333337;2.064;5.233333333333333;6.033333333333333
11286;zone4;8368.288440296214;3565.498290652094;0.0;zone4;S01010204;30;800;589;381;[0.272727,0.727273,0.0];[0.627451,0.27451,0.098039];[0.444444,0.533333,0.022222];[0.600619,0.321981,0.077399];[0.595041322314,0.157024793388,0.239669421488,0.00826446280992];1;497.0;0.0317745673598;1234;48;0.06266666666666666;1.4666666666666666;40.768;26.233333333333334;65.99866666666667;11.7;23.5;13.833333333333334;1.1146666666666667;0.0;1.8826666666666663;0.00666666666666667;3.5173333333333336;0.39866666666666656;2.150666666666666;6.2;6.066666666666666
11286;zone5;8034.229745798958;3515.110462853287;0.0;zone5;S01010205;15;658;534;355;[0.411765,0.117647,0.470588];[0.465116,0.457364,0.077519];[0.317757,0.588785,0.093458];[0.593458,0.280374,0.126168];[0.466666666667,0.2,0.3,0.0333333333333];1;925.0;0.523434132086;1026;38;0.09866666666666667;0.8;37.87733333333334;33.2;61.696000000000005;11.0;22.333333333333332;12.8;1.5279999999999998;0.0;2.9226666666666663;0.0;3.629333333333333;0.28;2.8906666666666667;2.533333333333333;7.533333333333333
11286;zone6;7457.064719570519;3739.055375726369;0.0;zone6;S01010208;18;903;745;565;[0.30137,0.589041,0.109589];[0.48062,0.457364,0.062016];[0.272727,0.613636,0.113636];[0.66055,0.270642,0.068807];[0.233333333333,0.133333333333,0.461111111111,0.172222222222];1;603.0;0.153385979085;1329;34;0.07333333333333333;1.5555555555555556;39.31333333333334;22.5;62.08444444444446;10.777777777777779;22.61111111111111;13.11111111111111;2.0933333333333337;0.0;1.182222222222222;0.0;2.615555555555556;0.37111111111111117;1.8933333333333333;5.666666666666667;5.333333333333333
11286;zone7;7917.838214725937;1939.334458859395;0.0;zone7;S01010209;24;966;677;468;[0.172414,0.586207,0.241379];[0.333333,0.414966,0.251701];[0.381944,0.458333,0.159722];[0.545852,0.336245,0.117904];[0.337931034483,0.248275862069,0.303448275862,0.110344827586];1;2053.0;1.82052250092;1657;40;0.06666666666666667;1.0;46.279999999999994;31.041666666666668;62.365;9.958333333333334;22.041666666666668;15.625;0.7533333333333333;0.0;2.855;0.0;3.465000000000001;0.3933333333333333;1.9466666666666665;3.5416666666666665;6.541666666666667
11286;zone8;7878.406567747077;2721.2634132011362;0.0;zone8;S01010210;18;885;641;416;[0.173913,0.456522,0.369565];[0.21519,0.5,0.28481];[0.189781,0.386861,0.423358];[0.422111,0.442211,0.135678];[0.394736842105,0.236842105263,0.254385964912,0.114035087719];1;344.0;-0.144253829852;1086;24;0.05111111111111111;1.3888888888888888;34.32222222222222;21.22222222222222;62.128888888888895;12.0;23.22222222222222;11.5;0.6111111111111112;0.0;2.5822222222222226;0.0;2.4244444444444446;0.31333333333333346;2.1822222222222223;5.444444444444445;5.166666666666667
11286;zone9;7785.599648345685;3201.783800714137;0.0;zone9;S01010211;22;858;634;452;[0.147059,0.705882,0.147059];[0.384615,0.452991,0.162393];[0.469565,0.4,0.130435];[0.722656,0.226563,0.050781];[0.473214285714,0.169642857143,0.285714285714,0.0714285714286];1;430.0;-0.0456985893816;1057;39;0.06909090909090909;1.4545454545454546;43.2490909090909;27.772727272727273;65.70727272727272;11.318181818181818;23.136363636363637;14.863636363636363;1.3163636363636366;0.0;2.369090909090909;0.0;3.432727272727273;0.30727272727272736;2.0672727272727274;5.2272727272727275;6.590909090909091
11286;zone10;7580.688680869333;3097.127786881416;0.0;zone10;S01010212;49;1083;779;559;[0.233333,0.633333,0.133333];[0.594771,0.339869,0.065359];[0.465517,0.405172,0.12931];[0.712821,0.269231,0.017949];[0.566037735849,0.138364779874,0.22641509434,0.0691823899371];1;1473.0;1.15298517036;1156;76;0.06040816326530613;1.469387755102041;47.64571428571429;25.632653061224488;66.06448979591836;10.857142857142858;22.551020408163264;16.285714285714285;1.1967346938775512;0.0;2.1444897959183677;0.0;2.89469387755102;0.313469387755102;2.2726530612244895;5.8979591836734695;5.755102040816326
11286;zone11;8065.177293237223;3111.5884965344962;0.0;zone11;S01010213;13;924;657;476;[0.105263,0.684211,0.210526];[0.382609,0.547826,0.069565];[0.218543,0.556291,0.225166];[0.467925,0.483019,0.049057];[0.451327433628,0.221238938053,0.274336283186,0.0530973451327];1;247.0;-0.255840453357;1156;22;0.06461538461538462;1.0;36.62769230769231;24.692307692307693;62.559999999999995;12.153846153846153;23.076923076923077;12.23076923076923;0.9600000000000001;0.0;3.473846153846154;0.0;2.670769230769231;0.47692307692307695;2.443076923076923;3.3846153846153846;6.538461538461538
11286;zone12;7144.994858230166;1947.4125453867302;0.0;zone12;S01010214;27;967;717;396;[0.098592,0.28169,0.619718];[0.197531,0.438272,0.364198];[0.173333,0.493333,0.333333];[0.237069,0.487069,0.275862];[0.361344537815,0.210084033613,0.310924369748,0.117647058824];3;176.0;-0.337854473183;1841;66;0.09481481481481481;1.2962962962962963;47.617777777777775;31.59259259259259;65.13777777777777;10.11111111111111;22.11111111111111;16.185185185185187;2.0;0.0;1.8074074074074076;0.0;3.3318518518518516;0.3081481481481482;2.034074074074074;5.407407407407407;6.703703703703703
11286;zone13;7013.590150664996;2618.495528189446;0.0;zone13;S01010215;24;850;608;492;[0.571429,0.285714,0.142857];[0.5,0.431373,0.068627];[0.382609,0.391304,0.226087];[0.678571,0.269841,0.051587];[0.467289719626,0.140186915888,0.345794392523,0.0467289719626];1;547.0;0.0886083430805;767;57;0.09;1.0;36.516666666666666;32.416666666666664;61.72666666666666;10.583333333333334;22.666666666666668;12.083333333333334;1.4733333333333334;0.0;1.8166666666666667;0.0;4.3533333333333335;0.3833333333333333;2.625;4.041666666666667;7.125
11286;zone14;7332.222205807836;2329.961970144465;0.0;zone14;S01010216;15;621;464;361;[0.6,0.4,0.0];[0.597701,0.356322,0.045977];[0.409091,0.439394,0.151515];[0.709544,0.273859,0.016598];[0.5,0.163265306122,0.265306122449,0.0714285714286];1;600.0;0.150092344085;1295;14;0.03733333333333334;2.2666666666666666;58.90666666666666;21.933333333333334;71.56533333333333;10.2;22.533333333333335;20.266666666666666;1.1173333333333335;0.0;1.2826666666666668;0.0;3.258666666666667;0.2666666666666667;1.616;9.4;5.133333333333334
11286;zone15;7299.833172322251;2625.8610945736937;0.0;zone15;S01010217;33;817;598;406;[0.16129,0.516129,0.322581];[0.565517,0.4,0.034483];[0.5,0.431373,0.068627];[0.702703,0.283784,0.013514];[0.541935483871,0.0967741935484,0.296774193548,0.0645161290323];1;1060.0;0.679274950851;1013;68;0.08;1.0909090909090908;37.836363636363636;25.848484848484848;63.12121212121213;11.696969696969697;23.060606060606062;12.787878787878787;0.7733333333333333;0.0;2.618181818181818;0.0;2.924848484848485;0.45212121212121215;2.501818181818182;4.606060606060606;5.848484848484849
11286;zone16;7142.953643082513;3018.5401822929393;0.0;zone16;S01010218;31;1018;790;587;[0.425532,0.404255,0.170213];[0.392523,0.453271,0.154206];[0.358209,0.492537,0.149254];[0.589124,0.335347,0.075529];[0.424657534247,0.109589041096,0.369863013699,0.0958904109589];1;557.0;0.101026678737;501;64;0.07741935483870968;1.2258064516129032;27.788387096774198;27.741935483870968;59.60645161290321;11.838709677419354;22.741935483870968;9.32258064516129;0.9948387096774194;0.0;1.8516129032258066;0.0;3.6554838709677426;0.4438709677419354;2.4516129032258065;4.67741935483871;6.0
11286;zone17;6738.8937706128745;4298.8917997019325;0.0;zone17;S01010219;21;503;382;274;[0.695652,0.304348,0.0];[0.758621,0.215517,0.025862];[0.761905,0.166667,0.071429];[0.781609,0.195402,0.022989];[0.41935483871,0.0752688172043,0.408602150538,0.0967741935484];2;184.0;-0.327838932938;1205;42;0.07809523809523809;1.1904761904761905;41.99809523809523;32.38095238095238;65.44571428571427;10.571428571428571;22.61904761904762;13.952380952380953;3.63047619047619;0.0;3.9161904761904767;0.01904761904761905;1.961904761904762;0.24571428571428577;2.375238095238095;4.333333333333333;9.095238095238095
11286;zone18;5915.780765415368;4211.222876105162;0.0;zone18;S01010220;7;476;433;279;[0.181159,0.608696,0.210145];[0.404255,0.531915,0.06383];[0.227273,0.704545,0.068182];[0.448276,0.482759,0.068966];[0.154545454545,0.0636363636364,0.318181818182,0.463636363636];5;267.0;-0.232306706325;1008;16;0.09142857142857143;1.4285714285714286;33.87428571428571;17.142857142857142;60.080000000000005;11.428571428571429;22.571428571428573;11.428571428571429;1.8685714285714288;0.0;2.2285714285714286;0.17714285714285713;0.7657142857142858;0.47428571428571425;2.422857142857143;4.571428571428571;4.714285714285714
11286;zone19;6341.0811208317455;3913.8398648988496;0.0;zone19;S01010221;13;546;394;260;[0.6,0.4,0.0];[0.557377,0.409836,0.032787];[0.538462,0.323077,0.138462];[0.699387,0.257669,0.042945];[0.609375,0.140625,0.203125,0.046875];1;635.0;0.19005459739;1373;26;0.07692307692307693;1.1538461538461537;51.27076923076924;25.46153846153846;69.43384615384616;11.076923076923077;23.076923076923077;17.384615384615383;3.0676923076923077;0.0;4.175384615384615;0.0;0.9784615384615385;0.34153846153846157;2.572307692307692;4.846153846153846;7.769230769230769
11286;zone20;7001.213463613622;4053.9957950241624;0.0;zone20;S01010222;15;492;414;285;[0.142857,0.5,0.357143];[0.432432,0.459459,0.108108];[0.348624,0.522936,0.12844];[0.747899,0.235294,0.016807];[0.345238095238,0.214285714286,0.309523809524,0.130952380952];1;377.0;-0.105830277325;1883;25;0.06666666666666667;1.0666666666666667;52.36266666666667;26.666666666666668;63.984;9.733333333333333;21.666666666666668;18.066666666666666;2.3519999999999994;0.0;1.7146666666666666;0.01066666666666667;2.042666666666667;0.328;2.4933333333333336;3.8;5.6
11286;zone21;6986.8418912765155;3434.1450308482026;0.0;zone21;S01010223;4;556;462;337;[0.076923,0.538462,0.384615];[0.567797,0.330508,0.101695];[0.472222,0.444444,0.083333];[0.584699,0.36612,0.04918];[0.432432432432,0.162162162162,0.324324324324,0.0810810810811];1;439.0;-0.0353356041414;1628;10;0.1;3.25;73.07;19.5;79.83;10.25;23.5;24.75;1.51;0.0;0.7;0.0;2.14;0.28;1.17;14.0;3.75
11286;zone22;6247.397837456437;3329.661273309237;0.0;zone22;S01010224;40;1036;727;469;[0.405405,0.540541,0.054054];[0.592593,0.274074,0.133333];[0.418803,0.504274,0.076923];[0.768421,0.202632,0.028947];[0.506097560976,0.140243902439,0.268292682927,0.0853658536585];1;1004.0;0.614259332793;962;62;0.061;1.125;41.775000000000006;20.575;59.80400000000001;10.25;22.05;14.25;2.3099999999999996;0.0;1.6740000000000002;0.036;1.112;0.34600000000000003;2.4589999999999996;3.8;4.6
11286;zone23;7827.985844039554;4105.4701191949;0.0;zone23;S01010225;33;812;636;431;[0.25,0.634615,0.115385];[0.469072,0.43299,0.097938];[0.54023,0.413793,0.045977];[0.672065,0.234818,0.093117];[0.385185185185,0.125925925926,0.325925925926,0.162962962963];1;1006.0;0.616572011517;1632;55;0.06545454545454546;1.6363636363636365;47.82060606060606;25.151515151515152;67.72606060606061;11.151515151515152;22.757575757575758;16.363636363636363;1.6193939393939394;0.0;2.669090909090909;0.0;2.1563636363636363;0.2945454545454546;1.8618181818181823;7.090909090909091;5.9393939393939394
11286;zone24;7040.363001382077;4481.052780471187;0.0;zone24;S01010226;40;816;565;394;[0.454545,0.242424,0.30303];[0.715385,0.2,0.084615];[0.540541,0.405405,0.054054];[0.766917,0.18797,0.045113];[0.503355704698,0.201342281879,0.221476510067,0.0738255033557];2;422.0;-0.0548014077425;1221;114;0.108;1.075;53.021;36.65;72.70899999999997;11.2;23.35;18.075;4.104;0.0;4.913999999999999;0.051;1.9929999999999999;0.43699999999999994;2.4440000000000004;4.4;10.525
11286;zone25;6847.772309074456;4638.663588163389;0.0;zone25;S01010227;39;692;454;294;[0.413793,0.413793,0.172414];[0.704545,0.238636,0.056818];[0.654545,0.345455,0.0];[0.810606,0.159091,0.030303];[0.672268907563,0.0924369747899,0.159663865546,0.0756302521008];4;0.0;-0.540229885057;1224;132;0.12717948717948718;1.205128205128205;48.56512820512819;42.282051282051285;71.28923076923076;10.487179487179487;22.974358974358974;16.512820512820515;2.8687179487179475;0.0;7.510769230769233;0.01230769230769231;2.3046153846153854;0.3446153846153847;2.4246153846153837;4.102564102564102;12.179487179487179
11286;zone26;8241.816993110848;4572.457656401622;0.0;zone26;S01010229;30;1016;787;508;[0.1,0.625,0.275];[0.350877,0.350877,0.298246];[0.348315,0.477528,0.174157];[0.565217,0.310559,0.124224];[0.420731707317,0.213414634146,0.292682926829,0.0731707317073];1;395.0;-0.0859445809966;1151;35;0.04533333333333334;1.7;41.62133333333332;14.0;64.896;12.066666666666666;23.233333333333334;14.166666666666666;1.2839999999999998;0.0;2.5319999999999996;0.00666666666666667;1.0079999999999998;0.4293333333333334;2.2600000000000002;6.0;4.4
11286;zone27;7458.320056766788;4680.341251240345;0.0;zone27;S01010230;24;1005;772;577;[0.314286,0.628571,0.057143];[0.703883,0.296117,0.0];[0.727273,0.218182,0.054545];[0.71831,0.24507,0.03662];[0.517857142857,0.136904761905,0.267857142857,0.077380952381];1;846.0;0.433218203459;1039;34;0.055;1.4166666666666667;44.88333333333333;26.958333333333332;69.83166666666666;11.833333333333334;23.5;15.083333333333334;1.5783333333333334;0.0;4.68;0.04500000000000001;1.9033333333333333;0.4750000000000001;2.3099999999999996;6.583333333333333;7.75
11286;zone28;7569.802990100143;4917.458811240416;0.0;zone28;S01010232;37;1074;792;485;[0.457143,0.485714,0.057143];[0.557292,0.338542,0.104167];[0.492063,0.333333,0.174603];[0.654229,0.251244,0.094527];[0.470297029703,0.153465346535,0.306930693069,0.0693069306931];1;771.0;0.347049794199;995;53;0.05513513513513513;1.2432432432432432;43.29405405405405;27.594594594594593;64.49405405405405;11.08108108108108;22.675675675675677;14.675675675675675;1.3902702702702703;0.0;3.65945945945946;0.02486486486486487;2.409729729729729;0.31567567567567567;2.1556756756756763;4.4324324324324325;6.945945945945946
11286;zone29;7830.713068379679;4879.746446724283;0.0;zone29;S01010233;33;970;705;476;[0.275,0.625,0.1];[0.655629,0.245033,0.099338];[0.52809,0.426966,0.044944];[0.771505,0.212366,0.016129];[0.587209302326,0.093023255814,0.261627906977,0.0581395348837];1;284.0;-0.213781821634;1287;37;0.04363636363636364;1.2121212121212122;53.199999999999996;26.09090909090909;67.97939393939392;10.969696969696969;22.90909090909091;18.242424242424242;1.1187878787878789;0.0;2.341818181818182;0.05696969696969697;2.913939393939394;0.44;2.078787878787879;5.151515151515151;5.96969696969697
11286;zone30;6473.383843181837;4954.519765957263;0.0;zone30;S01010261;6;2551;2373;526;[0.666667,0.270833,0.0625];[0.675841,0.281346,0.042813];[0.75,0.25,0.0];[0.824468,0.164894,0.010638];[0.41,0.06,0.41,0.12];3;176.0;-0.337679921334;2038;6;0.04;1.0;78.64666666666666;32.333333333333336;77.0;10.333333333333334;23.333333333333332;26.666666666666668;2.5;0.0;1.9799999999999998;0.0;3.0933333333333337;0.52;2.76;4.5;7.0
11286;zone31;4930.642193689802;4959.449818932565;0.0;zone31;S01010266;3;555;474;237;[0.320755,0.556604,0.122642];[0.677273,0.254545,0.068182];[0.5,0.461538,0.038462];[0.534247,0.30137,0.164384];[0.141176470588,0.0588235294118,0.4,0.4];3;536.0;0.0761386922126;1069;2;0.02666666666666667;3.0;49.57333333333332;25.333333333333332;66.21333333333332;9.666666666666666;22.0;17.0;0.7733333333333333;0.0;1.7466666666666668;0.02666666666666667;2.48;0.4266666666666667;1.1466666666666667;9.333333333333334;4.666666666666667
11286;zone32;5712.5549897826;4979.400336637217;0.0;zone32;S01010270;4;1153;972;817;[0.389831,0.533898,0.076271];[0.70255,0.252125,0.045326];[0.714286,0.272727,0.012987];[0.771552,0.228448,0.0];[0.125,0.0909090909091,0.454545454545,0.329545454545];1;871.0;0.461200629557;1849;5;0.05;2.5;76.74000000000001;19.75;75.56;10.0;22.0;26.0;3.29;0.0;0.79;0.05;0.89;0.29000000000000004;1.3299999999999998;9.0;4.75
11286;zone33;3394.0723536088512;4934.677182292946;0.0;zone33;S01010282;13;976;841;645;[0.438776,0.520408,0.040816];[0.545732,0.405488,0.04878];[0.521277,0.382979,0.095745];[0.712707,0.232044,0.055249];[0.190954773869,0.070351758794,0.35175879397,0.386934673367];2;350.0;-0.137812028107;1266;20;0.05846153846153846;1.2307692307692308;54.54461538461539;27.23076923076923;73.86153846153846;11.846153846153847;23.76923076923077;18.923076923076923;1.2;0.0;6.781538461538461;0.6184615384615385;0.8584615384615385;0.42461538461538456;2.4523076923076923;5.461538461538462;8.923076923076923
11286;zone34;4385.789287498423;4835.237486850067;0.0;zone34;S01010289;15;771;687;380;[0.130952,0.511905,0.357143];[0.262911,0.502347,0.234742];[0.178571,0.464286,0.357143];[0.410256,0.435897,0.153846];[0.058064516129,0.0322580645161,0.245161290323,0.664516129032];5;259.0;-0.241396294863;1238;50;0.13066666666666665;1.6666666666666667;35.616;40.266666666666666;63.455999999999996;10.2;21.8;12.2;1.3653333333333335;0.0;5.256;1.0239999999999998;2.2479999999999998;0.46133333333333343;1.4160000000000001;5.666666666666667;9.533333333333333
11286;zone35;4401.5375624188455;4669.062022109911;0.0;zone35;S01010290;13;546;485;278;[0.198198,0.603604,0.198198];[0.485944,0.449799,0.064257];[0.555556,0.444444,0.0];[0.435897,0.512821,0.051282];[0.10752688172,0.0430107526882,0.494623655914,0.354838709677];3;353.0;-0.133686757747;1114;36;0.10461538461538461;2.3076923076923075;51.667692307692306;35.61538461538461;69.49846153846153;9.384615384615385;21.76923076923077;17.692307692307693;1.461538461538462;0.0;5.44923076923077;0.7107692307692308;1.0492307692307692;0.36307692307692313;1.255384615384615;8.307692307692308;8.23076923076923
11286;zone36;4119.983651650423;4281.100418217042;0.0;zone36;S01010291;12;1075;975;481;[0.405594,0.447552,0.146853];[0.627907,0.277132,0.094961];[0.415094,0.433962,0.150943];[0.562963,0.325926,0.111111];[0.197080291971,0.0729927007299,0.445255474453,0.284671532847];3;438.0;-0.0363924713322;1109;26;0.08;1.8333333333333333;43.75999999999999;33.166666666666664;66.64;9.916666666666666;22.083333333333332;14.916666666666666;1.4766666666666666;0.0;7.286666666666666;0.34;0.7033333333333333;0.26333333333333336;1.3600000000000003;6.5;9.25
11286;zone37;4399.731076226201;4291.6703625917;0.0;zone37;S01010292;10;890;831;409;[0.348214,0.508929,0.142857];[0.477169,0.420091,0.10274];[0.339286,0.446429,0.214286];[0.55814,0.383721,0.05814];[0.128378378378,0.0540540540541,0.398648648649,0.418918918919];4;323.0;-0.168488563048;1206;22;0.08;0.9;46.084;39.6;63.836;9.8;21.5;15.4;2.9720000000000004;0.0;4.5920000000000005;0.624;1.1360000000000001;0.42400000000000004;2.1;3.7;8.7
11286;zone38;4514.690807242894;4541.15458266895;0.0;zone38;S01010293;16;839;723;373;[0.51773,0.35461,0.12766];[0.635389,0.262735,0.101877];[0.446809,0.319149,0.234043];[0.514286,0.392857,0.092857];[0.242424242424,0.0606060606061,0.393939393939,0.30303030303];3;290.0;-0.205814991507;1233;38;0.0925;1.5;47.165000000000006;31.875;69.955;11.4375;22.6875;16.25;2.5025;0.0;4.03;0.22249999999999998;2.2349999999999994;0.3375;1.9550000000000003;6.5625;8.5625
11286;zone39;4541.7482834333705;4418.565122351524;0.0;zone39;S01010294;13;690;631;275;[0.242105,0.526316,0.231579];[0.650873,0.214464,0.134663];[0.583333,0.208333,0.208333];[0.414894,0.489362,0.095745];[0.164835164835,0.043956043956,0.494505494505,0.296703296703];4;440.0;-0.0342259463805;930;27;0.08307692307692308;2.0;45.683076923076925;30.307692307692307;69.5323076923077;10.923076923076923;23.23076923076923;15.384615384615385;2.88;0.0;2.307692307692307;0.15692307692307692;2.9323076923076923;0.4092307692307692;1.5507692307692307;7.846153846153846;7.769230769230769
11286;zone40;4766.8646917667475;4574.50133624035;0.0;zone40;S01010295;18;974;870;427;[0.384615,0.391026,0.224359];[0.604555,0.310559,0.084886];[0.428571,0.285714,0.285714];[0.390728,0.516556,0.092715];[0.212765957447,0.113475177305,0.297872340426,0.375886524823];4;529.0;0.0680145754747;1025;48;0.10444444444444445;1.6111111111111112;44.53333333333333;40.333333333333336;67.88222222222223;9.944444444444445;22.11111111111111;15.222222222222221;1.64;0.0;6.6977777777777785;0.7000000000000001;1.4999999999999998;0.32666666666666677;1.891111111111111;5.944444444444445;10.055555555555555
11286;zone41;4647.752341766679;4736.091736240359;0.0;zone41;S01010296;16;664;560;291;[0.294118,0.423529,0.282353];[0.520913,0.368821,0.110266];[0.375,0.375,0.25];[0.475524,0.391608,0.132867];[0.282828282828,0.111111111111,0.363636363636,0.242424242424];2;856.0;0.444094443477;1163;39;0.0875;1.3125;34.4125;36.375;63.17250000000001;11.0;22.5;11.4375;2.7125000000000004;0.0;3.4074999999999998;0.8450000000000001;2.4075000000000006;0.4925000000000001;1.8375000000000004;4.9375;8.9375
11286;zone42;5522.849421766708;4411.996091240393;0.0;zone42;S01010297;7;1066;894;676;[0.582609,0.382609,0.034783];[0.691824,0.245283,0.062893];[0.540541,0.333333,0.126126];[0.681275,0.270916,0.047809];[0.260563380282,0.140845070423,0.37323943662,0.225352112676];1;504.0;0.0391758595379;1076;8;0.04571428571428571;1.7142857142857142;39.47428571428571;26.142857142857142;69.25714285714285;13.142857142857142;23.857142857142858;13.571428571428571;1.9542857142857142;0.0;1.2514285714285713;0.42285714285714293;3.051428571428571;0.5542857142857144;2.0342857142857143;7.714285714285714;6.428571428571429
11286;zone43;4706.481893689814;4143.807995855712;0.0;zone43;S01010298;12;880;677;515;[0.308943,0.479675,0.211382];[0.581395,0.356589,0.062016];[0.539683,0.396825,0.063492];[0.744828,0.193103,0.062069];[0.227272727273,0.0984848484848,0.371212121212,0.30303030303];1;486.0;0.0190902878356;1052;18;0.05666666666666666;2.25;47.95333333333334;21.166666666666668;74.93333333333332;13.416666666666666;24.083333333333332;16.083333333333332;1.3633333333333333;0.0;2.76;0.5233333333333333;1.9533333333333331;0.44666666666666677;2.03;10.5;6.083333333333333
11286;zone44;4885.424673909578;4209.645754097502;0.0;zone44;S01010299;4;536;404;292;[0.3,0.54,0.16];[0.556701,0.340206,0.103093];[0.458333,0.520833,0.020833];[0.584906,0.283019,0.132075];[0.428571428571,0.0857142857143,0.285714285714,0.2];1;375.0;-0.10827530326;690;12;0.12;0.5;29.349999999999998;26.25;77.75;18.5;28.25;9.75;5.6499999999999995;0.0;1.23;0.69;3.7;0.42;4.7;3.25;10.75
11286;zone45;4883.397012115578;4340.414778682246;0.0;zone45;S01010300;21;934;764;478;[0.460784,0.411765,0.127451];[0.664653,0.238671,0.096677];[0.632353,0.323529,0.044118];[0.606383,0.329787,0.06383];[0.3046875,0.125,0.3515625,0.21875];2;513.0;0.0498225801839;645;43;0.08;1.5238095238095237;34.352380952380955;26.0;66.01333333333334;12.285714285714286;23.857142857142858;11.476190476190476;1.9161904761904762;0.0;2.1066666666666665;0.3790476190476191;2.8647619047619046;0.3085714285714286;2.388571428571429;6.666666666666667;6.809523809523809
11286;zone46;5144.66081966521;4032.769083704074;0.0;zone46;S01010301;6;522;457;283;[0.292683,0.597561,0.109756];[0.57563,0.315126,0.109244];[0.222222,0.703704,0.074074];[0.561798,0.393258,0.044944];[0.214285714286,0.0612244897959,0.459183673469,0.265306122449];4;490.0;0.0232745011966;1264;13;0.08666666666666667;1.1666666666666667;52.24666666666666;35.666666666666664;63.166666666666664;9.0;21.5;17.666666666666668;4.56;0.0;0.17333333333333334;0.06666666666666667;1.9999999999999998;0.3066666666666667;2.2533333333333334;4.0;6.166666666666667
11286;zone47;5165.568789180556;4297.038752619699;0.0;zone47;S01010302;24;669;495;388;[0.65625,0.28125,0.0625];[0.6,0.356522,0.043478];[0.716981,0.226415,0.056604];[0.801802,0.18018,0.018018];[0.582417582418,0.0769230769231,0.263736263736,0.0769230769231];1;392.0;-0.0896499889057;1281;56;0.08833333333333333;1.1666666666666667;41.19833333333333;30.666666666666668;64.525;11.375;23.083333333333332;14.041666666666666;2.625;0.0;0.9816666666666666;0.5966666666666668;3.0500000000000003;0.49166666666666675;2.6616666666666675;3.9166666666666665;6.833333333333333
11286;zone48;5241.140616766716;4139.402270499609;0.0;zone48;S01010303;33;579;387;250;[0.692308,0.153846,0.153846];[0.56701,0.298969,0.134021];[0.630435,0.282609,0.086957];[0.658879,0.285047,0.056075];[0.58407079646,0.106194690265,0.274336283186,0.0353982300885];1;415.0;-0.0627120940391;1846;53;0.06181818181818182;1.7272727272727273;56.151515151515135;22.90909090909091;72.72727272727273;11.636363636363637;23.575757575757574;19.242424242424242;3.513939393939394;0.0;0.8060606060606061;0.20484848484848486;1.7503030303030302;0.2496969696969697;2.1733333333333333;7.636363636363637;5.7272727272727275
11286;zone49;4853.647576226233;3833.123065294377;0.0;zone49;S01010304;12;542;456;332;[0.323529,0.514706,0.161765];[0.635135,0.25,0.114865];[0.477273,0.522727,0.0];[0.829268,0.109756,0.060976];[0.372340425532,0.0425531914894,0.297872340426,0.287234042553];1;804.0;0.384523850516;1718;17;0.05666666666666666;1.6666666666666667;64.08666666666667;26.583333333333332;72.35000000000001;10.833333333333334;22.75;21.5;2.8233333333333337;0.0;1.2333333333333334;0.52;1.5466666666666666;0.2866666666666667;1.7766666666666666;7.333333333333333;5.666666666666667
11286;zone50;4697.410406890209;3639.1027396354093;0.0;zone50;S01010305;7;807;694;478;[0.36036,0.468468,0.171171];[0.553191,0.33617,0.110638];[0.409639,0.301205,0.289157];[0.589888,0.337079,0.073034];[0.198529411765,0.0735294117647,0.382352941176,0.345588235294];1;223.0;-0.28282788147;470;14;0.07428571428571429;1.8571428571428572;34.29714285714285;29.142857142857142;59.27428571428572;9.142857142857142;21.857142857142858;11.285714285714286;1.6799999999999997;0.0;1.4000000000000001;2.1771428571428575;0.27999999999999997;0.2342857142857143;1.4342857142857142;7.571428571428571;5.0
11286;zone51;4591.3082521834585;3868.367573740388;0.0;zone51;S01010306;13;752;675;449;[0.35625,0.56875,0.075];[0.570588,0.355882,0.073529];[0.283019,0.566038,0.150943];[0.650943,0.330189,0.018868];[0.165680473373,0.0473372781065,0.479289940828,0.307692307692];2;238.0;-0.265781391166;777;32;0.09846153846153846;1.6923076923076923;44.16307692307693;32.69230769230769;68.88923076923076;11.538461538461538;23.23076923076923;15.0;3.9076923076923085;0.0;1.5846153846153845;2.4061538461538463;0.3938461538461538;0.32923076923076927;1.6769230769230772;6.846153846153846;7.846153846153846
11286;zone52;4503.72067559025;3742.2957906521283;0.0;zone52;S01010307;9;821;732;428;[0.189922,0.577519,0.232558];[0.407407,0.487654,0.104938];[0.346154,0.538462,0.115385];[0.71875,0.234375,0.046875];[0.0681818181818,0.0568181818182,0.375,0.5];5;319.0;-0.172537833795;468;23;0.09777777777777778;2.2222222222222223;43.08444444444444;40.0;77.12444444444446;12.444444444444445;24.666666666666668;14.444444444444445;4.222222222222222;0.0;1.6355555555555557;3.6355555555555554;0.8888888888888888;0.1688888888888889;1.3644444444444443;11.555555555555555;9.88888888888889
11286;zone53;4364.519870735056;4047.768725526131;0.0;zone53;S01010308;9;975;858;480;[0.285714,0.54007,0.174216];[0.511936,0.384615,0.103448];[0.254902,0.411765,0.333333];[0.648352,0.307692,0.043956];[0.0970873786408,0.0631067961165,0.359223300971,0.480582524272];4;257.0;-0.244477582955;1087;22;0.08444444444444445;2.3333333333333335;64.06222222222223;34.77777777777778;72.12;9.0;21.666666666666668;21.88888888888889;2.4533333333333336;0.0;1.6488888888888888;1.7733333333333334;1.1466666666666667;0.3377777777777778;0.9244444444444443;9.11111111111111;6.666666666666667
11286;zone54;5381.88771051669;3636.3205112402793;0.0;zone54;S01010309;4;419;356;264;[0.333333,0.25,0.416667];[0.478873,0.422535,0.098592];[0.352941,0.382353,0.264706];[0.705882,0.24183,0.052288];[0.365853658537,0.170731707317,0.390243902439,0.0731707317073];1;0.0;-0.540229885057;1541;8;0.07;1.0;63.779999999999994;22.5;70.06;11.25;22.75;22.0;1.69;0.0;1.95;0.0;2.0300000000000002;0.21000000000000002;2.85;3.75;5.25
11286;zone55;5657.373406240428;3625.6586165034923;0.0;zone55;S01010310;13;706;540;381;[0.333333,0.238095,0.428571];[0.565517,0.337931,0.096552];[0.54902,0.27451,0.176471];[0.715415,0.256917,0.027668];[0.484848484848,0.151515151515,0.318181818182,0.0454545454545];1;574.0;0.120406534162;798;18;0.05230769230769231;1.3076923076923077;47.51692307692307;27.76923076923077;63.39384615384616;10.076923076923077;21.923076923076923;16.076923076923077;2.0707692307692303;0.0;1.6338461538461537;0.0;2.676923076923077;0.29230769230769227;2.2830769230769232;4.846153846153846;5.923076923076923
11286;zone56;5685.425126382168;3318.6970593171873;0.0;zone56;S01010311;22;721;556;351;[0.411765,0.352941,0.235294];[0.472222,0.453704,0.074074];[0.571429,0.404762,0.02381];[0.717949,0.271062,0.010989];[0.565217391304,0.121739130435,0.269565217391,0.0434782608696];1;1534.0;1.22364271569;1523;28;0.05090909090909091;1.0454545454545454;56.20909090909092;23.454545454545453;64.93454545454546;10.181818181818182;22.09090909090909;19.045454545454547;1.4000000000000001;0.0;2.292727272727273;0.01272727272727273;1.9418181818181817;0.330909090909091;2.4745454545454546;3.4545454545454546;5.136363636363637
11286;zone57;5466.52613028024;3072.1402274564575;0.0;zone57;S01010312;34;868;647;425;[0.117647,0.823529,0.058824];[0.754386,0.22807,0.017544];[0.407407,0.444444,0.148148];[0.804945,0.153846,0.041209];[0.586956521739,0.115942028986,0.268115942029,0.0289855072464];1;685.0;0.247477927043;1673;44;0.04705882352941176;1.5294117647058822;58.13294117647059;26.41176470588235;71.98588235294118;11.058823529411764;23.176470588235293;19.941176470588236;1.428235294117647;0.0;2.650588235294119;0.07882352941176471;2.6011764705882356;0.35882352941176465;2.2552941176470584;6.735294117647059;6.323529411764706
11286;zone58;5251.7403530303945;3502.549209042501;0.0;zone58;S01010313;16;654;529;356;[0.428571,0.285714,0.285714];[0.6,0.333333,0.066667];[0.433735,0.481928,0.084337];[0.739623,0.162264,0.098113];[0.648351648352,0.131868131868,0.175824175824,0.043956043956];1;565.0;0.109617915218;2112;29;0.0725;1.0;71.3925;28.0625;75.48749999999998;11.6875;23.6875;24.5625;2.0425;0.0;2.3549999999999995;0.07500000000000001;2.9375;0.5075;2.3300000000000005;3.875;6.875
11286;zone59;4840.312157862589;3385.4448126102257;0.0;zone59;S01010314;21;1248;1034;550;[0.358209,0.507463,0.134328];[0.514493,0.333333,0.152174];[0.5,0.326923,0.173077];[0.636,0.324,0.04];[0.316901408451,0.133802816901,0.401408450704,0.147887323944];1;637.0;0.192402372167;1132;30;0.05714285714285714;0.9047619047619048;44.64952380952381;29.238095238095237;64.27619047619048;10.80952380952381;22.666666666666668;15.142857142857142;3.5009523809523815;0.0;2.5752380952380953;0.8;0.700952380952381;0.36190476190476195;2.7371428571428567;3.2857142857142856;7.190476190476191
11286;zone60;4536.293429266749;2504.1273706154316;0.0;zone60;S01010315;43;911;678;409;[0.180723,0.554217,0.26506];[0.252632,0.457895,0.289474];[0.208333,0.5,0.291667];[0.55144,0.345679,0.102881];[0.308176100629,0.169811320755,0.358490566038,0.163522012579];2;382.0;-0.100954860853;1683;73;0.06697674418604652;1.302325581395349;41.40744186046511;25.651162790697676;67.12186046511626;11.953488372093023;23.558139534883722;13.930232558139535;2.7599999999999993;0.0;2.1730232558139533;0.00465116279069767;2.5051162790697665;0.4297674418604649;2.477209302325582;5.604651162790698;7.046511627906977
11286;zone61;4589.6619547948285;2943.195659127726;0.0;zone61;S01010316;25;512;414;304;[0.392157,0.529412,0.078431];[0.62931,0.37069,0.0];[0.439024,0.560976,0.0];[0.775401,0.224599,0.0];[0.439252336449,0.102803738318,0.252336448598,0.205607476636];1;481.0;0.0128180141103;1351;44;0.0688;1.64;44.8416;24.32;69.6832;12.12;23.76;15.28;1.72;0.0;2.2960000000000007;0.04800000000000001;2.8512;0.42719999999999997;2.2911999999999995;7.12;6.56
11286;zone63;4421.5566371748755;3071.026327566895;0.0;zone63;S01010318;12;1588;1497;304;[0.5,0.456522,0.043478];[0.469799,0.47651,0.053691];[0.310345,0.37931,0.310345];[0.678571,0.285714,0.035714];[0.36,0.14,0.34,0.16];3;317.0;-0.175110645645;1160;33;0.10666666666666667;1.3333333333333333;33.736666666666665;31.833333333333332;63.43;10.583333333333334;22.166666666666668;11.0;4.62;0.0;3.1233333333333335;0.43;1.0433333333333334;0.3566666666666667;1.92;6.166666666666667;8.666666666666666
11286;zone64;4173.240913470097;2893.8040771744095;0.0;zone64;S01010319;9;711;624;407;[0.258741,0.608392,0.132867];[0.383399,0.486166,0.130435];[0.439394,0.212121,0.348485];[0.530769,0.384615,0.084615];[0.171974522293,0.0700636942675,0.471337579618,0.286624203822];2;473.0;0.00423719084943;1509;21;0.08888888888888889;1.0;37.480000000000004;25.88888888888889;66.88888888888889;13.11111111111111;24.444444444444443;12.666666666666666;3.0933333333333333;0.0;2.106666666666667;0.13333333333333333;2.8488888888888884;0.2977777777777778;2.862222222222222;3.7777777777777777;7.666666666666667
11286;zone65;3940.1918462749595;2900.8899784533987;0.0;zone65;S01010320;4;675;594;437;[0.257813,0.523438,0.21875];[0.61753,0.298805,0.083665];[0.526316,0.22807,0.245614];[0.805085,0.169492,0.025424];[0.172185430464,0.0662251655629,0.443708609272,0.317880794702];1;646.0;0.202453315259;1202;5;0.05;2.75;52.25;21.5;71.2;10.25;23.0;17.75;3.04;0.0;1.27;0.11;1.14;0.43;1.52;11.0;5.0
11286;zone66;3905.8658739096163;2664.6669636212755;0.0;zone66;S01010321;7;837;634;432;[0.401709,0.555556,0.042735];[0.54717,0.433962,0.018868];[0.45122,0.439024,0.109756];[0.666667,0.271186,0.062147];[0.212328767123,0.0958904109589,0.390410958904,0.301369863014];1;1019.0;0.631764531736;2032;3;0.01142857142857143;2.142857142857143;75.29714285714286;24.571428571428573;84.76;11.714285714285714;24.428571428571427;25.571428571428573;3.1999999999999997;0.0;1.4000000000000001;0.0;2.257142857142857;0.3714285714285715;1.7542857142857144;12.142857142857142;6.142857142857143
11286;zone67;3630.3978644730896;3132.1651121578075;0.0;zone67;S01010322;9;1028;914;549;[0.174419,0.549419,0.276163];[0.412399,0.471698,0.115903];[0.298507,0.38806,0.313433];[0.647059,0.323529,0.029412];[0.057268722467,0.0352422907489,0.449339207048,0.458149779736];5;124.0;-0.397569575369;1534;28;0.12;2.3333333333333335;46.01333333333333;37.111111111111114;76.79555555555555;11.666666666666666;23.444444444444443;15.666666666666666;5.248888888888889;0.0;4.231111111111111;0.6977777777777779;1.52;0.3333333333333333;1.0933333333333333;11.11111111111111;11.11111111111111
11286;zone68;6208.193116766784;3072.425066795916;0.0;zone68;S01010323;4;603;466;377;[0.555556,0.444444,0.0];[0.657143,0.271429,0.071429];[0.642857,0.321429,0.035714];[0.793651,0.166667,0.039683];[0.578431372549,0.166666666667,0.235294117647,0.0196078431373];1;970.0;0.57559463238;939;9;0.09;0.75;50.51;32.75;74.57;13.25;24.25;16.75;7.66;0.0;1.29;0.0;2.14;0.31;3.76;3.5;10.5
11286;zone69;6517.651722029823;2240.572579661372;0.0;zone69;S01010324;6;759;566;403;[0.142857,0.571429,0.285714];[0.298077,0.490385,0.211538];[0.333333,0.530864,0.135802];[0.401674,0.414226,0.1841];[0.569620253165,0.101265822785,0.291139240506,0.0379746835443];1;407.0;-0.0721601679586;1173;6;0.04;1.3333333333333333;31.58666666666667;32.5;61.693333333333335;11.833333333333334;22.666666666666668;10.666666666666666;1.1866666666666668;0.0;0.4066666666666667;0.0;5.34;0.37999999999999995;2.0;5.333333333333333;6.5
11286;zone70;6038.016041009105;2402.8415869980217;0.0;zone70;S01010325;18;939;666;501;[0.263158,0.368421,0.368421];[0.383838,0.525253,0.090909];[0.253623,0.615942,0.130435];[0.451362,0.463035,0.085603];[0.545454545455,0.238636363636,0.193181818182,0.0227272727273];1;225.0;-0.281126582053;1610;37;0.07777777777777778;1.3888888888888888;38.308888888888895;27.5;64.11777777777779;11.722222222222221;22.666666666666668;12.88888888888889;1.877777777777778;0.0;0.9533333333333334;0.0;3.382222222222222;0.38666666666666677;2.517777777777778;6.166666666666667;5.777777777777778
11286;zone71;5272.359331052501;2740.775131541117;0.0;zone71;S01010326;39;987;707;494;[0.526316,0.368421,0.105263];[0.522523,0.333333,0.144144];[0.492188,0.3125,0.195313];[0.723514,0.224806,0.05168];[0.54375,0.16875,0.23125,0.05625];1;1389.0;1.05701743376;969;98;0.09846153846153846;1.0769230769230769;45.20307692307693;31.94871794871795;70.8123076923077;12.205128205128204;23.871794871794872;15.128205128205128;1.8882051282051282;0.0;5.762051282051282;0.04205128205128205;2.2410256410256406;0.4184615384615384;2.594871794871795;4.948717948717949;9.41025641025641
11286;zone72;4970.167032608406;2501.795090448298;0.0;zone72;S01010327;34;982;660;362;[0.031746,0.507937,0.460317];[0.372881,0.432203,0.194915];[0.289063,0.328125,0.382813];[0.516892,0.347973,0.135135];[0.416184971098,0.21387283237,0.236994219653,0.132947976879];1;470.0;0.000335688704598;922;45;0.05058823529411765;1.2352941176470589;38.018823529411776;26.61764705882353;66.20941176470588;11.794117647058824;23.323529411764707;13.058823529411764;1.6752941176470588;0.0;5.843529411764709;0.07529411764705883;1.1576470588235297;0.43294117647058833;2.601176470588235;4.5588235294117645;8.264705882352942
11286;zone73;5975.307390960257;2677.5485166167286;0.0;zone73;S01010328;24;969;706;445;[0.16129,0.5,0.33871];[0.27044,0.471698,0.257862];[0.192547,0.434783,0.372671];[0.338983,0.432203,0.228814];[0.309352517986,0.258992805755,0.280575539568,0.151079136691];2;457.0;-0.0138550124678;2111;39;0.06166666666666667;1.5;41.94833333333334;24.791666666666668;64.04166666666669;11.416666666666666;22.791666666666668;14.25;1.9100000000000001;0.0;0.5783333333333333;0.0;3.1999999999999997;0.335;2.191666666666667;5.666666666666667;5.25
11286;zone74;4421.847657862615;2232.0860934321454;0.0;zone74;S01010329;21;573;435;290;[0.368421,0.263158,0.368421];[0.341176,0.470588,0.188235];[0.255814,0.465116,0.27907];[0.52,0.354286,0.125714];[0.438356164384,0.191780821918,0.27397260274,0.0958904109589];2;105.0;-0.418628586414;1790;32;0.05904761904761905;1.5238095238095237;55.74095238095238;25.571428571428573;68.54666666666667;10.238095238095237;22.61904761904762;18.952380952380953;2.1695238095238096;0.0;2.468571428571428;0.00761904761904762;2.380952380952381;0.3428571428571429;2.116190476190476;5.619047619047619;6.523809523809524
