cycle;name;location.x;location.y;location.z;name;dataZone;nm_children;pop;over16;nm_hh;AB_car_prob;C1_car_prob;C2_car_prob;DE_car_prob;prob_social;simd;crimeRate;norm_crime;avg_dis_sh;neigh_play;daily_play_per_child;avg_FSA;avg_walk;daily_OD;zone_mvpa;mvpa_home;mvpa_sc;mvpa_road;mvpa_play_field;mvpa_home_garden;mvpa_park;mvpa_PG;mvpa_amenity;mvpa_shops;mvpa_F_home;mvpa_fsa;mvpa_OD
11286;zone0;8448.90275962388;2625.4515469546564;0.0;zone0;S01010195;19;531;390;212;[0.0,0.481481,0.518519];[0.261538,0.646154,0.092308];[0.12,0.59,0.29];[0.447368,0.368421,0.184211];[0.418918918919,0.283783783784,0.202702702703,0.0945945945946];1;0.0;-0.540229885057;939;30;0.06105263157894737;1.5789473684210527;31.94526315789474;19.94736842105263;62.02526315789475;11.894736842105264;23.210526315789473;10.789473684210526;0.9473684210526317;0.0;2.1599999999999997;0.05894736842105264;1.8547368421052632;0.3494736842105263;1.7894736842105259;7.368421052631579;4.631578947368421
11286;zone1;8656.736904000718;2165.9902346445633;0.0;zone1;S01010198;18;1027;748;394;[0.058824,0.529412,0.411765];[0.305785,0.561983,0.132231];[0.219858,0.496454,0.283688];[0.523179,0.331126,0.145695];[0.48623853211,0.229357798165,0.266055045872,0.0183486238532];1;1609.0;1.3102524676;1406;28;0.06;0.9444444444444444;29.84888888888888;25.166666666666668;62.52666666666667;13.0;23.77777777777778;10.166666666666666;2.257777777777778;0.0;1.9911111111111108;0.08666666666666667;3.0600000000000005;0.43555555555555564;2.617777777777778;3.5;6.944444444444445
11286;zone2;8537.588755655543;3024.028900129281;0.0;zone2;S01010201;22;643;453;253;[0.0,0.47619,0.52381];[0.270833,0.3125,0.416667];[0.088,0.48,0.432];[0.296552,0.434483,0.268966];[0.365853658537,0.292682926829,0.292682926829,0.0487804878049];2;219.0;-0.28762447053;1039;42;0.07090909090909091;0.9090909090909091;33.73272727272728;32.22727272727273;63.54181818181817;11.863636363636363;23.454545454545453;11.045454545454545;1.4963636363636363;0.0;3.127272727272727;0.14727272727272728;3.303636363636364;0.36909090909090914;2.1890909090909094;4.954545454545454;7.7272727272727275
11286;zone3;8059.42097232239;3767.666522351409;0.0;zone3;S01010203;30;671;504;260;[0.090909,0.363636,0.545455];[0.263804,0.460123,0.276074];[0.094828,0.422414,0.482759];[0.183824,0.375,0.441176];[0.272727272727,0.218181818182,0.363636363636,0.145454545455];3;215.0;-0.292668818285;1976;53;0.068;1.6;47.46666666666666;27.0;67.99733333333336;11.0;23.166666666666668;16.233333333333334;2.02;0.0;2.3480000000000003;0.0;2.9946666666666664;0.3493333333333333;2.3866666666666663;5.9;6.866666666666666
11286;zone4;8368.288440296214;3565.498290652094;0.0;zone4;S01010204;30;800;589;381;[0.272727,0.727273,0.0];[0.627451,0.27451,0.098039];[0.444444,0.533333,0.022222];[0.600619,0.321981,0.077399];[0.595041322314,0.157024793388,0.239669421488,0.00826446280992];1;497.0;0.0317745673598;1359;40;0.052;1.0666666666666667;41.082666666666675;25.066666666666666;66.492;12.6;23.666666666666668;13.933333333333334;1.3880000000000001;0.0;2.4279999999999995;0.01066666666666667;3.1893333333333325;0.34266666666666656;2.669333333333333;4.6;6.6
11286;zone5;8034.229745798958;3515.110462853287;0.0;zone5;S01010205;15;658;534;355;[0.411765,0.117647,0.470588];[0.465116,0.457364,0.077519];[0.317757,0.588785,0.093458];[0.593458,0.280374,0.126168];[0.466666666667,0.2,0.3,0.0333333333333];1;925.0;0.523434132086;1300;32;0.08266666666666667;0.9333333333333333;37.754666666666665;26.333333333333332;63.858666666666664;11.666666666666666;23.133333333333333;12.933333333333334;1.6880000000000002;0.0;2.3706666666666667;0.0;2.8613333333333335;0.528;2.8213333333333335;4.4;6.4
11286;zone6;7457.064719570519;3739.055375726369;0.0;zone6;S01010208;18;903;745;565;[0.30137,0.589041,0.109589];[0.48062,0.457364,0.062016];[0.272727,0.613636,0.113636];[0.66055,0.270642,0.068807];[0.233333333333,0.133333333333,0.461111111111,0.172222222222];1;603.0;0.153385979085;1388;25;0.05333333333333334;1.7777777777777777;45.81111111111111;25.72222222222222;65.77555555555556;10.166666666666666;22.72222222222222;15.833333333333334;1.8200000000000003;0.0;1.8111111111111111;0.0;3.0311111111111106;0.2977777777777778;2.286666666666667;6.055555555555555;6.166666666666667
11286;zone7;7917.838214725937;1939.334458859395;0.0;zone7;S01010209;24;966;677;468;[0.172414,0.586207,0.241379];[0.333333,0.414966,0.251701];[0.381944,0.458333,0.159722];[0.545852,0.336245,0.117904];[0.337931034483,0.248275862069,0.303448275862,0.110344827586];1;2053.0;1.82052250092;1676;33;0.055;1.7083333333333333;42.77333333333333;21.916666666666668;63.48666666666667;11.041666666666666;22.291666666666668;14.375;0.7566666666666667;0.0;2.7133333333333334;0.0;1.865;0.45;2.0783333333333336;6.166666666666667;4.875
11286;zone8;7878.406567747077;2721.2634132011362;0.0;zone8;S01010210;18;885;641;416;[0.173913,0.456522,0.369565];[0.21519,0.5,0.28481];[0.189781,0.386861,0.423358];[0.422111,0.442211,0.135678];[0.394736842105,0.236842105263,0.254385964912,0.114035087719];1;344.0;-0.144253829852;1127;23;0.04888888888888889;1.7777777777777777;40.11555555555555;18.944444444444443;61.40666666666667;10.222222222222221;22.11111111111111;13.38888888888889;0.38000000000000006;0.0;1.6066666666666665;0.0;2.424444444444445;0.33111111111111124;1.951111111111111;7.444444444444445;4.0
11286;zone9;7785.599648345685;3201.783800714137;0.0;zone9;S01010211;22;858;634;452;[0.147059,0.705882,0.147059];[0.384615,0.452991,0.162393];[0.469565,0.4,0.130435];[0.722656,0.226563,0.050781];[0.473214285714,0.169642857143,0.285714285714,0.0714285714286];1;430.0;-0.0456985893816;1131;22;0.03818181818181818;1.6818181818181819;44.25272727272728;25.59090909090909;67.04727272727274;11.318181818181818;22.863636363636363;15.045454545454545;1.8709090909090909;0.0;2.5854545454545454;0.0;2.3218181818181813;0.3490909090909093;2.221818181818182;6.681818181818182;6.2272727272727275
11286;zone10;7580.688680869333;3097.127786881416;0.0;zone10;S01010212;49;1083;779;559;[0.233333,0.633333,0.133333];[0.594771,0.339869,0.065359];[0.465517,0.405172,0.12931];[0.712821,0.269231,0.017949];[0.566037735849,0.138364779874,0.22641509434,0.0691823899371];1;1473.0;1.15298517036;1165;87;0.06857142857142857;1.0816326530612246;46.201632653061225;26.79591836734694;65.56;11.10204081632653;22.979591836734695;15.653061224489797;0.9787755102040818;0.0;2.795918367346939;0.0;3.104489795918367;0.35020408163265293;2.5126530612244897;4.469387755102041;6.530612244897959
11286;zone11;8065.177293237223;3111.5884965344962;0.0;zone11;S01010213;13;924;657;476;[0.105263,0.684211,0.210526];[0.382609,0.547826,0.069565];[0.218543,0.556291,0.225166];[0.467925,0.483019,0.049057];[0.451327433628,0.221238938053,0.274336283186,0.0530973451327];1;247.0;-0.255840453357;905;32;0.08923076923076922;1.0;33.815384615384616;25.692307692307693;62.483076923076915;12.076923076923077;23.615384615384617;11.461538461538462;0.8184615384615385;0.0;2.781538461538462;0.05230769230769231;3.3938461538461544;0.5938461538461538;2.9692307692307693;3.1538461538461537;6.461538461538462
11286;zone12;7144.994858230166;1947.4125453867302;0.0;zone12;S01010214;27;967;717;396;[0.098592,0.28169,0.619718];[0.197531,0.438272,0.364198];[0.173333,0.493333,0.333333];[0.237069,0.487069,0.275862];[0.361344537815,0.210084033613,0.310924369748,0.117647058824];3;176.0;-0.337854473183;1780;42;0.05925925925925926;1.4074074074074074;41.281481481481485;29.51851851851852;64.31555555555555;10.777777777777779;22.48148148148148;14.037037037037036;2.282962962962963;0.0;3.250370370370371;0.0;2.61925925925926;0.3614814814814814;1.8177777777777777;5.111111111111111;7.7407407407407405
11286;zone13;7013.590150664996;2618.495528189446;0.0;zone13;S01010215;24;850;608;492;[0.571429,0.285714,0.142857];[0.5,0.431373,0.068627];[0.382609,0.391304,0.226087];[0.678571,0.269841,0.051587];[0.467289719626,0.140186915888,0.345794392523,0.0467289719626];1;547.0;0.0886083430805;779;41;0.06666666666666667;1.0833333333333333;36.77;30.208333333333332;63.974999999999994;11.791666666666666;23.083333333333332;12.333333333333334;1.0983333333333334;0.0;2.795;0.0;3.9866666666666677;0.5499999999999999;2.541666666666666;3.9583333333333335;7.416666666666667
11286;zone14;7332.222205807836;2329.961970144465;0.0;zone14;S01010216;15;621;464;361;[0.6,0.4,0.0];[0.597701,0.356322,0.045977];[0.409091,0.439394,0.151515];[0.709544,0.273859,0.016598];[0.5,0.163265306122,0.265306122449,0.0714285714286];1;600.0;0.150092344085;1299;28;0.06933333333333333;1.1333333333333333;49.04266666666667;23.066666666666666;67.35733333333334;11.6;23.333333333333332;16.533333333333335;0.6266666666666668;0.0;2.925333333333333;0.0;2.5439999999999996;0.3786666666666667;2.744;5.066666666666666;5.666666666666667
11286;zone15;7299.833172322251;2625.8610945736937;0.0;zone15;S01010217;33;817;598;406;[0.16129,0.516129,0.322581];[0.565517,0.4,0.034483];[0.5,0.431373,0.068627];[0.702703,0.283784,0.013514];[0.541935483871,0.0967741935484,0.296774193548,0.0645161290323];1;1060.0;0.679274950851;988;63;0.0703030303030303;1.1515151515151516;38.18787878787879;25.09090909090909;60.4;10.545454545454545;22.242424242424242;12.848484848484848;0.7684848484848484;0.0;2.8593939393939394;0.0;2.4509090909090907;0.4206060606060606;2.6618181818181825;3.8484848484848486;5.484848484848484
11286;zone16;7142.953643082513;3018.5401822929393;0.0;zone16;S01010218;31;1018;790;587;[0.425532,0.404255,0.170213];[0.392523,0.453271,0.154206];[0.358209,0.492537,0.149254];[0.589124,0.335347,0.075529];[0.424657534247,0.109589041096,0.369863013699,0.0958904109589];1;557.0;0.101026678737;503;49;0.05935483870967742;1.5806451612903225;36.39483870967743;26.35483870967742;61.95483870967743;10.67741935483871;22.483870967741936;12.129032258064516;1.1470967741935485;0.0;1.5870967741935484;0.0;3.356129032258065;0.3238709677419354;2.3600000000000003;5.870967741935484;5.709677419354839
11286;zone17;6738.8937706128745;4298.8917997019325;0.0;zone17;S01010219;21;503;382;274;[0.695652,0.304348,0.0];[0.758621,0.215517,0.025862];[0.761905,0.166667,0.071429];[0.781609,0.195402,0.022989];[0.41935483871,0.0752688172043,0.408602150538,0.0967741935484];2;184.0;-0.327838932938;1517;47;0.08761904761904762;1.3333333333333333;61.45333333333334;36.0;77.11809523809522;11.380952380952381;23.904761904761905;20.904761904761905;4.739047619047618;0.0;3.7923809523809524;0.09142857142857143;2.4552380952380957;0.3771428571428571;2.2876190476190477;5.571428571428571;10.619047619047619
11286;zone18;5915.780765415368;4211.222876105162;0.0;zone18;S01010220;7;476;433;279;[0.181159,0.608696,0.210145];[0.404255,0.531915,0.06383];[0.227273,0.704545,0.068182];[0.448276,0.482759,0.068966];[0.154545454545,0.0636363636364,0.318181818182,0.463636363636];5;267.0;-0.232306706325;1096;19;0.10857142857142857;1.0;28.09142857142857;22.285714285714285;69.24;16.714285714285715;26.0;8.857142857142858;3.285714285714286;0.0;2.12;0.31428571428571433;2.4285714285714284;0.7942857142857144;2.5199999999999996;4.714285714285714;7.714285714285714
11286;zone19;6341.0811208317455;3913.8398648988496;0.0;zone19;S01010221;13;546;394;260;[0.6,0.4,0.0];[0.557377,0.409836,0.032787];[0.538462,0.323077,0.138462];[0.699387,0.257669,0.042945];[0.609375,0.140625,0.203125,0.046875];1;635.0;0.19005459739;959;15;0.04307692307692308;1.7692307692307692;44.32923076923077;17.53846153846154;65.65538461538462;11.307692307692308;22.846153846153847;15.307692307692308;2.5784615384615384;0.0;1.5107692307692309;0.1323076923076923;0.5661538461538461;0.4800000000000001;1.7815384615384617;7.3076923076923075;4.230769230769231
11286;zone20;7001.213463613622;4053.9957950241624;0.0;zone20;S01010222;15;492;414;285;[0.142857,0.5,0.357143];[0.432432,0.459459,0.108108];[0.348624,0.522936,0.12844];[0.747899,0.235294,0.016807];[0.345238095238,0.214285714286,0.309523809524,0.130952380952];1;377.0;-0.105830277325;1735;17;0.04533333333333334;0.4666666666666667;48.504000000000005;26.666666666666668;64.32266666666666;10.733333333333333;22.733333333333334;16.733333333333334;2.6399999999999997;0.0;1.4400000000000002;0.0;2.909333333333334;0.4613333333333334;2.8373333333333335;2.2666666666666666;6.466666666666667
11286;zone21;6986.8418912765155;3434.1450308482026;0.0;zone21;S01010223;4;556;462;337;[0.076923,0.538462,0.384615];[0.567797,0.330508,0.101695];[0.472222,0.444444,0.083333];[0.584699,0.36612,0.04918];[0.432432432432,0.162162162162,0.324324324324,0.0810810810811];1;439.0;-0.0353356041414;1908;4;0.04;2.0;49.21;24.5;69.97999999999999;11.25;23.5;16.75;3.05;0.0;1.6;0.0;1.7399999999999998;0.61;1.56;8.75;6.25
11286;zone22;6247.397837456437;3329.661273309237;0.0;zone22;S01010224;40;1036;727;469;[0.405405,0.540541,0.054054];[0.592593,0.274074,0.133333];[0.418803,0.504274,0.076923];[0.768421,0.202632,0.028947];[0.506097560976,0.140243902439,0.268292682927,0.0853658536585];1;1004.0;0.614259332793;1034;55;0.05;1.6;43.18900000000001;19.225;66.83900000000003;12.1;23.425;14.725;3.225;0.0;1.043;0.052;1.144;0.35;2.261;6.875;5.0
11286;zone23;7827.985844039554;4105.4701191949;0.0;zone23;S01010225;33;812;636;431;[0.25,0.634615,0.115385];[0.469072,0.43299,0.097938];[0.54023,0.413793,0.045977];[0.672065,0.234818,0.093117];[0.385185185185,0.125925925926,0.325925925926,0.162962962963];1;1006.0;0.616572011517;1667;60;0.06909090909090909;1.3333333333333333;63.58666666666667;26.78787878787879;70.59272727272727;10.06060606060606;22.515151515151516;21.727272727272727;1.886060606060606;0.0;2.3236363636363637;0.0;2.4048484848484857;0.40242424242424246;1.998787878787879;5.515151515151516;6.121212121212121
11286;zone24;7040.363001382077;4481.052780471187;0.0;zone24;S01010226;40;816;565;394;[0.454545,0.242424,0.30303];[0.715385,0.2,0.084615];[0.540541,0.405405,0.054054];[0.766917,0.18797,0.045113];[0.503355704698,0.201342281879,0.221476510067,0.0738255033557];2;422.0;-0.0548014077425;990;114;0.109;1.45;47.778999999999996;36.075;70.55600000000001;11.05;23.025;16.3;5.438999999999998;0.0;3.633999999999999;0.06499999999999999;1.448;0.293;2.1770000000000005;5.375;10.05
11286;zone25;6847.772309074456;4638.663588163389;0.0;zone25;S01010227;39;692;454;294;[0.413793,0.413793,0.172414];[0.704545,0.238636,0.056818];[0.654545,0.345455,0.0];[0.810606,0.159091,0.030303];[0.672268907563,0.0924369747899,0.159663865546,0.0756302521008];4;0.0;-0.540229885057;1117;130;0.1282051282051282;0.9487179487179487;44.64717948717948;40.82051282051282;71.87384615384615;11.666666666666666;23.71794871794872;15.128205128205128;5.607179487179489;0.0;5.7907692307692304;0.08923076923076922;1.7015384615384614;0.39692307692307693;2.4410256410256417;3.6153846153846154;12.692307692307692
11286;zone26;8241.816993110848;4572.457656401622;0.0;zone26;S01010229;30;1016;787;508;[0.1,0.625,0.275];[0.350877,0.350877,0.298246];[0.348315,0.477528,0.174157];[0.565217,0.310559,0.124224];[0.420731707317,0.213414634146,0.292682926829,0.0731707317073];1;395.0;-0.0859445809966;1318;53;0.07066666666666667;1.2333333333333334;41.25333333333334;19.9;62.03866666666668;11.166666666666666;22.733333333333334;13.833333333333334;1.7986666666666669;0.0;1.9586666666666666;0.05466666666666667;1.4293333333333333;0.30533333333333335;2.3946666666666667;4.533333333333333;4.8
11286;zone27;7458.320056766788;4680.341251240345;0.0;zone27;S01010230;24;1005;772;577;[0.314286,0.628571,0.057143];[0.703883,0.296117,0.0];[0.727273,0.218182,0.054545];[0.71831,0.24507,0.03662];[0.517857142857,0.136904761905,0.267857142857,0.077380952381];1;846.0;0.433218203459;1215;47;0.07;1.625;54.751666666666665;29.625;70.34833333333333;10.833333333333334;23.0;18.833333333333332;2.663333333333333;0.0;3.053333333333333;0.05333333333333334;2.1333333333333333;0.3233333333333333;2.0083333333333333;5.666666666666667;7.416666666666667
11286;zone28;7569.802990100143;4917.458811240416;0.0;zone28;S01010232;37;1074;792;485;[0.457143,0.485714,0.057143];[0.557292,0.338542,0.104167];[0.492063,0.333333,0.174603];[0.654229,0.251244,0.094527];[0.470297029703,0.153465346535,0.306930693069,0.0693069306931];1;771.0;0.347049794199;961;50;0.05189189189189189;1.3513513513513513;41.00108108108109;27.81081081081081;64.75783783783783;11.27027027027027;22.945945945945947;13.675675675675675;1.6183783783783785;0.0;3.2302702702702706;0.05405405405405406;2.4810810810810815;0.28864864864864864;2.0800000000000005;5.45945945945946;6.891891891891892
11286;zone29;7830.713068379679;4879.746446724283;0.0;zone29;S01010233;33;970;705;476;[0.275,0.625,0.1];[0.655629,0.245033,0.099338];[0.52809,0.426966,0.044944];[0.771505,0.212366,0.016129];[0.587209302326,0.093023255814,0.261627906977,0.0581395348837];1;284.0;-0.213781821634;1152;65;0.07878787878787878;1.7272727272727273;51.61454545454546;26.666666666666668;65.96484848484849;10.242424242424242;22.333333333333332;17.696969696969695;1.3733333333333337;0.0;1.8351515151515152;0.04848484848484848;2.5709090909090904;0.3418181818181818;1.8242424242424242;6.0606060606060606;5.363636363636363
11286;zone30;6473.383843181837;4954.519765957263;0.0;zone30;S01010261;6;2551;2373;526;[0.666667,0.270833,0.0625];[0.675841,0.281346,0.042813];[0.75,0.25,0.0];[0.824468,0.164894,0.010638];[0.41,0.06,0.41,0.12];3;176.0;-0.337679921334;1485;8;0.05333333333333334;2.5;69.31333333333335;28.333333333333332;82.94666666666667;11.166666666666666;24.5;24.333333333333332;2.046666666666667;0.0;1.1133333333333333;0.42;5.073333333333333;0.18666666666666668;1.7933333333333332;10.166666666666666;8.0
11286;zone31;4930.642193689802;4959.449818932565;0.0;zone31;S01010266;3;555;474;237;[0.320755,0.556604,0.122642];[0.677273,0.254545,0.068182];[0.5,0.461538,0.038462];[0.534247,0.30137,0.164384];[0.141176470588,0.0588235294118,0.4,0.4];3;536.0;0.0761386922126;1062;6;0.08;1.3333333333333333;41.74666666666666;33.333333333333336;63.61333333333334;11.0;21.666666666666668;14.333333333333334;0.92;0.0;2.84;0.48;2.8800000000000003;0.49333333333333335;1.8133333333333332;5.333333333333333;6.666666666666667
11286;zone32;5712.5549897826;4979.400336637217;0.0;zone32;S01010270;4;1153;972;817;[0.389831,0.533898,0.076271];[0.70255,0.252125,0.045326];[0.714286,0.272727,0.012987];[0.771552,0.228448,0.0];[0.125,0.0909090909091,0.454545454545,0.329545454545];1;871.0;0.461200629557;1593;8;0.08;0.75;56.75;28.0;71.92;11.75;23.5;19.75;4.6;0.0;1.29;0.19;2.39;0.5900000000000001;2.42;3.75;8.25
11286;zone33;3394.0723536088512;4934.677182292946;0.0;zone33;S01010282;13;976;841;645;[0.438776,0.520408,0.040816];[0.545732,0.405488,0.04878];[0.521277,0.382979,0.095745];[0.712707,0.232044,0.055249];[0.190954773869,0.070351758794,0.35175879397,0.386934673367];2;350.0;-0.137812028107;1388;25;0.07384615384615385;1.4615384615384615;44.46769230769231;29.76923076923077;67.30461538461539;10.538461538461538;22.615384615384617;15.384615384615385;1.8676923076923078;0.0;5.1353846153846145;0.5292307692307692;1.4276923076923078;0.6861538461538461;1.886153846153846;5.6923076923076925;8.461538461538462
11286;zone34;4385.789287498423;4835.237486850067;0.0;zone34;S01010289;15;771;687;380;[0.130952,0.511905,0.357143];[0.262911,0.502347,0.234742];[0.178571,0.464286,0.357143];[0.410256,0.435897,0.153846];[0.058064516129,0.0322580645161,0.245161290323,0.664516129032];5;259.0;-0.241396294863;1447;36;0.09066666666666667;2.0;45.77066666666667;35.86666666666667;68.11733333333333;10.2;22.666666666666668;15.6;1.3786666666666667;0.0;4.285333333333333;1.4426666666666668;1.6640000000000001;0.28;1.5306666666666666;7.6;8.266666666666667
11286;zone35;4401.5375624188455;4669.062022109911;0.0;zone35;S01010290;13;546;485;278;[0.198198,0.603604,0.198198];[0.485944,0.449799,0.064257];[0.555556,0.444444,0.0];[0.435897,0.512821,0.051282];[0.10752688172,0.0430107526882,0.494623655914,0.354838709677];3;353.0;-0.133686757747;1118;26;0.07384615384615385;2.3076923076923075;43.13230769230769;28.153846153846153;72.80307692307693;12.461538461538462;23.53846153846154;14.692307692307692;1.0123076923076924;0.0;5.052307692307692;0.7907692307692307;1.2984615384615386;0.3353846153846155;1.9046153846153848;9.846153846153847;7.6923076923076925
11286;zone36;4119.983651650423;4281.100418217042;0.0;zone36;S01010291;12;1075;975;481;[0.405594,0.447552,0.146853];[0.627907,0.277132,0.094961];[0.415094,0.433962,0.150943];[0.562963,0.325926,0.111111];[0.197080291971,0.0729927007299,0.445255474453,0.284671532847];3;438.0;-0.0363924713322;652;24;0.08;1.5833333333333333;34.033333333333324;38.583333333333336;70.54333333333334;11.5;24.25;11.666666666666666;2.93;0.0;7.453333333333334;0.8133333333333335;0.73;0.36333333333333334;2.2266666666666666;6.916666666666667;11.333333333333334
11286;zone37;4399.731076226201;4291.6703625917;0.0;zone37;S01010292;10;890;831;409;[0.348214,0.508929,0.142857];[0.477169,0.420091,0.10274];[0.339286,0.446429,0.214286];[0.55814,0.383721,0.05814];[0.128378378378,0.0540540540541,0.398648648649,0.418918918919];4;323.0;-0.168488563048;913;20;0.072;2.4;35.86800000000001;32.1;68.74;11.3;22.8;11.9;2.152;0.0;5.224000000000001;0.976;1.2839999999999998;0.36;1.5319999999999998;9.5;9.2
11286;zone38;4514.690807242894;4541.15458266895;0.0;zone38;S01010293;16;839;723;373;[0.51773,0.35461,0.12766];[0.635389,0.262735,0.101877];[0.446809,0.319149,0.234043];[0.514286,0.392857,0.092857];[0.242424242424,0.0606060606061,0.393939393939,0.30303030303];3;290.0;-0.205814991507;1344;28;0.0625;1.75;42.42999999999999;35.8125;63.9025;9.375;22.125;14.375;2.43;0.0;3.6824999999999997;0.3425;2.0025;0.2525;1.5849999999999995;5.875;8.0
11286;zone39;4541.7482834333705;4418.565122351524;0.0;zone39;S01010294;13;690;631;275;[0.242105,0.526316,0.231579];[0.650873,0.214464,0.134663];[0.583333,0.208333,0.208333];[0.414894,0.489362,0.095745];[0.164835164835,0.043956043956,0.494505494505,0.296703296703];4;440.0;-0.0342259463805;852;39;0.11692307692307692;1.3846153846153846;39.32923076923077;38.84615384615385;61.98769230769232;9.76923076923077;21.76923076923077;13.461538461538462;2.2430769230769227;0.0;2.5938461538461537;0.5815384615384616;3.1507692307692308;0.36000000000000004;1.3815384615384616;5.076923076923077;8.153846153846153
11286;zone40;4766.8646917667475;4574.50133624035;0.0;zone40;S01010295;18;974;870;427;[0.384615,0.391026,0.224359];[0.604555,0.310559,0.084886];[0.428571,0.285714,0.285714];[0.390728,0.516556,0.092715];[0.212765957447,0.113475177305,0.297872340426,0.375886524823];4;529.0;0.0680145754747;1149;52;0.11333333333333333;1.2222222222222223;43.00666666666667;44.05555555555556;65.53999999999999;10.0;22.11111111111111;14.444444444444445;2.1311111111111107;0.0;5.915555555555555;0.68;2.1688888888888886;0.3266666666666667;1.9244444444444444;4.111111111111111;10.38888888888889
11286;zone41;4647.752341766679;4736.091736240359;0.0;zone41;S01010296;16;664;560;291;[0.294118,0.423529,0.282353];[0.520913,0.368821,0.110266];[0.375,0.375,0.25];[0.475524,0.391608,0.132867];[0.282828282828,0.111111111111,0.363636363636,0.242424242424];2;856.0;0.444094443477;1333;52;0.1225;2.0;47.002500000000005;32.25;63.074999999999996;9.375;21.5;15.875;1.3025000000000002;0.0;3.085;0.6649999999999999;1.71;0.25249999999999995;1.23;6.3125;6.25
11286;zone42;5522.849421766708;4411.996091240393;0.0;zone42;S01010297;7;1066;894;676;[0.582609,0.382609,0.034783];[0.691824,0.245283,0.062893];[0.540541,0.333333,0.126126];[0.681275,0.270916,0.047809];[0.260563380282,0.140845070423,0.37323943662,0.225352112676];1;504.0;0.0391758595379;587;12;0.06285714285714286;1.2857142857142858;37.59428571428572;27.857142857142858;63.48571428571428;11.428571428571429;22.857142857142858;12.857142857142858;1.5999999999999999;0.0;1.0285714285714287;0.2057142857142857;3.52;0.40571428571428575;2.8;4.714285714285714;5.857142857142857
11286;zone43;4706.481893689814;4143.807995855712;0.0;zone43;S01010298;12;880;677;515;[0.308943,0.479675,0.211382];[0.581395,0.356589,0.062016];[0.539683,0.396825,0.063492];[0.744828,0.193103,0.062069];[0.227272727273,0.0984848484848,0.371212121212,0.30303030303];1;486.0;0.0190902878356;976;19;0.06333333333333334;1.5;45.76999999999999;26.416666666666668;68.71333333333334;11.833333333333334;22.833333333333332;15.416666666666666;2.0433333333333334;0.0;5.276666666666666;0.39333333333333337;0.8266666666666668;0.5733333333333335;2.22;5.416666666666667;8.0
11286;zone44;4885.424673909578;4209.645754097502;0.0;zone44;S01010299;4;536;404;292;[0.3,0.54,0.16];[0.556701,0.340206,0.103093];[0.458333,0.520833,0.020833];[0.584906,0.283019,0.132075];[0.428571428571,0.0857142857143,0.285714285714,0.2];1;375.0;-0.10827530326;618;7;0.07;2.5;34.629999999999995;33.25;60.74000000000001;9.25;21.5;11.75;2.12;0.0;0.19;0.8600000000000001;3.07;0.25;0.9400000000000001;9.25;5.75
11286;zone45;4883.397012115578;4340.414778682246;0.0;zone45;S01010300;21;934;764;478;[0.460784,0.411765,0.127451];[0.664653,0.238671,0.096677];[0.632353,0.323529,0.044118];[0.606383,0.329787,0.06383];[0.3046875,0.125,0.3515625,0.21875];2;513.0;0.0498225801839;639;60;0.10857142857142857;0.9047619047619048;38.27428571428571;30.952380952380953;56.72761904761904;9.285714285714286;21.142857142857142;12.904761904761905;1.8190476190476188;0.0;1.9733333333333332;0.3790476190476191;2.2057142857142855;0.36952380952380953;2.1104761904761906;2.857142857142857;5.857142857142857
11286;zone46;5144.66081966521;4032.769083704074;0.0;zone46;S01010301;6;522;457;283;[0.292683,0.597561,0.109756];[0.57563,0.315126,0.109244];[0.222222,0.703704,0.074074];[0.561798,0.393258,0.044944];[0.214285714286,0.0612244897959,0.459183673469,0.265306122449];4;490.0;0.0232745011966;1180;16;0.09333333333333334;1.1666666666666667;38.26;38.5;63.626666666666665;10.166666666666666;22.333333333333332;13.5;4.2733333333333325;0.0;1.14;0.48000000000000015;2.866666666666667;0.34;2.34;4.5;8.166666666666666
11286;zone47;5165.568789180556;4297.038752619699;0.0;zone47;S01010302;24;669;495;388;[0.65625,0.28125,0.0625];[0.6,0.356522,0.043478];[0.716981,0.226415,0.056604];[0.801802,0.18018,0.018018];[0.582417582418,0.0769230769231,0.263736263736,0.0769230769231];1;392.0;-0.0896499889057;1766;46;0.07333333333333333;1.125;56.78833333333333;29.25;69.34666666666666;11.291666666666666;22.916666666666668;19.291666666666668;3.403333333333333;0.0;0.955;0.32;2.6316666666666673;0.4566666666666666;2.216666666666667;4.166666666666667;6.791666666666667
11286;zone48;5241.140616766716;4139.402270499609;0.0;zone48;S01010303;33;579;387;250;[0.692308,0.153846,0.153846];[0.56701,0.298969,0.134021];[0.630435,0.282609,0.086957];[0.658879,0.285047,0.056075];[0.58407079646,0.106194690265,0.274336283186,0.0353982300885];1;415.0;-0.0627120940391;1570;58;0.06909090909090909;1.4848484848484849;54.41818181818182;25.545454545454547;64.49212121212122;9.454545454545455;21.484848484848484;18.575757575757574;2.9709090909090907;0.0;0.7175757575757576;0.2096969696969697;2.0884848484848484;0.34424242424242424;2.0303030303030303;4.757575757575758;5.484848484848484
11286;zone49;4853.647576226233;3833.123065294377;0.0;zone49;S01010304;12;542;456;332;[0.323529,0.514706,0.161765];[0.635135,0.25,0.114865];[0.477273,0.522727,0.0];[0.829268,0.109756,0.060976];[0.372340425532,0.0425531914894,0.297872340426,0.287234042553];1;804.0;0.384523850516;1760;11;0.03666666666666667;1.9166666666666667;63.42666666666667;20.583333333333332;71.22000000000001;10.75;22.916666666666668;21.75;3.6066666666666674;0.0;0.5499999999999999;0.08;1.2733333333333332;0.3033333333333334;1.9533333333333331;6.25;5.0
11286;zone50;4697.410406890209;3639.1027396354093;0.0;zone50;S01010305;7;807;694;478;[0.36036,0.468468,0.171171];[0.553191,0.33617,0.110638];[0.409639,0.301205,0.289157];[0.589888,0.337079,0.073034];[0.198529411765,0.0735294117647,0.382352941176,0.345588235294];1;223.0;-0.28282788147;642;9;0.04571428571428571;0.7142857142857143;28.891428571428573;28.714285714285715;62.857142857142854;13.142857142857142;23.428571428571427;9.428571428571429;6.365714285714286;0.0;1.7885714285714287;0.42857142857142855;0.6742857142857143;0.5028571428571429;2.9542857142857146;2.7142857142857144;8.714285714285714
11286;zone51;4591.3082521834585;3868.367573740388;0.0;zone51;S01010306;13;752;675;449;[0.35625,0.56875,0.075];[0.570588,0.355882,0.073529];[0.283019,0.566038,0.150943];[0.650943,0.330189,0.018868];[0.165680473373,0.0473372781065,0.479289940828,0.307692307692];2;238.0;-0.265781391166;681;40;0.12;1.7692307692307692;41.87076923076923;30.846153846153847;75.68;12.615384615384615;25.153846153846153;14.615384615384615;6.627692307692306;0.0;1.6338461538461537;1.0215384615384617;0.9569230769230772;0.4400000000000001;2.2184615384615385;9.076923076923077;9.846153846153847
11286;zone52;4503.72067559025;3742.2957906521283;0.0;zone52;S01010307;9;821;732;428;[0.189922,0.577519,0.232558];[0.407407,0.487654,0.104938];[0.346154,0.538462,0.115385];[0.71875,0.234375,0.046875];[0.0681818181818,0.0568181818182,0.375,0.5];5;319.0;-0.172537833795;416;28;0.12444444444444444;1.4444444444444444;37.40888888888888;46.22222222222222;72.11555555555555;12.0;24.11111111111111;12.333333333333334;6.697777777777778;0.0;2.6666666666666665;2.3111111111111113;0.6888888888888889;0.30666666666666664;2.266666666666667;7.111111111111111;11.88888888888889
11286;zone53;4364.519870735056;4047.768725526131;0.0;zone53;S01010308;9;975;858;480;[0.285714,0.54007,0.174216];[0.511936,0.384615,0.103448];[0.254902,0.411765,0.333333];[0.648352,0.307692,0.043956];[0.0970873786408,0.0631067961165,0.359223300971,0.480582524272];4;257.0;-0.244477582955;1399;25;0.10222222222222223;1.5555555555555556;51.151111111111106;40.55555555555556;70.96;10.222222222222221;22.666666666666668;17.555555555555557;3.0399999999999996;0.0;4.6;0.8622222222222223;1.7466666666666668;0.4;1.8133333333333335;6.111111111111111;9.666666666666666
11286;zone54;5381.88771051669;3636.3205112402793;0.0;zone54;S01010309;4;419;356;264;[0.333333,0.25,0.416667];[0.478873,0.422535,0.098592];[0.352941,0.382353,0.264706];[0.705882,0.24183,0.052288];[0.365853658537,0.170731707317,0.390243902439,0.0731707317073];1;0.0;-0.540229885057;1663;8;0.07;1.5;54.34;32.25;70.89;11.5;23.5;18.25;2.47;0.0;2.2;0.29000000000000004;3.0;0.25;2.4;4.75;7.5
11286;zone55;5657.373406240428;3625.6586165034923;0.0;zone55;S01010310;13;706;540;381;[0.333333,0.238095,0.428571];[0.565517,0.337931,0.096552];[0.54902,0.27451,0.176471];[0.715415,0.256917,0.027668];[0.484848484848,0.151515151515,0.318181818182,0.0454545454545];1;574.0;0.120406534162;766;22;0.06153846153846154;1.0769230769230769;45.48615384615384;29.23076923076923;66.54461538461538;11.846153846153847;22.846153846153847;15.384615384615385;1.6984615384615382;0.0;2.292307692307692;0.17846153846153848;2.8369230769230773;0.40307692307692317;2.310769230769231;5.230769230769231;6.615384615384615
11286;zone56;5685.425126382168;3318.6970593171873;0.0;zone56;S01010311;22;721;556;351;[0.411765,0.352941,0.235294];[0.472222,0.453704,0.074074];[0.571429,0.404762,0.02381];[0.717949,0.271062,0.010989];[0.565217391304,0.121739130435,0.269565217391,0.0434782608696];1;1534.0;1.22364271569;1839;20;0.03636363636363636;1.5454545454545454;64.62181818181818;24.136363636363637;71.89818181818183;10.954545454545455;22.818181818181817;22.09090909090909;1.4799999999999998;0.0;1.7854545454545452;0.03272727272727272;2.647272727272728;0.4563636363636363;2.2563636363636363;5.818181818181818;5.454545454545454
11286;zone57;5466.52613028024;3072.1402274564575;0.0;zone57;S01010312;34;868;647;425;[0.117647,0.823529,0.058824];[0.754386,0.22807,0.017544];[0.407407,0.444444,0.148148];[0.804945,0.153846,0.041209];[0.586956521739,0.115942028986,0.268115942029,0.0289855072464];1;685.0;0.247477927043;1694;62;0.07176470588235294;1.1764705882352942;59.50235294117647;26.38235294117647;69.28117647058824;11.147058823529411;22.91176470588235;20.41176470588235;1.7729411764705882;0.0;1.964705882352941;0.0835294117647059;2.5835294117647063;0.34117647058823536;2.4000000000000004;3.9705882352941178;5.911764705882353
11286;zone58;5251.7403530303945;3502.549209042501;0.0;zone58;S01010313;16;654;529;356;[0.428571,0.285714,0.285714];[0.6,0.333333,0.066667];[0.433735,0.481928,0.084337];[0.739623,0.162264,0.098113];[0.648351648352,0.131868131868,0.175824175824,0.043956043956];1;565.0;0.109617915218;2145;31;0.0725;1.3125;52.425000000000004;22.8125;62.597500000000004;9.5625;21.5625;18.0;2.3499999999999996;0.0;1.2149999999999999;0.015;1.5224999999999997;0.3425;2.085;4.375;4.625
11286;zone59;4840.312157862589;3385.4448126102257;0.0;zone59;S01010314;21;1248;1034;550;[0.358209,0.507463,0.134328];[0.514493,0.333333,0.152174];[0.5,0.326923,0.173077];[0.636,0.324,0.04];[0.316901408451,0.133802816901,0.401408450704,0.147887323944];1;637.0;0.192402372167;1049;36;0.06476190476190476;1.5714285714285714;49.56952380952381;30.19047619047619;67.59619047619049;10.380952380952381;22.571428571428573;16.952380952380953;3.851428571428572;0.0;3.2399999999999998;0.38857142857142857;1.0704761904761904;0.3961904761904761;1.8476190476190475;5.333333333333333;8.142857142857142
11286;zone60;4536.293429266749;2504.1273706154316;0.0;zone60;S01010315;43;911;678;409;[0.180723,0.554217,0.26506];[0.252632,0.457895,0.289474];[0.208333,0.5,0.291667];[0.55144,0.345679,0.102881];[0.308176100629,0.169811320755,0.358490566038,0.163522012579];2;382.0;-0.100954860853;1651;94;0.08558139534883721;1.813953488372093;36.705116279069756;22.325581395348838;65.81953488372092;11.767441860465116;23.372093023255815;12.348837209302326;2.8762790697674423;0.0;1.5795348837209306;0.0;1.9823255813953486;0.38046511627906976;1.8120930232558137;7.8604651162790695;5.953488372093023
11286;zone61;4589.6619547948285;2943.195659127726;0.0;zone61;S01010316;25;512;414;304;[0.392157,0.529412,0.078431];[0.62931,0.37069,0.0];[0.439024,0.560976,0.0];[0.775401,0.224599,0.0];[0.439252336449,0.102803738318,0.252336448598,0.205607476636];1;481.0;0.0128180141103;1200;49;0.0768;1.52;46.115199999999994;25.92;68.25280000000002;11.28;23.2;15.44;2.7104000000000004;0.0;3.0063999999999997;0.1968;1.4287999999999998;0.47200000000000003;2.3392000000000004;6.32;6.8
11286;zone63;4421.5566371748755;3071.026327566895;0.0;zone63;S01010318;12;1588;1497;304;[0.5,0.456522,0.043478];[0.469799,0.47651,0.053691];[0.310345,0.37931,0.310345];[0.678571,0.285714,0.035714];[0.36,0.14,0.34,0.16];3;317.0;-0.175110645645;1183;34;0.10666666666666667;2.1666666666666665;49.843333333333334;30.583333333333332;77.22000000000001;11.75;23.916666666666668;16.75;5.673333333333333;0.0;3.72;0.24000000000000002;0.9633333333333334;0.26999999999999996;1.5600000000000003;10.666666666666666;10.0
11286;zone64;4173.240913470097;2893.8040771744095;0.0;zone64;S01010319;9;711;624;407;[0.258741,0.608392,0.132867];[0.383399,0.486166,0.130435];[0.439394,0.212121,0.348485];[0.530769,0.384615,0.084615];[0.171974522293,0.0700636942675,0.471337579618,0.286624203822];2;473.0;0.00423719084943;1409;16;0.07111111111111111;1.4444444444444444;55.004444444444445;22.88888888888889;66.9688888888889;10.555555555555555;22.444444444444443;18.88888888888889;2.9155555555555557;0.0;1.6311111111111112;0.08444444444444445;1.3288888888888888;0.5466666666666666;2.302222222222222;4.555555555555555;5.444444444444445
11286;zone65;3940.1918462749595;2900.8899784533987;0.0;zone65;S01010320;4;675;594;437;[0.257813,0.523438,0.21875];[0.61753,0.298805,0.083665];[0.526316,0.22807,0.245614];[0.805085,0.169492,0.025424];[0.172185430464,0.0662251655629,0.443708609272,0.317880794702];1;646.0;0.202453315259;1122;2;0.02;1.5;50.34;28.25;75.45;13.5;24.5;17.25;3.88;0.0;1.58;0.0;3.1;0.4;2.26;7.5;8.25
11286;zone66;3905.8658739096163;2664.6669636212755;0.0;zone66;S01010321;7;837;634;432;[0.401709,0.555556,0.042735];[0.54717,0.433962,0.018868];[0.45122,0.439024,0.109756];[0.666667,0.271186,0.062147];[0.212328767123,0.0958904109589,0.390410958904,0.301369863014];1;1019.0;0.631764531736;1889;8;0.04;1.7142857142857142;56.47428571428571;20.285714285714285;70.15428571428572;11.285714285714286;22.857142857142858;19.142857142857142;2.8057142857142856;0.0;0.7714285714285716;0.0;0.9657142857142859;0.35428571428571426;2.3200000000000003;7.857142857142857;4.142857142857143
11286;zone67;3630.3978644730896;3132.1651121578075;0.0;zone67;S01010322;9;1028;914;549;[0.174419,0.549419,0.276163];[0.412399,0.471698,0.115903];[0.298507,0.38806,0.313433];[0.647059,0.323529,0.029412];[0.057268722467,0.0352422907489,0.449339207048,0.458149779736];5;124.0;-0.397569575369;1461;30;0.1288888888888889;1.4444444444444444;49.67111111111111;50.666666666666664;74.70222222222223;10.555555555555555;22.88888888888889;16.666666666666668;9.275555555555556;0.0;4.31111111111111;1.0533333333333332;0.8622222222222222;0.4444444444444444;1.5733333333333333;5.333333333333333;15.0
11286;zone68;6208.193116766784;3072.425066795916;0.0;zone68;S01010323;4;603;466;377;[0.555556,0.444444,0.0];[0.657143,0.271429,0.071429];[0.642857,0.321429,0.035714];[0.793651,0.166667,0.039683];[0.578431372549,0.166666666667,0.235294117647,0.0196078431373];1;970.0;0.57559463238;794;4;0.04;1.25;37.54;29.5;62.21000000000001;10.75;23.0;12.5;3.99;0.0;0.9500000000000001;0.0;1.98;0.5700000000000001;1.86;4.75;6.75
11286;zone69;6517.651722029823;2240.572579661372;0.0;zone69;S01010324;6;759;566;403;[0.142857,0.571429,0.285714];[0.298077,0.490385,0.211538];[0.333333,0.530864,0.135802];[0.401674,0.414226,0.1841];[0.569620253165,0.101265822785,0.291139240506,0.0379746835443];1;407.0;-0.0721601679586;1612;11;0.07333333333333333;0.0;26.880000000000006;25.833333333333332;57.56666666666666;13.333333333333334;23.5;8.666666666666666;1.7133333333333336;0.0;0.8733333333333335;0.0;3.933333333333333;0.4000000000000001;3.366666666666667;0.0;6.0
11286;zone70;6038.016041009105;2402.8415869980217;0.0;zone70;S01010325;18;939;666;501;[0.263158,0.368421,0.368421];[0.383838,0.525253,0.090909];[0.253623,0.615942,0.130435];[0.451362,0.463035,0.085603];[0.545454545455,0.238636363636,0.193181818182,0.0227272727273];1;225.0;-0.281126582053;1863;28;0.06222222222222222;1.3888888888888888;42.906666666666666;23.38888888888889;64.32666666666667;11.277777777777779;23.0;14.444444444444445;1.2866666666666666;0.0;1.2911111111111109;0.0;3.1622222222222227;0.4466666666666667;2.157777777777777;5.5;5.333333333333333
11286;zone71;5272.359331052501;2740.775131541117;0.0;zone71;S01010326;39;987;707;494;[0.526316,0.368421,0.105263];[0.522523,0.333333,0.144144];[0.492188,0.3125,0.195313];[0.723514,0.224806,0.05168];[0.54375,0.16875,0.23125,0.05625];1;1389.0;1.05701743376;1023;76;0.07282051282051281;1.205128205128205;47.077948717948715;27.871794871794872;65.40102564102564;10.64102564102564;22.487179487179485;15.871794871794872;1.4912820512820513;0.0;4.542564102564102;0.0;1.5979487179487177;0.4482051282051282;2.3169230769230773;4.384615384615385;7.205128205128205
11286;zone72;4970.167032608406;2501.795090448298;0.0;zone72;S01010327;34;982;660;362;[0.031746,0.507937,0.460317];[0.372881,0.432203,0.194915];[0.289063,0.328125,0.382813];[0.516892,0.347973,0.135135];[0.416184971098,0.21387283237,0.236994219653,0.132947976879];1;470.0;0.000335688704598;945;60;0.06470588235294118;1.3529411764705883;38.48352941176472;27.5;64.02352941176471;10.911764705882353;22.647058823529413;13.029411764705882;2.3047058823529416;0.0;4.552941176470589;0.01411764705882353;0.956470588235294;0.4294117647058822;2.1870588235294126;5.323529411764706;7.323529411764706
11286;zone73;5975.307390960257;2677.5485166167286;0.0;zone73;S01010328;24;969;706;445;[0.16129,0.5,0.33871];[0.27044,0.471698,0.257862];[0.192547,0.434783,0.372671];[0.338983,0.432203,0.228814];[0.309352517986,0.258992805755,0.280575539568,0.151079136691];2;457.0;-0.0138550124678;2073;37;0.06;1.7916666666666667;42.01333333333333;23.541666666666668;59.815000000000005;9.333333333333334;21.5;14.083333333333334;0.9750000000000002;0.0;1.1683333333333332;0.0;2.7083333333333335;0.26333333333333336;1.9333333333333333;6.041666666666667;4.333333333333333
