cycle;name;location.x;location.y;location.z;name;dataZone;nm_children;pop;over16;nm_hh;AB_car_prob;C1_car_prob;C2_car_prob;DE_car_prob;prob_social;simd;crimeRate;norm_crime;avg_dis_sh;neigh_play;daily_play_per_child;avg_FSA;avg_walk;daily_OD;zone_mvpa;mvpa_home;mvpa_sc;mvpa_road;mvpa_play_field;mvpa_home_garden;mvpa_park;mvpa_PG;mvpa_amenity;mvpa_shops;mvpa_F_home;mvpa_fsa;mvpa_OD
11286;zone0;8448.90275962388;2625.4515469546564;0.0;zone0;S01010195;19;531;390;212;[0.0,0.481481,0.518519];[0.261538,0.646154,0.092308];[0.12,0.59,0.29];[0.447368,0.368421,0.184211];[0.418918918919,0.283783783784,0.202702702703,0.0945945945946];1;0.0;-0.540229885057;1267;35;0.07368421052631578;0.9473684210526315;33.829473684210534;27.94736842105263;65.59789473684211;12.894736842105264;23.63157894736842;11.105263157894736;1.6021052631578947;0.0;4.2105263157894735;0.02947368421052632;2.4905263157894733;0.5621052631578948;2.7578947368421054;4.526315789473684;7.7894736842105265
11286;zone1;8656.736904000718;2165.9902346445633;0.0;zone1;S01010198;18;1027;748;394;[0.058824,0.529412,0.411765];[0.305785,0.561983,0.132231];[0.219858,0.496454,0.283688];[0.523179,0.331126,0.145695];[0.48623853211,0.229357798165,0.266055045872,0.0183486238532];1;1609.0;1.3102524676;1953;24;0.05111111111111111;1.0555555555555556;42.32888888888888;22.11111111111111;62.65777777777779;10.833333333333334;22.88888888888889;14.38888888888889;1.6622222222222223;0.0;1.8511111111111112;0.09777777777777778;2.068888888888889;0.43333333333333335;2.6288888888888895;4.111111111111111;5.277777777777778
11286;zone2;8537.588755655543;3024.028900129281;0.0;zone2;S01010201;22;643;453;253;[0.0,0.47619,0.52381];[0.270833,0.3125,0.416667];[0.088,0.48,0.432];[0.296552,0.434483,0.268966];[0.365853658537,0.292682926829,0.292682926829,0.0487804878049];2;219.0;-0.28762447053;1567;32;0.05818181818181818;0.9545454545454546;34.76545454545455;29.09090909090909;64.09272727272729;11.954545454545455;23.272727272727273;11.681818181818182;1.8072727272727278;0.0;3.78;0.06727272727272728;2.649090909090909;0.3781818181818182;2.5381818181818185;4.181818181818182;7.818181818181818
11286;zone3;8059.42097232239;3767.666522351409;0.0;zone3;S01010203;30;671;504;260;[0.090909,0.363636,0.545455];[0.263804,0.460123,0.276074];[0.094828,0.422414,0.482759];[0.183824,0.375,0.441176];[0.272727272727,0.218181818182,0.363636363636,0.145454545455];3;215.0;-0.292668818285;1952;60;0.08;2.033333333333333;46.004000000000005;27.1;71.60933333333335;11.366666666666667;23.466666666666665;15.7;1.8120000000000003;0.0;2.1373333333333333;0.0;3.346666666666666;0.372;1.4906666666666668;9.966666666666667;6.8
11286;zone4;8368.288440296214;3565.498290652094;0.0;zone4;S01010204;30;800;589;381;[0.272727,0.727273,0.0];[0.627451,0.27451,0.098039];[0.444444,0.533333,0.022222];[0.600619,0.321981,0.077399];[0.595041322314,0.157024793388,0.239669421488,0.00826446280992];1;497.0;0.0317745673598;1197;52;0.06533333333333333;1.2333333333333334;44.08266666666667;26.366666666666667;63.00133333333333;10.366666666666667;22.433333333333334;14.9;1.24;0.0;2.5959999999999996;0.02;2.589333333333334;0.36533333333333323;2.0186666666666664;4.8;6.0
11286;zone5;8034.229745798958;3515.110462853287;0.0;zone5;S01010205;15;658;534;355;[0.411765,0.117647,0.470588];[0.465116,0.457364,0.077519];[0.317757,0.588785,0.093458];[0.593458,0.280374,0.126168];[0.466666666667,0.2,0.3,0.0333333333333];1;925.0;0.523434132086;1444;26;0.064;0.9333333333333333;38.95733333333333;27.666666666666668;63.68266666666667;11.266666666666667;23.066666666666666;13.333333333333334;1.6559999999999997;0.0;3.0586666666666664;0.032;2.365333333333333;0.44533333333333336;2.6426666666666665;4.266666666666667;6.733333333333333
11286;zone6;7457.064719570519;3739.055375726369;0.0;zone6;S01010208;18;903;745;565;[0.30137,0.589041,0.109589];[0.48062,0.457364,0.062016];[0.272727,0.613636,0.113636];[0.66055,0.270642,0.068807];[0.233333333333,0.133333333333,0.461111111111,0.172222222222];1;603.0;0.153385979085;1411;25;0.05555555555555555;0.9444444444444444;47.57111111111111;24.944444444444443;59.17333333333334;9.333333333333334;21.333333333333332;16.22222222222222;1.4422222222222223;0.0;1.3066666666666664;0.0;2.497777777777777;0.4511111111111112;2.126666666666667;2.5555555555555554;4.833333333333333
11286;zone7;7917.838214725937;1939.334458859395;0.0;zone7;S01010209;24;966;677;468;[0.172414,0.586207,0.241379];[0.333333,0.414966,0.251701];[0.381944,0.458333,0.159722];[0.545852,0.336245,0.117904];[0.337931034483,0.248275862069,0.303448275862,0.110344827586];1;2053.0;1.82052250092;1698;39;0.06166666666666667;1.0;47.143333333333324;25.041666666666668;63.998333333333335;10.5;22.541666666666668;16.333333333333332;0.8833333333333333;0.0;3.7266666666666666;0.0;1.6766666666666667;0.3733333333333333;2.4983333333333335;3.9166666666666665;5.791666666666667
11286;zone8;7878.406567747077;2721.2634132011362;0.0;zone8;S01010210;18;885;641;416;[0.173913,0.456522,0.369565];[0.21519,0.5,0.28481];[0.189781,0.386861,0.423358];[0.422111,0.442211,0.135678];[0.394736842105,0.236842105263,0.254385964912,0.114035087719];1;344.0;-0.144253829852;1031;29;0.06444444444444444;1.6666666666666667;29.064444444444447;18.166666666666668;61.446666666666665;12.277777777777779;23.333333333333332;9.88888888888889;0.7977777777777777;0.0;2.693333333333333;0.0;1.4511111111111112;0.4266666666666667;2.251111111111111;6.777777777777778;4.388888888888889
11286;zone9;7785.599648345685;3201.783800714137;0.0;zone9;S01010211;22;858;634;452;[0.147059,0.705882,0.147059];[0.384615,0.452991,0.162393];[0.469565,0.4,0.130435];[0.722656,0.226563,0.050781];[0.473214285714,0.169642857143,0.285714285714,0.0714285714286];1;430.0;-0.0456985893816;1097;34;0.06;1.4545454545454546;41.487272727272725;23.636363636363637;68.33818181818182;12.090909090909092;23.90909090909091;14.272727272727273;1.9454545454545453;0.0;2.7818181818181817;0.0;2.576363636363636;0.35636363636363644;2.4654545454545453;6.363636363636363;6.818181818181818
11286;zone10;7580.688680869333;3097.127786881416;0.0;zone10;S01010212;49;1083;779;559;[0.233333,0.633333,0.133333];[0.594771,0.339869,0.065359];[0.465517,0.405172,0.12931];[0.712821,0.269231,0.017949];[0.566037735849,0.138364779874,0.22641509434,0.0691823899371];1;1473.0;1.15298517036;1213;76;0.06040816326530613;1.2857142857142858;50.04816326530612;28.06122448979592;69.02040816326532;11.46938775510204;23.20408163265306;16.897959183673468;1.3510204081632653;0.0;2.585306122448979;0.0;3.493061224489796;0.3869387755102041;2.5134693877551024;5.285714285714286;7.020408163265306
11286;zone11;8065.177293237223;3111.5884965344962;0.0;zone11;S01010213;13;924;657;476;[0.105263,0.684211,0.210526];[0.382609,0.547826,0.069565];[0.218543,0.556291,0.225166];[0.467925,0.483019,0.049057];[0.451327433628,0.221238938053,0.274336283186,0.0530973451327];1;247.0;-0.255840453357;1046;16;0.04615384615384616;1.3076923076923077;30.196923076923078;22.53846153846154;53.673846153846156;9.461538461538462;21.384615384615383;10.153846153846153;0.6769230769230768;0.0;1.5538461538461539;0.0;2.350769230769231;0.3384615384615385;2.0338461538461536;4.230769230769231;4.230769230769231
11286;zone12;7144.994858230166;1947.4125453867302;0.0;zone12;S01010214;27;967;717;396;[0.098592,0.28169,0.619718];[0.197531,0.438272,0.364198];[0.173333,0.493333,0.333333];[0.237069,0.487069,0.275862];[0.361344537815,0.210084033613,0.310924369748,0.117647058824];3;176.0;-0.337854473183;1891;54;0.07851851851851852;1.4814814814814814;45.78370370370372;29.14814814814815;67.36296296296298;11.222222222222221;23.25925925925926;15.518518518518519;2.031111111111111;0.0;2.52;0.0;3.2977777777777777;0.40444444444444444;2.0000000000000004;5.296296296296297;7.333333333333333
11286;zone13;7013.590150664996;2618.495528189446;0.0;zone13;S01010215;24;850;608;492;[0.571429,0.285714,0.142857];[0.5,0.431373,0.068627];[0.382609,0.391304,0.226087];[0.678571,0.269841,0.051587];[0.467289719626,0.140186915888,0.345794392523,0.0467289719626];1;547.0;0.0886083430805;700;36;0.06;1.5416666666666667;41.58666666666667;25.25;65.96666666666668;11.0;23.25;14.083333333333334;1.7366666666666666;0.0;1.3816666666666666;0.0;3.4733333333333327;0.29166666666666674;2.2616666666666667;6.583333333333333;6.166666666666667
11286;zone14;7332.222205807836;2329.961970144465;0.0;zone14;S01010216;15;621;464;361;[0.6,0.4,0.0];[0.597701,0.356322,0.045977];[0.409091,0.439394,0.151515];[0.709544,0.273859,0.016598];[0.5,0.163265306122,0.265306122449,0.0714285714286];1;600.0;0.150092344085;1314;27;0.06933333333333333;0.6666666666666666;49.464000000000006;28.933333333333334;67.40266666666666;11.933333333333334;23.533333333333335;16.733333333333334;0.8986666666666667;0.0;2.602666666666666;0.0;4.184;0.4426666666666667;2.5039999999999996;2.933333333333333;7.2
11286;zone15;7299.833172322251;2625.8610945736937;0.0;zone15;S01010217;33;817;598;406;[0.16129,0.516129,0.322581];[0.565517,0.4,0.034483];[0.5,0.431373,0.068627];[0.702703,0.283784,0.013514];[0.541935483871,0.0967741935484,0.296774193548,0.0645161290323];1;1060.0;0.679274950851;1036;44;0.05090909090909091;1.4545454545454546;44.706666666666656;24.09090909090909;65.75030303030303;11.303030303030303;22.666666666666668;14.969696969696969;0.9393939393939394;0.0;1.873939393939394;0.0;2.865454545454546;0.37939393939393934;2.225454545454545;6.787878787878788;5.212121212121212
11286;zone16;7142.953643082513;3018.5401822929393;0.0;zone16;S01010218;31;1018;790;587;[0.425532,0.404255,0.170213];[0.392523,0.453271,0.154206];[0.358209,0.492537,0.149254];[0.589124,0.335347,0.075529];[0.424657534247,0.109589041096,0.369863013699,0.0958904109589];1;557.0;0.101026678737;592;50;0.06451612903225806;1.4193548387096775;34.36;29.483870967741936;61.83225806451614;11.096774193548388;22.677419354838708;11.419354838709678;1.5019354838709682;0.0;1.0619354838709678;0.0;4.024516129032259;0.32387096774193547;1.961290322580645;6.225806451612903;6.096774193548387
11286;zone17;6738.8937706128745;4298.8917997019325;0.0;zone17;S01010219;21;503;382;274;[0.695652,0.304348,0.0];[0.758621,0.215517,0.025862];[0.761905,0.166667,0.071429];[0.781609,0.195402,0.022989];[0.41935483871,0.0752688172043,0.408602150538,0.0967741935484];2;184.0;-0.327838932938;1666;30;0.05714285714285714;1.1428571428571428;69.04952380952379;27.666666666666668;72.92952380952381;10.095238095238095;22.095238095238095;23.857142857142858;3.47047619047619;0.0;3.6609523809523807;0.04952380952380953;0.8133333333333335;0.39809523809523817;2.266666666666667;4.571428571428571;7.714285714285714
11286;zone18;5915.780765415368;4211.222876105162;0.0;zone18;S01010220;7;476;433;279;[0.181159,0.608696,0.210145];[0.404255,0.531915,0.06383];[0.227273,0.704545,0.068182];[0.448276,0.482759,0.068966];[0.154545454545,0.0636363636364,0.318181818182,0.463636363636];5;267.0;-0.232306706325;1038;18;0.10285714285714286;2.2857142857142856;35.32;27.428571428571427;60.56571428571429;9.428571428571429;21.428571428571427;11.714285714285714;3.708571428571428;0.0;2.6685714285714286;0.0;0.4628571428571429;0.18285714285714286;1.3599999999999999;7.714285714285714;6.285714285714286
11286;zone19;6341.0811208317455;3913.8398648988496;0.0;zone19;S01010221;13;546;394;260;[0.6,0.4,0.0];[0.557377,0.409836,0.032787];[0.538462,0.323077,0.138462];[0.699387,0.257669,0.042945];[0.609375,0.140625,0.203125,0.046875];1;635.0;0.19005459739;1408;17;0.04923076923076923;1.4615384615384615;57.11384615384616;23.0;66.36923076923078;9.23076923076923;21.692307692307693;20.076923076923077;2.9538461538461536;0.0;1.8215384615384618;0.09538461538461539;0.7630769230769231;0.3015384615384616;2.1630769230769236;5.461538461538462;5.230769230769231
11286;zone20;7001.213463613622;4053.9957950241624;0.0;zone20;S01010222;15;492;414;285;[0.142857,0.5,0.357143];[0.432432,0.459459,0.108108];[0.348624,0.522936,0.12844];[0.747899,0.235294,0.016807];[0.345238095238,0.214285714286,0.309523809524,0.130952380952];1;377.0;-0.105830277325;1758;24;0.064;1.2;48.58933333333334;23.733333333333334;71.52533333333334;13.066666666666666;24.066666666666666;16.466666666666665;2.5306666666666673;0.0;2.730666666666667;0.03466666666666667;1.9760000000000002;0.5493333333333335;2.808;5.666666666666667;6.733333333333333
11286;zone21;6986.8418912765155;3434.1450308482026;0.0;zone21;S01010223;4;556;462;337;[0.076923,0.538462,0.384615];[0.567797,0.330508,0.101695];[0.472222,0.444444,0.083333];[0.584699,0.36612,0.04918];[0.432432432432,0.162162162162,0.324324324324,0.0810810810811];1;439.0;-0.0353356041414;1480;4;0.04;1.25;46.7;26.75;64.82;10.0;23.0;16.0;2.0;0.0;3.01;0.0;1.91;0.31;2.01;4.5;6.5
11286;zone22;6247.397837456437;3329.661273309237;0.0;zone22;S01010224;40;1036;727;469;[0.405405,0.540541,0.054054];[0.592593,0.274074,0.133333];[0.418803,0.504274,0.076923];[0.768421,0.202632,0.028947];[0.506097560976,0.140243902439,0.268292682927,0.0853658536585];1;1004.0;0.614259332793;1020;69;0.066;1.475;44.84000000000001;21.225;63.57799999999999;10.875;22.275;15.225;2.81;0.0;1.5880000000000003;0.038;1.3420000000000003;0.38299999999999995;2.21;5.15;5.225
11286;zone23;7827.985844039554;4105.4701191949;0.0;zone23;S01010225;33;812;636;431;[0.25,0.634615,0.115385];[0.469072,0.43299,0.097938];[0.54023,0.413793,0.045977];[0.672065,0.234818,0.093117];[0.385185185185,0.125925925926,0.325925925926,0.162962962963];1;1006.0;0.616572011517;1763;64;0.07757575757575758;0.8484848484848485;59.60484848484848;29.818181818181817;69.63151515151516;10.727272727272727;23.03030303030303;20.333333333333332;2.2509090909090914;0.0;2.4169696969696965;0.02666666666666667;2.7563636363636372;0.34060606060606063;2.5139393939393937;3.484848484848485;7.090909090909091
11286;zone24;7040.363001382077;4481.052780471187;0.0;zone24;S01010226;40;816;565;394;[0.454545,0.242424,0.30303];[0.715385,0.2,0.084615];[0.540541,0.405405,0.054054];[0.766917,0.18797,0.045113];[0.503355704698,0.201342281879,0.221476510067,0.0738255033557];2;422.0;-0.0548014077425;1210;116;0.115;1.325;45.843999999999994;34.4;72.72200000000001;11.75;23.95;15.425;4.380999999999999;0.0;4.543;0.08;1.786;0.47700000000000004;2.4870000000000005;6.125;10.375
11286;zone25;6847.772309074456;4638.663588163389;0.0;zone25;S01010227;39;692;454;294;[0.413793,0.413793,0.172414];[0.704545,0.238636,0.056818];[0.654545,0.345455,0.0];[0.810606,0.159091,0.030303];[0.672268907563,0.0924369747899,0.159663865546,0.0756302521008];4;0.0;-0.540229885057;1187;139;0.14153846153846153;1.3076923076923077;48.20820512820512;40.256410256410255;72.93128205128203;10.923076923076923;23.153846153846153;16.435897435897434;2.4994871794871796;0.0;7.9517948717948705;0.10153846153846154;1.784615384615385;0.3733333333333334;2.1025641025641018;5.871794871794871;11.846153846153847
11286;zone26;8241.816993110848;4572.457656401622;0.0;zone26;S01010229;30;1016;787;508;[0.1,0.625,0.275];[0.350877,0.350877,0.298246];[0.348315,0.477528,0.174157];[0.565217,0.310559,0.124224];[0.420731707317,0.213414634146,0.292682926829,0.0731707317073];1;395.0;-0.0859445809966;1446;46;0.05866666666666667;1.0333333333333334;50.67466666666666;23.066666666666666;65.13333333333334;10.8;22.866666666666667;17.133333333333333;1.7800000000000002;0.0;2.3986666666666663;0.028;1.8226666666666667;0.40133333333333343;2.6826666666666665;3.466666666666667;5.566666666666666
11286;zone27;7458.320056766788;4680.341251240345;0.0;zone27;S01010230;24;1005;772;577;[0.314286,0.628571,0.057143];[0.703883,0.296117,0.0];[0.727273,0.218182,0.054545];[0.71831,0.24507,0.03662];[0.517857142857,0.136904761905,0.267857142857,0.077380952381];1;846.0;0.433218203459;846;49;0.08;1.375;35.038333333333334;25.125;63.64166666666666;11.958333333333334;23.208333333333332;11.625;1.6383333333333336;0.0;4.071666666666666;0.03166666666666667;1.5433333333333332;0.43;2.405;5.041666666666667;6.708333333333333
11286;zone28;7569.802990100143;4917.458811240416;0.0;zone28;S01010232;37;1074;792;485;[0.457143,0.485714,0.057143];[0.557292,0.338542,0.104167];[0.492063,0.333333,0.174603];[0.654229,0.251244,0.094527];[0.470297029703,0.153465346535,0.306930693069,0.0693069306931];1;771.0;0.347049794199;907;72;0.07243243243243243;1.2702702702702702;40.26054054054054;26.37837837837838;65.11567567567567;11.91891891891892;23.135135135135137;13.675675675675675;1.6832432432432431;0.0;2.167567567567568;0.03783783783783783;3.0518918918918914;0.39567567567567563;2.411891891891892;4.864864864864865;6.4324324324324325
11286;zone29;7830.713068379679;4879.746446724283;0.0;zone29;S01010233;33;970;705;476;[0.275,0.625,0.1];[0.655629,0.245033,0.099338];[0.52809,0.426966,0.044944];[0.771505,0.212366,0.016129];[0.587209302326,0.093023255814,0.261627906977,0.0581395348837];1;284.0;-0.213781821634;1097;57;0.06424242424242424;1.2727272727272727;42.41212121212121;25.0;65.0739393939394;11.424242424242424;23.060606060606062;14.606060606060606;1.1163636363636364;0.0;2.0812121212121215;0.06787878787878787;3.0327272727272727;0.38181818181818183;2.5333333333333337;5.090909090909091;5.757575757575758
11286;zone30;6473.383843181837;4954.519765957263;0.0;zone30;S01010261;6;2551;2373;526;[0.666667,0.270833,0.0625];[0.675841,0.281346,0.042813];[0.75,0.25,0.0];[0.824468,0.164894,0.010638];[0.41,0.06,0.41,0.12];3;176.0;-0.337679921334;1469;12;0.07333333333333333;0.16666666666666666;35.83333333333333;36.0;59.51333333333334;10.833333333333334;22.666666666666668;12.166666666666666;2.5533333333333332;0.0;1.6800000000000004;0.20000000000000004;4.673333333333333;0.6133333333333333;2.2533333333333334;0.3333333333333333;8.5
11286;zone31;4930.642193689802;4959.449818932565;0.0;zone31;S01010266;3;555;474;237;[0.320755,0.556604,0.122642];[0.677273,0.254545,0.068182];[0.5,0.461538,0.038462];[0.534247,0.30137,0.164384];[0.141176470588,0.0588235294118,0.4,0.4];3;536.0;0.0761386922126;1054;4;0.05333333333333334;2.6666666666666665;40.053333333333335;31.0;72.48;11.0;24.0;13.333333333333334;1.4266666666666667;0.0;0.7333333333333334;0.25333333333333335;5.613333333333333;0.5333333333333333;1.7066666666666668;12.0;7.666666666666667
11286;zone32;5712.5549897826;4979.400336637217;0.0;zone32;S01010270;4;1153;972;817;[0.389831,0.533898,0.076271];[0.70255,0.252125,0.045326];[0.714286,0.272727,0.012987];[0.771552,0.228448,0.0];[0.125,0.0909090909091,0.454545454545,0.329545454545];1;871.0;0.461200629557;1774;2;0.02;1.75;65.5;24.5;71.25999999999999;10.0;22.5;22.5;3.76;0.0;0.4;0.27;1.79;0.30000000000000004;1.21;6.75;6.0
11286;zone33;3394.0723536088512;4934.677182292946;0.0;zone33;S01010282;13;976;841;645;[0.438776,0.520408,0.040816];[0.545732,0.405488,0.04878];[0.521277,0.382979,0.095745];[0.712707,0.232044,0.055249];[0.190954773869,0.070351758794,0.35175879397,0.386934673367];2;350.0;-0.137812028107;1370;24;0.06769230769230769;1.3846153846153846;49.72615384615384;29.076923076923077;68.13230769230769;10.615384615384615;23.23076923076923;16.846153846153847;1.975384615384615;0.0;5.255384615384615;0.6492307692307693;0.8030769230769231;0.3076923076923077;2.2676923076923075;4.538461538461538;8.076923076923077
11286;zone34;4385.789287498423;4835.237486850067;0.0;zone34;S01010289;15;771;687;380;[0.130952,0.511905,0.357143];[0.262911,0.502347,0.234742];[0.178571,0.464286,0.357143];[0.410256,0.435897,0.153846];[0.058064516129,0.0322580645161,0.245161290323,0.664516129032];5;259.0;-0.241396294863;1044;37;0.096;1.8666666666666667;36.936;33.733333333333334;65.76533333333333;11.133333333333333;22.933333333333334;12.466666666666667;0.6986666666666665;0.0;4.053333333333333;1.2346666666666666;2.112;0.26666666666666666;2.192;6.733333333333333;7.533333333333333
11286;zone35;4401.5375624188455;4669.062022109911;0.0;zone35;S01010290;13;546;485;278;[0.198198,0.603604,0.198198];[0.485944,0.449799,0.064257];[0.555556,0.444444,0.0];[0.435897,0.512821,0.051282];[0.10752688172,0.0430107526882,0.494623655914,0.354838709677];3;353.0;-0.133686757747;960;40;0.11692307692307692;0.8461538461538461;42.926153846153845;38.38461538461539;64.00923076923075;9.846153846153847;22.307692307692307;14.461538461538462;1.4953846153846155;0.0;5.350769230769231;0.8769230769230769;2.4153846153846157;0.5261538461538462;1.84;3.1538461538461537;9.692307692307692
11286;zone36;4119.983651650423;4281.100418217042;0.0;zone36;S01010291;12;1075;975;481;[0.405594,0.447552,0.146853];[0.627907,0.277132,0.094961];[0.415094,0.433962,0.150943];[0.562963,0.325926,0.111111];[0.197080291971,0.0729927007299,0.445255474453,0.284671532847];3;438.0;-0.0363924713322;672;25;0.08;1.4166666666666667;37.17666666666667;40.583333333333336;69.57333333333334;10.916666666666666;23.166666666666668;12.5;1.7600000000000005;0.0;8.48;0.6233333333333334;1.6733333333333336;0.27666666666666667;2.0633333333333335;6.416666666666667;12.0
11286;zone37;4399.731076226201;4291.6703625917;0.0;zone37;S01010292;10;890;831;409;[0.348214,0.508929,0.142857];[0.477169,0.420091,0.10274];[0.339286,0.446429,0.214286];[0.55814,0.383721,0.05814];[0.128378378378,0.0540540540541,0.398648648649,0.418918918919];4;323.0;-0.168488563048;948;29;0.112;1.3;37.33200000000001;45.0;70.9;12.5;23.8;12.2;3.5879999999999996;0.0;6.692;0.6679999999999999;2.2279999999999998;0.48400000000000015;1.7760000000000002;5.2;12.7
11286;zone38;4514.690807242894;4541.15458266895;0.0;zone38;S01010293;16;839;723;373;[0.51773,0.35461,0.12766];[0.635389,0.262735,0.101877];[0.446809,0.319149,0.234043];[0.514286,0.392857,0.092857];[0.242424242424,0.0606060606061,0.393939393939,0.30303030303];3;290.0;-0.205814991507;894;52;0.125;1.375;35.2625;38.0625;64.43249999999999;10.4375;22.625;11.75;1.7875;0.0;4.769999999999999;0.48;2.1450000000000005;0.22999999999999998;2.2300000000000004;6.0625;8.6875
11286;zone39;4541.7482834333705;4418.565122351524;0.0;zone39;S01010294;13;690;631;275;[0.242105,0.526316,0.231579];[0.650873,0.214464,0.134663];[0.583333,0.208333,0.208333];[0.414894,0.489362,0.095745];[0.164835164835,0.043956043956,0.494505494505,0.296703296703];4;440.0;-0.0342259463805;1209;26;0.08;2.0;46.329230769230776;41.38461538461539;74.87384615384615;12.153846153846153;23.846153846153847;15.923076923076923;3.116923076923077;0.0;3.9784615384615387;1.1323076923076925;3.48;0.39384615384615385;1.2923076923076922;7.846153846153846;11.23076923076923
11286;zone40;4766.8646917667475;4574.50133624035;0.0;zone40;S01010295;18;974;870;427;[0.384615,0.391026,0.224359];[0.604555,0.310559,0.084886];[0.428571,0.285714,0.285714];[0.390728,0.516556,0.092715];[0.212765957447,0.113475177305,0.297872340426,0.375886524823];4;529.0;0.0680145754747;1093;48;0.1;1.8888888888888888;47.49333333333333;36.44444444444444;71.02222222222221;10.666666666666666;22.77777777777778;16.5;1.9777777777777774;0.0;5.337777777777777;0.8999999999999999;1.8533333333333337;0.20222222222222222;1.7088888888888887;7.333333333333333;9.5
11286;zone41;4647.752341766679;4736.091736240359;0.0;zone41;S01010296;16;664;560;291;[0.294118,0.423529,0.282353];[0.520913,0.368821,0.110266];[0.375,0.375,0.25];[0.475524,0.391608,0.132867];[0.282828282828,0.111111111111,0.363636363636,0.242424242424];2;856.0;0.444094443477;815;33;0.08;1.625;34.877500000000005;30.6875;66.87750000000001;11.9375;23.5625;11.5;1.5100000000000002;0.0;2.9725;0.6625;2.8325;0.29500000000000004;2.37;7.3125;7.5625
11286;zone42;5522.849421766708;4411.996091240393;0.0;zone42;S01010297;7;1066;894;676;[0.582609,0.382609,0.034783];[0.691824,0.245283,0.062893];[0.540541,0.333333,0.126126];[0.681275,0.270916,0.047809];[0.260563380282,0.140845070423,0.37323943662,0.225352112676];1;504.0;0.0391758595379;1012;4;0.02285714285714286;2.4285714285714284;31.125714285714285;13.285714285714286;60.53142857142857;10.857142857142858;22.571428571428573;10.714285714285714;0.6799999999999999;0.0;0.3428571428571429;0.0;1.8342857142857143;0.44571428571428573;1.7714285714285716;9.428571428571429;2.4285714285714284
11286;zone43;4706.481893689814;4143.807995855712;0.0;zone43;S01010298;12;880;677;515;[0.308943,0.479675,0.211382];[0.581395,0.356589,0.062016];[0.539683,0.396825,0.063492];[0.744828,0.193103,0.062069];[0.227272727273,0.0984848484848,0.371212121212,0.30303030303];1;486.0;0.0190902878356;985;15;0.04333333333333333;1.25;39.51333333333334;24.75;59.28;9.916666666666666;22.25;13.166666666666666;1.5733333333333333;0.0;3.266666666666667;0.09666666666666666;1.4899999999999995;0.4033333333333334;2.4066666666666667;3.0833333333333335;6.083333333333333
11286;zone44;4885.424673909578;4209.645754097502;0.0;zone44;S01010299;4;536;404;292;[0.3,0.54,0.16];[0.556701,0.340206,0.103093];[0.458333,0.520833,0.020833];[0.584906,0.283019,0.132075];[0.428571428571,0.0857142857143,0.285714285714,0.2];1;375.0;-0.10827530326;697;8;0.07;0.5;40.97;22.0;57.6;10.25;21.75;13.75;1.4100000000000001;0.0;1.69;0.4;1.35;0.14;3.0;2.0;4.5
11286;zone45;4883.397012115578;4340.414778682246;0.0;zone45;S01010300;21;934;764;478;[0.460784,0.411765,0.127451];[0.664653,0.238671,0.096677];[0.632353,0.323529,0.044118];[0.606383,0.329787,0.06383];[0.3046875,0.125,0.3515625,0.21875];2;513.0;0.0498225801839;635;31;0.05142857142857143;1.3333333333333333;34.0247619047619;30.333333333333332;63.08952380952381;11.238095238095237;23.0;11.428571428571429;1.6209523809523811;0.0;1.980952380952381;0.6628571428571429;3.03047619047619;0.3504761904761905;2.434285714285714;5.380952380952381;6.714285714285714
11286;zone46;5144.66081966521;4032.769083704074;0.0;zone46;S01010301;6;522;457;283;[0.292683,0.597561,0.109756];[0.57563,0.315126,0.109244];[0.222222,0.703704,0.074074];[0.561798,0.393258,0.044944];[0.214285714286,0.0612244897959,0.459183673469,0.265306122449];4;490.0;0.0232745011966;1539;20;0.12666666666666668;1.1666666666666667;45.31333333333333;36.5;67.74000000000001;10.333333333333334;23.0;15.5;4.493333333333333;0.0;0.66;0.25333333333333335;3.4066666666666667;0.42;2.8466666666666662;5.666666666666667;8.166666666666666
11286;zone47;5165.568789180556;4297.038752619699;0.0;zone47;S01010302;24;669;495;388;[0.65625,0.28125,0.0625];[0.6,0.356522,0.043478];[0.716981,0.226415,0.056604];[0.801802,0.18018,0.018018];[0.582417582418,0.0769230769231,0.263736263736,0.0769230769231];1;392.0;-0.0896499889057;1419;39;0.06166666666666667;1.6666666666666667;55.935;26.958333333333332;71.99;11.208333333333334;23.416666666666668;19.208333333333332;2.5433333333333334;0.0;0.7500000000000001;0.28833333333333333;3.2733333333333334;0.4483333333333333;2.5583333333333322;6.583333333333333;6.458333333333333
11286;zone48;5241.140616766716;4139.402270499609;0.0;zone48;S01010303;33;579;387;250;[0.692308,0.153846,0.153846];[0.56701,0.298969,0.134021];[0.630435,0.282609,0.086957];[0.658879,0.285047,0.056075];[0.58407079646,0.106194690265,0.274336283186,0.0353982300885];1;415.0;-0.0627120940391;1868;71;0.08242424242424243;1.2424242424242424;54.46787878787879;28.333333333333332;65.6387878787879;9.727272727272727;21.96969696969697;18.636363636363637;3.141818181818182;0.0;0.9527272727272729;0.23030303030303034;2.312727272727273;0.37333333333333335;2.2218181818181812;4.242424242424242;6.121212121212121
11286;zone49;4853.647576226233;3833.123065294377;0.0;zone49;S01010304;12;542;456;332;[0.323529,0.514706,0.161765];[0.635135,0.25,0.114865];[0.477273,0.522727,0.0];[0.829268,0.109756,0.060976];[0.372340425532,0.0425531914894,0.297872340426,0.287234042553];1;804.0;0.384523850516;2162;9;0.03;1.9166666666666667;54.27666666666667;22.25;73.62333333333332;12.083333333333334;23.833333333333332;18.416666666666668;2.8666666666666667;0.0;1.0966666666666667;0.20000000000000004;2.1999999999999997;0.4433333333333334;2.44;8.25;5.916666666666667
11286;zone50;4697.410406890209;3639.1027396354093;0.0;zone50;S01010305;7;807;694;478;[0.36036,0.468468,0.171171];[0.553191,0.33617,0.110638];[0.409639,0.301205,0.289157];[0.589888,0.337079,0.073034];[0.198529411765,0.0735294117647,0.382352941176,0.345588235294];1;223.0;-0.28282788147;584;8;0.04571428571428571;1.5714285714285714;34.46285714285714;19.285714285714285;58.17142857142857;10.857142857142858;22.142857142857142;11.714285714285714;1.8971428571428572;0.0;0.4571428571428572;1.1428571428571428;0.4628571428571429;0.3371428571428572;2.005714285714286;5.428571428571429;3.4285714285714284
11286;zone51;4591.3082521834585;3868.367573740388;0.0;zone51;S01010306;13;752;675;449;[0.35625,0.56875,0.075];[0.570588,0.355882,0.073529];[0.283019,0.566038,0.150943];[0.650943,0.330189,0.018868];[0.165680473373,0.0473372781065,0.479289940828,0.307692307692];2;238.0;-0.265781391166;723;28;0.08615384615384615;1.1538461538461537;37.87692307692308;30.76923076923077;61.50769230769232;10.538461538461538;22.23076923076923;12.923076923076923;3.110769230769231;0.0;1.0646153846153845;1.7046153846153849;1.0061538461538464;0.35076923076923083;2.4676923076923076;4.153846153846154;6.3076923076923075
11286;zone52;4503.72067559025;3742.2957906521283;0.0;zone52;S01010307;9;821;732;428;[0.189922,0.577519,0.232558];[0.407407,0.487654,0.104938];[0.346154,0.538462,0.115385];[0.71875,0.234375,0.046875];[0.0681818181818,0.0568181818182,0.375,0.5];5;319.0;-0.172537833795;512;29;0.12444444444444444;1.3333333333333333;32.70666666666666;38.333333333333336;61.11555555555557;10.666666666666666;22.555555555555557;10.777777777777779;2.8355555555555556;0.0;1.0711111111111111;2.9733333333333336;1.0844444444444443;0.37777777777777777;1.848888888888889;5.111111111111111;7.333333333333333
11286;zone53;4364.519870735056;4047.768725526131;0.0;zone53;S01010308;9;975;858;480;[0.285714,0.54007,0.174216];[0.511936,0.384615,0.103448];[0.254902,0.411765,0.333333];[0.648352,0.307692,0.043956];[0.0970873786408,0.0631067961165,0.359223300971,0.480582524272];4;257.0;-0.244477582955;1533;31;0.1288888888888889;1.2222222222222223;54.64444444444443;43.666666666666664;79.19555555555557;12.444444444444445;24.88888888888889;18.666666666666668;5.728888888888889;0.0;5.484444444444445;1.9733333333333336;0.7111111111111111;0.2933333333333333;1.6844444444444444;5.777777777777778;13.444444444444445
11286;zone54;5381.88771051669;3636.3205112402793;0.0;zone54;S01010309;4;419;356;264;[0.333333,0.25,0.416667];[0.478873,0.422535,0.098592];[0.352941,0.382353,0.264706];[0.705882,0.24183,0.052288];[0.365853658537,0.170731707317,0.390243902439,0.0731707317073];1;0.0;-0.540229885057;1751;8;0.07;1.0;54.07;28.25;65.84;10.25;22.5;18.75;2.5;0.0;1.25;0.05;3.0600000000000005;0.11;2.5900000000000003;3.25;6.5
11286;zone55;5657.373406240428;3625.6586165034923;0.0;zone55;S01010310;13;706;540;381;[0.333333,0.238095,0.428571];[0.565517,0.337931,0.096552];[0.54902,0.27451,0.176471];[0.715415,0.256917,0.027668];[0.484848484848,0.151515151515,0.318181818182,0.0454545454545];1;574.0;0.120406534162;769;25;0.07384615384615385;1.2307692307692308;38.61230769230769;25.0;63.2646153846154;11.153846153846153;23.307692307692307;13.153846153846153;1.363076923076923;0.0;1.3938461538461537;0.11076923076923076;3.4799999999999995;0.34153846153846157;3.0523076923076924;4.153846153846154;5.769230769230769
11286;zone56;5685.425126382168;3318.6970593171873;0.0;zone56;S01010311;22;721;556;351;[0.411765,0.352941,0.235294];[0.472222,0.453704,0.074074];[0.571429,0.404762,0.02381];[0.717949,0.271062,0.010989];[0.565217391304,0.121739130435,0.269565217391,0.0434782608696];1;1534.0;1.22364271569;1495;28;0.05090909090909091;1.0;55.10545454545454;26.772727272727273;67.10181818181819;10.545454545454545;22.772727272727273;18.863636363636363;1.5781818181818181;0.0;2.3709090909090906;0.03818181818181818;2.5599999999999996;0.24909090909090906;2.6563636363636367;3.6818181818181817;6.181818181818182
11286;zone57;5466.52613028024;3072.1402274564575;0.0;zone57;S01010312;34;868;647;425;[0.117647,0.823529,0.058824];[0.754386,0.22807,0.017544];[0.407407,0.444444,0.148148];[0.804945,0.153846,0.041209];[0.586956521739,0.115942028986,0.268115942029,0.0289855072464];1;685.0;0.247477927043;1689;59;0.06588235294117648;1.0588235294117647;66.38117647058824;27.470588235294116;76.24941176470588;11.882352941176471;23.941176470588236;22.647058823529413;2.011764705882353;0.0;2.205882352941176;0.01411764705882353;3.6376470588235295;0.44823529411764695;3.003529411764706;4.735294117647059;7.294117647058823
11286;zone58;5251.7403530303945;3502.549209042501;0.0;zone58;S01010313;16;654;529;356;[0.428571,0.285714,0.285714];[0.6,0.333333,0.066667];[0.433735,0.481928,0.084337];[0.739623,0.162264,0.098113];[0.648351648352,0.131868131868,0.175824175824,0.043956043956];1;565.0;0.109617915218;2158;32;0.075;1.9375;63.72500000000001;23.6875;72.68;10.4375;22.875;22.0625;1.9349999999999998;0.0;1.4025;0.05500000000000001;2.4275;0.3425000000000001;1.9;7.5;5.3125
11286;zone59;4840.312157862589;3385.4448126102257;0.0;zone59;S01010314;21;1248;1034;550;[0.358209,0.507463,0.134328];[0.514493,0.333333,0.152174];[0.5,0.326923,0.173077];[0.636,0.324,0.04];[0.316901408451,0.133802816901,0.401408450704,0.147887323944];1;637.0;0.192402372167;1187;48;0.08952380952380952;1.5238095238095237;44.188571428571436;24.238095238095237;67.88190476190476;12.0;23.61904761904762;15.0;2.7161904761904765;0.0;1.9390476190476196;0.8514285714285714;1.3085714285714285;0.3504761904761905;2.363809523809524;6.0;6.333333333333333
11286;zone60;4536.293429266749;2504.1273706154316;0.0;zone60;S01010315;43;911;678;409;[0.180723,0.554217,0.26506];[0.252632,0.457895,0.289474];[0.208333,0.5,0.291667];[0.55144,0.345679,0.102881];[0.308176100629,0.169811320755,0.358490566038,0.163522012579];2;382.0;-0.100954860853;1577;98;0.08558139534883721;1.2325581395348837;41.85302325581395;28.953488372093023;63.615813953488384;11.093023255813954;22.41860465116279;14.0;2.9786046511627924;0.0;2.015813953488372;0.03162790697674419;2.0930232558139537;0.3748837209302325;2.1106976744186046;4.767441860465116;6.627906976744186
11286;zone61;4589.6619547948285;2943.195659127726;0.0;zone61;S01010316;25;512;414;304;[0.392157,0.529412,0.078431];[0.62931,0.37069,0.0];[0.439024,0.560976,0.0];[0.775401,0.224599,0.0];[0.439252336449,0.102803738318,0.252336448598,0.205607476636];1;481.0;0.0128180141103;1322;46;0.0656;1.4;49.25119999999999;24.84;67.1664;10.8;22.76;16.56;2.4016000000000006;0.0;2.3328;0.09760000000000002;1.7408000000000001;0.3568;2.384;5.8;6.04
11286;zone63;4421.5566371748755;3071.026327566895;0.0;zone63;S01010318;12;1588;1497;304;[0.5,0.456522,0.043478];[0.469799,0.47651,0.053691];[0.310345,0.37931,0.310345];[0.678571,0.285714,0.035714];[0.36,0.14,0.34,0.16];3;317.0;-0.175110645645;1049;29;0.09666666666666666;0.9166666666666666;56.403333333333336;41.333333333333336;67.26333333333334;9.25;21.666666666666668;19.333333333333332;4.38;0.0;4.456666666666667;0.8866666666666667;0.6033333333333334;0.3766666666666667;1.39;3.3333333333333335;9.833333333333334
11286;zone64;4173.240913470097;2893.8040771744095;0.0;zone64;S01010319;9;711;624;407;[0.258741,0.608392,0.132867];[0.383399,0.486166,0.130435];[0.439394,0.212121,0.348485];[0.530769,0.384615,0.084615];[0.171974522293,0.0700636942675,0.471337579618,0.286624203822];2;473.0;0.00423719084943;1343;16;0.07111111111111111;1.2222222222222223;38.73777777777778;24.333333333333332;63.82222222222222;11.88888888888889;22.88888888888889;13.11111111111111;3.728888888888889;0.0;1.551111111111111;0.4222222222222222;1.7599999999999998;0.44;2.546666666666667;3.6666666666666665;6.888888888888889
11286;zone65;3940.1918462749595;2900.8899784533987;0.0;zone65;S01010320;4;675;594;437;[0.257813,0.523438,0.21875];[0.61753,0.298805,0.083665];[0.526316,0.22807,0.245614];[0.805085,0.169492,0.025424];[0.172185430464,0.0662251655629,0.443708609272,0.317880794702];1;646.0;0.202453315259;1163;6;0.05;2.75;52.07000000000001;22.0;65.59;8.75;21.5;17.75;2.76;0.0;0.5700000000000001;0.45999999999999996;0.76;0.17;1.82;9.25;3.75
11286;zone66;3905.8658739096163;2664.6669636212755;0.0;zone66;S01010321;7;837;634;432;[0.401709,0.555556,0.042735];[0.54717,0.433962,0.018868];[0.45122,0.439024,0.109756];[0.666667,0.271186,0.062147];[0.212328767123,0.0958904109589,0.390410958904,0.301369863014];1;1019.0;0.631764531736;1869;11;0.05714285714285714;1.2857142857142858;50.26857142857143;23.285714285714285;69.58285714285714;11.285714285714286;23.285714285714285;17.285714285714285;2.8742857142857146;0.0;2.0571428571428574;0.12;1.7257142857142855;0.3714285714285715;2.52;6.285714285714286;6.285714285714286
11286;zone67;3630.3978644730896;3132.1651121578075;0.0;zone67;S01010322;9;1028;914;549;[0.174419,0.549419,0.276163];[0.412399,0.471698,0.115903];[0.298507,0.38806,0.313433];[0.647059,0.323529,0.029412];[0.057268722467,0.0352422907489,0.449339207048,0.458149779736];5;124.0;-0.397569575369;1701;26;0.10666666666666667;1.7777777777777777;37.16444444444444;28.22222222222222;67.18222222222222;11.555555555555555;23.333333333333332;12.666666666666666;3.2622222222222224;0.0;3.56;0.6622222222222223;0.8488888888888889;0.29333333333333333;1.964444444444444;7.333333333333333;7.777777777777778
11286;zone68;6208.193116766784;3072.425066795916;0.0;zone68;S01010323;4;603;466;377;[0.555556,0.444444,0.0];[0.657143,0.271429,0.071429];[0.642857,0.321429,0.035714];[0.793651,0.166667,0.039683];[0.578431372549,0.166666666667,0.235294117647,0.0196078431373];1;970.0;0.57559463238;909;9;0.09;1.5;45.41;20.25;70.57;13.25;23.25;15.75;6.449999999999999;0.0;0.43;0.14;0.33;0.45;2.59;6.0;6.75
11286;zone69;6517.651722029823;2240.572579661372;0.0;zone69;S01010324;6;759;566;403;[0.142857,0.571429,0.285714];[0.298077,0.490385,0.211538];[0.333333,0.530864,0.135802];[0.401674,0.414226,0.1841];[0.569620253165,0.101265822785,0.291139240506,0.0379746835443];1;407.0;-0.0721601679586;1536;7;0.04;1.5;41.739999999999995;23.0;64.36666666666667;11.5;22.833333333333332;14.333333333333334;1.8466666666666667;0.0;0.5399999999999999;0.0;3.5266666666666673;0.32;1.9333333333333336;5.833333333333333;5.333333333333333
11286;zone70;6038.016041009105;2402.8415869980217;0.0;zone70;S01010325;18;939;666;501;[0.263158,0.368421,0.368421];[0.383838,0.525253,0.090909];[0.253623,0.615942,0.130435];[0.451362,0.463035,0.085603];[0.545454545455,0.238636363636,0.193181818182,0.0227272727273];1;225.0;-0.281126582053;1756;29;0.06;1.3888888888888888;39.855555555555554;22.555555555555557;65.42666666666668;12.5;23.5;13.222222222222221;1.3355555555555556;0.0;0.46222222222222226;0.0;3.255555555555555;0.5;2.16;6.888888888888889;4.5
11286;zone71;5272.359331052501;2740.775131541117;0.0;zone71;S01010326;39;987;707;494;[0.526316,0.368421,0.105263];[0.522523,0.333333,0.144144];[0.492188,0.3125,0.195313];[0.723514,0.224806,0.05168];[0.54375,0.16875,0.23125,0.05625];1;1389.0;1.05701743376;1059;62;0.05948717948717949;1.0512820512820513;48.01743589743588;30.384615384615383;63.575384615384614;9.871794871794872;21.94871794871795;16.23076923076923;1.4769230769230768;0.0;3.8882051282051284;0.02051282051282051;2.1548717948717955;0.38461538461538464;2.3558974358974356;3.58974358974359;6.9743589743589745
11286;zone72;4970.167032608406;2501.795090448298;0.0;zone72;S01010327;34;982;660;362;[0.031746,0.507937,0.460317];[0.372881,0.432203,0.194915];[0.289063,0.328125,0.382813];[0.516892,0.347973,0.135135];[0.416184971098,0.21387283237,0.236994219653,0.132947976879];1;470.0;0.000335688704598;965;64;0.07176470588235294;1.5;35.8635294117647;26.852941176470587;64.57411764705884;11.441176470588236;23.08823529411765;11.970588235294118;2.0588235294117645;0.0;4.72;0.01176470588235294;1.3341176470588236;0.4294117647058822;2.258823529411765;5.5;7.617647058823529
11286;zone73;5975.307390960257;2677.5485166167286;0.0;zone73;S01010328;24;969;706;445;[0.16129,0.5,0.33871];[0.27044,0.471698,0.257862];[0.192547,0.434783,0.372671];[0.338983,0.432203,0.228814];[0.309352517986,0.258992805755,0.280575539568,0.151079136691];2;457.0;-0.0138550124678;2272;51;0.075;1.625;37.14833333333334;24.375;67.69666666666667;12.375;24.083333333333332;12.5;2.2616666666666667;0.0;1.6466666666666665;0.0;2.901666666666666;0.35333333333333333;2.125;7.75;6.5
