cycle;name;location.x;location.y;location.z;name;dataZone;nm_children;pop;over16;nm_hh;AB_car_prob;C1_car_prob;C2_car_prob;DE_car_prob;prob_social;simd;crimeRate;norm_crime;avg_dis_sh;neigh_play;daily_play_per_child;avg_FSA;avg_walk;daily_OD;zone_mvpa;mvpa_home;mvpa_sc;mvpa_road;mvpa_play_field;mvpa_home_garden;mvpa_park;mvpa_PG;mvpa_amenity;mvpa_shops;mvpa_F_home;mvpa_fsa;mvpa_OD
11286;zone0;8448.90275962388;2625.4515469546564;0.0;zone0;S01010195;19;531;390;212;[0.0,0.481481,0.518519];[0.261538,0.646154,0.092308];[0.12,0.59,0.29];[0.447368,0.368421,0.184211];[0.418918918919,0.283783783784,0.202702702703,0.0945945945946];1;0.0;-0.540229885057;1071;32;0.06315789473684211;0.9473684210526315;33.77473684210526;24.0;61.863157894736844;12.31578947368421;23.263157894736842;11.368421052631579;0.7873684210526316;0.0;3.08421052631579;0.03157894736842105;2.2905263157894735;0.42947368421052623;2.5242105263157897;4.052631578947368;5.684210526315789
11286;zone1;8656.736904000718;2165.9902346445633;0.0;zone1;S01010198;18;1027;748;394;[0.058824,0.529412,0.411765];[0.305785,0.561983,0.132231];[0.219858,0.496454,0.283688];[0.523179,0.331126,0.145695];[0.48623853211,0.229357798165,0.266055045872,0.0183486238532];1;1609.0;1.3102524676;1169;26;0.05555555555555555;1.2777777777777777;41.71555555555555;25.0;70.88444444444445;13.444444444444445;24.833333333333332;14.222222222222221;1.1644444444444444;0.0;1.9311111111111106;0.1311111111111111;3.7022222222222223;0.4977777777777778;2.902222222222222;6.333333333333333;6.444444444444445
11286;zone2;8537.588755655543;3024.028900129281;0.0;zone2;S01010201;22;643;453;253;[0.0,0.47619,0.52381];[0.270833,0.3125,0.416667];[0.088,0.48,0.432];[0.296552,0.434483,0.268966];[0.365853658537,0.292682926829,0.292682926829,0.0487804878049];2;219.0;-0.28762447053;772;61;0.10727272727272727;1.6363636363636365;29.083636363636366;28.545454545454547;66.24363636363636;12.681818181818182;24.272727272727273;9.772727272727273;1.6072727272727272;0.0;2.498181818181818;0.00909090909090909;3.894545454545455;0.5;2.205454545454546;7.136363636363637;7.409090909090909
11286;zone3;8059.42097232239;3767.666522351409;0.0;zone3;S01010203;30;671;504;260;[0.090909,0.363636,0.545455];[0.263804,0.460123,0.276074];[0.094828,0.422414,0.482759];[0.183824,0.375,0.441176];[0.272727272727,0.218181818182,0.363636363636,0.145454545455];3;215.0;-0.292668818285;1957;60;0.07466666666666667;1.1666666666666667;51.788000000000004;30.766666666666666;70.68666666666667;11.366666666666667;23.666666666666668;17.9;2.3440000000000003;0.0;2.3586666666666662;0.0;3.6373333333333333;0.49733333333333335;2.4626666666666663;4.533333333333333;7.766666666666667
11286;zone4;8368.288440296214;3565.498290652094;0.0;zone4;S01010204;30;800;589;381;[0.272727,0.727273,0.0];[0.627451,0.27451,0.098039];[0.444444,0.533333,0.022222];[0.600619,0.321981,0.077399];[0.595041322314,0.157024793388,0.239669421488,0.00826446280992];1;497.0;0.0317745673598;1134;55;0.06933333333333333;1.2666666666666666;40.393333333333324;29.466666666666665;65.23866666666667;11.566666666666666;22.966666666666665;13.6;1.338666666666667;0.0;3.022666666666667;0.03466666666666667;3.470666666666666;0.3386666666666666;2.2666666666666675;4.833333333333333;7.4
11286;zone5;8034.229745798958;3515.110462853287;0.0;zone5;S01010205;15;658;534;355;[0.411765,0.117647,0.470588];[0.465116,0.457364,0.077519];[0.317757,0.588785,0.093458];[0.593458,0.280374,0.126168];[0.466666666667,0.2,0.3,0.0333333333333];1;925.0;0.523434132086;1348;31;0.08;0.5333333333333333;39.02666666666667;31.066666666666666;63.165333333333336;11.4;23.2;13.0;1.909333333333333;0.0;3.3626666666666667;0.0;3.2693333333333334;0.37600000000000006;2.5519999999999996;2.3333333333333335;8.066666666666666
11286;zone6;7457.064719570519;3739.055375726369;0.0;zone6;S01010208;18;903;745;565;[0.30137,0.589041,0.109589];[0.48062,0.457364,0.062016];[0.272727,0.613636,0.113636];[0.66055,0.270642,0.068807];[0.233333333333,0.133333333333,0.461111111111,0.172222222222];1;603.0;0.153385979085;1389;21;0.04666666666666667;1.8888888888888888;40.50000000000001;21.38888888888889;65.37333333333333;11.38888888888889;22.88888888888889;13.944444444444445;1.657777777777778;0.0;1.5244444444444445;0.0;2.5022222222222212;0.3622222222222222;2.2377777777777776;7.055555555555555;5.111111111111111
11286;zone7;7917.838214725937;1939.334458859395;0.0;zone7;S01010209;24;966;677;468;[0.172414,0.586207,0.241379];[0.333333,0.414966,0.251701];[0.381944,0.458333,0.159722];[0.545852,0.336245,0.117904];[0.337931034483,0.248275862069,0.303448275862,0.110344827586];1;2053.0;1.82052250092;1688;35;0.05166666666666667;1.5;64.13833333333335;26.0;70.28666666666668;9.958333333333334;22.5;21.875;0.9783333333333332;0.0;2.266666666666667;0.0;2.9116666666666666;0.33666666666666684;2.0549999999999997;5.416666666666667;5.625
11286;zone8;7878.406567747077;2721.2634132011362;0.0;zone8;S01010210;18;885;641;416;[0.173913,0.456522,0.369565];[0.21519,0.5,0.28481];[0.189781,0.386861,0.423358];[0.422111,0.442211,0.135678];[0.394736842105,0.236842105263,0.254385964912,0.114035087719];1;344.0;-0.144253829852;1117;24;0.04888888888888889;1.1111111111111112;36.20222222222222;25.666666666666668;61.70000000000001;11.277777777777779;22.88888888888889;12.277777777777779;1.0911111111111111;0.0;2.5155555555555558;0.0;2.728888888888888;0.4422222222222223;2.2444444444444445;4.5;5.777777777777778
11286;zone9;7785.599648345685;3201.783800714137;0.0;zone9;S01010211;22;858;634;452;[0.147059,0.705882,0.147059];[0.384615,0.452991,0.162393];[0.469565,0.4,0.130435];[0.722656,0.226563,0.050781];[0.473214285714,0.169642857143,0.285714285714,0.0714285714286];1;430.0;-0.0456985893816;1002;43;0.07272727272727272;1.3181818181818181;39.80363636363636;30.59090909090909;65.84363636363634;10.909090909090908;22.863636363636363;13.590909090909092;2.3109090909090906;0.0;3.852727272727272;0.0;2.52;0.39818181818181825;2.1054545454545455;5.454545454545454;8.318181818181818
11286;zone10;7580.688680869333;3097.127786881416;0.0;zone10;S01010212;49;1083;779;559;[0.233333,0.633333,0.133333];[0.594771,0.339869,0.065359];[0.465517,0.405172,0.12931];[0.712821,0.269231,0.017949];[0.566037735849,0.138364779874,0.22641509434,0.0691823899371];1;1473.0;1.15298517036;1231;76;0.06040816326530613;1.489795918367347;48.4473469387755;23.0;68.18285714285715;11.857142857142858;23.367346938775512;16.428571428571427;1.0024489795918368;0.0;2.541224489795918;0.0;2.4840816326530617;0.43673469387755093;2.3795918367346935;5.918367346938775;5.530612244897959
11286;zone11;8065.177293237223;3111.5884965344962;0.0;zone11;S01010213;13;924;657;476;[0.105263,0.684211,0.210526];[0.382609,0.547826,0.069565];[0.218543,0.556291,0.225166];[0.467925,0.483019,0.049057];[0.451327433628,0.221238938053,0.274336283186,0.0530973451327];1;247.0;-0.255840453357;996;28;0.08307692307692308;1.2307692307692308;39.95384615384615;27.46153846153846;66.60615384615383;12.615384615384615;23.846153846153847;13.076923076923077;1.3630769230769233;0.0;3.529230769230769;0.0;3.147692307692308;0.4;1.916923076923077;4.615384615384615;7.615384615384615
11286;zone12;7144.994858230166;1947.4125453867302;0.0;zone12;S01010214;27;967;717;396;[0.098592,0.28169,0.619718];[0.197531,0.438272,0.364198];[0.173333,0.493333,0.333333];[0.237069,0.487069,0.275862];[0.361344537815,0.210084033613,0.310924369748,0.117647058824];3;176.0;-0.337854473183;1861;51;0.0725925925925926;0.9629629629629629;46.5274074074074;32.18518518518518;64.97481481481483;10.37037037037037;22.62962962962963;15.814814814814815;2.657777777777778;0.0;2.3614814814814813;0.0;3.422222222222221;0.30074074074074086;2.1881481481481484;3.6296296296296298;8.0
11286;zone13;7013.590150664996;2618.495528189446;0.0;zone13;S01010215;24;850;608;492;[0.571429,0.285714,0.142857];[0.5,0.431373,0.068627];[0.382609,0.391304,0.226087];[0.678571,0.269841,0.051587];[0.467289719626,0.140186915888,0.345794392523,0.0467289719626];1;547.0;0.0886083430805;556;46;0.07666666666666666;1.2083333333333333;33.40166666666667;30.208333333333332;58.61333333333334;10.125;22.0;11.125;0.9966666666666667;0.0;1.4799999999999998;0.0;3.7866666666666666;0.4683333333333333;2.38;4.458333333333333;5.791666666666667
11286;zone14;7332.222205807836;2329.961970144465;0.0;zone14;S01010216;15;621;464;361;[0.6,0.4,0.0];[0.597701,0.356322,0.045977];[0.409091,0.439394,0.151515];[0.709544,0.273859,0.016598];[0.5,0.163265306122,0.265306122449,0.0714285714286];1;600.0;0.150092344085;1301;24;0.064;0.8666666666666667;50.76533333333334;31.866666666666667;70.53866666666666;12.0;23.8;17.133333333333333;1.2933333333333332;0.0;2.5866666666666664;0.0;4.709333333333333;0.512;3.021333333333333;3.7333333333333334;8.0
11286;zone15;7299.833172322251;2625.8610945736937;0.0;zone15;S01010217;33;817;598;406;[0.16129,0.516129,0.322581];[0.565517,0.4,0.034483];[0.5,0.431373,0.068627];[0.702703,0.283784,0.013514];[0.541935483871,0.0967741935484,0.296774193548,0.0645161290323];1;1060.0;0.679274950851;1001;53;0.06060606060606061;0.9696969696969697;37.20484848484849;28.363636363636363;61.46666666666667;10.787878787878787;22.393939393939394;12.424242424242424;1.0290909090909088;0.0;2.561212121212121;0.0;3.296969696969697;0.4036363636363635;2.854545454545454;3.9696969696969697;6.393939393939394
11286;zone16;7142.953643082513;3018.5401822929393;0.0;zone16;S01010218;31;1018;790;587;[0.425532,0.404255,0.170213];[0.392523,0.453271,0.154206];[0.358209,0.492537,0.149254];[0.589124,0.335347,0.075529];[0.424657534247,0.109589041096,0.369863013699,0.0958904109589];1;557.0;0.101026678737;537;56;0.06838709677419355;1.5806451612903225;34.58967741935483;26.64516129032258;66.45548387096774;12.483870967741936;23.870967741935484;11.580645161290322;0.6929032258064516;0.0;1.7612903225806453;0.0;4.07483870967742;0.38838709677419353;2.2206451612903226;7.612903225806452;6.0
11286;zone17;6738.8937706128745;4298.8917997019325;0.0;zone17;S01010219;21;503;382;274;[0.695652,0.304348,0.0];[0.758621,0.215517,0.025862];[0.761905,0.166667,0.071429];[0.781609,0.195402,0.022989];[0.41935483871,0.0752688172043,0.408602150538,0.0967741935484];2;184.0;-0.327838932938;1483;46;0.08761904761904762;1.2380952380952381;64.7104761904762;31.19047619047619;74.71619047619048;10.619047619047619;23.19047619047619;22.0;3.16;0.0;4.7371428571428575;0.00952380952380952;1.205714285714286;0.41714285714285715;2.220952380952381;5.333333333333333;8.666666666666666
11286;zone18;5915.780765415368;4211.222876105162;0.0;zone18;S01010220;7;476;433;279;[0.181159,0.608696,0.210145];[0.404255,0.531915,0.06383];[0.227273,0.704545,0.068182];[0.448276,0.482759,0.068966];[0.154545454545,0.0636363636364,0.318181818182,0.463636363636];5;267.0;-0.232306706325;1260;12;0.06857142857142857;2.2857142857142856;50.01714285714286;27.571428571428573;68.68571428571428;10.142857142857142;22.142857142857142;17.142857142857142;2.005714285714286;0.0;4.805714285714286;0.02285714285714286;0.7885714285714286;0.26857142857142857;1.3828571428571428;8.285714285714286;7.142857142857143
11286;zone19;6341.0811208317455;3913.8398648988496;0.0;zone19;S01010221;13;546;394;260;[0.6,0.4,0.0];[0.557377,0.409836,0.032787];[0.538462,0.323077,0.138462];[0.699387,0.257669,0.042945];[0.609375,0.140625,0.203125,0.046875];1;635.0;0.19005459739;1246;27;0.08;0.46153846153846156;44.80615384615385;23.23076923076923;59.30461538461539;9.923076923076923;21.76923076923077;15.076923076923077;3.030769230769231;0.0;2.289230769230769;0.0;1.0123076923076924;0.34153846153846157;2.689230769230769;1.4615384615384615;5.846153846153846
11286;zone20;7001.213463613622;4053.9957950241624;0.0;zone20;S01010222;15;492;414;285;[0.142857,0.5,0.357143];[0.432432,0.459459,0.108108];[0.348624,0.522936,0.12844];[0.747899,0.235294,0.016807];[0.345238095238,0.214285714286,0.309523809524,0.130952380952];1;377.0;-0.105830277325;1653;19;0.04533333333333334;1.0666666666666667;44.78133333333334;22.533333333333335;66.76533333333333;12.066666666666666;23.8;15.266666666666667;2.5706666666666664;0.0;1.7253333333333332;0.024;2.0346666666666664;0.34400000000000003;2.6426666666666665;4.933333333333334;5.866666666666666
11286;zone21;6986.8418912765155;3434.1450308482026;0.0;zone21;S01010223;4;556;462;337;[0.076923,0.538462,0.384615];[0.567797,0.330508,0.101695];[0.472222,0.444444,0.083333];[0.584699,0.36612,0.04918];[0.432432432432,0.162162162162,0.324324324324,0.0810810810811];1;439.0;-0.0353356041414;1847;3;0.03;2.25;32.46;10.5;53.49;10.0;21.25;11.0;0.88;0.0;0.47000000000000003;0.0;0.76;0.52;1.29;6.0;1.75
11286;zone22;6247.397837456437;3329.661273309237;0.0;zone22;S01010224;40;1036;727;469;[0.405405,0.540541,0.054054];[0.592593,0.274074,0.133333];[0.418803,0.504274,0.076923];[0.768421,0.202632,0.028947];[0.506097560976,0.140243902439,0.268292682927,0.0853658536585];1;1004.0;0.614259332793;1019;59;0.058;1.375;50.739999999999995;18.875;68.548;11.85;23.4;17.275;3.1309999999999993;0.0;1.623;0.024;1.1840000000000002;0.33099999999999996;2.357;5.85;5.525
11286;zone23;7827.985844039554;4105.4701191949;0.0;zone23;S01010225;33;812;636;431;[0.25,0.634615,0.115385];[0.469072,0.43299,0.097938];[0.54023,0.413793,0.045977];[0.672065,0.234818,0.093117];[0.385185185185,0.125925925926,0.325925925926,0.162962962963];1;1006.0;0.616572011517;1633;49;0.05696969696969697;1.4545454545454546;41.75030303030304;23.424242424242426;65.1381818181818;11.242424242424242;23.272727272727273;14.030303030303031;1.6096969696969694;0.0;1.8278787878787879;0.0;2.3478787878787886;0.4739393939393939;2.349090909090909;6.212121212121212;5.2727272727272725
11286;zone24;7040.363001382077;4481.052780471187;0.0;zone24;S01010226;40;816;565;394;[0.454545,0.242424,0.30303];[0.715385,0.2,0.084615];[0.540541,0.405405,0.054054];[0.766917,0.18797,0.045113];[0.503355704698,0.201342281879,0.221476510067,0.0738255033557];2;422.0;-0.0548014077425;1063;89;0.088;1.35;45.40599999999999;32.375;69.53;11.05;23.075;15.275;4.0360000000000005;0.0;4.104;0.06000000000000001;1.431;0.42300000000000004;2.3710000000000004;5.925;9.15
11286;zone25;6847.772309074456;4638.663588163389;0.0;zone25;S01010227;39;692;454;294;[0.413793,0.413793,0.172414];[0.704545,0.238636,0.056818];[0.654545,0.345455,0.0];[0.810606,0.159091,0.030303];[0.672268907563,0.0924369747899,0.159663865546,0.0756302521008];4;0.0;-0.540229885057;1254;139;0.13128205128205128;1.2307692307692308;40.569230769230764;38.0;65.05128205128206;10.102564102564102;22.0;13.717948717948717;2.687179487179487;0.0;6.732307692307693;0.02769230769230769;1.3056410256410256;0.36923076923076914;2.01025641025641;4.358974358974359;10.35897435897436
11286;zone26;8241.816993110848;4572.457656401622;0.0;zone26;S01010229;30;1016;787;508;[0.1,0.625,0.275];[0.350877,0.350877,0.298246];[0.348315,0.477528,0.174157];[0.565217,0.310559,0.124224];[0.420731707317,0.213414634146,0.292682926829,0.0731707317073];1;395.0;-0.0859445809966;1384;41;0.05333333333333334;1.5666666666666667;48.81333333333334;22.333333333333332;67.892;11.433333333333334;23.266666666666666;16.466666666666665;2.4320000000000004;0.0;2.270666666666666;0.02533333333333333;1.6746666666666667;0.36933333333333346;1.8946666666666667;6.133333333333334;5.933333333333334
11286;zone27;7458.320056766788;4680.341251240345;0.0;zone27;S01010230;24;1005;772;577;[0.314286,0.628571,0.057143];[0.703883,0.296117,0.0];[0.727273,0.218182,0.054545];[0.71831,0.24507,0.03662];[0.517857142857,0.136904761905,0.267857142857,0.077380952381];1;846.0;0.433218203459;883;36;0.06;1.4583333333333333;37.11833333333334;29.666666666666668;68.035;12.125;24.125;12.5;2.256666666666667;0.0;2.785;0.09666666666666668;3.0800000000000005;0.47166666666666685;2.2083333333333335;6.875;7.708333333333333
11286;zone28;7569.802990100143;4917.458811240416;0.0;zone28;S01010232;37;1074;792;485;[0.457143,0.485714,0.057143];[0.557292,0.338542,0.104167];[0.492063,0.333333,0.174603];[0.654229,0.251244,0.094527];[0.470297029703,0.153465346535,0.306930693069,0.0693069306931];1;771.0;0.347049794199;1102;49;0.05081081081081081;1.3243243243243243;35.151351351351344;26.83783783783784;62.87783783783782;11.783783783783784;22.91891891891892;11.756756756756756;1.572972972972973;0.0;2.987027027027027;0.01945945945945946;2.3654054054054052;0.3967567567567567;2.3772972972972974;4.864864864864865;6.45945945945946
11286;zone29;7830.713068379679;4879.746446724283;0.0;zone29;S01010233;33;970;705;476;[0.275,0.625,0.1];[0.655629,0.245033,0.099338];[0.52809,0.426966,0.044944];[0.771505,0.212366,0.016129];[0.587209302326,0.093023255814,0.261627906977,0.0581395348837];1;284.0;-0.213781821634;1291;43;0.0496969696969697;2.0303030303030303;52.66303030303029;22.151515151515152;65.39151515151515;9.818181818181818;21.545454545454547;18.09090909090909;1.2121212121212124;0.0;1.92;0.0303030303030303;1.9090909090909092;0.19878787878787885;1.4424242424242422;7.2727272727272725;4.606060606060606
11286;zone30;6473.383843181837;4954.519765957263;0.0;zone30;S01010261;6;2551;2373;526;[0.666667,0.270833,0.0625];[0.675841,0.281346,0.042813];[0.75,0.25,0.0];[0.824468,0.164894,0.010638];[0.41,0.06,0.41,0.12];3;176.0;-0.337679921334;1608;12;0.06666666666666667;1.8333333333333333;75.32;33.166666666666664;82.21333333333334;11.0;24.166666666666668;25.833333333333332;2.8733333333333335;0.0;0.96;0.0;4.666666666666667;0.39333333333333337;2.3266666666666667;8.5;8.166666666666666
11286;zone31;4930.642193689802;4959.449818932565;0.0;zone31;S01010266;3;555;474;237;[0.320755,0.556604,0.122642];[0.677273,0.254545,0.068182];[0.5,0.461538,0.038462];[0.534247,0.30137,0.164384];[0.141176470588,0.0588235294118,0.4,0.4];3;536.0;0.0761386922126;977;5;0.06666666666666667;2.6666666666666665;37.63999999999999;22.666666666666668;67.48;11.333333333333334;23.666666666666668;12.0;1.16;0.0;1.3066666666666666;0.08;2.4533333333333336;0.12;1.32;12.0;4.666666666666667
11286;zone32;5712.5549897826;4979.400336637217;0.0;zone32;S01010270;4;1153;972;817;[0.389831,0.533898,0.076271];[0.70255,0.252125,0.045326];[0.714286,0.272727,0.012987];[0.771552,0.228448,0.0];[0.125,0.0909090909091,0.454545454545,0.329545454545];1;871.0;0.461200629557;1788;5;0.05;2.5;42.29;22.0;65.58;10.25;22.75;14.25;2.07;0.0;1.06;0.0;2.7399999999999998;0.25;1.7000000000000002;8.5;5.5
11286;zone33;3394.0723536088512;4934.677182292946;0.0;zone33;S01010282;13;976;841;645;[0.438776,0.520408,0.040816];[0.545732,0.405488,0.04878];[0.521277,0.382979,0.095745];[0.712707,0.232044,0.055249];[0.190954773869,0.070351758794,0.35175879397,0.386934673367];2;350.0;-0.137812028107;1306;31;0.09230769230769231;1.2307692307692308;45.93538461538462;34.46153846153846;64.94153846153846;10.076923076923077;21.53846153846154;15.461538461538462;1.6184615384615384;0.0;6.064615384615385;0.7876923076923077;1.0246153846153847;0.6184615384615385;1.4430769230769231;4.6923076923076925;9.076923076923077
11286;zone34;4385.789287498423;4835.237486850067;0.0;zone34;S01010289;15;771;687;380;[0.130952,0.511905,0.357143];[0.262911,0.502347,0.234742];[0.178571,0.464286,0.357143];[0.410256,0.435897,0.153846];[0.058064516129,0.0322580645161,0.245161290323,0.664516129032];5;259.0;-0.241396294863;1253;34;0.09066666666666667;2.3333333333333335;38.08266666666667;32.86666666666667;71.28266666666667;11.733333333333333;23.533333333333335;12.933333333333334;1.5093333333333332;0.0;5.672;1.4693333333333334;0.8213333333333334;0.40266666666666673;1.2693333333333332;10.266666666666667;8.933333333333334
11286;zone35;4401.5375624188455;4669.062022109911;0.0;zone35;S01010290;13;546;485;278;[0.198198,0.603604,0.198198];[0.485944,0.449799,0.064257];[0.555556,0.444444,0.0];[0.435897,0.512821,0.051282];[0.10752688172,0.0430107526882,0.494623655914,0.354838709677];3;353.0;-0.133686757747;994;21;0.06461538461538462;2.230769230769231;42.75692307692308;27.846153846153847;65.92923076923077;9.923076923076923;22.384615384615383;14.538461538461538;1.113846153846154;0.0;4.756923076923076;0.6153846153846154;0.7230769230769231;0.25846153846153846;1.676923076923077;8.23076923076923;6.769230769230769
11286;zone36;4119.983651650423;4281.100418217042;0.0;zone36;S01010291;12;1075;975;481;[0.405594,0.447552,0.146853];[0.627907,0.277132,0.094961];[0.415094,0.433962,0.150943];[0.562963,0.325926,0.111111];[0.197080291971,0.0729927007299,0.445255474453,0.284671532847];3;438.0;-0.0363924713322;979;24;0.08;1.3333333333333333;40.43333333333334;32.0;73.54;12.916666666666666;25.083333333333332;13.75;1.5533333333333335;0.0;7.536666666666664;1.1033333333333335;1.1700000000000002;0.5366666666666667;2.22;6.166666666666667;10.916666666666666
11286;zone37;4399.731076226201;4291.6703625917;0.0;zone37;S01010292;10;890;831;409;[0.348214,0.508929,0.142857];[0.477169,0.420091,0.10274];[0.339286,0.446429,0.214286];[0.55814,0.383721,0.05814];[0.128378378378,0.0540540540541,0.398648648649,0.418918918919];4;323.0;-0.168488563048;1118;24;0.096;1.8;44.884;38.6;76.11200000000001;11.9;23.5;15.4;1.8119999999999998;0.0;8.104;0.82;1.148;0.34;1.876;9.2;11.4
11286;zone38;4514.690807242894;4541.15458266895;0.0;zone38;S01010293;16;839;723;373;[0.51773,0.35461,0.12766];[0.635389,0.262735,0.101877];[0.446809,0.319149,0.234043];[0.514286,0.392857,0.092857];[0.242424242424,0.0606060606061,0.393939393939,0.30303030303];3;290.0;-0.205814991507;1247;39;0.09;1.125;38.31;38.5625;66.97999999999999;10.9375;23.0;12.8125;1.99;0.0;7.71;0.6474999999999999;1.3425000000000005;0.4500000000000001;1.7075000000000002;4.5625;11.125
11286;zone39;4541.7482834333705;4418.565122351524;0.0;zone39;S01010294;13;690;631;275;[0.242105,0.526316,0.231579];[0.650873,0.214464,0.134663];[0.583333,0.208333,0.208333];[0.414894,0.489362,0.095745];[0.164835164835,0.043956043956,0.494505494505,0.296703296703];4;440.0;-0.0342259463805;1442;37;0.11384615384615385;1.7692307692307692;59.65230769230769;36.61538461538461;71.5723076923077;9.846153846153847;22.153846153846153;20.153846153846153;1.784615384615385;0.0;5.88;0.916923076923077;1.1015384615384616;0.3169230769230769;1.695384615384615;5.769230769230769;9.23076923076923
11286;zone40;4766.8646917667475;4574.50133624035;0.0;zone40;S01010295;18;974;870;427;[0.384615,0.391026,0.224359];[0.604555,0.310559,0.084886];[0.428571,0.285714,0.285714];[0.390728,0.516556,0.092715];[0.212765957447,0.113475177305,0.297872340426,0.375886524823];4;529.0;0.0680145754747;856;41;0.09111111111111111;1.6111111111111112;37.582222222222214;39.666666666666664;68.93555555555557;11.61111111111111;23.22222222222222;12.5;1.7244444444444442;0.0;7.620000000000001;0.7466666666666666;1.1688888888888889;0.33555555555555555;1.7244444444444447;6.388888888888889;10.722222222222221
11286;zone41;4647.752341766679;4736.091736240359;0.0;zone41;S01010296;16;664;560;291;[0.294118,0.423529,0.282353];[0.520913,0.368821,0.110266];[0.375,0.375,0.25];[0.475524,0.391608,0.132867];[0.282828282828,0.111111111111,0.363636363636,0.242424242424];2;856.0;0.444094443477;1302;24;0.06;1.5625;50.610000000000014;28.5625;68.50750000000001;11.4375;22.6875;17.3125;1.3375;0.0;4.632499999999999;0.765;0.9275;0.4050000000000001;1.7975;5.4375;7.125
11286;zone42;5522.849421766708;4411.996091240393;0.0;zone42;S01010297;7;1066;894;676;[0.582609,0.382609,0.034783];[0.691824,0.245283,0.062893];[0.540541,0.333333,0.126126];[0.681275,0.270916,0.047809];[0.260563380282,0.140845070423,0.37323943662,0.225352112676];1;504.0;0.0391758595379;837;6;0.03428571428571429;1.4285714285714286;43.51428571428572;26.857142857142858;64.45142857142856;10.714285714285714;22.285714285714285;14.571428571428571;1.2114285714285713;0.0;1.0971428571428572;0.14857142857142858;3.445714285714286;0.3428571428571429;2.1314285714285712;6.428571428571429;5.571428571428571
11286;zone43;4706.481893689814;4143.807995855712;0.0;zone43;S01010298;12;880;677;515;[0.308943,0.479675,0.211382];[0.581395,0.356589,0.062016];[0.539683,0.396825,0.063492];[0.744828,0.193103,0.062069];[0.227272727273,0.0984848484848,0.371212121212,0.30303030303];1;486.0;0.0190902878356;982;17;0.05666666666666666;1.5833333333333333;39.730000000000004;22.083333333333332;59.913333333333334;9.666666666666666;21.666666666666668;13.416666666666666;1.49;0.0;3.556666666666666;0.08666666666666667;0.4266666666666667;0.29333333333333333;1.8100000000000003;5.666666666666667;5.083333333333333
11286;zone44;4885.424673909578;4209.645754097502;0.0;zone44;S01010299;4;536;404;292;[0.3,0.54,0.16];[0.556701,0.340206,0.103093];[0.458333,0.520833,0.020833];[0.584906,0.283019,0.132075];[0.428571428571,0.0857142857143,0.285714285714,0.2];1;375.0;-0.10827530326;647;10;0.1;1.5;20.32;27.25;50.699999999999996;10.25;21.0;6.25;1.51;0.0;1.01;0.32;2.1300000000000003;0.44000000000000006;1.1300000000000001;4.75;4.5
11286;zone45;4883.397012115578;4340.414778682246;0.0;zone45;S01010300;21;934;764;478;[0.460784,0.411765,0.127451];[0.664653,0.238671,0.096677];[0.632353,0.323529,0.044118];[0.606383,0.329787,0.06383];[0.3046875,0.125,0.3515625,0.21875];2;513.0;0.0498225801839;641;42;0.07809523809523809;1.9523809523809523;37.666666666666664;21.428571428571427;66.60952380952381;12.047619047619047;23.476190476190474;12.80952380952381;1.2171428571428573;0.0;1.6933333333333334;0.2990476190476191;2.897142857142857;0.4361904761904763;2.0742857142857143;7.714285714285714;5.761904761904762
11286;zone46;5144.66081966521;4032.769083704074;0.0;zone46;S01010301;6;522;457;283;[0.292683,0.597561,0.109756];[0.57563,0.315126,0.109244];[0.222222,0.703704,0.074074];[0.561798,0.393258,0.044944];[0.214285714286,0.0612244897959,0.459183673469,0.265306122449];4;490.0;0.0232745011966;834;11;0.06666666666666667;3.3333333333333335;45.553333333333335;27.333333333333332;75.24000000000001;11.166666666666666;24.166666666666668;15.0;3.0;0.0;0.5866666666666667;0.49333333333333335;2.8200000000000003;0.43333333333333335;1.1133333333333333;14.5;6.5
11286;zone47;5165.568789180556;4297.038752619699;0.0;zone47;S01010302;24;669;495;388;[0.65625,0.28125,0.0625];[0.6,0.356522,0.043478];[0.716981,0.226415,0.056604];[0.801802,0.18018,0.018018];[0.582417582418,0.0769230769231,0.263736263736,0.0769230769231];1;392.0;-0.0896499889057;1167;42;0.07;1.4583333333333333;43.919999999999995;25.333333333333332;68.78333333333335;12.083333333333334;23.875;14.833333333333334;2.608333333333333;0.0;1.1416666666666666;0.22;2.9433333333333334;0.4183333333333334;2.6083333333333334;6.291666666666667;6.5
11286;zone48;5241.140616766716;4139.402270499609;0.0;zone48;S01010303;33;579;387;250;[0.692308,0.153846,0.153846];[0.56701,0.298969,0.134021];[0.630435,0.282609,0.086957];[0.658879,0.285047,0.056075];[0.58407079646,0.106194690265,0.274336283186,0.0353982300885];1;415.0;-0.0627120940391;1645;74;0.08606060606060606;1.3636363636363635;45.769696969696966;26.939393939393938;67.13818181818182;11.484848484848484;23.303030303030305;15.666666666666666;3.0315151515151513;0.0;1.0872727272727272;0.23151515151515153;2.5212121212121215;0.3951515151515152;2.48;5.2727272727272725;6.424242424242424
11286;zone49;4853.647576226233;3833.123065294377;0.0;zone49;S01010304;12;542;456;332;[0.323529,0.514706,0.161765];[0.635135,0.25,0.114865];[0.477273,0.522727,0.0];[0.829268,0.109756,0.060976];[0.372340425532,0.0425531914894,0.297872340426,0.287234042553];1;804.0;0.384523850516;1305;31;0.10333333333333333;1.3333333333333333;44.473333333333336;30.0;61.74333333333333;9.5;21.583333333333332;15.25;3.706666666666667;0.0;1.01;0.24333333333333332;1.5433333333333332;0.38999999999999996;2.0500000000000003;4.916666666666667;5.916666666666667
11286;zone50;4697.410406890209;3639.1027396354093;0.0;zone50;S01010305;7;807;694;478;[0.36036,0.468468,0.171171];[0.553191,0.33617,0.110638];[0.409639,0.301205,0.289157];[0.589888,0.337079,0.073034];[0.198529411765,0.0735294117647,0.382352941176,0.345588235294];1;223.0;-0.28282788147;617;13;0.07428571428571429;1.7142857142857142;46.27428571428572;33.142857142857146;64.26285714285714;9.714285714285714;21.571428571428573;15.714285714285714;5.622857142857143;0.0;1.6742857142857142;0.4342857142857143;0.7485714285714286;0.16;1.6171428571428572;5.285714285714286;8.0
11286;zone51;4591.3082521834585;3868.367573740388;0.0;zone51;S01010306;13;752;675;449;[0.35625,0.56875,0.075];[0.570588,0.355882,0.073529];[0.283019,0.566038,0.150943];[0.650943,0.330189,0.018868];[0.165680473373,0.0473372781065,0.479289940828,0.307692307692];2;238.0;-0.265781391166;734;35;0.10461538461538461;1.4615384615384615;35.464615384615385;30.384615384615383;60.51076923076923;10.538461538461538;21.923076923076923;11.923076923076923;3.8430769230769237;0.0;1.7169230769230772;0.9261538461538461;0.803076923076923;0.3569230769230769;1.7661538461538462;4.846153846153846;6.846153846153846
11286;zone52;4503.72067559025;3742.2957906521283;0.0;zone52;S01010307;9;821;732;428;[0.189922,0.577519,0.232558];[0.407407,0.487654,0.104938];[0.346154,0.538462,0.115385];[0.71875,0.234375,0.046875];[0.0681818181818,0.0568181818182,0.375,0.5];5;319.0;-0.172537833795;472;30;0.13333333333333333;1.6666666666666667;34.888888888888886;42.55555555555556;62.86666666666666;10.11111111111111;22.11111111111111;11.333333333333334;5.777777777777777;0.0;2.457777777777778;1.6355555555555557;0.7066666666666667;0.3911111111111112;1.3199999999999998;5.0;10.333333333333334
11286;zone53;4364.519870735056;4047.768725526131;0.0;zone53;S01010308;9;975;858;480;[0.285714,0.54007,0.174216];[0.511936,0.384615,0.103448];[0.254902,0.411765,0.333333];[0.648352,0.307692,0.043956];[0.0970873786408,0.0631067961165,0.359223300971,0.480582524272];4;257.0;-0.244477582955;1116;21;0.09333333333333334;2.111111111111111;51.893333333333345;43.55555555555556;68.68444444444445;8.222222222222221;21.555555555555557;17.88888888888889;4.071111111111112;0.0;3.1555555555555554;1.28;1.4177777777777776;0.35555555555555557;1.3688888888888888;7.333333333333333;9.444444444444445
11286;zone54;5381.88771051669;3636.3205112402793;0.0;zone54;S01010309;4;419;356;264;[0.333333,0.25,0.416667];[0.478873,0.422535,0.098592];[0.352941,0.382353,0.264706];[0.705882,0.24183,0.052288];[0.365853658537,0.170731707317,0.390243902439,0.0731707317073];1;0.0;-0.540229885057;1987;3;0.03;2.0;61.88;12.75;67.21;9.5;21.75;21.5;1.9200000000000002;0.0;0.95;0.19;0.23;0.33;1.83;7.25;2.75
11286;zone55;5657.373406240428;3625.6586165034923;0.0;zone55;S01010310;13;706;540;381;[0.333333,0.238095,0.428571];[0.565517,0.337931,0.096552];[0.54902,0.27451,0.176471];[0.715415,0.256917,0.027668];[0.484848484848,0.151515151515,0.318181818182,0.0454545454545];1;574.0;0.120406534162;809;15;0.04615384615384616;1.3076923076923077;40.84307692307693;24.76923076923077;62.07692307692308;10.384615384615385;22.53846153846154;13.615384615384615;1.9753846153846153;0.0;0.7261538461538463;0.5446153846153847;2.1507692307692308;0.2953846153846154;2.4153846153846157;5.769230769230769;4.923076923076923
11286;zone56;5685.425126382168;3318.6970593171873;0.0;zone56;S01010311;22;721;556;351;[0.411765,0.352941,0.235294];[0.472222,0.453704,0.074074];[0.571429,0.404762,0.02381];[0.717949,0.271062,0.010989];[0.565217391304,0.121739130435,0.269565217391,0.0434782608696];1;1534.0;1.22364271569;1402;27;0.04545454545454546;1.8636363636363635;50.047272727272734;18.0;70.08181818181818;11.727272727272727;23.772727272727273;16.863636363636363;1.610909090909091;0.0;1.7909090909090908;0.10363636363636362;1.7527272727272725;0.3363636363636363;2.4672727272727273;7.7272727272727275;4.863636363636363
11286;zone57;5466.52613028024;3072.1402274564575;0.0;zone57;S01010312;34;868;647;425;[0.117647,0.823529,0.058824];[0.754386,0.22807,0.017544];[0.407407,0.444444,0.148148];[0.804945,0.153846,0.041209];[0.586956521739,0.115942028986,0.268115942029,0.0289855072464];1;685.0;0.247477927043;1662;48;0.05176470588235294;1.2352941176470589;65.32470588235294;26.352941176470587;72.23764705882354;10.558823529411764;23.0;22.38235294117647;2.1258823529411774;0.0;2.1811764705882353;0.12470588235294115;2.4105882352941173;0.31764705882352934;2.5517647058823534;4.9411764705882355;6.411764705882353
11286;zone58;5251.7403530303945;3502.549209042501;0.0;zone58;S01010313;16;654;529;356;[0.428571,0.285714,0.285714];[0.6,0.333333,0.066667];[0.433735,0.481928,0.084337];[0.739623,0.162264,0.098113];[0.648351648352,0.131868131868,0.175824175824,0.043956043956];1;565.0;0.109617915218;2166;25;0.06;2.125;75.865;24.0;74.9175;9.625;22.3125;26.125;2.2125;0.0;1.6175;0.015;2.3975;0.31;1.985;6.5;5.8125
11286;zone59;4840.312157862589;3385.4448126102257;0.0;zone59;S01010314;21;1248;1034;550;[0.358209,0.507463,0.134328];[0.514493,0.333333,0.152174];[0.5,0.326923,0.173077];[0.636,0.324,0.04];[0.316901408451,0.133802816901,0.401408450704,0.147887323944];1;637.0;0.192402372167;1128;25;0.04380952380952381;1.0476190476190477;38.44;25.285714285714285;64.98095238095239;12.476190476190476;23.0;13.0;3.6933333333333334;0.0;2.4095238095238094;0.2628571428571429;0.7657142857142858;0.4476190476190475;2.6514285714285712;4.619047619047619;6.714285714285714
11286;zone60;4536.293429266749;2504.1273706154316;0.0;zone60;S01010315;43;911;678;409;[0.180723,0.554217,0.26506];[0.252632,0.457895,0.289474];[0.208333,0.5,0.291667];[0.55144,0.345679,0.102881];[0.308176100629,0.169811320755,0.358490566038,0.163522012579];2;382.0;-0.100954860853;1644;104;0.09209302325581395;1.4651162790697674;44.08930232558139;27.27906976744186;63.9106976744186;10.30232558139535;22.209302325581394;14.976744186046512;2.890232558139535;0.0;1.8483720930232563;0.0;2.1674418604651167;0.3534883720930233;2.2251162790697676;5.023255813953488;6.395348837209302
11286;zone61;4589.6619547948285;2943.195659127726;0.0;zone61;S01010316;25;512;414;304;[0.392157,0.529412,0.078431];[0.62931,0.37069,0.0];[0.439024,0.560976,0.0];[0.775401,0.224599,0.0];[0.439252336449,0.102803738318,0.252336448598,0.205607476636];1;481.0;0.0128180141103;1483;54;0.0864;1.36;52.08320000000001;25.84;70.5536;11.52;23.4;17.8;2.4256;0.0;2.7216000000000005;0.0;2.1888000000000005;0.4096000000000001;2.5472;5.72;6.92
11286;zone63;4421.5566371748755;3071.026327566895;0.0;zone63;S01010318;12;1588;1497;304;[0.5,0.456522,0.043478];[0.469799,0.47651,0.053691];[0.310345,0.37931,0.310345];[0.678571,0.285714,0.035714];[0.36,0.14,0.34,0.16];3;317.0;-0.175110645645;1193;33;0.10333333333333333;0.75;50.45000000000001;40.583333333333336;72.47333333333333;11.666666666666666;23.166666666666668;17.333333333333332;6.896666666666666;0.0;5.546666666666667;0.39666666666666667;0.6;0.41;1.8933333333333333;3.1666666666666665;13.083333333333334
11286;zone64;4173.240913470097;2893.8040771744095;0.0;zone64;S01010319;9;711;624;407;[0.258741,0.608392,0.132867];[0.383399,0.486166,0.130435];[0.439394,0.212121,0.348485];[0.530769,0.384615,0.084615];[0.171974522293,0.0700636942675,0.471337579618,0.286624203822];2;473.0;0.00423719084943;1480;16;0.07111111111111111;1.8888888888888888;43.54222222222222;21.88888888888889;67.6711111111111;11.666666666666666;23.22222222222222;14.777777777777779;3.511111111111111;0.0;1.088888888888889;0.17333333333333334;1.7066666666666666;0.5955555555555556;1.5244444444444445;7.777777777777778;6.111111111111111
11286;zone65;3940.1918462749595;2900.8899784533987;0.0;zone65;S01010320;4;675;594;437;[0.257813,0.523438,0.21875];[0.61753,0.298805,0.083665];[0.526316,0.22807,0.245614];[0.805085,0.169492,0.025424];[0.172185430464,0.0662251655629,0.443708609272,0.317880794702];1;646.0;0.202453315259;1206;8;0.08;1.75;54.55;28.75;80.48000000000002;12.5;24.5;19.75;5.79;0.0;2.36;0.0;1.54;0.21000000000000002;2.5599999999999996;9.75;9.25
11286;zone66;3905.8658739096163;2664.6669636212755;0.0;zone66;S01010321;7;837;634;432;[0.401709,0.555556,0.042735];[0.54717,0.433962,0.018868];[0.45122,0.439024,0.109756];[0.666667,0.271186,0.062147];[0.212328767123,0.0958904109589,0.390410958904,0.301369863014];1;1019.0;0.631764531736;1878;8;0.04;1.7142857142857142;47.028571428571425;22.857142857142858;67.75428571428571;10.714285714285714;23.142857142857142;16.0;3.7142857142857144;0.0;1.8000000000000003;0.3257142857142857;1.4628571428571429;0.5714285714285714;2.257142857142857;5.571428571428571;7.0
11286;zone67;3630.3978644730896;3132.1651121578075;0.0;zone67;S01010322;9;1028;914;549;[0.174419,0.549419,0.276163];[0.412399,0.471698,0.115903];[0.298507,0.38806,0.313433];[0.647059,0.323529,0.029412];[0.057268722467,0.0352422907489,0.449339207048,0.458149779736];5;124.0;-0.397569575369;1388;24;0.09777777777777778;2.111111111111111;43.01333333333333;34.333333333333336;66.63555555555554;10.333333333333334;21.88888888888889;14.666666666666666;2.733333333333333;0.0;3.2933333333333334;0.2888888888888889;1.9866666666666666;0.39555555555555555;1.2311111111111113;8.0;7.777777777777778
11286;zone68;6208.193116766784;3072.425066795916;0.0;zone68;S01010323;4;603;466;377;[0.555556,0.444444,0.0];[0.657143,0.271429,0.071429];[0.642857,0.321429,0.035714];[0.793651,0.166667,0.039683];[0.578431372549,0.166666666667,0.235294117647,0.0196078431373];1;970.0;0.57559463238;772;7;0.07;0.25;26.43;24.25;55.69;11.5;22.0;8.75;5.69;0.0;0.9299999999999999;0.0;0.38;0.48;3.2600000000000002;0.75;6.25
11286;zone69;6517.651722029823;2240.572579661372;0.0;zone69;S01010324;6;759;566;403;[0.142857,0.571429,0.285714];[0.298077,0.490385,0.211538];[0.333333,0.530864,0.135802];[0.401674,0.414226,0.1841];[0.569620253165,0.101265822785,0.291139240506,0.0379746835443];1;407.0;-0.0721601679586;1500;17;0.10666666666666667;0.16666666666666666;35.940000000000005;31.166666666666668;60.63333333333333;12.5;22.5;11.666666666666666;2.7733333333333334;0.0;1.4733333333333334;0.0;3.16;0.4466666666666666;3.526666666666667;0.6666666666666666;6.833333333333333
11286;zone70;6038.016041009105;2402.8415869980217;0.0;zone70;S01010325;18;939;666;501;[0.263158,0.368421,0.368421];[0.383838,0.525253,0.090909];[0.253623,0.615942,0.130435];[0.451362,0.463035,0.085603];[0.545454545455,0.238636363636,0.193181818182,0.0227272727273];1;225.0;-0.281126582053;1762;24;0.05333333333333334;1.4444444444444444;45.88444444444444;26.61111111111111;65.98666666666666;10.944444444444445;23.0;15.5;2.008888888888889;0.0;0.8777777777777777;0.0;3.4000000000000004;0.3955555555555556;2.317777777777778;5.833333333333333;5.944444444444445
11286;zone71;5272.359331052501;2740.775131541117;0.0;zone71;S01010326;39;987;707;494;[0.526316,0.368421,0.105263];[0.522523,0.333333,0.144144];[0.492188,0.3125,0.195313];[0.723514,0.224806,0.05168];[0.54375,0.16875,0.23125,0.05625];1;1389.0;1.05701743376;985;67;0.06871794871794872;1.0;43.607179487179486;27.53846153846154;67.22769230769232;11.76923076923077;23.46153846153846;14.923076923076923;1.7241025641025642;0.0;5.008205128205128;0.01333333333333333;1.449230769230769;0.38051282051282054;2.91076923076923;4.0;7.666666666666667
11286;zone72;4970.167032608406;2501.795090448298;0.0;zone72;S01010327;34;982;660;362;[0.031746,0.507937,0.460317];[0.372881,0.432203,0.194915];[0.289063,0.328125,0.382813];[0.516892,0.347973,0.135135];[0.416184971098,0.21387283237,0.236994219653,0.132947976879];1;470.0;0.000335688704598;985;60;0.06823529411764706;1.411764705882353;41.031764705882345;25.941176470588236;65.72000000000003;11.029411764705882;23.029411764705884;13.823529411764707;2.092941176470588;0.0;4.682352941176471;0.01294117647058824;1.061176470588235;0.29411764705882354;2.375294117647058;5.588235294117647;7.352941176470588
11286;zone73;5975.307390960257;2677.5485166167286;0.0;zone73;S01010328;24;969;706;445;[0.16129,0.5,0.33871];[0.27044,0.471698,0.257862];[0.192547,0.434783,0.372671];[0.338983,0.432203,0.228814];[0.309352517986,0.258992805755,0.280575539568,0.151079136691];2;457.0;-0.0138550124678;2180;56;0.09;1.125;35.56666666666666;30.5;59.559999999999995;10.083333333333334;22.083333333333332;12.041666666666666;1.8150000000000002;0.0;1.335;0.0;3.474999999999999;0.38333333333333347;2.2483333333333335;4.208333333333333;6.125
