cycle;name;location.x;location.y;location.z;name;dataZone;nm_children;pop;over16;nm_hh;AB_car_prob;C1_car_prob;C2_car_prob;DE_car_prob;prob_social;simd;crimeRate;norm_crime;avg_dis_sh;neigh_play;daily_play_per_child;avg_FSA;avg_walk;daily_OD;zone_mvpa;mvpa_home;mvpa_sc;mvpa_road;mvpa_play_field;mvpa_home_garden;mvpa_park;mvpa_PG;mvpa_amenity;mvpa_shops;mvpa_F_home;mvpa_fsa;mvpa_OD
11286;zone0;8448.90275962388;2625.4515469546564;0.0;zone0;S01010195;19;531;390;212;[0.0,0.481481,0.518519];[0.261538,0.646154,0.092308];[0.12,0.59,0.29];[0.447368,0.368421,0.184211];[0.418918918919,0.283783783784,0.202702702703,0.0945945945946];1;0.0;-0.540229885057;1089;36;0.07157894736842105;1.263157894736842;40.844210526315784;28.210526315789473;65.04842105263158;11.578947368421053;23.0;13.631578947368421;1.2357894736842105;0.0;3.684210526315788;0.0;2.6757894736842105;0.37473684210526326;2.3031578947368425;5.0;7.105263157894737
11286;zone1;8656.736904000718;2165.9902346445633;0.0;zone1;S01010198;18;1027;748;394;[0.058824,0.529412,0.411765];[0.305785,0.561983,0.132231];[0.219858,0.496454,0.283688];[0.523179,0.331126,0.145695];[0.48623853211,0.229357798165,0.266055045872,0.0183486238532];1;1609.0;1.3102524676;1326;23;0.05111111111111111;1.0555555555555556;34.153333333333336;26.944444444444443;60.135555555555555;10.833333333333334;22.5;11.61111111111111;1.8444444444444446;0.0;1.8800000000000001;0.02444444444444445;3.0733333333333333;0.3800000000000001;2.2222222222222223;4.0;6.444444444444445
11286;zone2;8537.588755655543;3024.028900129281;0.0;zone2;S01010201;22;643;453;253;[0.0,0.47619,0.52381];[0.270833,0.3125,0.416667];[0.088,0.48,0.432];[0.296552,0.434483,0.268966];[0.365853658537,0.292682926829,0.292682926829,0.0487804878049];2;219.0;-0.28762447053;843;46;0.08363636363636363;1.6363636363636365;26.236363636363627;26.5;63.50363636363637;12.5;23.454545454545453;8.727272727272727;1.203636363636364;0.0;2.62;0.02727272727272727;3.2399999999999993;0.3636363636363638;1.8163636363636366;8.045454545454545;6.545454545454546
11286;zone3;8059.42097232239;3767.666522351409;0.0;zone3;S01010203;30;671;504;260;[0.090909,0.363636,0.545455];[0.263804,0.460123,0.276074];[0.094828,0.422414,0.482759];[0.183824,0.375,0.441176];[0.272727272727,0.218181818182,0.363636363636,0.145454545455];3;215.0;-0.292668818285;1969;66;0.08266666666666667;1.3333333333333333;40.89733333333334;25.233333333333334;65.80933333333336;11.433333333333334;23.566666666666666;13.933333333333334;1.8679999999999999;0.0;2.44;0.0;2.8186666666666667;0.43466666666666665;2.265333333333333;5.166666666666667;6.7
11286;zone4;8368.288440296214;3565.498290652094;0.0;zone4;S01010204;30;800;589;381;[0.272727,0.727273,0.0];[0.627451,0.27451,0.098039];[0.444444,0.533333,0.022222];[0.600619,0.321981,0.077399];[0.595041322314,0.157024793388,0.239669421488,0.00826446280992];1;497.0;0.0317745673598;1288;57;0.072;1.0666666666666667;42.634666666666675;30.366666666666667;67.04800000000002;12.0;23.533333333333335;14.433333333333334;1.6306666666666667;0.0;2.826666666666667;0.0;3.8720000000000008;0.3773333333333333;2.5093333333333327;4.333333333333333;7.833333333333333
11286;zone5;8034.229745798958;3515.110462853287;0.0;zone5;S01010205;15;658;534;355;[0.411765,0.117647,0.470588];[0.465116,0.457364,0.077519];[0.317757,0.588785,0.093458];[0.593458,0.280374,0.126168];[0.466666666667,0.2,0.3,0.0333333333333];1;925.0;0.523434132086;1168;22;0.05333333333333334;1.0;42.559999999999995;20.8;63.14933333333334;11.733333333333333;23.133333333333333;14.2;1.04;0.0;2.352;0.0;2.0693333333333337;0.43200000000000005;2.634666666666667;3.7333333333333334;4.933333333333334
11286;zone6;7457.064719570519;3739.055375726369;0.0;zone6;S01010208;18;903;745;565;[0.30137,0.589041,0.109589];[0.48062,0.457364,0.062016];[0.272727,0.613636,0.113636];[0.66055,0.270642,0.068807];[0.233333333333,0.133333333333,0.461111111111,0.172222222222];1;603.0;0.153385979085;1470;23;0.04888888888888889;1.0555555555555556;44.06888888888889;24.11111111111111;62.74222222222222;10.38888888888889;22.666666666666668;15.38888888888889;1.2555555555555555;0.0;1.7911111111111109;0.0;2.74;0.22666666666666668;2.7844444444444445;3.8333333333333335;5.277777777777778
11286;zone7;7917.838214725937;1939.334458859395;0.0;zone7;S01010209;24;966;677;468;[0.172414,0.586207,0.241379];[0.333333,0.414966,0.251701];[0.381944,0.458333,0.159722];[0.545852,0.336245,0.117904];[0.337931034483,0.248275862069,0.303448275862,0.110344827586];1;2053.0;1.82052250092;1748;31;0.04666666666666667;1.375;61.965;24.458333333333332;73.66333333333333;11.333333333333334;23.541666666666668;21.25;1.1966666666666668;0.0;2.6616666666666666;0.0;2.7283333333333335;0.3683333333333334;2.2583333333333333;6.583333333333333;6.0
11286;zone8;7878.406567747077;2721.2634132011362;0.0;zone8;S01010210;18;885;641;416;[0.173913,0.456522,0.369565];[0.21519,0.5,0.28481];[0.189781,0.386861,0.423358];[0.422111,0.442211,0.135678];[0.394736842105,0.236842105263,0.254385964912,0.114035087719];1;344.0;-0.144253829852;1142;31;0.06888888888888889;0.8333333333333334;35.12444444444444;24.38888888888889;62.857777777777784;12.38888888888889;23.61111111111111;11.833333333333334;1.3400000000000003;0.0;2.8177777777777786;0.0;2.688888888888888;0.39333333333333337;3.088888888888889;3.2222222222222223;6.333333333333333
11286;zone9;7785.599648345685;3201.783800714137;0.0;zone9;S01010211;22;858;634;452;[0.147059,0.705882,0.147059];[0.384615,0.452991,0.162393];[0.469565,0.4,0.130435];[0.722656,0.226563,0.050781];[0.473214285714,0.169642857143,0.285714285714,0.0714285714286];1;430.0;-0.0456985893816;856;39;0.06545454545454546;0.9090909090909091;33.938181818181825;24.727272727272727;61.3018181818182;12.181818181818182;23.045454545454547;11.454545454545455;1.1872727272727273;0.0;2.569090909090909;0.0;2.6454545454545455;0.4563636363636363;2.6181818181818186;3.4545454545454546;5.954545454545454
11286;zone10;7580.688680869333;3097.127786881416;0.0;zone10;S01010212;49;1083;779;559;[0.233333,0.633333,0.133333];[0.594771,0.339869,0.065359];[0.465517,0.405172,0.12931];[0.712821,0.269231,0.017949];[0.566037735849,0.138364779874,0.22641509434,0.0691823899371];1;1473.0;1.15298517036;1168;87;0.06775510204081632;1.0816326530612246;46.98775510204081;27.836734693877553;65.1265306122449;10.89795918367347;22.448979591836736;16.102040816326532;1.299591836734694;0.0;2.5436734693877554;0.0;2.855510204081632;0.4302040816326531;2.453877551020408;4.26530612244898;6.224489795918367
11286;zone11;8065.177293237223;3111.5884965344962;0.0;zone11;S01010213;13;924;657;476;[0.105263,0.684211,0.210526];[0.382609,0.547826,0.069565];[0.218543,0.556291,0.225166];[0.467925,0.483019,0.049057];[0.451327433628,0.221238938053,0.274336283186,0.0530973451327];1;247.0;-0.255840453357;918;22;0.06461538461538462;1.7692307692307692;30.058461538461543;25.076923076923077;64.59692307692308;11.923076923076923;23.692307692307693;10.461538461538462;1.6707692307692308;0.0;2.766153846153846;0.0;2.566153846153846;0.31384615384615383;1.8615384615384616;7.6923076923076925;6.615384615384615
11286;zone12;7144.994858230166;1947.4125453867302;0.0;zone12;S01010214;27;967;717;396;[0.098592,0.28169,0.619718];[0.197531,0.438272,0.364198];[0.173333,0.493333,0.333333];[0.237069,0.487069,0.275862];[0.361344537815,0.210084033613,0.310924369748,0.117647058824];3;176.0;-0.337854473183;1737;50;0.0725925925925926;0.9259259259259259;39.416296296296295;30.37037037037037;63.64888888888889;11.11111111111111;22.74074074074074;13.518518518518519;3.167407407407407;0.0;2.728888888888889;0.0;2.657777777777778;0.4370370370370371;2.25925925925926;3.4074074074074074;8.037037037037036
11286;zone13;7013.590150664996;2618.495528189446;0.0;zone13;S01010215;24;850;608;492;[0.571429,0.285714,0.142857];[0.5,0.431373,0.068627];[0.382609,0.391304,0.226087];[0.678571,0.269841,0.051587];[0.467289719626,0.140186915888,0.345794392523,0.0467289719626];1;547.0;0.0886083430805;671;37;0.05833333333333333;1.2083333333333333;42.67833333333334;25.416666666666668;62.99166666666667;10.875;22.666666666666668;14.5;1.1366666666666665;0.0;1.4183333333333332;0.0;2.9066666666666667;0.3866666666666667;2.75;4.75;5.0
11286;zone14;7332.222205807836;2329.961970144465;0.0;zone14;S01010216;15;621;464;361;[0.6,0.4,0.0];[0.597701,0.356322,0.045977];[0.409091,0.439394,0.151515];[0.709544,0.273859,0.016598];[0.5,0.163265306122,0.265306122449,0.0714285714286];1;600.0;0.150092344085;1307;24;0.05866666666666667;1.4;49.48266666666667;28.533333333333335;64.12266666666666;9.733333333333333;22.066666666666666;16.533333333333335;1.4133333333333336;0.0;2.184;0.0;3.210666666666667;0.31466666666666676;2.1653333333333333;4.6;6.333333333333333
11286;zone15;7299.833172322251;2625.8610945736937;0.0;zone15;S01010217;33;817;598;406;[0.16129,0.516129,0.322581];[0.565517,0.4,0.034483];[0.5,0.431373,0.068627];[0.702703,0.283784,0.013514];[0.541935483871,0.0967741935484,0.296774193548,0.0645161290323];1;1060.0;0.679274950851;972;61;0.0703030303030303;1.393939393939394;40.92484848484847;27.87878787878788;65.80242424242424;11.363636363636363;23.303030303030305;13.787878787878787;1.3903030303030304;0.0;2.5030303030303034;0.0;3.556363636363636;0.22666666666666668;2.258181818181818;5.666666666666667;6.9393939393939394
11286;zone16;7142.953643082513;3018.5401822929393;0.0;zone16;S01010218;31;1018;790;587;[0.425532,0.404255,0.170213];[0.392523,0.453271,0.154206];[0.358209,0.492537,0.149254];[0.589124,0.335347,0.075529];[0.424657534247,0.109589041096,0.369863013699,0.0958904109589];1;557.0;0.101026678737;550;56;0.07225806451612904;1.1612903225806452;33.354838709677416;29.64516129032258;57.48;9.806451612903226;22.193548387096776;11.290322580645162;0.6258064516129032;0.0;1.5677419354838709;0.0;3.677419354838709;0.3819354838709677;2.4000000000000004;3.774193548387097;5.548387096774194
11286;zone17;6738.8937706128745;4298.8917997019325;0.0;zone17;S01010219;21;503;382;274;[0.695652,0.304348,0.0];[0.758621,0.215517,0.025862];[0.761905,0.166667,0.071429];[0.781609,0.195402,0.022989];[0.41935483871,0.0752688172043,0.408602150538,0.0967741935484];2;184.0;-0.327838932938;1221;45;0.08190476190476191;1.4285714285714286;58.96571428571427;31.285714285714285;76.34285714285716;11.571428571428571;23.476190476190474;20.333333333333332;2.8038095238095235;0.0;5.765714285714286;0.05714285714285715;1.419047619047619;0.3447619047619049;2.1619047619047613;6.619047619047619;9.523809523809524
11286;zone18;5915.780765415368;4211.222876105162;0.0;zone18;S01010220;7;476;433;279;[0.181159,0.608696,0.210145];[0.404255,0.531915,0.06383];[0.227273,0.704545,0.068182];[0.448276,0.482759,0.068966];[0.154545454545,0.0636363636364,0.318181818182,0.463636363636];5;267.0;-0.232306706325;1202;17;0.09714285714285714;1.1428571428571428;24.377142857142854;26.142857142857142;53.42857142857143;9.285714285714286;22.0;7.571428571428571;2.7314285714285718;0.0;3.5142857142857147;0.10285714285714286;0.6057142857142858;0.3028571428571429;1.7771428571428571;3.7142857142857144;6.571428571428571
11286;zone19;6341.0811208317455;3913.8398648988496;0.0;zone19;S01010221;13;546;394;260;[0.6,0.4,0.0];[0.557377,0.409836,0.032787];[0.538462,0.323077,0.138462];[0.699387,0.257669,0.042945];[0.609375,0.140625,0.203125,0.046875];1;635.0;0.19005459739;1196;17;0.05230769230769231;1.0769230769230769;48.760000000000005;20.692307692307693;67.54153846153847;11.538461538461538;23.23076923076923;16.692307692307693;2.852307692307692;0.0;1.975384615384615;0.24615384615384617;1.043076923076923;0.34769230769230774;2.870769230769231;5.0;5.6923076923076925
11286;zone20;7001.213463613622;4053.9957950241624;0.0;zone20;S01010222;15;492;414;285;[0.142857,0.5,0.357143];[0.432432,0.459459,0.108108];[0.348624,0.522936,0.12844];[0.747899,0.235294,0.016807];[0.345238095238,0.214285714286,0.309523809524,0.130952380952];1;377.0;-0.105830277325;1847;31;0.08266666666666667;1.6;44.096000000000004;21.533333333333335;64.02133333333335;11.066666666666666;22.466666666666665;15.066666666666666;1.6746666666666665;0.0;1.2186666666666668;0.0;2.2800000000000002;0.25600000000000006;2.373333333333333;5.866666666666666;4.6
11286;zone21;6986.8418912765155;3434.1450308482026;0.0;zone21;S01010223;4;556;462;337;[0.076923,0.538462,0.384615];[0.567797,0.330508,0.101695];[0.472222,0.444444,0.083333];[0.584699,0.36612,0.04918];[0.432432432432,0.162162162162,0.324324324324,0.0810810810811];1;439.0;-0.0353356041414;1790;5;0.05;1.25;53.89;23.0;72.05;13.5;23.75;18.25;2.9799999999999995;0.0;1.83;0.0;2.3;0.91;2.14;4.75;6.75
11286;zone22;6247.397837456437;3329.661273309237;0.0;zone22;S01010224;40;1036;727;469;[0.405405,0.540541,0.054054];[0.592593,0.274074,0.133333];[0.418803,0.504274,0.076923];[0.768421,0.202632,0.028947];[0.506097560976,0.140243902439,0.268292682927,0.0853658536585];1;1004.0;0.614259332793;976;56;0.053;1.125;42.614;20.45;62.43800000000001;11.0;22.675;14.55;2.7230000000000003;0.0;1.5610000000000002;0.10700000000000001;1.149;0.45600000000000007;2.4030000000000005;4.375;5.025
11286;zone23;7827.985844039554;4105.4701191949;0.0;zone23;S01010225;33;812;636;431;[0.25,0.634615,0.115385];[0.469072,0.43299,0.097938];[0.54023,0.413793,0.045977];[0.672065,0.234818,0.093117];[0.385185185185,0.125925925926,0.325925925926,0.162962962963];1;1006.0;0.616572011517;1566;47;0.05575757575757576;1.5757575757575757;56.69090909090908;27.363636363636363;71.23999999999998;10.909090909090908;23.181818181818183;19.09090909090909;1.76;0.0;2.3721212121212125;0.0;2.990303030303031;0.37090909090909085;2.073939393939394;6.575757575757576;6.757575757575758
11286;zone24;7040.363001382077;4481.052780471187;0.0;zone24;S01010226;40;816;565;394;[0.454545,0.242424,0.30303];[0.715385,0.2,0.084615];[0.540541,0.405405,0.054054];[0.766917,0.18797,0.045113];[0.503355704698,0.201342281879,0.221476510067,0.0738255033557];2;422.0;-0.0548014077425;1204;104;0.099;1.075;46.118;32.2;69.99500000000002;11.225;23.475;15.65;3.7969999999999997;0.0;4.8629999999999995;0.07299999999999998;1.442;0.38599999999999995;2.671;4.6;9.7
11286;zone25;6847.772309074456;4638.663588163389;0.0;zone25;S01010227;39;692;454;294;[0.413793,0.413793,0.172414];[0.704545,0.238636,0.056818];[0.654545,0.345455,0.0];[0.810606,0.159091,0.030303];[0.672268907563,0.0924369747899,0.159663865546,0.0756302521008];4;0.0;-0.540229885057;1109;154;0.15282051282051282;1.3846153846153846;51.04205128205128;44.92307692307692;73.28615384615387;10.487179487179487;22.82051282051282;17.564102564102566;2.595897435897436;0.0;8.716923076923077;0.02871794871794872;1.9466666666666668;0.34358974358974353;1.828717948717949;5.333333333333333;12.846153846153847
11286;zone26;8241.816993110848;4572.457656401622;0.0;zone26;S01010229;30;1016;787;508;[0.1,0.625,0.275];[0.350877,0.350877,0.298246];[0.348315,0.477528,0.174157];[0.565217,0.310559,0.124224];[0.420731707317,0.213414634146,0.292682926829,0.0731707317073];1;395.0;-0.0859445809966;1217;40;0.05066666666666667;1.2666666666666666;40.23466666666666;19.333333333333332;63.408000000000015;11.8;23.233333333333334;13.7;1.4226666666666667;0.0;2.2346666666666666;0.02666666666666667;1.6653333333333329;0.5106666666666667;2.277333333333333;4.866666666666666;4.933333333333334
11286;zone27;7458.320056766788;4680.341251240345;0.0;zone27;S01010230;24;1005;772;577;[0.314286,0.628571,0.057143];[0.703883,0.296117,0.0];[0.727273,0.218182,0.054545];[0.71831,0.24507,0.03662];[0.517857142857,0.136904761905,0.267857142857,0.077380952381];1;846.0;0.433218203459;1027;44;0.07333333333333333;1.2083333333333333;39.55833333333333;32.541666666666664;64.07500000000002;10.458333333333334;22.458333333333332;13.458333333333334;2.1783333333333332;0.0;4.734999999999999;0.02666666666666667;1.8783333333333332;0.40499999999999997;2.526666666666667;4.291666666666667;8.291666666666666
11286;zone28;7569.802990100143;4917.458811240416;0.0;zone28;S01010232;37;1074;792;485;[0.457143,0.485714,0.057143];[0.557292,0.338542,0.104167];[0.492063,0.333333,0.174603];[0.654229,0.251244,0.094527];[0.470297029703,0.153465346535,0.306930693069,0.0693069306931];1;771.0;0.347049794199;933;75;0.0745945945945946;1.0810810810810811;41.602162162162166;33.567567567567565;69.2681081081081;12.162162162162161;23.89189189189189;14.162162162162161;1.881081081081081;0.0;4.605405405405405;0.03891891891891892;3.6551351351351347;0.40432432432432425;2.489729729729729;4.162162162162162;9.72972972972973
11286;zone29;7830.713068379679;4879.746446724283;0.0;zone29;S01010233;33;970;705;476;[0.275,0.625,0.1];[0.655629,0.245033,0.099338];[0.52809,0.426966,0.044944];[0.771505,0.212366,0.016129];[0.587209302326,0.093023255814,0.261627906977,0.0581395348837];1;284.0;-0.213781821634;1286;59;0.06787878787878789;0.7272727272727273;43.08121212121212;29.424242424242426;65.39878787878786;11.545454545454545;23.424242424242426;14.515151515151516;1.6363636363636365;0.0;2.95030303030303;0.0496969696969697;3.158787878787879;0.4327272727272728;2.6133333333333333;3.4545454545454546;7.363636363636363
11286;zone30;6473.383843181837;4954.519765957263;0.0;zone30;S01010261;6;2551;2373;526;[0.666667,0.270833,0.0625];[0.675841,0.281346,0.042813];[0.75,0.25,0.0];[0.824468,0.164894,0.010638];[0.41,0.06,0.41,0.12];3;176.0;-0.337679921334;1673;10;0.06666666666666667;1.1666666666666667;55.413333333333334;34.833333333333336;67.13333333333333;9.833333333333334;22.333333333333332;18.666666666666668;2.52;0.0;2.7066666666666666;0.03333333333333333;2.893333333333333;0.3;2.7066666666666666;3.3333333333333335;7.833333333333333
11286;zone31;4930.642193689802;4959.449818932565;0.0;zone31;S01010266;3;555;474;237;[0.320755,0.556604,0.122642];[0.677273,0.254545,0.068182];[0.5,0.461538,0.038462];[0.534247,0.30137,0.164384];[0.141176470588,0.0588235294118,0.4,0.4];3;536.0;0.0761386922126;1127;7;0.08;1.3333333333333333;50.10666666666666;34.333333333333336;58.64000000000001;7.666666666666667;20.333333333333332;17.333333333333332;0.5733333333333334;0.0;1.08;0.64;3.3200000000000003;0.32;2.3866666666666667;3.3333333333333335;5.0
11286;zone32;5712.5549897826;4979.400336637217;0.0;zone32;S01010270;4;1153;972;817;[0.389831,0.533898,0.076271];[0.70255,0.252125,0.045326];[0.714286,0.272727,0.012987];[0.771552,0.228448,0.0];[0.125,0.0909090909091,0.454545454545,0.329545454545];1;871.0;0.461200629557;1730;4;0.04;1.25;66.59;31.0;69.30000000000001;8.5;21.75;23.75;3.39;0.0;1.44;0.0;2.3600000000000003;0.48;2.33;3.5;6.5
11286;zone33;3394.0723536088512;4934.677182292946;0.0;zone33;S01010282;13;976;841;645;[0.438776,0.520408,0.040816];[0.545732,0.405488,0.04878];[0.521277,0.382979,0.095745];[0.712707,0.232044,0.055249];[0.190954773869,0.070351758794,0.35175879397,0.386934673367];2;350.0;-0.137812028107;1335;16;0.04923076923076923;1.7692307692307692;42.92307692307692;27.076923076923077;70.97846153846154;11.923076923076923;24.076923076923077;14.692307692307692;2.329230769230769;0.0;3.2923076923076926;0.7261538461538463;1.7076923076923076;0.34153846153846157;1.9107692307692308;8.076923076923077;7.538461538461538
11286;zone34;4385.789287498423;4835.237486850067;0.0;zone34;S01010289;15;771;687;380;[0.130952,0.511905,0.357143];[0.262911,0.502347,0.234742];[0.178571,0.464286,0.357143];[0.410256,0.435897,0.153846];[0.058064516129,0.0322580645161,0.245161290323,0.664516129032];5;259.0;-0.241396294863;1301;44;0.112;1.3333333333333333;32.40266666666666;33.266666666666666;59.59733333333333;10.4;22.133333333333333;10.933333333333334;1.64;0.0;3.2319999999999993;1.376;1.370666666666667;0.36000000000000004;1.8026666666666669;4.6;7.2
11286;zone35;4401.5375624188455;4669.062022109911;0.0;zone35;S01010290;13;546;485;278;[0.198198,0.603604,0.198198];[0.485944,0.449799,0.064257];[0.555556,0.444444,0.0];[0.435897,0.512821,0.051282];[0.10752688172,0.0430107526882,0.494623655914,0.354838709677];3;353.0;-0.133686757747;1236;33;0.09230769230769231;2.076923076923077;51.30461538461539;34.84615384615385;69.56307692307692;10.0;22.384615384615383;17.76923076923077;1.3507692307692307;0.0;3.076923076923077;1.3692307692307693;2.166153846153846;0.25846153846153846;1.784615384615385;7.461538461538462;7.461538461538462
11286;zone36;4119.983651650423;4281.100418217042;0.0;zone36;S01010291;12;1075;975;481;[0.405594,0.447552,0.146853];[0.627907,0.277132,0.094961];[0.415094,0.433962,0.150943];[0.562963,0.325926,0.111111];[0.197080291971,0.0729927007299,0.445255474453,0.284671532847];3;438.0;-0.0363924713322;762;21;0.06666666666666667;1.75;38.76;36.0;65.72333333333334;10.416666666666666;22.416666666666668;13.083333333333334;1.4266666666666667;0.0;5.883333333333333;1.1300000000000001;0.9266666666666666;0.4466666666666667;1.7233333333333334;6.5;9.0
11286;zone37;4399.731076226201;4291.6703625917;0.0;zone37;S01010292;10;890;831;409;[0.348214,0.508929,0.142857];[0.477169,0.420091,0.10274];[0.339286,0.446429,0.214286];[0.55814,0.383721,0.05814];[0.128378378378,0.0540540540541,0.398648648649,0.418918918919];4;323.0;-0.168488563048;1085;28;0.112;1.8;45.448;46.4;66.452;9.3;21.8;15.6;2.844;0.0;5.119999999999999;1.224;1.704;0.308;1.1800000000000002;5.8;10.4
11286;zone38;4514.690807242894;4541.15458266895;0.0;zone38;S01010293;16;839;723;373;[0.51773,0.35461,0.12766];[0.635389,0.262735,0.101877];[0.446809,0.319149,0.234043];[0.514286,0.392857,0.092857];[0.242424242424,0.0606060606061,0.393939393939,0.30303030303];3;290.0;-0.205814991507;912;44;0.11;1.75;38.925;36.9375;70.97749999999999;12.3125;23.8125;13.0;1.8299999999999998;0.0;3.1875000000000004;1.4949999999999999;2.837500000000001;0.4025000000000001;1.9025;8.375;8.8125
11286;zone39;4541.7482834333705;4418.565122351524;0.0;zone39;S01010294;13;690;631;275;[0.242105,0.526316,0.231579];[0.650873,0.214464,0.134663];[0.583333,0.208333,0.208333];[0.414894,0.489362,0.095745];[0.164835164835,0.043956043956,0.494505494505,0.296703296703];4;440.0;-0.0342259463805;1161;37;0.10461538461538461;1.5384615384615385;50.41230769230769;38.76923076923077;73.11384615384617;11.0;24.076923076923077;16.923076923076923;3.1107692307692307;0.0;3.95076923076923;1.446153846153846;2.0061538461538464;0.4123076923076923;1.883076923076923;6.461538461538462;10.0
11286;zone40;4766.8646917667475;4574.50133624035;0.0;zone40;S01010295;18;974;870;427;[0.384615,0.391026,0.224359];[0.604555,0.310559,0.084886];[0.428571,0.285714,0.285714];[0.390728,0.516556,0.092715];[0.212765957447,0.113475177305,0.297872340426,0.375886524823];4;529.0;0.0680145754747;1154;48;0.09777777777777778;1.2222222222222223;46.23555555555556;43.111111111111114;70.24222222222222;11.11111111111111;23.333333333333332;15.555555555555555;2.6333333333333337;0.0;4.504444444444443;1.5466666666666669;2.922222222222222;0.41777777777777786;1.471111111111111;5.0;11.055555555555555
11286;zone41;4647.752341766679;4736.091736240359;0.0;zone41;S01010296;16;664;560;291;[0.294118,0.423529,0.282353];[0.520913,0.368821,0.110266];[0.375,0.375,0.25];[0.475524,0.391608,0.132867];[0.282828282828,0.111111111111,0.363636363636,0.242424242424];2;856.0;0.444094443477;1213;30;0.07;2.25;44.84749999999999;26.6875;66.8375;11.0;22.1875;15.25;1.7925000000000002;0.0;2.14;1.06;1.47;0.26750000000000007;1.3525;8.375;6.0
11286;zone42;5522.849421766708;4411.996091240393;0.0;zone42;S01010297;7;1066;894;676;[0.582609,0.382609,0.034783];[0.691824,0.245283,0.062893];[0.540541,0.333333,0.126126];[0.681275,0.270916,0.047809];[0.260563380282,0.140845070423,0.37323943662,0.225352112676];1;504.0;0.0391758595379;974;9;0.05142857142857143;1.7142857142857142;49.94857142857143;27.428571428571427;66.85714285714286;10.857142857142858;22.714285714285715;17.0;1.5885714285714287;0.0;1.342857142857143;0.21142857142857144;3.3828571428571435;0.3771428571428571;1.342857142857143;6.428571428571429;6.0
11286;zone43;4706.481893689814;4143.807995855712;0.0;zone43;S01010298;12;880;677;515;[0.308943,0.479675,0.211382];[0.581395,0.356589,0.062016];[0.539683,0.396825,0.063492];[0.744828,0.193103,0.062069];[0.227272727273,0.0984848484848,0.371212121212,0.30303030303];1;486.0;0.0190902878356;1064;21;0.06666666666666667;1.75;40.346666666666664;24.5;64.24666666666667;11.5;22.666666666666668;13.583333333333334;1.9233333333333331;0.0;2.973333333333333;0.71;0.9366666666666669;0.3166666666666667;1.8;6.166666666666667;6.166666666666667
11286;zone44;4885.424673909578;4209.645754097502;0.0;zone44;S01010299;4;536;404;292;[0.3,0.54,0.16];[0.556701,0.340206,0.103093];[0.458333,0.520833,0.020833];[0.584906,0.283019,0.132075];[0.428571428571,0.0857142857143,0.285714285714,0.2];1;375.0;-0.10827530326;596;7;0.07;1.0;32.18;36.25;71.64;13.0;25.25;11.0;4.1899999999999995;0.0;1.22;0.22;5.959999999999999;0.42000000000000004;2.8800000000000003;5.25;11.0
11286;zone45;4883.397012115578;4340.414778682246;0.0;zone45;S01010300;21;934;764;478;[0.460784,0.411765,0.127451];[0.664653,0.238671,0.096677];[0.632353,0.323529,0.044118];[0.606383,0.329787,0.06383];[0.3046875,0.125,0.3515625,0.21875];2;513.0;0.0498225801839;656;39;0.07047619047619047;1.4285714285714286;37.4952380952381;26.523809523809526;65.56380952380952;11.761904761904763;23.428571428571427;12.619047619047619;1.6876190476190476;0.0;2.2266666666666666;0.5161904761904762;2.4000000000000004;0.401904761904762;2.318095238095238;6.523809523809524;6.476190476190476
11286;zone46;5144.66081966521;4032.769083704074;0.0;zone46;S01010301;6;522;457;283;[0.292683,0.597561,0.109756];[0.57563,0.315126,0.109244];[0.222222,0.703704,0.074074];[0.561798,0.393258,0.044944];[0.214285714286,0.0612244897959,0.459183673469,0.265306122449];4;490.0;0.0232745011966;1885;26;0.16;2.0;43.90666666666666;38.5;77.28;12.833333333333334;25.0;14.666666666666666;5.800000000000001;0.0;1.1733333333333331;0.5533333333333333;4.906666666666667;0.38000000000000006;2.026666666666667;8.0;12.0
11286;zone47;5165.568789180556;4297.038752619699;0.0;zone47;S01010302;24;669;495;388;[0.65625,0.28125,0.0625];[0.6,0.356522,0.043478];[0.716981,0.226415,0.056604];[0.801802,0.18018,0.018018];[0.582417582418,0.0769230769231,0.263736263736,0.0769230769231];1;392.0;-0.0896499889057;1257;55;0.08666666666666667;1.5416666666666667;45.82833333333332;30.375;68.14166666666667;11.25;23.291666666666668;15.791666666666666;3.3533333333333335;0.0;0.6783333333333333;0.23666666666666666;3.106666666666667;0.3833333333333333;1.9666666666666666;6.5;6.833333333333333
11286;zone48;5241.140616766716;4139.402270499609;0.0;zone48;S01010303;33;579;387;250;[0.692308,0.153846,0.153846];[0.56701,0.298969,0.134021];[0.630435,0.282609,0.086957];[0.658879,0.285047,0.056075];[0.58407079646,0.106194690265,0.274336283186,0.0353982300885];1;415.0;-0.0627120940391;1418;79;0.09454545454545454;0.9393939393939394;45.0848484848485;34.27272727272727;65.77090909090909;11.06060606060606;22.636363636363637;15.121212121212121;5.227878787878789;0.0;1.1163636363636364;0.30545454545454553;2.3006060606060603;0.3672727272727273;2.584242424242424;3.3636363636363638;8.545454545454545
11286;zone49;4853.647576226233;3833.123065294377;0.0;zone49;S01010304;12;542;456;332;[0.323529,0.514706,0.161765];[0.635135,0.25,0.114865];[0.477273,0.522727,0.0];[0.829268,0.109756,0.060976];[0.372340425532,0.0425531914894,0.297872340426,0.287234042553];1;804.0;0.384523850516;1521;24;0.08;1.1666666666666667;56.58333333333334;31.583333333333332;67.89;10.333333333333334;22.083333333333332;19.333333333333332;3.7866666666666666;0.0;1.8;0.7533333333333334;1.6533333333333335;0.5433333333333336;2.12;3.6666666666666665;7.5
11286;zone50;4697.410406890209;3639.1027396354093;0.0;zone50;S01010305;7;807;694;478;[0.36036,0.468468,0.171171];[0.553191,0.33617,0.110638];[0.409639,0.301205,0.289157];[0.589888,0.337079,0.073034];[0.198529411765,0.0735294117647,0.382352941176,0.345588235294];1;223.0;-0.28282788147;621;10;0.05142857142857143;1.4285714285714286;39.75428571428571;36.142857142857146;62.925714285714285;9.857142857142858;21.857142857142858;13.285714285714286;2.874285714285714;0.0;1.8;2.3028571428571425;0.4571428571428572;0.3371428571428572;1.8228571428571427;6.428571428571429;7.0
11286;zone51;4591.3082521834585;3868.367573740388;0.0;zone51;S01010306;13;752;675;449;[0.35625,0.56875,0.075];[0.570588,0.355882,0.073529];[0.283019,0.566038,0.150943];[0.650943,0.330189,0.018868];[0.165680473373,0.0473372781065,0.479289940828,0.307692307692];2;238.0;-0.265781391166;673;26;0.07384615384615385;1.3846153846153846;31.366153846153846;32.07692307692308;63.12;12.076923076923077;22.76923076923077;10.461538461538462;3.04923076923077;0.0;1.4523076923076923;2.2553846153846155;0.47076923076923066;0.4984615384615384;1.5230769230769232;6.769230769230769;6.769230769230769
11286;zone52;4503.72067559025;3742.2957906521283;0.0;zone52;S01010307;9;821;732;428;[0.189922,0.577519,0.232558];[0.407407,0.487654,0.104938];[0.346154,0.538462,0.115385];[0.71875,0.234375,0.046875];[0.0681818181818,0.0568181818182,0.375,0.5];5;319.0;-0.172537833795;511;34;0.13333333333333333;1.7777777777777777;38.128888888888895;44.77777777777778;65.81333333333333;10.444444444444445;22.555555555555557;12.555555555555555;3.8666666666666663;0.0;2.6222222222222222;3.0666666666666664;0.8711111111111112;0.4311111111111111;1.0222222222222224;6.666666666666667;10.0
11286;zone53;4364.519870735056;4047.768725526131;0.0;zone53;S01010308;9;975;858;480;[0.285714,0.54007,0.174216];[0.511936,0.384615,0.103448];[0.254902,0.411765,0.333333];[0.648352,0.307692,0.043956];[0.0970873786408,0.0631067961165,0.359223300971,0.480582524272];4;257.0;-0.244477582955;1166;20;0.08444444444444445;2.0;64.64444444444445;37.0;81.23555555555555;11.0;24.22222222222222;21.444444444444443;3.5733333333333337;0.0;3.626666666666667;1.4622222222222223;1.6177777777777775;0.38222222222222224;2.066666666666667;9.88888888888889;9.666666666666666
11286;zone54;5381.88771051669;3636.3205112402793;0.0;zone54;S01010309;4;419;356;264;[0.333333,0.25,0.416667];[0.478873,0.422535,0.098592];[0.352941,0.382353,0.264706];[0.705882,0.24183,0.052288];[0.365853658537,0.170731707317,0.390243902439,0.0731707317073];1;0.0;-0.540229885057;1902;9;0.09;0.25;53.3;27.0;61.08;10.0;22.0;18.0;2.6000000000000005;0.0;1.3399999999999999;0.11;2.25;0.21;2.29;0.75;6.0
11286;zone55;5657.373406240428;3625.6586165034923;0.0;zone55;S01010310;13;706;540;381;[0.333333,0.238095,0.428571];[0.565517,0.337931,0.096552];[0.54902,0.27451,0.176471];[0.715415,0.256917,0.027668];[0.484848484848,0.151515151515,0.318181818182,0.0454545454545];1;574.0;0.120406534162;750;12;0.03692307692307693;1.0769230769230769;38.68615384615385;24.153846153846153;65.53230769230768;11.846153846153847;23.846153846153847;12.615384615384615;2.5323076923076924;0.0;1.2584615384615385;0.07692307692307693;3.086153846153846;0.34769230769230774;2.873846153846153;5.230769230769231;6.538461538461538
11286;zone56;5685.425126382168;3318.6970593171873;0.0;zone56;S01010311;22;721;556;351;[0.411765,0.352941,0.235294];[0.472222,0.453704,0.074074];[0.571429,0.404762,0.02381];[0.717949,0.271062,0.010989];[0.565217391304,0.121739130435,0.269565217391,0.0434782608696];1;1534.0;1.22364271569;1504;40;0.07272727272727272;1.0454545454545454;56.858181818181805;30.045454545454547;70.60000000000001;11.136363636363637;23.136363636363637;19.40909090909091;2.6509090909090913;0.0;3.2890909090909086;0.15454545454545457;2.216363636363636;0.3963636363636363;2.3636363636363638;4.090909090909091;7.863636363636363
11286;zone57;5466.52613028024;3072.1402274564575;0.0;zone57;S01010312;34;868;647;425;[0.117647,0.823529,0.058824];[0.754386,0.22807,0.017544];[0.407407,0.444444,0.148148];[0.804945,0.153846,0.041209];[0.586956521739,0.115942028986,0.268115942029,0.0289855072464];1;685.0;0.247477927043;1677;64;0.07176470588235294;0.9411764705882353;53.848235294117636;28.029411764705884;68.2435294117647;10.911764705882353;22.88235294117647;18.5;1.7082352941176469;0.0;3.4305882352941177;0.08352941176470588;2.1647058823529415;0.49411764705882355;2.714117647058823;3.7941176470588234;6.9411764705882355
11286;zone58;5251.7403530303945;3502.549209042501;0.0;zone58;S01010313;16;654;529;356;[0.428571,0.285714,0.285714];[0.6,0.333333,0.066667];[0.433735,0.481928,0.084337];[0.739623,0.162264,0.098113];[0.648351648352,0.131868131868,0.175824175824,0.043956043956];1;565.0;0.109617915218;2125;28;0.065;1.1875;54.574999999999996;27.3125;68.33500000000001;10.5625;22.875;18.8125;2.5774999999999997;0.0;3.1750000000000003;0.0325;1.9149999999999998;0.35750000000000004;2.415;3.8125;7.125
11286;zone59;4840.312157862589;3385.4448126102257;0.0;zone59;S01010314;21;1248;1034;550;[0.358209,0.507463,0.134328];[0.514493,0.333333,0.152174];[0.5,0.326923,0.173077];[0.636,0.324,0.04];[0.316901408451,0.133802816901,0.401408450704,0.147887323944];1;637.0;0.192402372167;1224;35;0.06476190476190476;2.0476190476190474;43.22285714285714;25.904761904761905;70.5561904761905;11.857142857142858;23.38095238095238;14.857142857142858;2.8057142857142865;0.0;3.0152380952380953;0.7466666666666667;0.9523809523809523;0.39238095238095233;1.8647619047619042;8.904761904761905;7.0476190476190474
11286;zone60;4536.293429266749;2504.1273706154316;0.0;zone60;S01010315;43;911;678;409;[0.180723,0.554217,0.26506];[0.252632,0.457895,0.289474];[0.208333,0.5,0.291667];[0.55144,0.345679,0.102881];[0.308176100629,0.169811320755,0.358490566038,0.163522012579];2;382.0;-0.100954860853;1589;72;0.06511627906976744;1.7209302325581395;43.76279069767441;25.837209302325583;65.7693023255814;10.488372093023257;22.3953488372093;14.86046511627907;1.2967441860465116;0.0;3.705116279069768;0.0;1.8865116279069765;0.41395348837209306;1.772093023255814;7.046511627906977;6.372093023255814
11286;zone61;4589.6619547948285;2943.195659127726;0.0;zone61;S01010316;25;512;414;304;[0.392157,0.529412,0.078431];[0.62931,0.37069,0.0];[0.439024,0.560976,0.0];[0.775401,0.224599,0.0];[0.439252336449,0.102803738318,0.252336448598,0.205607476636];1;481.0;0.0128180141103;1293;54;0.0816;1.24;50.01600000000001;28.36;66.85600000000001;10.68;22.48;17.0;1.7104;0.0;4.3792;0.1456;1.5087999999999997;0.43839999999999996;2.2687999999999993;4.52;7.32
11286;zone63;4421.5566371748755;3071.026327566895;0.0;zone63;S01010318;12;1588;1497;304;[0.5,0.456522,0.043478];[0.469799,0.47651,0.053691];[0.310345,0.37931,0.310345];[0.678571,0.285714,0.035714];[0.36,0.14,0.34,0.16];3;317.0;-0.175110645645;950;40;0.13;0.5833333333333334;44.593333333333334;41.083333333333336;67.24666666666667;10.916666666666666;23.25;14.916666666666666;5.586666666666667;0.0;4.819999999999999;0.6000000000000001;1.1033333333333333;0.5033333333333333;1.716666666666667;2.3333333333333335;11.666666666666666
11286;zone64;4173.240913470097;2893.8040771744095;0.0;zone64;S01010319;9;711;624;407;[0.258741,0.608392,0.132867];[0.383399,0.486166,0.130435];[0.439394,0.212121,0.348485];[0.530769,0.384615,0.084615];[0.171974522293,0.0700636942675,0.471337579618,0.286624203822];2;473.0;0.00423719084943;1519;12;0.04444444444444445;1.3333333333333333;53.36000000000001;32.333333333333336;76.2088888888889;12.333333333333334;24.0;18.666666666666668;5.195555555555556;0.0;2.835555555555556;0.3111111111111111;2.7822222222222224;0.24444444444444446;2.457777777777778;5.777777777777778;10.444444444444445
11286;zone65;3940.1918462749595;2900.8899784533987;0.0;zone65;S01010320;4;675;594;437;[0.257813,0.523438,0.21875];[0.61753,0.298805,0.083665];[0.526316,0.22807,0.245614];[0.805085,0.169492,0.025424];[0.172185430464,0.0662251655629,0.443708609272,0.317880794702];1;646.0;0.202453315259;1221;2;0.02;2.5;52.379999999999995;22.0;77.0;12.5;24.25;17.75;4.28;0.0;1.35;0.19;1.5099999999999998;0.62;1.13;11.5;7.0
11286;zone66;3905.8658739096163;2664.6669636212755;0.0;zone66;S01010321;7;837;634;432;[0.401709,0.555556,0.042735];[0.54717,0.433962,0.018868];[0.45122,0.439024,0.109756];[0.666667,0.271186,0.062147];[0.212328767123,0.0958904109589,0.390410958904,0.301369863014];1;1019.0;0.631764531736;2039;13;0.06857142857142857;0.7142857142857143;63.10285714285714;26.285714285714285;71.50285714285715;12.571428571428571;23.714285714285715;21.428571428571427;1.3257142857142858;0.0;4.034285714285714;0.04;1.782857142857143;0.26285714285714284;2.508571428571429;2.0;6.714285714285714
11286;zone67;3630.3978644730896;3132.1651121578075;0.0;zone67;S01010322;9;1028;914;549;[0.174419,0.549419,0.276163];[0.412399,0.471698,0.115903];[0.298507,0.38806,0.313433];[0.647059,0.323529,0.029412];[0.057268722467,0.0352422907489,0.449339207048,0.458149779736];5;124.0;-0.397569575369;1476;26;0.1111111111111111;2.7777777777777777;35.52444444444445;29.0;63.20444444444445;9.777777777777779;22.0;11.88888888888889;1.5155555555555555;0.0;4.484444444444445;0.35555555555555557;1.1377777777777778;0.18666666666666665;0.6888888888888888;9.333333333333334;7.0
11286;zone68;6208.193116766784;3072.425066795916;0.0;zone68;S01010323;4;603;466;377;[0.555556,0.444444,0.0];[0.657143,0.271429,0.071429];[0.642857,0.321429,0.035714];[0.793651,0.166667,0.039683];[0.578431372549,0.166666666667,0.235294117647,0.0196078431373];1;970.0;0.57559463238;954;10;0.1;2.5;52.88;27.75;74.50999999999999;11.25;23.0;17.5;7.83;0.0;0.5;0.0;0.5800000000000001;0.37;1.49;10.25;8.25
11286;zone69;6517.651722029823;2240.572579661372;0.0;zone69;S01010324;6;759;566;403;[0.142857,0.571429,0.285714];[0.298077,0.490385,0.211538];[0.333333,0.530864,0.135802];[0.401674,0.414226,0.1841];[0.569620253165,0.101265822785,0.291139240506,0.0379746835443];1;407.0;-0.0721601679586;2213;7;0.04666666666666667;0.5;46.87333333333333;25.666666666666668;66.11333333333333;13.166666666666666;24.166666666666668;15.5;2.0333333333333337;0.0;0.5466666666666667;0.0;4.226666666666667;0.22;2.4266666666666663;2.0;6.333333333333333
11286;zone70;6038.016041009105;2402.8415869980217;0.0;zone70;S01010325;18;939;666;501;[0.263158,0.368421,0.368421];[0.383838,0.525253,0.090909];[0.253623,0.615942,0.130435];[0.451362,0.463035,0.085603];[0.545454545455,0.238636363636,0.193181818182,0.0227272727273];1;225.0;-0.281126582053;1502;28;0.06;0.9444444444444444;34.77777777777777;25.444444444444443;60.71111111111111;11.555555555555555;22.72222222222222;11.722222222222221;1.5622222222222222;0.0;0.8666666666666667;0.0;3.626666666666667;0.31333333333333335;2.7422222222222223;3.8333333333333335;5.5
11286;zone71;5272.359331052501;2740.775131541117;0.0;zone71;S01010326;39;987;707;494;[0.526316,0.368421,0.105263];[0.522523,0.333333,0.144144];[0.492188,0.3125,0.195313];[0.723514,0.224806,0.05168];[0.54375,0.16875,0.23125,0.05625];1;1389.0;1.05701743376;1043;79;0.07794871794871795;1.641025641025641;49.01128205128205;25.333333333333332;68.46358974358975;10.58974358974359;23.076923076923077;16.692307692307693;1.2871794871794866;0.0;4.512820512820514;0.05948717948717949;1.4123076923076927;0.3671794871794872;2.1558974358974354;6.564102564102564;6.769230769230769
11286;zone72;4970.167032608406;2501.795090448298;0.0;zone72;S01010327;34;982;660;362;[0.031746,0.507937,0.460317];[0.372881,0.432203,0.194915];[0.289063,0.328125,0.382813];[0.516892,0.347973,0.135135];[0.416184971098,0.21387283237,0.236994219653,0.132947976879];1;470.0;0.000335688704598;929;60;0.06705882352941177;1.2647058823529411;41.66588235294117;29.352941176470587;67.09882352941177;11.352941176470589;23.176470588235293;13.970588235294118;1.5952941176470585;0.0;6.714117647058822;0.0;1.3729411764705883;0.4552941176470588;2.202352941176471;4.5588235294117645;9.176470588235293
11286;zone73;5975.307390960257;2677.5485166167286;0.0;zone73;S01010328;24;969;706;445;[0.16129,0.5,0.33871];[0.27044,0.471698,0.257862];[0.192547,0.434783,0.372671];[0.338983,0.432203,0.228814];[0.309352517986,0.258992805755,0.280575539568,0.151079136691];2;457.0;-0.0138550124678;2241;35;0.05666666666666666;1.4583333333333333;47.70499999999999;24.791666666666668;68.63;11.916666666666666;23.541666666666668;16.416666666666668;2.0500000000000003;0.0;1.156666666666667;0.0;3.2666666666666657;0.29;2.1266666666666665;6.208333333333333;5.916666666666667
