cycle;name;location.x;location.y;location.z;name;dataZone;nm_children;pop;over16;nm_hh;AB_car_prob;C1_car_prob;C2_car_prob;DE_car_prob;prob_social;simd;crimeRate;norm_crime;avg_dis_sh;neigh_play;daily_play_per_child;avg_FSA;avg_walk;daily_OD;zone_mvpa;mvpa_home;mvpa_sc;mvpa_road;mvpa_play_field;mvpa_home_garden;mvpa_park;mvpa_PG;mvpa_amenity;mvpa_shops;mvpa_F_home;mvpa_fsa;mvpa_OD
11286;zone0;8448.90275962388;2625.4515469546564;0.0;zone0;S01010195;19;531;390;212;[0.0,0.481481,0.518519];[0.261538,0.646154,0.092308];[0.12,0.59,0.29];[0.447368,0.368421,0.184211];[0.418918918919,0.283783783784,0.202702702703,0.0945945945946];1;0.0;-0.540229885057;1082;21;0.04421052631578947;1.368421052631579;61.41473684210527;26.789473684210527;70.70736842105264;10.631578947368421;22.842105263157894;20.63157894736842;0.8126315789473684;0.0;3.6989473684210528;0.01473684210526316;2.31578947368421;0.3242105263157895;2.2589473684210524;5.105263157894737;6.421052631578948
11286;zone1;8656.736904000718;2165.9902346445633;0.0;zone1;S01010198;18;1027;748;394;[0.058824,0.529412,0.411765];[0.305785,0.561983,0.132231];[0.219858,0.496454,0.283688];[0.523179,0.331126,0.145695];[0.48623853211,0.229357798165,0.266055045872,0.0183486238532];1;1609.0;1.3102524676;1462;17;0.03333333333333333;1.3888888888888888;70.57333333333332;26.666666666666668;76.07555555555557;11.222222222222221;23.333333333333332;24.22222222222222;0.7711111111111112;0.0;2.38;0.07333333333333333;3.606666666666667;0.3644444444444445;2.704444444444444;5.611111111111111;6.388888888888889
11286;zone2;8537.588755655543;3024.028900129281;0.0;zone2;S01010201;22;643;453;253;[0.0,0.47619,0.52381];[0.270833,0.3125,0.416667];[0.088,0.48,0.432];[0.296552,0.434483,0.268966];[0.365853658537,0.292682926829,0.292682926829,0.0487804878049];2;219.0;-0.28762447053;875;47;0.08181818181818182;1.2727272727272727;48.405454545454546;32.18181818181818;67.94909090909093;10.636363636363637;23.363636363636363;16.40909090909091;1.1363636363636365;0.0;2.5072727272727273;0.02909090909090909;4.318181818181819;0.33090909090909104;2.3963636363636356;5.045454545454546;7.5
11286;zone3;8059.42097232239;3767.666522351409;0.0;zone3;S01010203;30;671;504;260;[0.090909,0.363636,0.545455];[0.263804,0.460123,0.276074];[0.094828,0.422414,0.482759];[0.183824,0.375,0.441176];[0.272727272727,0.218181818182,0.363636363636,0.145454545455];3;215.0;-0.292668818285;1930;37;0.048;1.7666666666666666;86.07866666666668;32.46666666666667;78.93200000000003;9.033333333333333;22.233333333333334;29.633333333333333;1.1346666666666665;0.0;1.909333333333333;0.0;4.0346666666666655;0.3266666666666667;1.9133333333333333;7.066666666666666;6.633333333333334
11286;zone4;8368.288440296214;3565.498290652094;0.0;zone4;S01010204;30;800;589;381;[0.272727,0.727273,0.0];[0.627451,0.27451,0.098039];[0.444444,0.533333,0.022222];[0.600619,0.321981,0.077399];[0.595041322314,0.157024793388,0.239669421488,0.00826446280992];1;497.0;0.0317745673598;1336;45;0.05866666666666667;1.4;59.49066666666668;26.966666666666665;71.96533333333332;11.333333333333334;23.066666666666666;20.133333333333333;1.008;0.0;2.0466666666666664;0.008;3.6213333333333333;0.5506666666666666;2.238666666666667;6.166666666666667;6.166666666666667
11286;zone5;8034.229745798958;3515.110462853287;0.0;zone5;S01010205;15;658;534;355;[0.411765,0.117647,0.470588];[0.465116,0.457364,0.077519];[0.317757,0.588785,0.093458];[0.593458,0.280374,0.126168];[0.466666666667,0.2,0.3,0.0333333333333];1;925.0;0.523434132086;1169;21;0.056;1.2;51.32;27.466666666666665;62.57866666666666;9.666666666666666;22.066666666666666;17.266666666666666;0.6266666666666666;0.0;2.266666666666667;0.0;3.322666666666667;0.3733333333333334;1.7813333333333334;3.7333333333333334;5.666666666666667
11286;zone6;7457.064719570519;3739.055375726369;0.0;zone6;S01010208;18;903;745;565;[0.30137,0.589041,0.109589];[0.48062,0.457364,0.062016];[0.272727,0.613636,0.113636];[0.66055,0.270642,0.068807];[0.233333333333,0.133333333333,0.461111111111,0.172222222222];1;603.0;0.153385979085;1340;18;0.04;1.8333333333333333;62.65333333333334;22.38888888888889;71.45555555555556;10.666666666666666;22.666666666666668;21.444444444444443;0.8911111111111113;0.0;1.1844444444444444;0.0;3.251111111111111;0.4044444444444445;2.1355555555555554;6.722222222222222;4.777777777777778
11286;zone7;7917.838214725937;1939.334458859395;0.0;zone7;S01010209;24;966;677;468;[0.172414,0.586207,0.241379];[0.333333,0.414966,0.251701];[0.381944,0.458333,0.159722];[0.545852,0.336245,0.117904];[0.337931034483,0.248275862069,0.303448275862,0.110344827586];1;2053.0;1.82052250092;1599;25;0.03833333333333333;2.2916666666666665;80.30333333333334;22.208333333333332;74.23;8.833333333333334;21.75;27.666666666666668;0.43166666666666664;0.0;1.4166666666666667;0.0;2.6983333333333337;0.22000000000000006;1.7933333333333332;7.666666666666667;4.041666666666667
11286;zone8;7878.406567747077;2721.2634132011362;0.0;zone8;S01010210;18;885;641;416;[0.173913,0.456522,0.369565];[0.21519,0.5,0.28481];[0.189781,0.386861,0.423358];[0.422111,0.442211,0.135678];[0.394736842105,0.236842105263,0.254385964912,0.114035087719];1;344.0;-0.144253829852;1129;24;0.04888888888888889;1.5555555555555556;57.64888888888889;24.11111111111111;72.94444444444446;11.777777777777779;24.0;19.61111111111111;0.5555555555555556;0.0;2.9444444444444446;0.0;3.3200000000000003;0.23555555555555557;2.5777777777777775;6.444444444444445;6.277777777777778
11286;zone9;7785.599648345685;3201.783800714137;0.0;zone9;S01010211;22;858;634;452;[0.147059,0.705882,0.147059];[0.384615,0.452991,0.162393];[0.469565,0.4,0.130435];[0.722656,0.226563,0.050781];[0.473214285714,0.169642857143,0.285714285714,0.0714285714286];1;430.0;-0.0456985893816;1096;27;0.04727272727272727;2.0;58.278181818181814;24.0;72.66545454545457;10.954545454545455;23.09090909090909;19.727272727272727;1.3290909090909089;0.0;2.438181818181818;0.0;2.510909090909091;0.28545454545454546;1.7690909090909093;8.636363636363637;5.681818181818182
11286;zone10;7580.688680869333;3097.127786881416;0.0;zone10;S01010212;49;1083;779;559;[0.233333,0.633333,0.133333];[0.594771,0.339869,0.065359];[0.465517,0.405172,0.12931];[0.712821,0.269231,0.017949];[0.566037735849,0.138364779874,0.22641509434,0.0691823899371];1;1473.0;1.15298517036;1185;112;0.08408163265306122;1.2244897959183674;57.57877551020408;32.0;71.81469387755102;11.020408163265307;23.163265306122447;19.79591836734694;1.3959183673469386;0.0;2.875102040816326;0.0;3.8751020408163277;0.3404081632653061;2.1346938775510194;5.489795918367347;7.63265306122449
11286;zone11;8065.177293237223;3111.5884965344962;0.0;zone11;S01010213;13;924;657;476;[0.105263,0.684211,0.210526];[0.382609,0.547826,0.069565];[0.218543,0.556291,0.225166];[0.467925,0.483019,0.049057];[0.451327433628,0.221238938053,0.274336283186,0.0530973451327];1;247.0;-0.255840453357;554;20;0.05538461538461539;1.2307692307692308;37.77846153846154;23.076923076923077;60.75692307692306;11.076923076923077;22.384615384615383;12.846153846153847;0.6769230769230768;0.0;2.387692307692308;0.0;2.68;0.35384615384615387;2.575384615384615;4.153846153846154;5.230769230769231
11286;zone12;7144.994858230166;1947.4125453867302;0.0;zone12;S01010214;27;967;717;396;[0.098592,0.28169,0.619718];[0.197531,0.438272,0.364198];[0.173333,0.493333,0.333333];[0.237069,0.487069,0.275862];[0.361344537815,0.210084033613,0.310924369748,0.117647058824];3;176.0;-0.337854473183;1893;51;0.06814814814814815;1.1851851851851851;88.95407407407404;34.55555555555556;80.3362962962963;9.666666666666666;22.59259259259259;30.74074074074074;2.38962962962963;0.0;2.386666666666667;0.0;3.4755555555555566;0.33629629629629626;2.2325925925925927;4.703703703703703;7.7407407407407405
11286;zone13;7013.590150664996;2618.495528189446;0.0;zone13;S01010215;24;850;608;492;[0.571429,0.285714,0.142857];[0.5,0.431373,0.068627];[0.382609,0.391304,0.226087];[0.678571,0.269841,0.051587];[0.467289719626,0.140186915888,0.345794392523,0.0467289719626];1;547.0;0.0886083430805;643;37;0.05666666666666666;1.3333333333333333;46.04333333333333;28.583333333333332;64.96666666666665;10.416666666666666;22.75;15.666666666666666;1.0666666666666667;0.0;1.9716666666666667;0.0;3.61;0.37000000000000005;2.476666666666666;4.958333333333333;6.166666666666667
11286;zone14;7332.222205807836;2329.961970144465;0.0;zone14;S01010216;15;621;464;361;[0.6,0.4,0.0];[0.597701,0.356322,0.045977];[0.409091,0.439394,0.151515];[0.709544,0.273859,0.016598];[0.5,0.163265306122,0.265306122449,0.0714285714286];1;600.0;0.150092344085;1301;18;0.048;1.8;65.02399999999999;28.0;72.68266666666666;10.133333333333333;22.333333333333332;22.533333333333335;0.8480000000000001;0.0;2.2373333333333334;0.0;3.512;0.21866666666666668;2.237333333333333;6.6;6.0
11286;zone15;7299.833172322251;2625.8610945736937;0.0;zone15;S01010217;33;817;598;406;[0.16129,0.516129,0.322581];[0.565517,0.4,0.034483];[0.5,0.431373,0.068627];[0.702703,0.283784,0.013514];[0.541935483871,0.0967741935484,0.296774193548,0.0645161290323];1;1060.0;0.679274950851;978;65;0.07393939393939394;0.7575757575757576;47.01212121212122;31.87878787878788;63.90909090909089;10.181818181818182;22.303030303030305;16.09090909090909;1.0909090909090908;0.0;2.7090909090909085;0.0;3.9369696969696975;0.4703030303030303;2.4424242424242424;3.121212121212121;7.333333333333333
11286;zone16;7142.953643082513;3018.5401822929393;0.0;zone16;S01010218;31;1018;790;587;[0.425532,0.404255,0.170213];[0.392523,0.453271,0.154206];[0.358209,0.492537,0.149254];[0.589124,0.335347,0.075529];[0.424657534247,0.109589041096,0.369863013699,0.0958904109589];1;557.0;0.101026678737;575;40;0.05032258064516129;1.8064516129032258;45.13032258064517;28.903225806451612;61.24903225806451;8.96774193548387;21.451612903225808;15.419354838709678;0.9651612903225806;0.0;1.6400000000000001;0.0;3.409032258064516;0.3316129032258064;1.7445161290322577;5.548387096774194;5.580645161290323
11286;zone17;6738.8937706128745;4298.8917997019325;0.0;zone17;S01010219;21;503;382;274;[0.695652,0.304348,0.0];[0.758621,0.215517,0.025862];[0.761905,0.166667,0.071429];[0.781609,0.195402,0.022989];[0.41935483871,0.0752688172043,0.408602150538,0.0967741935484];2;184.0;-0.327838932938;1556;44;0.07809523809523809;1.2380952380952381;72.7752380952381;34.333333333333336;72.25714285714285;8.857142857142858;21.80952380952381;24.714285714285715;3.1409523809523807;0.0;3.4666666666666663;0.07428571428571429;1.605714285714286;0.29904761904761906;2.236190476190476;4.333333333333333;7.809523809523809
11286;zone18;5915.780765415368;4211.222876105162;0.0;zone18;S01010220;7;476;433;279;[0.181159,0.608696,0.210145];[0.404255,0.531915,0.06383];[0.227273,0.704545,0.068182];[0.448276,0.482759,0.068966];[0.154545454545,0.0636363636364,0.318181818182,0.463636363636];5;267.0;-0.232306706325;1412;15;0.08571428571428572;2.142857142857143;64.37142857142857;32.285714285714285;79.42285714285715;11.0;23.285714285714285;22.714285714285715;3.411428571428572;0.0;4.822857142857143;0.16;1.9885714285714289;0.12;2.005714285714286;8.428571428571429;9.857142857142858
11286;zone19;6341.0811208317455;3913.8398648988496;0.0;zone19;S01010221;13;546;394;260;[0.6,0.4,0.0];[0.557377,0.409836,0.032787];[0.538462,0.323077,0.138462];[0.699387,0.257669,0.042945];[0.609375,0.140625,0.203125,0.046875];1;635.0;0.19005459739;581;15;0.04307692307692308;2.230769230769231;49.42153846153846;15.923076923076923;62.649230769230776;9.538461538461538;21.692307692307693;16.53846153846154;2.1476923076923073;0.0;0.9938461538461539;0.10461538461538462;1.0276923076923077;0.20000000000000004;1.9753846153846157;6.615384615384615;3.769230769230769
11286;zone20;7001.213463613622;4053.9957950241624;0.0;zone20;S01010222;15;492;414;285;[0.142857,0.5,0.357143];[0.432432,0.459459,0.108108];[0.348624,0.522936,0.12844];[0.747899,0.235294,0.016807];[0.345238095238,0.214285714286,0.309523809524,0.130952380952];1;377.0;-0.105830277325;1840;25;0.064;0.6666666666666666;70.76533333333333;29.2;72.89333333333333;10.533333333333333;22.933333333333334;24.466666666666665;1.8239999999999996;0.0;2.488;0.03733333333333334;3.125333333333333;0.5466666666666667;2.816;2.533333333333333;7.0
11286;zone21;6986.8418912765155;3434.1450308482026;0.0;zone21;S01010223;4;556;462;337;[0.076923,0.538462,0.384615];[0.567797,0.330508,0.101695];[0.472222,0.444444,0.083333];[0.584699,0.36612,0.04918];[0.432432432432,0.162162162162,0.324324324324,0.0810810810811];1;439.0;-0.0353356041414;1706;11;0.1;1.25;78.9;28.75;84.34;12.25;25.0;26.75;4.29;0.0;1.58;0.0;4.12;0.23;2.33;6.0;9.75
11286;zone22;6247.397837456437;3329.661273309237;0.0;zone22;S01010224;40;1036;727;469;[0.405405,0.540541,0.054054];[0.592593,0.274074,0.133333];[0.418803,0.504274,0.076923];[0.768421,0.202632,0.028947];[0.506097560976,0.140243902439,0.268292682927,0.0853658536585];1;1004.0;0.614259332793;866;48;0.043;1.55;54.672000000000004;19.675;68.43099999999998;11.05;22.65;18.775;2.6770000000000005;0.0;1.33;0.05700000000000001;1.245;0.351;2.047;6.55;4.775
11286;zone23;7827.985844039554;4105.4701191949;0.0;zone23;S01010225;33;812;636;431;[0.25,0.634615,0.115385];[0.469072,0.43299,0.097938];[0.54023,0.413793,0.045977];[0.672065,0.234818,0.093117];[0.385185185185,0.125925925926,0.325925925926,0.162962962963];1;1006.0;0.616572011517;1672;48;0.05575757575757576;1.4242424242424243;73.8642424242424;26.21212121212121;74.21939393939395;10.727272727272727;22.515151515151516;25.424242424242426;1.4036363636363633;0.0;2.341818181818182;0.02666666666666667;2.6145454545454547;0.336969696969697;1.9103030303030306;5.2727272727272725;5.909090909090909
11286;zone24;7040.363001382077;4481.052780471187;0.0;zone24;S01010226;40;816;565;394;[0.454545,0.242424,0.30303];[0.715385,0.2,0.084615];[0.540541,0.405405,0.054054];[0.766917,0.18797,0.045113];[0.503355704698,0.201342281879,0.221476510067,0.0738255033557];2;422.0;-0.0548014077425;996;77;0.076;1.625;53.15099999999999;29.625;71.097;10.8;22.8;18.05;5.012;0.0;2.7529999999999992;0.036;1.1510000000000002;0.3259999999999999;2.2;6.225;8.425
11286;zone25;6847.772309074456;4638.663588163389;0.0;zone25;S01010227;39;692;454;294;[0.413793,0.413793,0.172414];[0.704545,0.238636,0.056818];[0.654545,0.345455,0.0];[0.810606,0.159091,0.030303];[0.672268907563,0.0924369747899,0.159663865546,0.0756302521008];4;0.0;-0.540229885057;1014;106;0.10666666666666667;1.641025641025641;53.192820512820525;35.69230769230769;71.11692307692309;10.282051282051283;22.512820512820515;18.256410256410255;2.0779487179487184;0.0;6.457435897435898;0.06051282051282051;1.3989743589743586;0.4297435897435898;1.7723076923076921;6.153846153846154;9.538461538461538
11286;zone26;8241.816993110848;4572.457656401622;0.0;zone26;S01010229;30;1016;787;508;[0.1,0.625,0.275];[0.350877,0.350877,0.298246];[0.348315,0.477528,0.174157];[0.565217,0.310559,0.124224];[0.420731707317,0.213414634146,0.292682926829,0.0731707317073];1;395.0;-0.0859445809966;1273;40;0.05066666666666667;1.2333333333333334;65.932;25.533333333333335;71.90933333333332;10.533333333333333;22.966666666666665;22.566666666666666;1.6079999999999999;0.0;2.7826666666666666;0.0;2.4399999999999995;0.3320000000000001;2.029333333333333;4.9;6.433333333333334
11286;zone27;7458.320056766788;4680.341251240345;0.0;zone27;S01010230;24;1005;772;577;[0.314286,0.628571,0.057143];[0.703883,0.296117,0.0];[0.727273,0.218182,0.054545];[0.71831,0.24507,0.03662];[0.517857142857,0.136904761905,0.267857142857,0.077380952381];1;846.0;0.433218203459;1080;45;0.07333333333333333;1.5416666666666667;56.38333333333333;26.333333333333332;76.95666666666666;12.416666666666666;24.291666666666668;19.5;1.8333333333333337;0.0;5.22;0.0;2.3850000000000002;0.4116666666666666;2.2016666666666667;6.916666666666667;9.041666666666666
11286;zone28;7569.802990100143;4917.458811240416;0.0;zone28;S01010232;37;1074;792;485;[0.457143,0.485714,0.057143];[0.557292,0.338542,0.104167];[0.492063,0.333333,0.174603];[0.654229,0.251244,0.094527];[0.470297029703,0.153465346535,0.306930693069,0.0693069306931];1;771.0;0.347049794199;1126;54;0.05621621621621622;1.1891891891891893;56.25297297297296;26.945945945945947;67.89837837837838;10.567567567567568;22.64864864864865;19.216216216216218;1.3686486486486484;0.0;2.8940540540540542;0.02054054054054054;2.363243243243244;0.35459459459459464;2.1697297297297298;4.513513513513513;6.1891891891891895
11286;zone29;7830.713068379679;4879.746446724283;0.0;zone29;S01010233;33;970;705;476;[0.275,0.625,0.1];[0.655629,0.245033,0.099338];[0.52809,0.426966,0.044944];[0.771505,0.212366,0.016129];[0.587209302326,0.093023255814,0.261627906977,0.0581395348837];1;284.0;-0.213781821634;1231;54;0.06303030303030303;1.0303030303030303;58.92969696969698;26.696969696969695;70.23636363636365;11.454545454545455;23.303030303030305;20.09090909090909;1.1333333333333333;0.0;2.264242424242424;0.00484848484848485;3.456969696969697;0.27515151515151515;2.437575757575757;4.0;6.424242424242424
11286;zone30;6473.383843181837;4954.519765957263;0.0;zone30;S01010261;6;2551;2373;526;[0.666667,0.270833,0.0625];[0.675841,0.281346,0.042813];[0.75,0.25,0.0];[0.824468,0.164894,0.010638];[0.41,0.06,0.41,0.12];3;176.0;-0.337679921334;1973;9;0.05333333333333334;0.5;87.56666666666666;28.833333333333332;68.13333333333334;6.666666666666667;20.0;30.5;2.3266666666666667;0.0;0.6266666666666666;0.2333333333333333;1.8866666666666667;0.45333333333333337;2.1266666666666665;2.0;4.5
11286;zone31;4930.642193689802;4959.449818932565;0.0;zone31;S01010266;3;555;474;237;[0.320755,0.556604,0.122642];[0.677273,0.254545,0.068182];[0.5,0.461538,0.038462];[0.534247,0.30137,0.164384];[0.141176470588,0.0588235294118,0.4,0.4];3;536.0;0.0761386922126;961;8;0.09333333333333334;2.0;54.0;34.0;67.77333333333333;9.333333333333334;21.666666666666668;18.333333333333332;1.5333333333333332;0.0;4.013333333333333;0.7066666666666667;1.6533333333333335;0.3066666666666667;1.32;7.0;7.666666666666667
11286;zone32;5712.5549897826;4979.400336637217;0.0;zone32;S01010270;4;1153;972;817;[0.389831,0.533898,0.076271];[0.70255,0.252125,0.045326];[0.714286,0.272727,0.012987];[0.771552,0.228448,0.0];[0.125,0.0909090909091,0.454545454545,0.329545454545];1;871.0;0.461200629557;1531;3;0.02;2.0;69.97999999999999;21.75;75.33;10.5;22.75;24.0;2.23;0.0;1.01;0.0;1.65;0.2;1.78;9.75;4.5
11286;zone33;3394.0723536088512;4934.677182292946;0.0;zone33;S01010282;13;976;841;645;[0.438776,0.520408,0.040816];[0.545732,0.405488,0.04878];[0.521277,0.382979,0.095745];[0.712707,0.232044,0.055249];[0.190954773869,0.070351758794,0.35175879397,0.386934673367];2;350.0;-0.137812028107;1378;28;0.08615384615384615;1.2307692307692308;62.646153846153844;31.307692307692307;78.68923076923078;12.307692307692308;24.46153846153846;21.153846153846153;1.7415384615384615;0.0;7.079999999999999;0.8830769230769231;0.9323076923076924;0.39384615384615385;2.1384615384615384;5.846153846153846;10.307692307692308
11286;zone34;4385.789287498423;4835.237486850067;0.0;zone34;S01010289;15;771;687;380;[0.130952,0.511905,0.357143];[0.262911,0.502347,0.234742];[0.178571,0.464286,0.357143];[0.410256,0.435897,0.153846];[0.058064516129,0.0322580645161,0.245161290323,0.664516129032];5;259.0;-0.241396294863;1017;41;0.10666666666666667;2.6;56.048;39.333333333333336;72.23733333333334;9.133333333333333;22.466666666666665;19.133333333333333;1.2719999999999998;0.0;4.117333333333333;1.0773333333333333;2.749333333333333;0.2506666666666667;0.8746666666666667;9.333333333333334;8.733333333333333
11286;zone35;4401.5375624188455;4669.062022109911;0.0;zone35;S01010290;13;546;485;278;[0.198198,0.603604,0.198198];[0.485944,0.449799,0.064257];[0.555556,0.444444,0.0];[0.435897,0.512821,0.051282];[0.10752688172,0.0430107526882,0.494623655914,0.354838709677];3;353.0;-0.133686757747;1118;31;0.08615384615384615;2.076923076923077;57.49538461538461;35.53846153846154;68.68923076923076;8.923076923076923;22.0;19.76923076923077;0.7015384615384617;0.0;4.2153846153846155;0.5630769230769231;2.2123076923076925;0.19384615384615383;1.683076923076923;6.923076923076923;7.230769230769231
11286;zone36;4119.983651650423;4281.100418217042;0.0;zone36;S01010291;12;1075;975;481;[0.405594,0.447552,0.146853];[0.627907,0.277132,0.094961];[0.415094,0.433962,0.150943];[0.562963,0.325926,0.111111];[0.197080291971,0.0729927007299,0.445255474453,0.284671532847];3;438.0;-0.0363924713322;1076;28;0.09333333333333334;1.5;50.98;33.25;70.43333333333335;10.916666666666666;22.666666666666668;17.5;2.3233333333333333;0.0;4.119999999999999;0.5533333333333333;1.9900000000000002;0.2866666666666667;1.9233333333333336;6.416666666666667;8.583333333333334
11286;zone37;4399.731076226201;4291.6703625917;0.0;zone37;S01010292;10;890;831;409;[0.348214,0.508929,0.142857];[0.477169,0.420091,0.10274];[0.339286,0.446429,0.214286];[0.55814,0.383721,0.05814];[0.128378378378,0.0540540540541,0.398648648649,0.418918918919];4;323.0;-0.168488563048;1155;36;0.144;1.7;59.54;45.5;82.54;11.5;24.3;19.9;4.748;0.0;8.14;0.776;1.3360000000000003;0.27199999999999996;1.8959999999999997;7.5;14.6
11286;zone38;4514.690807242894;4541.15458266895;0.0;zone38;S01010293;16;839;723;373;[0.51773,0.35461,0.12766];[0.635389,0.262735,0.101877];[0.446809,0.319149,0.234043];[0.514286,0.392857,0.092857];[0.242424242424,0.0606060606061,0.393939393939,0.30303030303];3;290.0;-0.205814991507;878;37;0.085;1.4375;51.05;35.6875;71.14;11.0625;22.75;17.3125;1.5825;0.0;4.709999999999999;0.5875;2.1499999999999995;0.4850000000000001;1.82;7.0625;8.5625
11286;zone39;4541.7482834333705;4418.565122351524;0.0;zone39;S01010294;13;690;631;275;[0.242105,0.526316,0.231579];[0.650873,0.214464,0.134663];[0.583333,0.208333,0.208333];[0.414894,0.489362,0.095745];[0.164835164835,0.043956043956,0.494505494505,0.296703296703];4;440.0;-0.0342259463805;734;23;0.07076923076923076;2.230769230769231;49.76615384615384;31.76923076923077;73.05538461538463;11.384615384615385;23.384615384615383;17.0;1.2553846153846153;0.0;2.483076923076923;0.5230769230769231;3.4430769230769234;0.3692307692307693;1.9415384615384612;9.538461538461538;7.230769230769231
11286;zone40;4766.8646917667475;4574.50133624035;0.0;zone40;S01010295;18;974;870;427;[0.384615,0.391026,0.224359];[0.604555,0.310559,0.084886];[0.428571,0.285714,0.285714];[0.390728,0.516556,0.092715];[0.212765957447,0.113475177305,0.297872340426,0.375886524823];4;529.0;0.0680145754747;1331;51;0.10888888888888888;1.2222222222222223;64.14444444444445;44.55555555555556;78.45333333333332;11.166666666666666;23.666666666666668;22.055555555555557;3.044444444444445;0.0;6.237777777777777;0.922222222222222;2.3622222222222224;0.3377777777777778;2.184444444444444;4.777777777777778;12.11111111111111
11286;zone41;4647.752341766679;4736.091736240359;0.0;zone41;S01010296;16;664;560;291;[0.294118,0.423529,0.282353];[0.520913,0.368821,0.110266];[0.375,0.375,0.25];[0.475524,0.391608,0.132867];[0.282828282828,0.111111111111,0.363636363636,0.242424242424];2;856.0;0.444094443477;1250;32;0.075;1.4375;57.6375;36.25;73.455;10.875;23.3125;19.75;2.3874999999999997;0.0;3.7600000000000002;1.165;2.5850000000000004;0.3075;2.2975;5.1875;9.5
11286;zone42;5522.849421766708;4411.996091240393;0.0;zone42;S01010297;7;1066;894;676;[0.582609,0.382609,0.034783];[0.691824,0.245283,0.062893];[0.540541,0.333333,0.126126];[0.681275,0.270916,0.047809];[0.260563380282,0.140845070423,0.37323943662,0.225352112676];1;504.0;0.0391758595379;1431;9;0.05142857142857143;2.142857142857143;65.13142857142859;19.571428571428573;73.64571428571428;11.0;23.142857142857142;22.285714285714285;1.9085714285714286;0.0;0.09142857142857143;0.2571428571428572;2.097142857142857;0.25142857142857145;1.9485714285714286;8.285714285714286;3.7142857142857144
11286;zone43;4706.481893689814;4143.807995855712;0.0;zone43;S01010298;12;880;677;515;[0.308943,0.479675,0.211382];[0.581395,0.356589,0.062016];[0.539683,0.396825,0.063492];[0.744828,0.193103,0.062069];[0.227272727273,0.0984848484848,0.371212121212,0.30303030303];1;486.0;0.0190902878356;1224;9;0.03;1.9166666666666667;62.02;25.166666666666668;80.71666666666667;13.083333333333334;25.0;21.166666666666668;1.8299999999999998;0.0;3.74;0.4366666666666667;2.2266666666666666;0.5466666666666667;1.986666666666667;8.833333333333334;7.75
11286;zone44;4885.424673909578;4209.645754097502;0.0;zone44;S01010299;4;536;404;292;[0.3,0.54,0.16];[0.556701,0.340206,0.103093];[0.458333,0.520833,0.020833];[0.584906,0.283019,0.132075];[0.428571428571,0.0857142857143,0.285714285714,0.2];1;375.0;-0.10827530326;688;9;0.09;0.0;35.58;30.5;56.959999999999994;11.0;22.5;12.5;1.8099999999999998;0.0;1.12;0.17;3.15;0.5700000000000001;2.73;0.0;5.75
11286;zone45;4883.397012115578;4340.414778682246;0.0;zone45;S01010300;21;934;764;478;[0.460784,0.411765,0.127451];[0.664653,0.238671,0.096677];[0.632353,0.323529,0.044118];[0.606383,0.329787,0.06383];[0.3046875,0.125,0.3515625,0.21875];2;513.0;0.0498225801839;682;46;0.08761904761904762;1.5714285714285714;44.8495238095238;32.76190476190476;70.97523809523808;11.952380952380953;23.857142857142858;15.476190476190476;1.3923809523809525;0.0;3.506666666666666;0.5447619047619048;2.8419047619047615;0.44190476190476197;2.1561904761904764;6.714285714285714;7.857142857142857
11286;zone46;5144.66081966521;4032.769083704074;0.0;zone46;S01010301;6;522;457;283;[0.292683,0.597561,0.109756];[0.57563,0.315126,0.109244];[0.222222,0.703704,0.074074];[0.561798,0.393258,0.044944];[0.214285714286,0.0612244897959,0.459183673469,0.265306122449];4;490.0;0.0232745011966;1189;13;0.07333333333333333;2.5;59.26666666666667;37.5;70.64;8.833333333333334;21.666666666666668;20.166666666666668;4.833333333333333;0.0;0.9933333333333335;0.22;2.84;0.29333333333333333;1.6333333333333335;7.166666666666667;8.166666666666666
11286;zone47;5165.568789180556;4297.038752619699;0.0;zone47;S01010302;24;669;495;388;[0.65625,0.28125,0.0625];[0.6,0.356522,0.043478];[0.716981,0.226415,0.056604];[0.801802,0.18018,0.018018];[0.582417582418,0.0769230769231,0.263736263736,0.0769230769231];1;392.0;-0.0896499889057;1204;46;0.07166666666666667;1.0;52.58833333333334;31.458333333333332;67.64166666666667;11.25;22.833333333333332;17.958333333333332;3.2383333333333337;0.0;1.3816666666666668;0.21166666666666667;3.011666666666667;0.4400000000000001;2.5400000000000005;3.1666666666666665;7.375
11286;zone48;5241.140616766716;4139.402270499609;0.0;zone48;S01010303;33;579;387;250;[0.692308,0.153846,0.153846];[0.56701,0.298969,0.134021];[0.630435,0.282609,0.086957];[0.658879,0.285047,0.056075];[0.58407079646,0.106194690265,0.274336283186,0.0353982300885];1;415.0;-0.0627120940391;1546;69;0.08363636363636363;1.0909090909090908;64.44969696969694;34.15151515151515;74.22909090909091;11.151515151515152;23.21212121212121;21.818181818181817;4.346666666666665;0.0;1.1078787878787877;0.39999999999999997;3.1309090909090913;0.538181818181818;2.5515151515151513;4.212121212121212;8.575757575757576
11286;zone49;4853.647576226233;3833.123065294377;0.0;zone49;S01010304;12;542;456;332;[0.323529,0.514706,0.161765];[0.635135,0.25,0.114865];[0.477273,0.522727,0.0];[0.829268,0.109756,0.060976];[0.372340425532,0.0425531914894,0.297872340426,0.287234042553];1;804.0;0.384523850516;1467;23;0.07666666666666666;1.75;66.57333333333334;30.833333333333332;77.87333333333333;11.166666666666666;23.416666666666668;23.25;4.32;0.0;1.5033333333333332;0.5599999999999999;2.7133333333333334;0.4200000000000001;2.1166666666666667;6.75;8.666666666666666
11286;zone50;4697.410406890209;3639.1027396354093;0.0;zone50;S01010305;7;807;694;478;[0.36036,0.468468,0.171171];[0.553191,0.33617,0.110638];[0.409639,0.301205,0.289157];[0.589888,0.337079,0.073034];[0.198529411765,0.0735294117647,0.382352941176,0.345588235294];1;223.0;-0.28282788147;893;12;0.06857142857142857;1.8571428571428572;62.65142857142856;25.285714285714285;75.45714285714284;11.428571428571429;24.0;21.714285714285715;2.817142857142857;0.0;1.4628571428571426;1.3714285714285717;1.44;0.5257142857142857;1.9942857142857144;7.0;6.428571428571429
11286;zone51;4591.3082521834585;3868.367573740388;0.0;zone51;S01010306;13;752;675;449;[0.35625,0.56875,0.075];[0.570588,0.355882,0.073529];[0.283019,0.566038,0.150943];[0.650943,0.330189,0.018868];[0.165680473373,0.0473372781065,0.479289940828,0.307692307692];2;238.0;-0.265781391166;657;28;0.08615384615384615;1.9230769230769231;54.88615384615385;32.30769230769231;73.93538461538462;11.384615384615385;23.615384615384617;18.923076923076923;2.9753846153846153;0.0;1.0246153846153847;2.575384615384615;1.3261538461538462;0.2984615384615385;1.9353846153846155;8.076923076923077;7.384615384615385
11286;zone52;4503.72067559025;3742.2957906521283;0.0;zone52;S01010307;9;821;732;428;[0.189922,0.577519,0.232558];[0.407407,0.487654,0.104938];[0.346154,0.538462,0.115385];[0.71875,0.234375,0.046875];[0.0681818181818,0.0568181818182,0.375,0.5];5;319.0;-0.172537833795;492;27;0.10222222222222223;1.7777777777777777;48.239999999999995;39.888888888888886;69.8;10.777777777777779;23.333333333333332;16.444444444444443;2.9066666666666667;0.0;0.7955555555555556;4.035555555555556;0.7644444444444445;0.3244444444444444;1.8355555555555556;6.777777777777778;8.11111111111111
11286;zone53;4364.519870735056;4047.768725526131;0.0;zone53;S01010308;9;975;858;480;[0.285714,0.54007,0.174216];[0.511936,0.384615,0.103448];[0.254902,0.411765,0.333333];[0.648352,0.307692,0.043956];[0.0970873786408,0.0631067961165,0.359223300971,0.480582524272];4;257.0;-0.244477582955;1209;18;0.07555555555555556;1.4444444444444444;66.80000000000001;32.666666666666664;73.8488888888889;9.777777777777779;23.0;23.11111111111111;1.9333333333333336;0.0;2.8933333333333335;2.017777777777778;1.12;0.24000000000000002;1.72;6.111111111111111;7.666666666666667
11286;zone54;5381.88771051669;3636.3205112402793;0.0;zone54;S01010309;4;419;356;264;[0.333333,0.25,0.416667];[0.478873,0.422535,0.098592];[0.352941,0.382353,0.264706];[0.705882,0.24183,0.052288];[0.365853658537,0.170731707317,0.390243902439,0.0731707317073];1;0.0;-0.540229885057;1570;5;0.05;2.0;83.82000000000001;25.25;82.28;11.5;23.0;28.5;2.54;0.0;1.2200000000000002;0.30000000000000004;2.37;0.15000000000000002;2.21;8.5;6.0
11286;zone55;5657.373406240428;3625.6586165034923;0.0;zone55;S01010310;13;706;540;381;[0.333333,0.238095,0.428571];[0.565517,0.337931,0.096552];[0.54902,0.27451,0.176471];[0.715415,0.256917,0.027668];[0.484848484848,0.151515151515,0.318181818182,0.0454545454545];1;574.0;0.120406534162;745;29;0.08615384615384615;0.9230769230769231;48.76923076923078;31.46153846153846;66.54461538461538;11.076923076923077;22.846153846153847;16.76923076923077;2.883076923076923;0.0;1.4061538461538463;0.5015384615384616;3.0399999999999996;0.45538461538461533;2.7630769230769228;3.230769230769231;7.615384615384615
11286;zone56;5685.425126382168;3318.6970593171873;0.0;zone56;S01010311;22;721;556;351;[0.411765,0.352941,0.235294];[0.472222,0.453704,0.074074];[0.571429,0.404762,0.02381];[0.717949,0.271062,0.010989];[0.565217391304,0.121739130435,0.269565217391,0.0434782608696];1;1534.0;1.22364271569;1654;40;0.06545454545454546;0.9545454545454546;71.54;24.136363636363637;73.96909090909092;10.954545454545455;23.363636363636363;24.318181818181817;2.016363636363636;0.0;3.736363636363636;0.07818181818181819;1.6563636363636363;0.3654545454545455;2.574545454545455;3.3181818181818183;6.909090909090909
11286;zone57;5466.52613028024;3072.1402274564575;0.0;zone57;S01010312;34;868;647;425;[0.117647,0.823529,0.058824];[0.754386,0.22807,0.017544];[0.407407,0.444444,0.148148];[0.804945,0.153846,0.041209];[0.586956521739,0.115942028986,0.268115942029,0.0289855072464];1;685.0;0.247477927043;1763;51;0.05647058823529412;1.0588235294117647;74.29411764705883;28.323529411764707;78.14235294117645;11.235294117647058;23.323529411764707;25.41176470588235;1.655294117647059;0.0;5.370588235294116;0.15999999999999998;1.7517647058823533;0.3999999999999999;2.95529411764706;4.147058823529412;8.382352941176471
11286;zone58;5251.7403530303945;3502.549209042501;0.0;zone58;S01010313;16;654;529;356;[0.428571,0.285714,0.285714];[0.6,0.333333,0.066667];[0.433735,0.481928,0.084337];[0.739623,0.162264,0.098113];[0.648351648352,0.131868131868,0.175824175824,0.043956043956];1;565.0;0.109617915218;2158;24;0.06;0.5625;83.345;29.9375;78.2325;11.1875;22.9375;28.6875;1.0475;0.0;5.2525;0.0875;2.2100000000000004;0.4650000000000001;2.97;2.0;8.0
11286;zone59;4840.312157862589;3385.4448126102257;0.0;zone59;S01010314;21;1248;1034;550;[0.358209,0.507463,0.134328];[0.514493,0.333333,0.152174];[0.5,0.326923,0.173077];[0.636,0.324,0.04];[0.316901408451,0.133802816901,0.401408450704,0.147887323944];1;637.0;0.192402372167;1388;44;0.08190476190476191;1.5238095238095237;69.2247619047619;27.333333333333332;76.56380952380952;11.047619047619047;23.19047619047619;23.714285714285715;2.3276190476190477;0.0;4.013333333333334;0.7485714285714286;1.0838095238095238;0.3733333333333334;2.1676190476190476;6.142857142857143;7.714285714285714
11286;zone60;4536.293429266749;2504.1273706154316;0.0;zone60;S01010315;43;911;678;409;[0.180723,0.554217,0.26506];[0.252632,0.457895,0.289474];[0.208333,0.5,0.291667];[0.55144,0.345679,0.102881];[0.308176100629,0.169811320755,0.358490566038,0.163522012579];2;382.0;-0.100954860853;1577;85;0.07627906976744186;1.5348837209302326;74.57860465116278;30.372093023255815;76.93488372093023;10.255813953488373;22.558139534883722;25.441860465116278;1.4958139534883719;0.0;5.27813953488372;0.0027906976744186;1.6306976744186048;0.31348837209302316;1.9804651162790703;6.27906976744186;7.837209302325581
11286;zone61;4589.6619547948285;2943.195659127726;0.0;zone61;S01010316;25;512;414;304;[0.392157,0.529412,0.078431];[0.62931,0.37069,0.0];[0.439024,0.560976,0.0];[0.775401,0.224599,0.0];[0.439252336449,0.102803738318,0.252336448598,0.205607476636];1;481.0;0.0128180141103;1291;52;0.0832;1.36;61.553599999999996;28.52;69.47200000000001;9.72;22.08;21.12;1.6336000000000002;0.0;4.4928;0.0848;1.5087999999999997;0.39680000000000004;2.1551999999999993;4.4;7.2
11286;zone63;4421.5566371748755;3071.026327566895;0.0;zone63;S01010318;12;1588;1497;304;[0.5,0.456522,0.043478];[0.469799,0.47651,0.053691];[0.310345,0.37931,0.310345];[0.678571,0.285714,0.035714];[0.36,0.14,0.34,0.16];3;317.0;-0.175110645645;1280;22;0.07;1.6666666666666667;71.47333333333334;29.166666666666668;72.54;9.333333333333334;21.583333333333332;24.583333333333332;1.986666666666667;0.0;5.073333333333333;0.4066666666666667;0.4566666666666667;0.3166666666666667;1.29;5.583333333333333;7.583333333333333
11286;zone64;4173.240913470097;2893.8040771744095;0.0;zone64;S01010319;9;711;624;407;[0.258741,0.608392,0.132867];[0.383399,0.486166,0.130435];[0.439394,0.212121,0.348485];[0.530769,0.384615,0.084615];[0.171974522293,0.0700636942675,0.471337579618,0.286624203822];2;473.0;0.00423719084943;1362;11;0.04444444444444445;0.7777777777777778;62.15555555555555;31.444444444444443;74.59111111111112;10.88888888888889;23.333333333333332;21.333333333333332;4.066666666666666;0.0;4.657777777777778;0.1822222222222222;1.551111111111111;0.3777777777777778;3.0755555555555554;3.4444444444444446;9.88888888888889
11286;zone65;3940.1918462749595;2900.8899784533987;0.0;zone65;S01010320;4;675;594;437;[0.257813,0.523438,0.21875];[0.61753,0.298805,0.083665];[0.526316,0.22807,0.245614];[0.805085,0.169492,0.025424];[0.172185430464,0.0662251655629,0.443708609272,0.317880794702];1;646.0;0.202453315259;1348;3;0.03;2.0;63.449999999999996;21.75;69.07;9.25;21.0;21.75;2.2600000000000002;0.0;0.64;0.29000000000000004;1.46;0.26;2.06;8.25;4.0
11286;zone66;3905.8658739096163;2664.6669636212755;0.0;zone66;S01010321;7;837;634;432;[0.401709,0.555556,0.042735];[0.54717,0.433962,0.018868];[0.45122,0.439024,0.109756];[0.666667,0.271186,0.062147];[0.212328767123,0.0958904109589,0.390410958904,0.301369863014];1;1019.0;0.631764531736;1809;6;0.02857142857142857;2.2857142857142856;80.73142857142857;23.142857142857142;86.94285714285715;11.714285714285714;24.428571428571427;27.714285714285715;2.2;0.0;4.337142857142857;0.04571428571428571;2.0742857142857143;0.2285714285714286;2.325714285714286;9.857142857142858;8.285714285714286
11286;zone67;3630.3978644730896;3132.1651121578075;0.0;zone67;S01010322;9;1028;914;549;[0.174419,0.549419,0.276163];[0.412399,0.471698,0.115903];[0.298507,0.38806,0.313433];[0.647059,0.323529,0.029412];[0.057268722467,0.0352422907489,0.449339207048,0.458149779736];5;124.0;-0.397569575369;1573;30;0.1288888888888889;1.5555555555555556;72.68;37.22222222222222;78.95999999999998;10.777777777777779;22.666666666666668;24.77777777777778;3.684444444444445;0.0;4.551111111111111;1.2488888888888887;0.9333333333333333;0.40444444444444444;1.6222222222222225;6.222222222222222;9.88888888888889
11286;zone68;6208.193116766784;3072.425066795916;0.0;zone68;S01010323;4;603;466;377;[0.555556,0.444444,0.0];[0.657143,0.271429,0.071429];[0.642857,0.321429,0.035714];[0.793651,0.166667,0.039683];[0.578431372549,0.166666666667,0.235294117647,0.0196078431373];1;970.0;0.57559463238;854;6;0.06;2.0;54.91;25.25;67.83;10.25;21.75;18.25;5.59;0.0;0.59;0.0;1.4;0.21000000000000002;2.11;5.75;7.25
11286;zone69;6517.651722029823;2240.572579661372;0.0;zone69;S01010324;6;759;566;403;[0.142857,0.571429,0.285714];[0.298077,0.490385,0.211538];[0.333333,0.530864,0.135802];[0.401674,0.414226,0.1841];[0.569620253165,0.101265822785,0.291139240506,0.0379746835443];1;407.0;-0.0721601679586;1740;4;0.02;3.1666666666666665;73.56666666666666;18.833333333333332;71.72;8.333333333333334;21.666666666666668;25.5;0.8266666666666667;0.0;0.08;0.0;2.2266666666666666;0.23333333333333336;1.1066666666666667;9.833333333333334;2.6666666666666665
11286;zone70;6038.016041009105;2402.8415869980217;0.0;zone70;S01010325;18;939;666;501;[0.263158,0.368421,0.368421];[0.383838,0.525253,0.090909];[0.253623,0.615942,0.130435];[0.451362,0.463035,0.085603];[0.545454545455,0.238636363636,0.193181818182,0.0227272727273];1;225.0;-0.281126582053;1628;36;0.07777777777777778;1.3888888888888888;62.46666666666666;29.166666666666668;72.26666666666665;11.222222222222221;23.38888888888889;21.055555555555557;1.7777777777777777;0.0;1.04;0.0;4.242222222222223;0.24222222222222223;1.9644444444444444;5.722222222222222;6.555555555555555
11286;zone71;5272.359331052501;2740.775131541117;0.0;zone71;S01010326;39;987;707;494;[0.526316,0.368421,0.105263];[0.522523,0.333333,0.144144];[0.492188,0.3125,0.195313];[0.723514,0.224806,0.05168];[0.54375,0.16875,0.23125,0.05625];1;1389.0;1.05701743376;956;74;0.07384615384615385;0.8461538461538461;54.95487179487179;32.282051282051285;68.62871794871798;10.35897435897436;22.487179487179485;18.666666666666668;1.4923076923076926;0.0;6.303589743589744;0.00923076923076923;1.2564102564102564;0.3805128205128205;2.5056410256410264;3.4871794871794872;8.538461538461538
11286;zone72;4970.167032608406;2501.795090448298;0.0;zone72;S01010327;34;982;660;362;[0.031746,0.507937,0.460317];[0.372881,0.432203,0.194915];[0.289063,0.328125,0.382813];[0.516892,0.347973,0.135135];[0.416184971098,0.21387283237,0.236994219653,0.132947976879];1;470.0;0.000335688704598;964;58;0.06588235294117648;1.3823529411764706;60.312941176470595;32.11764705882353;73.81882352941176;10.529411764705882;22.823529411764707;20.647058823529413;1.1152941176470588;0.0;7.550588235294117;0.0;1.1317647058823528;0.4058823529411764;2.1999999999999997;5.735294117647059;9.235294117647058
11286;zone73;5975.307390960257;2677.5485166167286;0.0;zone73;S01010328;24;969;706;445;[0.16129,0.5,0.33871];[0.27044,0.471698,0.257862];[0.192547,0.434783,0.372671];[0.338983,0.432203,0.228814];[0.309352517986,0.258992805755,0.280575539568,0.151079136691];2;457.0;-0.0138550124678;1853;48;0.07666666666666666;1.2083333333333333;72.42;34.75;77.57;11.041666666666666;23.416666666666668;24.75;2.955;0.0;2.6166666666666663;0.0;3.938333333333333;0.2833333333333334;2.435;4.458333333333333;9.0
