cycle;name;location.x;location.y;location.z;name;dataZone;nm_children;pop;over16;nm_hh;AB_car_prob;C1_car_prob;C2_car_prob;DE_car_prob;prob_social;simd;crimeRate;norm_crime;avg_dis_sh;neigh_play;daily_play_per_child;avg_FSA;avg_walk;daily_OD;zone_mvpa;mvpa_home;mvpa_sc;mvpa_road;mvpa_play_field;mvpa_home_garden;mvpa_park;mvpa_PG;mvpa_amenity;mvpa_shops;mvpa_F_home;mvpa_fsa;mvpa_OD
11286;zone0;8448.90275962388;2625.4515469546564;0.0;zone0;S01010195;19;531;390;212;[0.0,0.481481,0.518519];[0.261538,0.646154,0.092308];[0.12,0.59,0.29];[0.447368,0.368421,0.184211];[0.418918918919,0.283783783784,0.202702702703,0.0945945945946];1;0.0;-0.540229885057;984;34;0.06947368421052631;1.4210526315789473;59.06315789473685;26.263157894736842;70.55368421052633;10.631578947368421;22.57894736842105;20.42105263157895;0.9473684210526315;0.0;3.2989473684210524;0.00842105263157895;2.566315789473684;0.37052631578947376;2.242105263157895;5.631578947368421;6.368421052631579
11286;zone1;8656.736904000718;2165.9902346445633;0.0;zone1;S01010198;18;1027;748;394;[0.058824,0.529412,0.411765];[0.305785,0.561983,0.132231];[0.219858,0.496454,0.283688];[0.523179,0.331126,0.145695];[0.48623853211,0.229357798165,0.266055045872,0.0183486238532];1;1609.0;1.3102524676;1289;29;0.06;1.0;60.51333333333332;26.77777777777778;71.37111111111112;11.38888888888889;23.333333333333332;20.61111111111111;1.162222222222222;0.0;2.4755555555555557;0.0;3.393333333333333;0.508888888888889;3.037777777777778;3.9444444444444446;6.555555555555555
11286;zone2;8537.588755655543;3024.028900129281;0.0;zone2;S01010201;22;643;453;253;[0.0,0.47619,0.52381];[0.270833,0.3125,0.416667];[0.088,0.48,0.432];[0.296552,0.434483,0.268966];[0.365853658537,0.292682926829,0.292682926829,0.0487804878049];2;219.0;-0.28762447053;993;56;0.09818181818181818;0.8636363636363636;49.561818181818175;37.72727272727273;66.82181818181819;10.181818181818182;22.636363636363637;16.90909090909091;0.610909090909091;0.0;3.02;0.1109090909090909;5.087272727272727;0.3490909090909092;2.9963636363636357;3.3181818181818183;8.318181818181818
11286;zone3;8059.42097232239;3767.666522351409;0.0;zone3;S01010203;30;671;504;260;[0.090909,0.363636,0.545455];[0.263804,0.460123,0.276074];[0.094828,0.422414,0.482759];[0.183824,0.375,0.441176];[0.272727272727,0.218181818182,0.363636363636,0.145454545455];3;215.0;-0.292668818285;1954;44;0.05466666666666667;1.4666666666666666;87.90133333333331;31.3;80.132;9.833333333333334;22.666666666666668;30.5;1.32;0.0;2.177333333333333;0.0;3.869333333333333;0.3573333333333334;2.5613333333333332;5.166666666666667;6.833333333333333
11286;zone4;8368.288440296214;3565.498290652094;0.0;zone4;S01010204;30;800;589;381;[0.272727,0.727273,0.0];[0.627451,0.27451,0.098039];[0.444444,0.533333,0.022222];[0.600619,0.321981,0.077399];[0.595041322314,0.157024793388,0.239669421488,0.00826446280992];1;497.0;0.0317745673598;1022;49;0.064;0.7666666666666667;45.70400000000002;31.2;68.67599999999999;12.5;23.866666666666667;15.533333333333333;1.338666666666667;0.0;2.908;0.0;4.029333333333333;0.372;2.814666666666667;3.6666666666666665;7.7
11286;zone5;8034.229745798958;3515.110462853287;0.0;zone5;S01010205;15;658;534;355;[0.411765,0.117647,0.470588];[0.465116,0.457364,0.077519];[0.317757,0.588785,0.093458];[0.593458,0.280374,0.126168];[0.466666666667,0.2,0.3,0.0333333333333];1;925.0;0.523434132086;1202;25;0.06133333333333333;0.9333333333333333;54.68266666666668;28.333333333333332;69.336;11.133333333333333;23.066666666666666;18.933333333333334;1.5173333333333332;0.0;2.8400000000000003;0.0;3.08;0.4080000000000001;2.5866666666666664;3.933333333333333;6.933333333333334
11286;zone6;7457.064719570519;3739.055375726369;0.0;zone6;S01010208;18;903;745;565;[0.30137,0.589041,0.109589];[0.48062,0.457364,0.062016];[0.272727,0.613636,0.113636];[0.66055,0.270642,0.068807];[0.233333333333,0.133333333333,0.461111111111,0.172222222222];1;603.0;0.153385979085;1302;21;0.04444444444444445;2.0;63.49555555555555;27.0;72.57111111111111;9.88888888888889;22.5;21.77777777777778;1.6822222222222223;0.0;1.2777777777777777;0.0;3.0844444444444443;0.2666666666666668;2.04;8.11111111111111;5.555555555555555
11286;zone7;7917.838214725937;1939.334458859395;0.0;zone7;S01010209;24;966;677;468;[0.172414,0.586207,0.241379];[0.333333,0.414966,0.251701];[0.381944,0.458333,0.159722];[0.545852,0.336245,0.117904];[0.337931034483,0.248275862069,0.303448275862,0.110344827586];1;2053.0;1.82052250092;1788;24;0.035;1.625;81.41833333333332;24.875;79.335;10.625;23.5;27.75;0.6183333333333333;0.0;2.278333333333333;0.0;3.7566666666666664;0.3183333333333334;2.3249999999999997;6.458333333333333;6.208333333333333
11286;zone8;7878.406567747077;2721.2634132011362;0.0;zone8;S01010210;18;885;641;416;[0.173913,0.456522,0.369565];[0.21519,0.5,0.28481];[0.189781,0.386861,0.423358];[0.422111,0.442211,0.135678];[0.394736842105,0.236842105263,0.254385964912,0.114035087719];1;344.0;-0.144253829852;1182;25;0.05555555555555555;1.2777777777777777;58.48222222222221;26.11111111111111;66.78222222222222;10.055555555555555;21.833333333333332;20.0;1.4022222222222223;0.0;3.015555555555556;0.0;1.7999999999999998;0.26888888888888896;2.104444444444445;4.5;5.833333333333333
11286;zone9;7785.599648345685;3201.783800714137;0.0;zone9;S01010211;22;858;634;452;[0.147059,0.705882,0.147059];[0.384615,0.452991,0.162393];[0.469565,0.4,0.130435];[0.722656,0.226563,0.050781];[0.473214285714,0.169642857143,0.285714285714,0.0714285714286];1;430.0;-0.0456985893816;946;33;0.05818181818181818;1.5;51.67454545454545;29.136363636363637;69.71818181818183;10.818181818181818;22.772727272727273;17.727272727272727;2.474545454545454;0.0;2.645454545454545;0.00909090909090909;2.6909090909090905;0.32000000000000006;2.087272727272728;6.454545454545454;7.318181818181818
11286;zone10;7580.688680869333;3097.127786881416;0.0;zone10;S01010212;49;1083;779;559;[0.233333,0.633333,0.133333];[0.594771,0.339869,0.065359];[0.465517,0.405172,0.12931];[0.712821,0.269231,0.017949];[0.566037735849,0.138364779874,0.22641509434,0.0691823899371];1;1473.0;1.15298517036;1214;93;0.07428571428571429;1.4285714285714286;60.777142857142856;28.775510204081634;74.77061224489799;11.408163265306122;23.714285714285715;20.714285714285715;1.723265306122449;0.0;2.9428571428571426;0.0;3.2293877551020405;0.3869387755102041;2.4008163265306126;6.551020408163265;7.36734693877551
11286;zone11;8065.177293237223;3111.5884965344962;0.0;zone11;S01010213;13;924;657;476;[0.105263,0.684211,0.210526];[0.382609,0.547826,0.069565];[0.218543,0.556291,0.225166];[0.467925,0.483019,0.049057];[0.451327433628,0.221238938053,0.274336283186,0.0530973451327];1;247.0;-0.255840453357;711;18;0.05230769230769231;1.8461538461538463;42.1476923076923;18.0;62.73846153846153;10.538461538461538;22.615384615384617;14.076923076923077;0.45538461538461544;0.0;1.2553846153846153;0.0;2.073846153846154;0.3353846153846154;2.3784615384615386;7.461538461538462;3.3076923076923075
11286;zone12;7144.994858230166;1947.4125453867302;0.0;zone12;S01010214;27;967;717;396;[0.098592,0.28169,0.619718];[0.197531,0.438272,0.364198];[0.173333,0.493333,0.333333];[0.237069,0.487069,0.275862];[0.361344537815,0.210084033613,0.310924369748,0.117647058824];3;176.0;-0.337854473183;1827;48;0.06814814814814815;1.4444444444444444;85.69185185185185;33.81481481481482;83.29185185185185;10.481481481481481;23.59259259259259;29.51851851851852;2.059259259259259;0.0;2.764444444444444;0.0;3.9585185185185177;0.40592592592592597;2.1792592592592595;6.481481481481482;8.222222222222221
11286;zone13;7013.590150664996;2618.495528189446;0.0;zone13;S01010215;24;850;608;492;[0.571429,0.285714,0.142857];[0.5,0.431373,0.068627];[0.382609,0.391304,0.226087];[0.678571,0.269841,0.051587];[0.467289719626,0.140186915888,0.345794392523,0.0467289719626];1;547.0;0.0886083430805;720;40;0.065;1.125;48.12166666666667;30.125;68.26;11.458333333333334;23.625;16.5;1.4216666666666666;0.0;2.0066666666666664;0.0;4.3549999999999995;0.5116666666666667;2.543333333333333;4.041666666666667;7.416666666666667
11286;zone14;7332.222205807836;2329.961970144465;0.0;zone14;S01010216;15;621;464;361;[0.6,0.4,0.0];[0.597701,0.356322,0.045977];[0.409091,0.439394,0.151515];[0.709544,0.273859,0.016598];[0.5,0.163265306122,0.265306122449,0.0714285714286];1;600.0;0.150092344085;1303;37;0.096;0.3333333333333333;58.773333333333326;34.86666666666667;69.97866666666667;11.2;23.6;19.866666666666667;0.9093333333333334;0.0;4.1706666666666665;0.0;3.9893333333333336;0.34933333333333333;2.610666666666667;1.7333333333333334;8.666666666666666
11286;zone15;7299.833172322251;2625.8610945736937;0.0;zone15;S01010217;33;817;598;406;[0.16129,0.516129,0.322581];[0.565517,0.4,0.034483];[0.5,0.431373,0.068627];[0.702703,0.283784,0.013514];[0.541935483871,0.0967741935484,0.296774193548,0.0645161290323];1;1060.0;0.679274950851;990;56;0.06303030303030303;1.5757575757575757;50.79151515151515;30.818181818181817;64.79878787878788;9.545454545454545;22.0;17.303030303030305;1.04;0.0;2.090909090909091;0.0;3.4884848484848483;0.2775757575757576;1.7745454545454542;5.424242424242424;6.090909090909091
11286;zone16;7142.953643082513;3018.5401822929393;0.0;zone16;S01010218;31;1018;790;587;[0.425532,0.404255,0.170213];[0.392523,0.453271,0.154206];[0.358209,0.492537,0.149254];[0.589124,0.335347,0.075529];[0.424657534247,0.109589041096,0.369863013699,0.0958904109589];1;557.0;0.101026678737;572;42;0.05290322580645161;1.7096774193548387;46.225806451612904;28.193548387096776;67.19870967741936;11.451612903225806;22.903225806451612;15.741935483870968;0.9354838709677421;0.0;1.376774193548387;0.0;3.9045161290322574;0.42838709677419345;2.255483870967742;6.451612903225806;5.741935483870968
11286;zone17;6738.8937706128745;4298.8917997019325;0.0;zone17;S01010219;21;503;382;274;[0.695652,0.304348,0.0];[0.758621,0.215517,0.025862];[0.761905,0.166667,0.071429];[0.781609,0.195402,0.022989];[0.41935483871,0.0752688172043,0.408602150538,0.0967741935484];2;184.0;-0.327838932938;1216;40;0.07238095238095238;1.8095238095238095;67.09714285714286;35.095238095238095;72.9352380952381;9.047619047619047;21.952380952380953;23.0;3.116190476190476;0.0;2.931428571428571;0.06857142857142857;2.3619047619047615;0.2304761904761905;1.462857142857143;7.0;7.904761904761905
11286;zone18;5915.780765415368;4211.222876105162;0.0;zone18;S01010220;7;476;433;279;[0.181159,0.608696,0.210145];[0.404255,0.531915,0.06383];[0.227273,0.704545,0.068182];[0.448276,0.482759,0.068966];[0.154545454545,0.0636363636364,0.318181818182,0.463636363636];5;267.0;-0.232306706325;1260;21;0.10857142857142857;1.8571428571428572;65.35428571428572;32.285714285714285;75.52;10.571428571428571;22.428571428571427;22.285714285714285;2.52;0.0;6.194285714285714;0.10857142857142857;1.4685714285714286;0.22285714285714286;1.5028571428571431;6.571428571428571;9.857142857142858
11286;zone19;6341.0811208317455;3913.8398648988496;0.0;zone19;S01010221;13;546;394;260;[0.6,0.4,0.0];[0.557377,0.409836,0.032787];[0.538462,0.323077,0.138462];[0.699387,0.257669,0.042945];[0.609375,0.140625,0.203125,0.046875];1;635.0;0.19005459739;1331;17;0.04307692307692308;1.4615384615384615;65.97538461538463;17.615384615384617;72.13538461538461;10.615384615384615;22.76923076923077;22.615384615384617;2.52;0.0;2.32;0.04307692307692308;0.6000000000000001;0.39076923076923076;2.652307692307692;5.923076923076923;4.923076923076923
11286;zone20;7001.213463613622;4053.9957950241624;0.0;zone20;S01010222;15;492;414;285;[0.142857,0.5,0.357143];[0.432432,0.459459,0.108108];[0.348624,0.522936,0.12844];[0.747899,0.235294,0.016807];[0.345238095238,0.214285714286,0.309523809524,0.130952380952];1;377.0;-0.105830277325;1810;25;0.064;1.1333333333333333;74.232;27.866666666666667;75.83733333333333;11.133333333333333;23.266666666666666;25.533333333333335;2.362666666666667;0.0;1.536;0.0;3.298666666666666;0.4666666666666667;2.0533333333333332;4.533333333333333;6.733333333333333
11286;zone21;6986.8418912765155;3434.1450308482026;0.0;zone21;S01010223;4;556;462;337;[0.076923,0.538462,0.384615];[0.567797,0.330508,0.101695];[0.472222,0.444444,0.083333];[0.584699,0.36612,0.04918];[0.432432432432,0.162162162162,0.324324324324,0.0810810810811];1;439.0;-0.0353356041414;1875;6;0.05;0.0;76.31;36.0;61.370000000000005;7.0;19.25;26.5;1.7999999999999998;0.0;1.04;0.0;2.26;0.25;1.95;0.0;4.75
11286;zone22;6247.397837456437;3329.661273309237;0.0;zone22;S01010224;40;1036;727;469;[0.405405,0.540541,0.054054];[0.592593,0.274074,0.133333];[0.418803,0.504274,0.076923];[0.768421,0.202632,0.028947];[0.506097560976,0.140243902439,0.268292682927,0.0853658536585];1;1004.0;0.614259332793;1016;60;0.057;1.025;55.01800000000001;20.575;68.886;11.35;23.075;18.7;3.443;0.0;1.6690000000000005;0.098;0.776;0.5069999999999999;2.877;4.675;5.55
11286;zone23;7827.985844039554;4105.4701191949;0.0;zone23;S01010225;33;812;636;431;[0.25,0.634615,0.115385];[0.469072,0.43299,0.097938];[0.54023,0.413793,0.045977];[0.672065,0.234818,0.093117];[0.385185185185,0.125925925926,0.325925925926,0.162962962963];1;1006.0;0.616572011517;1574;37;0.04242424242424243;1.696969696969697;70.64969696969698;23.78787878787879;75.48242424242426;11.030303030303031;23.0;24.333333333333332;1.8121212121212122;0.0;1.8254545454545452;0.0;2.6012121212121215;0.4012121212121212;2.1151515151515152;6.484848484848484;5.787878787878788
11286;zone24;7040.363001382077;4481.052780471187;0.0;zone24;S01010226;40;816;565;394;[0.454545,0.242424,0.30303];[0.715385,0.2,0.084615];[0.540541,0.405405,0.054054];[0.766917,0.18797,0.045113];[0.503355704698,0.201342281879,0.221476510067,0.0738255033557];2;422.0;-0.0548014077425;1112;99;0.095;1.35;58.169;31.6;75.095;11.7;23.65;19.775;4.316999999999999;0.0;4.143999999999999;0.049;1.4440000000000002;0.3989999999999999;2.2430000000000008;5.625;9.525
11286;zone25;6847.772309074456;4638.663588163389;0.0;zone25;S01010227;39;692;454;294;[0.413793,0.413793,0.172414];[0.704545,0.238636,0.056818];[0.654545,0.345455,0.0];[0.810606,0.159091,0.030303];[0.672268907563,0.0924369747899,0.159663865546,0.0756302521008];4;0.0;-0.540229885057;996;126;0.12102564102564102;1.3333333333333333;52.1876923076923;40.64102564102564;76.6523076923077;11.871794871794872;24.153846153846153;17.743589743589745;5.381538461538461;0.0;5.283076923076924;0.04102564102564103;2.506666666666667;0.3097435897435898;2.3189743589743594;5.384615384615385;12.743589743589743
11286;zone26;8241.816993110848;4572.457656401622;0.0;zone26;S01010229;30;1016;787;508;[0.1,0.625,0.275];[0.350877,0.350877,0.298246];[0.348315,0.477528,0.174157];[0.565217,0.310559,0.124224];[0.420731707317,0.213414634146,0.292682926829,0.0731707317073];1;395.0;-0.0859445809966;1379;39;0.052;1.2;69.872;21.9;72.4;10.633333333333333;22.9;24.0;1.624;0.0;2.185333333333333;0.016;1.914666666666667;0.4146666666666667;2.312;4.7;5.3
11286;zone27;7458.320056766788;4680.341251240345;0.0;zone27;S01010230;24;1005;772;577;[0.314286,0.628571,0.057143];[0.703883,0.296117,0.0];[0.727273,0.218182,0.054545];[0.71831,0.24507,0.03662];[0.517857142857,0.136904761905,0.267857142857,0.077380952381];1;846.0;0.433218203459;780;38;0.06333333333333334;1.4583333333333333;49.15;28.75;66.955;10.25;22.375;16.625;1.3550000000000002;0.0;3.788333333333334;0.025;2.3033333333333337;0.39833333333333326;2.1399999999999997;5.916666666666667;6.958333333333333
11286;zone28;7569.802990100143;4917.458811240416;0.0;zone28;S01010232;37;1074;792;485;[0.457143,0.485714,0.057143];[0.557292,0.338542,0.104167];[0.492063,0.333333,0.174603];[0.654229,0.251244,0.094527];[0.470297029703,0.153465346535,0.306930693069,0.0693069306931];1;771.0;0.347049794199;1098;63;0.0681081081081081;1.4054054054054055;55.30162162162162;27.135135135135137;68.76756756756757;10.64864864864865;22.83783783783784;18.945945945945947;1.7567567567567568;0.0;2.952432432432433;0.00972972972972973;2.2691891891891895;0.37297297297297294;2.0183783783783786;5.216216216216216;6.45945945945946
11286;zone29;7830.713068379679;4879.746446724283;0.0;zone29;S01010233;33;970;705;476;[0.275,0.625,0.1];[0.655629,0.245033,0.099338];[0.52809,0.426966,0.044944];[0.771505,0.212366,0.016129];[0.587209302326,0.093023255814,0.261627906977,0.0581395348837];1;284.0;-0.213781821634;1353;51;0.05818181818181818;1.121212121212121;62.541818181818186;30.03030303030303;70.98666666666668;10.393939393939394;23.060606060606062;21.21212121212121;1.884848484848485;0.0;2.516363636363636;0.04484848484848485;2.9503030303030306;0.37939393939393945;2.294545454545454;4.484848484848484;6.909090909090909
11286;zone30;6473.383843181837;4954.519765957263;0.0;zone30;S01010261;6;2551;2373;526;[0.666667,0.270833,0.0625];[0.675841,0.281346,0.042813];[0.75,0.25,0.0];[0.824468,0.164894,0.010638];[0.41,0.06,0.41,0.12];3;176.0;-0.337679921334;2402;7;0.04666666666666667;1.0;103.45333333333333;29.666666666666668;90.28000000000002;11.833333333333334;24.5;36.166666666666664;3.06;0.0;1.8466666666666667;0.04;3.8200000000000003;0.45333333333333337;3.2399999999999998;3.3333333333333335;8.333333333333334
11286;zone31;4930.642193689802;4959.449818932565;0.0;zone31;S01010266;3;555;474;237;[0.320755,0.556604,0.122642];[0.677273,0.254545,0.068182];[0.5,0.461538,0.038462];[0.534247,0.30137,0.164384];[0.141176470588,0.0588235294118,0.4,0.4];3;536.0;0.0761386922126;1005;4;0.05333333333333334;1.0;49.026666666666664;27.666666666666668;72.98666666666666;13.0;25.333333333333332;17.333333333333332;3.2266666666666666;0.0;1.3866666666666667;0.19999999999999998;3.9466666666666668;0.6;3.0666666666666664;3.3333333333333335;8.333333333333334
11286;zone32;5712.5549897826;4979.400336637217;0.0;zone32;S01010270;4;1153;972;817;[0.389831,0.533898,0.076271];[0.70255,0.252125,0.045326];[0.714286,0.272727,0.012987];[0.771552,0.228448,0.0];[0.125,0.0909090909091,0.454545454545,0.329545454545];1;871.0;0.461200629557;1756;5;0.05;0.75;73.91;32.25;73.86;9.0;23.0;25.0;4.02;0.0;0.97;0.0;3.86;0.29000000000000004;3.12;3.0;8.25
11286;zone33;3394.0723536088512;4934.677182292946;0.0;zone33;S01010282;13;976;841;645;[0.438776,0.520408,0.040816];[0.545732,0.405488,0.04878];[0.521277,0.382979,0.095745];[0.712707,0.232044,0.055249];[0.190954773869,0.070351758794,0.35175879397,0.386934673367];2;350.0;-0.137812028107;1356;23;0.06769230769230769;1.3846153846153846;65.39384615384614;35.07692307692308;73.44615384615385;9.923076923076923;23.0;22.53846153846154;2.313846153846154;0.0;4.101538461538461;1.0123076923076924;1.5999999999999999;0.3292307692307693;2.2646153846153845;4.538461538461538;8.461538461538462
11286;zone34;4385.789287498423;4835.237486850067;0.0;zone34;S01010289;15;771;687;380;[0.130952,0.511905,0.357143];[0.262911,0.502347,0.234742];[0.178571,0.464286,0.357143];[0.410256,0.435897,0.153846];[0.058064516129,0.0322580645161,0.245161290323,0.664516129032];5;259.0;-0.241396294863;1208;35;0.088;2.0;60.93600000000001;41.46666666666667;78.50133333333333;11.2;23.266666666666666;20.866666666666667;1.5493333333333335;0.0;5.1866666666666665;1.9813333333333334;2.392;0.3333333333333334;1.368;8.6;10.733333333333333
11286;zone35;4401.5375624188455;4669.062022109911;0.0;zone35;S01010290;13;546;485;278;[0.198198,0.603604,0.198198];[0.485944,0.449799,0.064257];[0.555556,0.444444,0.0];[0.435897,0.512821,0.051282];[0.10752688172,0.0430107526882,0.494623655914,0.354838709677];3;353.0;-0.133686757747;952;35;0.1076923076923077;2.0;51.67076923076923;36.76923076923077;69.26461538461537;10.307692307692308;22.46153846153846;17.53846153846154;2.03076923076923;0.0;3.0861538461538465;1.6523076923076923;1.8184615384615386;0.20307692307692313;1.3076923076923075;7.3076923076923075;8.153846153846153
11286;zone36;4119.983651650423;4281.100418217042;0.0;zone36;S01010291;12;1075;975;481;[0.405594,0.447552,0.146853];[0.627907,0.277132,0.094961];[0.415094,0.433962,0.150943];[0.562963,0.325926,0.111111];[0.197080291971,0.0729927007299,0.445255474453,0.284671532847];3;438.0;-0.0363924713322;1007;23;0.07333333333333333;1.9166666666666667;52.64000000000001;35.75;73.58;11.416666666666666;23.75;17.916666666666668;1.0666666666666667;0.0;3.72;2.766666666666667;1.3133333333333335;0.5500000000000002;1.5433333333333332;7.833333333333333;8.416666666666666
11286;zone37;4399.731076226201;4291.6703625917;0.0;zone37;S01010292;10;890;831;409;[0.348214,0.508929,0.142857];[0.477169,0.420091,0.10274];[0.339286,0.446429,0.214286];[0.55814,0.383721,0.05814];[0.128378378378,0.0540540540541,0.398648648649,0.418918918919];4;323.0;-0.168488563048;1081;28;0.104;1.3;53.71999999999999;46.0;69.66000000000001;9.8;22.4;18.2;2.728;0.0;5.128;2.096;1.392;0.46399999999999997;1.5879999999999999;4.2;10.8
11286;zone38;4514.690807242894;4541.15458266895;0.0;zone38;S01010293;16;839;723;373;[0.51773,0.35461,0.12766];[0.635389,0.262735,0.101877];[0.446809,0.319149,0.234043];[0.514286,0.392857,0.092857];[0.242424242424,0.0606060606061,0.393939393939,0.30303030303];3;290.0;-0.205814991507;986;30;0.0675;2.0;57.18000000000001;39.1875;76.4675;11.125;23.5625;19.4375;1.8925;0.0;5.5675;1.6875;1.31;0.32250000000000006;1.3900000000000003;8.5;10.0
11286;zone39;4541.7482834333705;4418.565122351524;0.0;zone39;S01010294;13;690;631;275;[0.242105,0.526316,0.231579];[0.650873,0.214464,0.134663];[0.583333,0.208333,0.208333];[0.414894,0.489362,0.095745];[0.164835164835,0.043956043956,0.494505494505,0.296703296703];4;440.0;-0.0342259463805;1177;37;0.1076923076923077;1.8461538461538463;64.12615384615384;43.0;76.50461538461538;9.846153846153847;23.076923076923077;21.846153846153847;1.8246153846153847;0.0;5.283076923076923;2.0646153846153847;1.5476923076923077;0.34461538461538466;1.2184615384615385;7.615384615384615;10.307692307692308
11286;zone40;4766.8646917667475;4574.50133624035;0.0;zone40;S01010295;18;974;870;427;[0.384615,0.391026,0.224359];[0.604555,0.310559,0.084886];[0.428571,0.285714,0.285714];[0.390728,0.516556,0.092715];[0.212765957447,0.113475177305,0.297872340426,0.375886524823];4;529.0;0.0680145754747;1205;30;0.06222222222222222;2.3333333333333335;60.948888888888874;36.27777777777778;75.14444444444445;9.333333333333334;22.166666666666668;20.944444444444443;1.5733333333333335;0.0;5.973333333333334;0.6600000000000001;0.98;0.37777777777777777;1.1800000000000002;10.166666666666666;8.61111111111111
11286;zone41;4647.752341766679;4736.091736240359;0.0;zone41;S01010296;16;664;560;291;[0.294118,0.423529,0.282353];[0.520913,0.368821,0.110266];[0.375,0.375,0.25];[0.475524,0.391608,0.132867];[0.282828282828,0.111111111111,0.363636363636,0.242424242424];2;856.0;0.444094443477;1334;30;0.0725;1.8125;62.6025;31.875;74.345;10.5;22.75;21.5625;1.8675000000000002;0.0;4.025;1.2425000000000002;1.0725;0.4700000000000001;1.4825;7.625;7.6875
11286;zone42;5522.849421766708;4411.996091240393;0.0;zone42;S01010297;7;1066;894;676;[0.582609,0.382609,0.034783];[0.691824,0.245283,0.062893];[0.540541,0.333333,0.126126];[0.681275,0.270916,0.047809];[0.260563380282,0.140845070423,0.37323943662,0.225352112676];1;504.0;0.0391758595379;1464;12;0.06285714285714286;1.4285714285714286;63.78857142857142;27.857142857142858;80.19428571428571;13.142857142857142;24.857142857142858;22.142857142857142;2.7485714285714287;0.0;0.937142857142857;0.17142857142857143;4.65142857142857;0.2285714285714286;2.3542857142857145;7.285714285714286;8.0
11286;zone43;4706.481893689814;4143.807995855712;0.0;zone43;S01010298;12;880;677;515;[0.308943,0.479675,0.211382];[0.581395,0.356589,0.062016];[0.539683,0.396825,0.063492];[0.744828,0.193103,0.062069];[0.227272727273,0.0984848484848,0.371212121212,0.30303030303];1;486.0;0.0190902878356;1042;35;0.11333333333333333;1.25;54.73666666666667;44.0;71.85;10.166666666666666;22.416666666666668;19.0;2.6366666666666663;0.0;5.94;0.43;2.8766666666666665;0.4066666666666667;2.1366666666666667;4.333333333333333;11.25
11286;zone44;4885.424673909578;4209.645754097502;0.0;zone44;S01010299;4;536;404;292;[0.3,0.54,0.16];[0.556701,0.340206,0.103093];[0.458333,0.520833,0.020833];[0.584906,0.283019,0.132075];[0.428571428571,0.0857142857143,0.285714285714,0.2];1;375.0;-0.10827530326;633;9;0.09;1.5;46.75000000000001;36.25;53.83;6.25;20.0;15.75;1.85;0.0;1.69;0.32;2.34;0.3;1.25;2.25;5.75
11286;zone45;4883.397012115578;4340.414778682246;0.0;zone45;S01010300;21;934;764;478;[0.460784,0.411765,0.127451];[0.664653,0.238671,0.096677];[0.632353,0.323529,0.044118];[0.606383,0.329787,0.06383];[0.3046875,0.125,0.3515625,0.21875];2;513.0;0.0498225801839;635;48;0.08761904761904762;1.8571428571428572;43.887619047619054;30.142857142857142;63.37333333333333;9.857142857142858;22.285714285714285;14.857142857142858;1.8876190476190473;0.0;1.4304761904761907;0.3504761904761905;3.114285714285714;0.2952380952380953;1.775238095238095;5.857142857142857;6.333333333333333
11286;zone46;5144.66081966521;4032.769083704074;0.0;zone46;S01010301;6;522;457;283;[0.292683,0.597561,0.109756];[0.57563,0.315126,0.109244];[0.222222,0.703704,0.074074];[0.561798,0.393258,0.044944];[0.214285714286,0.0612244897959,0.459183673469,0.265306122449];4;490.0;0.0232745011966;1762;15;0.09333333333333334;1.5;71.81333333333335;35.833333333333336;80.39999999999999;11.5;23.666666666666668;24.333333333333332;5.706666666666666;0.0;0.26;0.24;3.253333333333334;0.20666666666666667;2.3466666666666667;7.166666666666667;9.0
11286;zone47;5165.568789180556;4297.038752619699;0.0;zone47;S01010302;24;669;495;388;[0.65625,0.28125,0.0625];[0.6,0.356522,0.043478];[0.716981,0.226415,0.056604];[0.801802,0.18018,0.018018];[0.582417582418,0.0769230769231,0.263736263736,0.0769230769231];1;392.0;-0.0896499889057;1203;48;0.075;1.4166666666666667;55.908333333333324;27.125;67.11333333333333;10.125;22.291666666666668;19.041666666666668;2.0700000000000003;0.0;1.1000000000000003;0.165;2.721666666666667;0.47833333333333344;1.9416666666666667;5.5;5.583333333333333
11286;zone48;5241.140616766716;4139.402270499609;0.0;zone48;S01010303;33;579;387;250;[0.692308,0.153846,0.153846];[0.56701,0.298969,0.134021];[0.630435,0.282609,0.086957];[0.658879,0.285047,0.056075];[0.58407079646,0.106194690265,0.274336283186,0.0353982300885];1;415.0;-0.0627120940391;1602;72;0.08484848484848485;1.3333333333333333;67.19272727272728;29.272727272727273;75.18909090909091;11.424242424242424;23.181818181818183;22.848484848484848;3.8739393939393936;0.0;1.0933333333333335;0.24727272727272728;2.4096969696969697;0.4569696969696969;2.3636363636363646;5.515151515151516;7.212121212121212
11286;zone49;4853.647576226233;3833.123065294377;0.0;zone49;S01010304;12;542;456;332;[0.323529,0.514706,0.161765];[0.635135,0.25,0.114865];[0.477273,0.522727,0.0];[0.829268,0.109756,0.060976];[0.372340425532,0.0425531914894,0.297872340426,0.287234042553];1;804.0;0.384523850516;1427;17;0.05666666666666666;1.4166666666666667;70.01333333333334;28.083333333333332;72.28666666666665;9.75;22.5;23.833333333333332;3.7600000000000002;0.0;1.4633333333333332;0.5166666666666667;1.3866666666666667;0.37333333333333335;2.353333333333333;4.583333333333333;6.666666666666667
11286;zone50;4697.410406890209;3639.1027396354093;0.0;zone50;S01010305;7;807;694;478;[0.36036,0.468468,0.171171];[0.553191,0.33617,0.110638];[0.409639,0.301205,0.289157];[0.589888,0.337079,0.073034];[0.198529411765,0.0735294117647,0.382352941176,0.345588235294];1;223.0;-0.28282788147;703;12;0.06285714285714286;1.2857142857142858;48.08;27.714285714285715;59.83999999999999;9.142857142857142;20.857142857142858;16.0;2.9771428571428573;0.0;1.0171428571428573;1.0857142857142856;0.4;0.26857142857142857;2.3485714285714283;3.857142857142857;5.285714285714286
11286;zone51;4591.3082521834585;3868.367573740388;0.0;zone51;S01010306;13;752;675;449;[0.35625,0.56875,0.075];[0.570588,0.355882,0.073529];[0.283019,0.566038,0.150943];[0.650943,0.330189,0.018868];[0.165680473373,0.0473372781065,0.479289940828,0.307692307692];2;238.0;-0.265781391166;696;18;0.05538461538461539;3.076923076923077;56.63999999999999;21.846153846153847;73.36923076923077;10.384615384615385;23.076923076923077;19.46153846153846;3.0430769230769235;0.0;0.39384615384615385;1.4646153846153847;0.31384615384615383;0.29538461538461547;1.2615384615384615;11.846153846153847;4.769230769230769
11286;zone52;4503.72067559025;3742.2957906521283;0.0;zone52;S01010307;9;821;732;428;[0.189922,0.577519,0.232558];[0.407407,0.487654,0.104938];[0.346154,0.538462,0.115385];[0.71875,0.234375,0.046875];[0.0681818181818,0.0568181818182,0.375,0.5];5;319.0;-0.172537833795;410;34;0.14666666666666667;1.3333333333333333;42.30222222222223;43.111111111111114;68.88888888888889;12.11111111111111;23.11111111111111;13.88888888888889;3.302222222222222;0.0;2.364444444444444;3.5733333333333337;0.4488888888888889;0.4977777777777778;1.2755555555555556;6.777777777777778;9.222222222222221
11286;zone53;4364.519870735056;4047.768725526131;0.0;zone53;S01010308;9;975;858;480;[0.285714,0.54007,0.174216];[0.511936,0.384615,0.103448];[0.254902,0.411765,0.333333];[0.648352,0.307692,0.043956];[0.0970873786408,0.0631067961165,0.359223300971,0.480582524272];4;257.0;-0.244477582955;1081;14;0.06222222222222222;1.2222222222222223;60.404444444444444;32.111111111111114;75.17777777777779;12.88888888888889;24.11111111111111;20.11111111111111;3.1155555555555554;0.0;2.448888888888889;1.582222222222222;1.7644444444444443;0.3377777777777778;2.657777777777778;4.333333333333333;8.444444444444445
11286;zone54;5381.88771051669;3636.3205112402793;0.0;zone54;S01010309;4;419;356;264;[0.333333,0.25,0.416667];[0.478873,0.422535,0.098592];[0.352941,0.382353,0.264706];[0.705882,0.24183,0.052288];[0.365853658537,0.170731707317,0.390243902439,0.0731707317073];1;0.0;-0.540229885057;2239;7;0.07;0.75;92.83000000000001;31.5;80.75;9.25;22.75;32.5;2.46;0.0;2.86;0.24;2.4799999999999995;0.33;2.64;3.0;7.5
11286;zone55;5657.373406240428;3625.6586165034923;0.0;zone55;S01010310;13;706;540;381;[0.333333,0.238095,0.428571];[0.565517,0.337931,0.096552];[0.54902,0.27451,0.176471];[0.715415,0.256917,0.027668];[0.484848484848,0.151515151515,0.318181818182,0.0454545454545];1;574.0;0.120406534162;747;17;0.04923076923076923;1.0;49.519999999999996;29.692307692307693;62.38461538461539;9.461538461538462;21.923076923076923;16.846153846153847;1.4923076923076926;0.0;1.0030769230769232;1.6553846153846155;1.996923076923077;0.3723076923076923;2.553846153846154;3.3076923076923075;5.6923076923076925
11286;zone56;5685.425126382168;3318.6970593171873;0.0;zone56;S01010311;22;721;556;351;[0.411765,0.352941,0.235294];[0.472222,0.453704,0.074074];[0.571429,0.404762,0.02381];[0.717949,0.271062,0.010989];[0.565217391304,0.121739130435,0.269565217391,0.0434782608696];1;1534.0;1.22364271569;1757;34;0.05818181818181818;1.7272727272727273;77.68909090909091;30.90909090909091;77.21090909090908;10.227272727272727;22.772727272727273;26.545454545454547;1.6181818181818182;0.0;2.252727272727273;0.13818181818181818;3.4127272727272726;0.31090909090909097;2.1999999999999997;6.136363636363637;6.954545454545454
11286;zone57;5466.52613028024;3072.1402274564575;0.0;zone57;S01010312;34;868;647;425;[0.117647,0.823529,0.058824];[0.754386,0.22807,0.017544];[0.407407,0.444444,0.148148];[0.804945,0.153846,0.041209];[0.586956521739,0.115942028986,0.268115942029,0.0289855072464];1;685.0;0.247477927043;1687;46;0.05294117647058823;1.2941176470588236;76.16588235294117;29.705882352941178;75.59647058823529;10.176470588235293;22.558823529411764;26.176470588235293;1.371764705882353;0.0;3.222352941176471;0.13764705882352943;2.810588235294117;0.37882352941176467;2.1694117647058824;4.705882352941177;7.117647058823529
11286;zone58;5251.7403530303945;3502.549209042501;0.0;zone58;S01010313;16;654;529;356;[0.428571,0.285714,0.285714];[0.6,0.333333,0.066667];[0.433735,0.481928,0.084337];[0.739623,0.162264,0.098113];[0.648351648352,0.131868131868,0.175824175824,0.043956043956];1;565.0;0.109617915218;2113;25;0.0625;0.875;84.8075;31.25;80.895;11.4375;23.3125;28.875;2.885000000000001;0.0;2.857500000000001;0.095;3.085000000000001;0.3375;2.4850000000000003;3.6875;8.375
11286;zone59;4840.312157862589;3385.4448126102257;0.0;zone59;S01010314;21;1248;1034;550;[0.358209,0.507463,0.134328];[0.514493,0.333333,0.152174];[0.5,0.326923,0.173077];[0.636,0.324,0.04];[0.316901408451,0.133802816901,0.401408450704,0.147887323944];1;637.0;0.192402372167;1207;27;0.04952380952380953;1.5714285714285714;61.455238095238094;26.333333333333332;78.35809523809523;12.476190476190476;24.238095238095237;20.952380952380953;3.6000000000000005;0.0;3.577142857142856;0.18857142857142858;1.1504761904761902;0.4361904761904762;2.497142857142857;7.476190476190476;8.047619047619047
11286;zone60;4536.293429266749;2504.1273706154316;0.0;zone60;S01010315;43;911;678;409;[0.180723,0.554217,0.26506];[0.252632,0.457895,0.289474];[0.208333,0.5,0.291667];[0.55144,0.345679,0.102881];[0.308176100629,0.169811320755,0.358490566038,0.163522012579];2;382.0;-0.100954860853;1624;80;0.07348837209302325;1.302325581395349;75.07348837209304;31.186046511627907;77.94046511627906;10.55813953488372;23.13953488372093;25.837209302325583;3.1293023255813948;0.0;2.653953488372093;0.05581395348837209;2.729302325581396;0.36837209302325574;2.3776744186046517;5.209302325581396;8.116279069767442
11286;zone61;4589.6619547948285;2943.195659127726;0.0;zone61;S01010316;25;512;414;304;[0.392157,0.529412,0.078431];[0.62931,0.37069,0.0];[0.439024,0.560976,0.0];[0.775401,0.224599,0.0];[0.439252336449,0.102803738318,0.252336448598,0.205607476636];1;481.0;0.0128180141103;1382;49;0.0768;1.56;64.25919999999999;27.08;75.39200000000001;11.24;23.6;21.84;2.3104;0.0;3.4463999999999997;0.1168;2.1408;0.4368000000000001;2.6352;5.92;7.52
11286;zone63;4421.5566371748755;3071.026327566895;0.0;zone63;S01010318;12;1588;1497;304;[0.5,0.456522,0.043478];[0.469799,0.47651,0.053691];[0.310345,0.37931,0.310345];[0.678571,0.285714,0.035714];[0.36,0.14,0.34,0.16];3;317.0;-0.175110645645;1131;27;0.08333333333333333;1.1666666666666667;60.96333333333334;35.416666666666664;71.53333333333333;10.25;22.416666666666668;20.916666666666668;3.623333333333333;0.0;3.6799999999999997;0.7966666666666667;1.16;0.2833333333333334;2.2166666666666672;4.416666666666667;8.833333333333334
11286;zone64;4173.240913470097;2893.8040771744095;0.0;zone64;S01010319;9;711;624;407;[0.258741,0.608392,0.132867];[0.383399,0.486166,0.130435];[0.439394,0.212121,0.348485];[0.530769,0.384615,0.084615];[0.171974522293,0.0700636942675,0.471337579618,0.286624203822];2;473.0;0.00423719084943;1441;11;0.04888888888888889;2.2222222222222223;74.57333333333332;27.11111111111111;78.76888888888888;10.0;23.11111111111111;25.444444444444443;3.537777777777778;0.0;1.5644444444444443;0.05333333333333333;2.5022222222222226;0.30222222222222217;2.128888888888889;8.11111111111111;7.111111111111111
11286;zone65;3940.1918462749595;2900.8899784533987;0.0;zone65;S01010320;4;675;594;437;[0.257813,0.523438,0.21875];[0.61753,0.298805,0.083665];[0.526316,0.22807,0.245614];[0.805085,0.169492,0.025424];[0.172185430464,0.0662251655629,0.443708609272,0.317880794702];1;646.0;0.202453315259;1163;7;0.07;1.0;50.900000000000006;31.5;77.23;13.5;25.75;17.5;7.25;0.0;1.4;0.30000000000000004;2.36;0.30000000000000004;3.0200000000000005;4.25;11.0
11286;zone66;3905.8658739096163;2664.6669636212755;0.0;zone66;S01010321;7;837;634;432;[0.401709,0.555556,0.042735];[0.54717,0.433962,0.018868];[0.45122,0.439024,0.109756];[0.666667,0.271186,0.062147];[0.212328767123,0.0958904109589,0.390410958904,0.301369863014];1;1019.0;0.631764531736;2146;17;0.09142857142857143;0.7142857142857143;87.05714285714284;26.714285714285715;79.17142857142858;10.714285714285714;23.0;30.428571428571427;2.9885714285714284;0.0;2.2342857142857144;0.10285714285714286;2.1999999999999997;0.5314285714285714;2.662857142857143;2.4285714285714284;7.142857142857143
11286;zone67;3630.3978644730896;3132.1651121578075;0.0;zone67;S01010322;9;1028;914;549;[0.174419,0.549419,0.276163];[0.412399,0.471698,0.115903];[0.298507,0.38806,0.313433];[0.647059,0.323529,0.029412];[0.057268722467,0.0352422907489,0.449339207048,0.458149779736];5;124.0;-0.397569575369;1513;22;0.09333333333333334;2.5555555555555554;74.9511111111111;39.44444444444444;81.32;9.11111111111111;22.444444444444443;26.444444444444443;4.524444444444445;0.0;2.733333333333333;0.8888888888888888;2.5066666666666664;0.32;1.2044444444444444;9.555555555555555;10.222222222222221
11286;zone68;6208.193116766784;3072.425066795916;0.0;zone68;S01010323;4;603;466;377;[0.555556,0.444444,0.0];[0.657143,0.271429,0.071429];[0.642857,0.321429,0.035714];[0.793651,0.166667,0.039683];[0.578431372549,0.166666666667,0.235294117647,0.0196078431373];1;970.0;0.57559463238;946;7;0.07;2.0;50.59;17.5;81.96;15.75;27.0;16.75;7.24;0.0;0.1;0.0;0.8300000000000001;0.54;2.03;10.5;7.75
11286;zone69;6517.651722029823;2240.572579661372;0.0;zone69;S01010324;6;759;566;403;[0.142857,0.571429,0.285714];[0.298077,0.490385,0.211538];[0.333333,0.530864,0.135802];[0.401674,0.414226,0.1841];[0.569620253165,0.101265822785,0.291139240506,0.0379746835443];1;407.0;-0.0721601679586;1301;4;0.02666666666666667;1.1666666666666667;52.85333333333333;17.333333333333332;58.54;8.333333333333334;21.166666666666668;18.5;0.4666666666666666;0.0;1.2733333333333332;0.0;1.7666666666666666;0.21999999999999997;2.6466666666666665;2.8333333333333335;3.1666666666666665
11286;zone70;6038.016041009105;2402.8415869980217;0.0;zone70;S01010325;18;939;666;501;[0.263158,0.368421,0.368421];[0.383838,0.525253,0.090909];[0.253623,0.615942,0.130435];[0.451362,0.463035,0.085603];[0.545454545455,0.238636363636,0.193181818182,0.0227272727273];1;225.0;-0.281126582053;1650;29;0.06;1.3888888888888888;65.13111111111112;26.22222222222222;73.01777777777778;11.277777777777779;23.22222222222222;22.22222222222222;1.0066666666666668;0.0;1.1466666666666667;0.0;3.751111111111111;0.39333333333333337;2.5466666666666673;5.666666666666667;5.333333333333333
11286;zone71;5272.359331052501;2740.775131541117;0.0;zone71;S01010326;39;987;707;494;[0.526316,0.368421,0.105263];[0.522523,0.333333,0.144144];[0.492188,0.3125,0.195313];[0.723514,0.224806,0.05168];[0.54375,0.16875,0.23125,0.05625];1;1389.0;1.05701743376;973;57;0.05435897435897436;1.0512820512820513;55.02666666666668;30.564102564102566;71.94461538461539;11.564102564102564;23.487179487179485;18.743589743589745;1.5312820512820513;0.0;5.4564102564102575;0.01230769230769231;2.1671794871794865;0.3466666666666667;2.6625641025641023;4.410256410256411;8.794871794871796
11286;zone72;4970.167032608406;2501.795090448298;0.0;zone72;S01010327;34;982;660;362;[0.031746,0.507937,0.460317];[0.372881,0.432203,0.194915];[0.289063,0.328125,0.382813];[0.516892,0.347973,0.135135];[0.416184971098,0.21387283237,0.236994219653,0.132947976879];1;470.0;0.000335688704598;948;53;0.05647058823529412;1.7352941176470589;62.27882352941175;27.176470588235293;76.3905882352941;11.176470588235293;23.5;21.558823529411764;1.622352941176471;0.0;6.21764705882353;0.0;1.1141176470588237;0.40823529411764703;2.167058823529412;6.794117647058823;8.470588235294118
11286;zone73;5975.307390960257;2677.5485166167286;0.0;zone73;S01010328;24;969;706;445;[0.16129,0.5,0.33871];[0.27044,0.471698,0.257862];[0.192547,0.434783,0.372671];[0.338983,0.432203,0.228814];[0.309352517986,0.258992805755,0.280575539568,0.151079136691];2;457.0;-0.0138550124678;1766;31;0.05166666666666667;1.875;74.48666666666666;31.125;79.81666666666668;10.666666666666666;23.541666666666668;25.625;2.148333333333333;0.0;1.035;0.0;4.726666666666667;0.33666666666666667;2.263333333333333;7.708333333333333;7.5
11286;zone74;4421.847657862615;2232.0860934321454;0.0;zone74;S01010329;21;573;435;290;[0.368421,0.263158,0.368421];[0.341176,0.470588,0.188235];[0.255814,0.465116,0.27907];[0.52,0.354286,0.125714];[0.438356164384,0.191780821918,0.27397260274,0.0958904109589];2;105.0;-0.418628586414;1777;24;0.04571428571428571;1.7142857142857142;81.41904761904763;29.095238095238095;77.98857142857145;9.238095238095237;22.61904761904762;28.095238095238095;2.7009523809523808;0.0;1.9123809523809518;0.02476190476190476;2.556190476190477;0.33714285714285724;2.179047619047619;6.666666666666667;6.619047619047619
