cycle;name;location.x;location.y;location.z;name;dataZone;nm_children;pop;over16;nm_hh;AB_car_prob;C1_car_prob;C2_car_prob;DE_car_prob;prob_social;simd;crimeRate;norm_crime;avg_dis_sh;neigh_play;daily_play_per_child;avg_FSA;avg_walk;daily_OD;zone_mvpa;mvpa_home;mvpa_sc;mvpa_road;mvpa_play_field;mvpa_home_garden;mvpa_park;mvpa_PG;mvpa_amenity;mvpa_shops;mvpa_F_home;mvpa_fsa;mvpa_OD
11286;zone0;8448.90275962388;2625.4515469546564;0.0;zone0;S01010195;19;531;390;212;[0.0,0.481481,0.518519];[0.261538,0.646154,0.092308];[0.12,0.59,0.29];[0.447368,0.368421,0.184211];[0.418918918919,0.283783783784,0.202702702703,0.0945945945946];1;0.0;-0.540229885057;1119;33;0.06315789473684211;1.2105263157894737;62.235789473684214;31.68421052631579;71.2421052631579;10.052631578947368;22.526315789473685;21.57894736842105;0.6231578947368421;0.0;4.048421052631579;0.0;3.3810526315789473;0.3957894736842106;2.3936842105263154;4.631578947368421;7.578947368421052
11286;zone1;8656.736904000718;2165.9902346445633;0.0;zone1;S01010198;18;1027;748;394;[0.058824,0.529412,0.411765];[0.305785,0.561983,0.132231];[0.219858,0.496454,0.283688];[0.523179,0.331126,0.145695];[0.48623853211,0.229357798165,0.266055045872,0.0183486238532];1;1609.0;1.3102524676;1169;28;0.06222222222222222;1.2777777777777777;58.906666666666666;31.27777777777778;71.75777777777779;10.61111111111111;23.166666666666668;20.27777777777778;0.9133333333333332;0.0;3.1288888888888886;0.1711111111111111;4.006666666666666;0.3222222222222223;2.5533333333333332;4.944444444444445;7.722222222222222
11286;zone2;8537.588755655543;3024.028900129281;0.0;zone2;S01010201;22;643;453;253;[0.0,0.47619,0.52381];[0.270833,0.3125,0.416667];[0.088,0.48,0.432];[0.296552,0.434483,0.268966];[0.365853658537,0.292682926829,0.292682926829,0.0487804878049];2;219.0;-0.28762447053;1076;41;0.07090909090909091;1.3636363636363635;55.972727272727276;33.90909090909091;69.53454545454544;10.136363636363637;22.818181818181817;19.181818181818183;0.7054545454545456;0.0;2.898181818181819;0.09272727272727273;4.0618181818181816;0.36727272727272725;2.450909090909091;5.045454545454546;7.2727272727272725
11286;zone3;8059.42097232239;3767.666522351409;0.0;zone3;S01010203;30;671;504;260;[0.090909,0.363636,0.545455];[0.263804,0.460123,0.276074];[0.094828,0.422414,0.482759];[0.183824,0.375,0.441176];[0.272727272727,0.218181818182,0.363636363636,0.145454545455];3;215.0;-0.292668818285;1951;41;0.05466666666666667;1.5333333333333334;88.77866666666667;31.766666666666666;86.05466666666668;10.866666666666667;24.133333333333333;30.833333333333332;2.0973333333333333;0.0;2.008;0.0;4.682666666666667;0.39333333333333326;2.336;6.933333333333334;8.366666666666667
11286;zone4;8368.288440296214;3565.498290652094;0.0;zone4;S01010204;30;800;589;381;[0.272727,0.727273,0.0];[0.627451,0.27451,0.098039];[0.444444,0.533333,0.022222];[0.600619,0.321981,0.077399];[0.595041322314,0.157024793388,0.239669421488,0.00826446280992];1;497.0;0.0317745673598;1318;49;0.06133333333333333;1.0666666666666667;56.960000000000015;28.033333333333335;71.34400000000001;11.733333333333333;23.533333333333335;19.533333333333335;1.0173333333333334;0.0;3.149333333333333;0.05466666666666667;3.4079999999999995;0.36266666666666664;2.5666666666666673;4.333333333333333;7.1
11286;zone5;8034.229745798958;3515.110462853287;0.0;zone5;S01010205;15;658;534;355;[0.411765,0.117647,0.470588];[0.465116,0.457364,0.077519];[0.317757,0.588785,0.093458];[0.593458,0.280374,0.126168];[0.466666666667,0.2,0.3,0.0333333333333];1;925.0;0.523434132086;1292;19;0.04533333333333334;1.6;56.736000000000004;25.266666666666666;75.456;12.6;24.6;19.4;1.6480000000000001;0.0;2.173333333333334;0.01866666666666667;3.6133333333333337;0.45066666666666666;2.6586666666666665;6.666666666666667;7.0
11286;zone6;7457.064719570519;3739.055375726369;0.0;zone6;S01010208;18;903;745;565;[0.30137,0.589041,0.109589];[0.48062,0.457364,0.062016];[0.272727,0.613636,0.113636];[0.66055,0.270642,0.068807];[0.233333333333,0.133333333333,0.461111111111,0.172222222222];1;603.0;0.153385979085;1294;23;0.05111111111111111;1.3333333333333333;60.693333333333335;28.555555555555557;74.54888888888888;11.722222222222221;23.77777777777778;20.88888888888889;1.3155555555555558;0.0;1.8355555555555556;0.0;4.228888888888889;0.47111111111111115;2.2444444444444445;6.111111111111111;6.944444444444445
11286;zone7;7917.838214725937;1939.334458859395;0.0;zone7;S01010209;24;966;677;468;[0.172414,0.586207,0.241379];[0.333333,0.414966,0.251701];[0.381944,0.458333,0.159722];[0.545852,0.336245,0.117904];[0.337931034483,0.248275862069,0.303448275862,0.110344827586];1;2053.0;1.82052250092;1638;30;0.04833333333333333;1.7916666666666667;80.77333333333333;25.333333333333332;81.75833333333333;10.916666666666666;24.208333333333332;27.708333333333332;0.535;0.0;3.5583333333333336;0.0;3.108333333333333;0.36500000000000005;2.1766666666666663;7.416666666666667;6.666666666666667
11286;zone8;7878.406567747077;2721.2634132011362;0.0;zone8;S01010210;18;885;641;416;[0.173913,0.456522,0.369565];[0.21519,0.5,0.28481];[0.189781,0.386861,0.423358];[0.422111,0.442211,0.135678];[0.394736842105,0.236842105263,0.254385964912,0.114035087719];1;344.0;-0.144253829852;1252;27;0.05555555555555555;1.1666666666666667;58.97777777777779;23.833333333333332;64.71333333333334;9.666666666666666;21.61111111111111;19.88888888888889;1.0377777777777777;0.0;1.9333333333333331;0.00888888888888889;1.9777777777777779;0.5066666666666667;2.362222222222222;3.9444444444444446;4.611111111111111
11286;zone9;7785.599648345685;3201.783800714137;0.0;zone9;S01010211;22;858;634;452;[0.147059,0.705882,0.147059];[0.384615,0.452991,0.162393];[0.469565,0.4,0.130435];[0.722656,0.226563,0.050781];[0.473214285714,0.169642857143,0.285714285714,0.0714285714286];1;430.0;-0.0456985893816;1067;34;0.06;1.0454545454545454;50.25272727272727;28.318181818181817;67.9490909090909;11.0;23.045454545454547;17.318181818181817;2.805454545454545;0.0;2.152727272727273;0.0;2.532727272727273;0.4690909090909091;2.958181818181818;3.909090909090909;7.090909090909091
11286;zone10;7580.688680869333;3097.127786881416;0.0;zone10;S01010212;49;1083;779;559;[0.233333,0.633333,0.133333];[0.594771,0.339869,0.065359];[0.465517,0.405172,0.12931];[0.712821,0.269231,0.017949];[0.566037735849,0.138364779874,0.22641509434,0.0691823899371];1;1473.0;1.15298517036;1179;91;0.07102040816326531;1.3061224489795917;57.872653061224504;30.20408163265306;72.1387755102041;11.387755102040817;23.387755102040817;19.877551020408163;1.4040816326530612;0.0;2.7706122448979595;0.0;3.560816326530613;0.3991836734693879;2.502857142857143;5.204081632653061;7.183673469387755
11286;zone11;8065.177293237223;3111.5884965344962;0.0;zone11;S01010213;13;924;657;476;[0.105263,0.684211,0.210526];[0.382609,0.547826,0.069565];[0.218543,0.556291,0.225166];[0.467925,0.483019,0.049057];[0.451327433628,0.221238938053,0.274336283186,0.0530973451327];1;247.0;-0.255840453357;1024;17;0.05230769230769231;2.1538461538461537;52.47384615384616;20.076923076923077;70.53846153846155;10.923076923076923;22.846153846153847;17.53846153846154;1.0184615384615385;0.0;2.56;0.0;1.883076923076923;0.5661538461538462;1.5076923076923079;9.461538461538462;5.076923076923077
11286;zone12;7144.994858230166;1947.4125453867302;0.0;zone12;S01010214;27;967;717;396;[0.098592,0.28169,0.619718];[0.197531,0.438272,0.364198];[0.173333,0.493333,0.333333];[0.237069,0.487069,0.275862];[0.361344537815,0.210084033613,0.310924369748,0.117647058824];3;176.0;-0.337854473183;1953;33;0.04592592592592593;1.4444444444444444;86.50222222222222;31.962962962962962;81.08592592592595;10.25925925925926;23.37037037037037;29.814814814814813;2.277037037037037;0.0;1.7496296296296299;0.0;3.992592592592593;0.29629629629629634;2.3629629629629627;5.222222222222222;7.518518518518518
11286;zone13;7013.590150664996;2618.495528189446;0.0;zone13;S01010215;24;850;608;492;[0.571429,0.285714,0.142857];[0.5,0.431373,0.068627];[0.382609,0.391304,0.226087];[0.678571,0.269841,0.051587];[0.467289719626,0.140186915888,0.345794392523,0.0467289719626];1;547.0;0.0886083430805;612;42;0.06666666666666667;1.4166666666666667;43.876666666666665;26.791666666666668;68.36166666666666;12.166666666666666;23.791666666666668;14.875;1.5433333333333332;0.0;1.6466666666666672;0.0;3.938333333333333;0.3033333333333334;2.8400000000000003;5.625;6.666666666666667
11286;zone14;7332.222205807836;2329.961970144465;0.0;zone14;S01010216;15;621;464;361;[0.6,0.4,0.0];[0.597701,0.356322,0.045977];[0.409091,0.439394,0.151515];[0.709544,0.273859,0.016598];[0.5,0.163265306122,0.265306122449,0.0714285714286];1;600.0;0.150092344085;1304;22;0.05333333333333334;1.2;65.04;29.266666666666666;73.92799999999998;10.466666666666667;23.333333333333332;22.6;1.0933333333333333;0.0;4.328;0.0;2.6533333333333338;0.2533333333333333;2.64;4.8;7.666666666666667
11286;zone15;7299.833172322251;2625.8610945736937;0.0;zone15;S01010217;33;817;598;406;[0.16129,0.516129,0.322581];[0.565517,0.4,0.034483];[0.5,0.431373,0.068627];[0.702703,0.283784,0.013514];[0.541935483871,0.0967741935484,0.296774193548,0.0645161290323];1;1060.0;0.679274950851;967;56;0.06545454545454546;1.5454545454545454;50.18181818181818;30.666666666666668;67.26545454545453;10.303030303030303;22.545454545454547;17.0;1.3248484848484845;0.0;2.4715151515151517;0.0;3.689696969696969;0.2436363636363637;2.150303030303031;5.636363636363637;6.9393939393939394
11286;zone16;7142.953643082513;3018.5401822929393;0.0;zone16;S01010218;31;1018;790;587;[0.425532,0.404255,0.170213];[0.392523,0.453271,0.154206];[0.358209,0.492537,0.149254];[0.589124,0.335347,0.075529];[0.424657534247,0.109589041096,0.369863013699,0.0958904109589];1;557.0;0.101026678737;593;48;0.06193548387096774;1.7096774193548387;46.547096774193555;24.258064516129032;65.88387096774193;10.741935483870968;22.93548387096774;15.741935483870968;1.2812903225806453;0.0;1.0670967741935484;0.0;3.3754838709677415;0.21161290322580653;2.1187096774193552;6.774193548387097;5.258064516129032
11286;zone17;6738.8937706128745;4298.8917997019325;0.0;zone17;S01010219;21;503;382;274;[0.695652,0.304348,0.0];[0.758621,0.215517,0.025862];[0.761905,0.166667,0.071429];[0.781609,0.195402,0.022989];[0.41935483871,0.0752688172043,0.408602150538,0.0967741935484];2;184.0;-0.327838932938;1663;40;0.07428571428571429;0.8095238095238095;77.1257142857143;37.04761904761905;73.90857142857142;8.761904761904763;21.904761904761905;26.904761904761905;4.026666666666666;0.0;4.0876190476190475;0.00952380952380952;1.716190476190476;0.2780952380952382;2.0933333333333333;2.4761904761904763;9.380952380952381
11286;zone18;5915.780765415368;4211.222876105162;0.0;zone18;S01010220;7;476;433;279;[0.181159,0.608696,0.210145];[0.404255,0.531915,0.06383];[0.227273,0.704545,0.068182];[0.448276,0.482759,0.068966];[0.154545454545,0.0636363636364,0.318181818182,0.463636363636];5;267.0;-0.232306706325;1096;18;0.09714285714285714;1.4285714285714286;59.88;24.142857142857142;70.16;10.571428571428571;22.714285714285715;20.714285714285715;4.611428571428571;0.0;2.937142857142857;0.0;0.5485714285714286;0.5257142857142857;1.914285714285714;3.7142857142857144;7.714285714285714
11286;zone19;6341.0811208317455;3913.8398648988496;0.0;zone19;S01010221;13;546;394;260;[0.6,0.4,0.0];[0.557377,0.409836,0.032787];[0.538462,0.323077,0.138462];[0.699387,0.257669,0.042945];[0.609375,0.140625,0.203125,0.046875];1;635.0;0.19005459739;937;15;0.04615384615384616;0.8461538461538461;52.1876923076923;16.23076923076923;63.323076923076925;10.538461538461538;22.846153846153847;17.692307692307693;2.0923076923076924;0.0;1.2553846153846153;0.02461538461538462;1.4923076923076928;0.46153846153846156;2.6953846153846155;2.923076923076923;4.384615384615385
11286;zone20;7001.213463613622;4053.9957950241624;0.0;zone20;S01010222;15;492;414;285;[0.142857,0.5,0.357143];[0.432432,0.459459,0.108108];[0.348624,0.522936,0.12844];[0.747899,0.235294,0.016807];[0.345238095238,0.214285714286,0.309523809524,0.130952380952];1;377.0;-0.105830277325;1763;25;0.06133333333333333;1.6666666666666667;75.89333333333335;29.466666666666665;77.04533333333332;9.8;22.866666666666667;26.133333333333333;2.488;0.0;2.2079999999999997;0.05066666666666667;2.7840000000000003;0.2586666666666667;2.314666666666667;6.4;7.0
11286;zone21;6986.8418912765155;3434.1450308482026;0.0;zone21;S01010223;4;556;462;337;[0.076923,0.538462,0.384615];[0.567797,0.330508,0.101695];[0.472222,0.444444,0.083333];[0.584699,0.36612,0.04918];[0.432432432432,0.162162162162,0.324324324324,0.0810810810811];1;439.0;-0.0353356041414;1600;8;0.08;1.75;78.16999999999999;33.75;75.32;9.0;21.75;27.25;3.17;0.0;1.55;0.0;2.66;0.22;1.31;6.5;7.0
11286;zone22;6247.397837456437;3329.661273309237;0.0;zone22;S01010224;40;1036;727;469;[0.405405,0.540541,0.054054];[0.592593,0.274074,0.133333];[0.418803,0.504274,0.076923];[0.768421,0.202632,0.028947];[0.506097560976,0.140243902439,0.268292682927,0.0853658536585];1;1004.0;0.614259332793;925;58;0.055;1.175;53.20800000000001;21.7;68.237;11.4;22.975;18.05;3.5439999999999996;0.0;1.364;0.07500000000000002;1.4210000000000003;0.36800000000000005;2.5210000000000004;4.85;5.925
11286;zone23;7827.985844039554;4105.4701191949;0.0;zone23;S01010225;33;812;636;431;[0.25,0.634615,0.115385];[0.469072,0.43299,0.097938];[0.54023,0.413793,0.045977];[0.672065,0.234818,0.093117];[0.385185185185,0.125925925926,0.325925925926,0.162962962963];1;1006.0;0.616572011517;1632;48;0.05696969696969697;1.3333333333333333;72.51878787878788;31.242424242424242;71.38666666666667;9.06060606060606;21.848484848484848;24.848484848484848;1.716363636363636;0.0;1.9236363636363631;0.01090909090909091;2.9539393939393936;0.32363636363636367;1.981818181818182;4.9393939393939394;6.151515151515151
11286;zone24;7040.363001382077;4481.052780471187;0.0;zone24;S01010226;40;816;565;394;[0.454545,0.242424,0.30303];[0.715385,0.2,0.084615];[0.540541,0.405405,0.054054];[0.766917,0.18797,0.045113];[0.503355704698,0.201342281879,0.221476510067,0.0738255033557];2;422.0;-0.0548014077425;1375;87;0.085;1.5;64.90399999999997;32.4;75.42299999999999;10.775;22.95;22.175;3.716;0.0;4.199999999999999;0.067;1.4300000000000002;0.353;2.1019999999999994;5.975;8.925
11286;zone25;6847.772309074456;4638.663588163389;0.0;zone25;S01010227;39;692;454;294;[0.413793,0.413793,0.172414];[0.704545,0.238636,0.056818];[0.654545,0.345455,0.0];[0.810606,0.159091,0.030303];[0.672268907563,0.0924369747899,0.159663865546,0.0756302521008];4;0.0;-0.540229885057;989;130;0.1282051282051282;1.2307692307692308;53.38769230769232;41.94871794871795;72.80205128205128;10.487179487179487;22.82051282051282;18.256410256410255;5.760000000000001;0.0;5.147692307692307;0.0041025641025641;1.528205128205128;0.37743589743589745;2.3487179487179484;4.487179487179487;12.0
11286;zone26;8241.816993110848;4572.457656401622;0.0;zone26;S01010229;30;1016;787;508;[0.1,0.625,0.275];[0.350877,0.350877,0.298246];[0.348315,0.477528,0.174157];[0.565217,0.310559,0.124224];[0.420731707317,0.213414634146,0.292682926829,0.0731707317073];1;395.0;-0.0859445809966;1416;41;0.05066666666666667;0.9333333333333333;67.74933333333333;25.466666666666665;74.09066666666666;11.766666666666667;23.5;23.033333333333335;2.3573333333333335;0.0;2.984;0.0;2.2213333333333334;0.32533333333333336;2.7919999999999994;3.3333333333333335;7.2
11286;zone27;7458.320056766788;4680.341251240345;0.0;zone27;S01010230;24;1005;772;577;[0.314286,0.628571,0.057143];[0.703883,0.296117,0.0];[0.727273,0.218182,0.054545];[0.71831,0.24507,0.03662];[0.517857142857,0.136904761905,0.267857142857,0.077380952381];1;846.0;0.433218203459;1044;36;0.05333333333333334;1.6666666666666667;55.38999999999999;27.166666666666668;74.795;12.0;23.75;18.833333333333332;2.2299999999999995;0.0;4.349999999999999;0.025;1.9216666666666666;0.40666666666666673;2.203333333333333;7.208333333333333;8.041666666666666
11286;zone28;7569.802990100143;4917.458811240416;0.0;zone28;S01010232;37;1074;792;485;[0.457143,0.485714,0.057143];[0.557292,0.338542,0.104167];[0.492063,0.333333,0.174603];[0.654229,0.251244,0.094527];[0.470297029703,0.153465346535,0.306930693069,0.0693069306931];1;771.0;0.347049794199;902;59;0.0627027027027027;1.7297297297297298;53.57837837837839;26.2972972972973;67.29513513513515;10.108108108108109;22.35135135135135;18.18918918918919;1.6367567567567571;0.0;2.1005405405405404;0.06054054054054055;2.581621621621622;0.3902702702702703;2.145945945945946;6.027027027027027;5.918918918918919
11286;zone29;7830.713068379679;4879.746446724283;0.0;zone29;S01010233;33;970;705;476;[0.275,0.625,0.1];[0.655629,0.245033,0.099338];[0.52809,0.426966,0.044944];[0.771505,0.212366,0.016129];[0.587209302326,0.093023255814,0.261627906977,0.0581395348837];1;284.0;-0.213781821634;1194;56;0.06666666666666667;1.3636363636363635;60.3369696969697;30.393939393939394;70.05212121212121;10.424242424242424;22.393939393939394;20.666666666666668;1.5490909090909095;0.0;2.5903030303030303;0.02545454545454545;3.071515151515151;0.3212121212121213;2.1309090909090913;5.181818181818182;6.7272727272727275
11286;zone30;6473.383843181837;4954.519765957263;0.0;zone30;S01010261;6;2551;2373;526;[0.666667,0.270833,0.0625];[0.675841,0.281346,0.042813];[0.75,0.25,0.0];[0.824468,0.164894,0.010638];[0.41,0.06,0.41,0.12];3;176.0;-0.337679921334;1918;12;0.07333333333333333;0.3333333333333333;81.27999999999999;35.5;79.37333333333333;11.333333333333334;24.0;28.333333333333332;4.026666666666666;0.0;2.06;0.13333333333333333;3.966666666666667;0.4733333333333334;2.6199999999999997;1.0;9.666666666666666
11286;zone31;4930.642193689802;4959.449818932565;0.0;zone31;S01010266;3;555;474;237;[0.320755,0.556604,0.122642];[0.677273,0.254545,0.068182];[0.5,0.461538,0.038462];[0.534247,0.30137,0.164384];[0.141176470588,0.0588235294118,0.4,0.4];3;536.0;0.0761386922126;1057;0;0.0;1.0;52.38666666666666;30.666666666666668;59.32;8.333333333333334;20.666666666666668;18.0;1.8933333333333333;0.0;0.8000000000000002;0.16;2.1199999999999997;0.39999999999999997;2.4266666666666663;2.6666666666666665;4.333333333333333
11286;zone32;5712.5549897826;4979.400336637217;0.0;zone32;S01010270;4;1153;972;817;[0.389831,0.533898,0.076271];[0.70255,0.252125,0.045326];[0.714286,0.272727,0.012987];[0.771552,0.228448,0.0];[0.125,0.0909090909091,0.454545454545,0.329545454545];1;871.0;0.461200629557;1704;5;0.05;2.5;82.79;20.75;74.12;7.75;21.75;28.25;2.33;0.0;0.99;0.0;1.1700000000000002;0.53;1.27;8.0;3.75
11286;zone33;3394.0723536088512;4934.677182292946;0.0;zone33;S01010282;13;976;841;645;[0.438776,0.520408,0.040816];[0.545732,0.405488,0.04878];[0.521277,0.382979,0.095745];[0.712707,0.232044,0.055249];[0.190954773869,0.070351758794,0.35175879397,0.386934673367];2;350.0;-0.137812028107;1404;11;0.03384615384615385;1.8461538461538463;64.05538461538461;25.923076923076923;74.50769230769231;10.76923076923077;22.846153846153847;21.923076923076923;0.7384615384615384;0.0;5.098461538461539;0.28;1.735384615384615;0.35384615384615387;2.1815384615384614;6.923076923076923;7.461538461538462
11286;zone34;4385.789287498423;4835.237486850067;0.0;zone34;S01010289;15;771;687;380;[0.130952,0.511905,0.357143];[0.262911,0.502347,0.234742];[0.178571,0.464286,0.357143];[0.410256,0.435897,0.153846];[0.058064516129,0.0322580645161,0.245161290323,0.664516129032];5;259.0;-0.241396294863;1188;30;0.07733333333333334;2.2;67.28000000000002;39.13333333333333;75.432;8.866666666666667;22.0;23.333333333333332;1.9039999999999997;0.0;4.021333333333334;0.9226666666666665;2.1866666666666665;0.2586666666666667;1.4453333333333331;8.6;8.666666666666666
11286;zone35;4401.5375624188455;4669.062022109911;0.0;zone35;S01010290;13;546;485;278;[0.198198,0.603604,0.198198];[0.485944,0.449799,0.064257];[0.555556,0.444444,0.0];[0.435897,0.512821,0.051282];[0.10752688172,0.0430107526882,0.494623655914,0.354838709677];3;353.0;-0.133686757747;1054;35;0.10461538461538461;1.6153846153846154;54.298461538461545;34.76923076923077;66.45538461538462;9.461538461538462;21.846153846153847;18.384615384615383;1.3107692307692307;0.0;3.7046153846153844;0.7230769230769231;2.2123076923076925;0.36000000000000004;1.5230769230769228;5.230769230769231;7.538461538461538
11286;zone36;4119.983651650423;4281.100418217042;0.0;zone36;S01010291;12;1075;975;481;[0.405594,0.447552,0.146853];[0.627907,0.277132,0.094961];[0.415094,0.433962,0.150943];[0.562963,0.325926,0.111111];[0.197080291971,0.0729927007299,0.445255474453,0.284671532847];3;438.0;-0.0363924713322;786;19;0.06333333333333334;1.75;51.830000000000005;36.333333333333336;72.51;10.25;22.916666666666668;17.666666666666668;1.3366666666666667;0.0;7.513333333333333;0.7333333333333334;0.9100000000000001;0.18666666666666668;1.8466666666666667;7.416666666666667;10.083333333333334
11286;zone37;4399.731076226201;4291.6703625917;0.0;zone37;S01010292;10;890;831;409;[0.348214,0.508929,0.142857];[0.477169,0.420091,0.10274];[0.339286,0.446429,0.214286];[0.55814,0.383721,0.05814];[0.128378378378,0.0540540540541,0.398648648649,0.418918918919];4;323.0;-0.168488563048;1172;13;0.052;1.0;54.048;45.7;66.692;8.7;21.6;18.4;2.984000000000001;0.0;6.548;0.876;1.1840000000000002;0.192;1.652;2.8;11.2
11286;zone38;4514.690807242894;4541.15458266895;0.0;zone38;S01010293;16;839;723;373;[0.51773,0.35461,0.12766];[0.635389,0.262735,0.101877];[0.446809,0.319149,0.234043];[0.514286,0.392857,0.092857];[0.242424242424,0.0606060606061,0.393939393939,0.30303030303];3;290.0;-0.205814991507;1070;38;0.095;1.625;56.2575;41.5625;76.20000000000002;11.0;23.125;19.375;2.4425000000000003;0.0;4.92;0.9875;2.7175;0.3350000000000001;1.9224999999999997;7.3125;10.6875
11286;zone39;4541.7482834333705;4418.565122351524;0.0;zone39;S01010294;13;690;631;275;[0.242105,0.526316,0.231579];[0.650873,0.214464,0.134663];[0.583333,0.208333,0.208333];[0.414894,0.489362,0.095745];[0.164835164835,0.043956043956,0.494505494505,0.296703296703];4;440.0;-0.0342259463805;1407;31;0.09230769230769231;1.4615384615384615;66.94769230769232;40.23076923076923;76.22461538461538;10.538461538461538;23.307692307692307;23.0;2.1784615384615384;0.0;2.710769230769231;1.3015384615384618;3.1876923076923083;0.3384615384615385;1.7353846153846155;6.384615384615385;8.923076923076923
11286;zone40;4766.8646917667475;4574.50133624035;0.0;zone40;S01010295;18;974;870;427;[0.384615,0.391026,0.224359];[0.604555,0.310559,0.084886];[0.428571,0.285714,0.285714];[0.390728,0.516556,0.092715];[0.212765957447,0.113475177305,0.297872340426,0.375886524823];4;529.0;0.0680145754747;1290;36;0.08;1.2777777777777777;59.266666666666666;39.666666666666664;77.83555555555556;11.777777777777779;23.944444444444443;20.11111111111111;1.586666666666667;0.0;5.995555555555556;0.8244444444444443;3.526666666666667;0.45999999999999996;2.171111111111111;5.722222222222222;11.333333333333334
11286;zone41;4647.752341766679;4736.091736240359;0.0;zone41;S01010296;16;664;560;291;[0.294118,0.423529,0.282353];[0.520913,0.368821,0.110266];[0.375,0.375,0.25];[0.475524,0.391608,0.132867];[0.282828282828,0.111111111111,0.363636363636,0.242424242424];2;856.0;0.444094443477;1044;44;0.11;1.75;55.8675;37.0625;72.05;10.0625;22.875;19.125;1.6849999999999998;0.0;3.872500000000001;0.7;2.6999999999999997;0.3525000000000001;1.7899999999999998;7.0625;8.5
11286;zone42;5522.849421766708;4411.996091240393;0.0;zone42;S01010297;7;1066;894;676;[0.582609,0.382609,0.034783];[0.691824,0.245283,0.062893];[0.540541,0.333333,0.126126];[0.681275,0.270916,0.047809];[0.260563380282,0.140845070423,0.37323943662,0.225352112676];1;504.0;0.0391758595379;371;13;0.07428571428571429;1.0;33.34285714285714;28.0;60.17142857142857;11.142857142857142;22.857142857142858;11.285714285714286;1.8114285714285714;0.0;1.0914285714285714;0.12;3.314285714285714;0.4685714285714286;2.08;4.428571428571429;6.0
11286;zone43;4706.481893689814;4143.807995855712;0.0;zone43;S01010298;12;880;677;515;[0.308943,0.479675,0.211382];[0.581395,0.356589,0.062016];[0.539683,0.396825,0.063492];[0.744828,0.193103,0.062069];[0.227272727273,0.0984848484848,0.371212121212,0.30303030303];1;486.0;0.0190902878356;1027;18;0.06;1.5833333333333333;52.31;32.583333333333336;72.17333333333333;11.333333333333334;23.083333333333332;17.666666666666668;2.473333333333333;0.0;4.623333333333333;0.6266666666666666;1.3066666666666666;0.2633333333333333;2.07;6.583333333333333;8.416666666666666
11286;zone44;4885.424673909578;4209.645754097502;0.0;zone44;S01010299;4;536;404;292;[0.3,0.54,0.16];[0.556701,0.340206,0.103093];[0.458333,0.520833,0.020833];[0.584906,0.283019,0.132075];[0.428571428571,0.0857142857143,0.285714285714,0.2];1;375.0;-0.10827530326;777;4;0.04;1.5;45.68;28.75;68.94999999999999;11.25;24.25;15.25;2.01;0.0;0.22;0.38;4.13;0.64;2.0700000000000003;7.0;6.0
11286;zone45;4883.397012115578;4340.414778682246;0.0;zone45;S01010300;21;934;764;478;[0.460784,0.411765,0.127451];[0.664653,0.238671,0.096677];[0.632353,0.323529,0.044118];[0.606383,0.329787,0.06383];[0.3046875,0.125,0.3515625,0.21875];2;513.0;0.0498225801839;638;50;0.09523809523809523;1.5714285714285714;42.179047619047616;31.666666666666668;70.19999999999999;12.047619047619047;23.714285714285715;14.523809523809524;3.228571428571429;0.0;1.3447619047619046;0.13333333333333333;3.9695238095238103;0.43428571428571444;2.2495238095238097;6.904761904761905;8.142857142857142
11286;zone46;5144.66081966521;4032.769083704074;0.0;zone46;S01010301;6;522;457;283;[0.292683,0.597561,0.109756];[0.57563,0.315126,0.109244];[0.222222,0.703704,0.074074];[0.561798,0.393258,0.044944];[0.214285714286,0.0612244897959,0.459183673469,0.265306122449];4;490.0;0.0232745011966;863;17;0.1;1.6666666666666667;51.873333333333335;49.666666666666664;74.69333333333333;10.5;23.666666666666668;17.333333333333332;5.013333333333333;0.0;2.0866666666666664;0.3066666666666667;6.553333333333334;0.45333333333333337;1.4133333333333333;5.333333333333333;13.5
11286;zone47;5165.568789180556;4297.038752619699;0.0;zone47;S01010302;24;669;495;388;[0.65625,0.28125,0.0625];[0.6,0.356522,0.043478];[0.716981,0.226415,0.056604];[0.801802,0.18018,0.018018];[0.582417582418,0.0769230769231,0.263736263736,0.0769230769231];1;392.0;-0.0896499889057;581;62;0.09666666666666666;1.625;37.995000000000005;29.166666666666668;65.87833333333332;11.625;23.125;12.875;3.233333333333334;0.0;0.8133333333333334;0.17833333333333334;3.2633333333333336;0.42166666666666663;2.3633333333333337;6.125;7.0
11286;zone48;5241.140616766716;4139.402270499609;0.0;zone48;S01010303;33;579;387;250;[0.692308,0.153846,0.153846];[0.56701,0.298969,0.134021];[0.630435,0.282609,0.086957];[0.658879,0.285047,0.056075];[0.58407079646,0.106194690265,0.274336283186,0.0353982300885];1;415.0;-0.0627120940391;951;69;0.07636363636363637;1.0;44.34787878787879;29.939393939393938;64.70303030303032;10.515151515151516;22.515151515151516;15.151515151515152;3.781818181818182;0.0;1.1684848484848485;0.13454545454545452;2.5175757575757576;0.3490909090909091;2.453333333333333;4.424242424242424;7.121212121212121
11286;zone49;4853.647576226233;3833.123065294377;0.0;zone49;S01010304;12;542;456;332;[0.323529,0.514706,0.161765];[0.635135,0.25,0.114865];[0.477273,0.522727,0.0];[0.829268,0.109756,0.060976];[0.372340425532,0.0425531914894,0.297872340426,0.287234042553];1;804.0;0.384523850516;1128;22;0.07333333333333333;0.5;51.876666666666665;35.333333333333336;68.57666666666665;11.5;23.083333333333332;17.583333333333332;4.906666666666667;0.0;1.9966666666666664;0.33666666666666667;2.41;0.3566666666666667;3.0566666666666666;2.0;9.083333333333334
11286;zone50;4697.410406890209;3639.1027396354093;0.0;zone50;S01010305;7;807;694;478;[0.36036,0.468468,0.171171];[0.553191,0.33617,0.110638];[0.409639,0.301205,0.289157];[0.589888,0.337079,0.073034];[0.198529411765,0.0735294117647,0.382352941176,0.345588235294];1;223.0;-0.28282788147;486;12;0.06857142857142857;2.142857142857143;47.85714285714287;24.428571428571427;70.14857142857143;10.857142857142858;23.0;16.285714285714285;6.4799999999999995;0.0;1.0;0.18857142857142858;0.18285714285714286;0.3828571428571429;1.5142857142857145;8.285714285714286;7.428571428571429
11286;zone51;4591.3082521834585;3868.367573740388;0.0;zone51;S01010306;13;752;675;449;[0.35625,0.56875,0.075];[0.570588,0.355882,0.073529];[0.283019,0.566038,0.150943];[0.650943,0.330189,0.018868];[0.165680473373,0.0473372781065,0.479289940828,0.307692307692];2;238.0;-0.265781391166;691;28;0.08307692307692308;2.0;50.98769230769231;35.23076923076923;74.4492307692308;11.76923076923077;23.846153846153847;17.307692307692307;4.190769230769231;0.0;1.436923076923077;2.4892307692307694;0.7599999999999999;0.34769230769230774;1.784615384615385;8.615384615384615;8.384615384615385
11286;zone52;4503.72067559025;3742.2957906521283;0.0;zone52;S01010307;9;821;732;428;[0.189922,0.577519,0.232558];[0.407407,0.487654,0.104938];[0.346154,0.538462,0.115385];[0.71875,0.234375,0.046875];[0.0681818181818,0.0568181818182,0.375,0.5];5;319.0;-0.172537833795;467;13;0.05333333333333334;2.6666666666666665;47.95111111111112;30.555555555555557;75.05333333333333;11.666666666666666;24.0;16.333333333333332;2.017777777777778;0.0;0.7555555555555555;3.946666666666667;0.2888888888888889;0.36888888888888893;1.671111111111111;12.333333333333334;6.444444444444445
11286;zone53;4364.519870735056;4047.768725526131;0.0;zone53;S01010308;9;975;858;480;[0.285714,0.54007,0.174216];[0.511936,0.384615,0.103448];[0.254902,0.411765,0.333333];[0.648352,0.307692,0.043956];[0.0970873786408,0.0631067961165,0.359223300971,0.480582524272];4;257.0;-0.244477582955;1345;21;0.08888888888888889;1.6666666666666667;75.19999999999999;41.111111111111114;76.98222222222222;9.11111111111111;22.333333333333332;26.0;3.435555555555556;0.0;4.457777777777777;1.3555555555555556;1.1066666666666667;0.2711111111111111;1.391111111111111;5.888888888888889;9.88888888888889
11286;zone54;5381.88771051669;3636.3205112402793;0.0;zone54;S01010309;4;419;356;264;[0.333333,0.25,0.416667];[0.478873,0.422535,0.098592];[0.352941,0.382353,0.264706];[0.705882,0.24183,0.052288];[0.365853658537,0.170731707317,0.390243902439,0.0731707317073];1;0.0;-0.540229885057;1548;11;0.09;0.75;71.96;32.5;81.52;11.75;25.25;25.0;4.3999999999999995;0.0;1.6099999999999999;0.0;3.4399999999999995;0.5700000000000001;3.8200000000000003;3.75;9.0
11286;zone55;5657.373406240428;3625.6586165034923;0.0;zone55;S01010310;13;706;540;381;[0.333333,0.238095,0.428571];[0.565517,0.337931,0.096552];[0.54902,0.27451,0.176471];[0.715415,0.256917,0.027668];[0.484848484848,0.151515151515,0.318181818182,0.0454545454545];1;574.0;0.120406534162;788;29;0.08307692307692308;0.8461538461538461;49.123076923076916;31.53846153846154;65.35692307692307;10.692307692307692;22.615384615384617;16.846153846153847;1.6246153846153844;0.0;1.3384615384615386;0.27076923076923076;4.252307692307692;0.3846153846153845;2.8769230769230774;2.8461538461538463;7.076923076923077
11286;zone56;5685.425126382168;3318.6970593171873;0.0;zone56;S01010311;22;721;556;351;[0.411765,0.352941,0.235294];[0.472222,0.453704,0.074074];[0.571429,0.404762,0.02381];[0.717949,0.271062,0.010989];[0.565217391304,0.121739130435,0.269565217391,0.0434782608696];1;1534.0;1.22364271569;1541;28;0.04909090909090909;1.3636363636363635;67.04545454545455;21.0;73.95454545454544;11.363636363636363;23.59090909090909;23.045454545454547;1.2872727272727273;0.0;1.3963636363636363;0.17272727272727273;2.376363636363637;0.3654545454545454;2.6509090909090913;5.818181818181818;4.7272727272727275
11286;zone57;5466.52613028024;3072.1402274564575;0.0;zone57;S01010312;34;868;647;425;[0.117647,0.823529,0.058824];[0.754386,0.22807,0.017544];[0.407407,0.444444,0.148148];[0.804945,0.153846,0.041209];[0.586956521739,0.115942028986,0.268115942029,0.0289855072464];1;685.0;0.247477927043;1661;59;0.06823529411764706;1.0294117647058822;70.96235294117648;30.647058823529413;73.49882352941175;10.617647058823529;22.764705882352942;24.352941176470587;1.1776470588235295;0.0;2.3364705882352936;0.10470588235294118;3.4623529411764706;0.37764705882352934;2.403529411764705;4.323529411764706;6.617647058823529
11286;zone58;5251.7403530303945;3502.549209042501;0.0;zone58;S01010313;16;654;529;356;[0.428571,0.285714,0.285714];[0.6,0.333333,0.066667];[0.433735,0.481928,0.084337];[0.739623,0.162264,0.098113];[0.648351648352,0.131868131868,0.175824175824,0.043956043956];1;565.0;0.109617915218;2134;38;0.09;0.5;81.67500000000001;34.6875;76.94250000000001;10.4375;22.9375;28.1875;3.4650000000000007;0.0;1.6924999999999997;0.265;2.9750000000000005;0.4025000000000001;2.7424999999999997;2.375;7.9375
11286;zone59;4840.312157862589;3385.4448126102257;0.0;zone59;S01010314;21;1248;1034;550;[0.358209,0.507463,0.134328];[0.514493,0.333333,0.152174];[0.5,0.326923,0.173077];[0.636,0.324,0.04];[0.316901408451,0.133802816901,0.401408450704,0.147887323944];1;637.0;0.192402372167;1305;38;0.07047619047619047;1.0476190476190477;61.46857142857142;28.904761904761905;69.05523809523811;9.523809523809524;21.952380952380953;21.428571428571427;3.3219047619047624;0.0;2.325714285714286;1.0209523809523806;0.8190476190476191;0.43238095238095237;2.2038095238095234;4.190476190476191;6.904761904761905
11286;zone60;4536.293429266749;2504.1273706154316;0.0;zone60;S01010315;43;911;678;409;[0.180723,0.554217,0.26506];[0.252632,0.457895,0.289474];[0.208333,0.5,0.291667];[0.55144,0.345679,0.102881];[0.308176100629,0.169811320755,0.358490566038,0.163522012579];2;382.0;-0.100954860853;1640;65;0.05674418604651163;1.4883720930232558;75.94697674418605;28.069767441860463;76.73302325581395;10.093023255813954;23.0;25.953488372093023;2.5572093023255804;0.0;1.7590697674418605;0.02511627906976744;3.0986046511627907;0.3386046511627906;2.304186046511628;5.72093023255814;7.0
11286;zone61;4589.6619547948285;2943.195659127726;0.0;zone61;S01010316;25;512;414;304;[0.392157,0.529412,0.078431];[0.62931,0.37069,0.0];[0.439024,0.560976,0.0];[0.775401,0.224599,0.0];[0.439252336449,0.102803738318,0.252336448598,0.205607476636];1;481.0;0.0128180141103;1286;32;0.048;1.48;61.18880000000001;27.92;71.696;10.2;22.72;21.08;2.4544;0.0;3.0656;0.04480000000000001;1.9552000000000005;0.28640000000000004;2.4159999999999995;5.92;6.96
11286;zone63;4421.5566371748755;3071.026327566895;0.0;zone63;S01010318;12;1588;1497;304;[0.5,0.456522,0.043478];[0.469799,0.47651,0.053691];[0.310345,0.37931,0.310345];[0.678571,0.285714,0.035714];[0.36,0.14,0.34,0.16];3;317.0;-0.175110645645;1262;17;0.05666666666666666;2.0833333333333335;69.5;29.583333333333332;75.48333333333333;9.416666666666666;22.416666666666668;23.916666666666668;3.9666666666666663;0.0;3.0066666666666664;0.19333333333333336;1.2;0.3066666666666667;1.8566666666666667;7.5;7.916666666666667
11286;zone64;4173.240913470097;2893.8040771744095;0.0;zone64;S01010319;9;711;624;407;[0.258741,0.608392,0.132867];[0.383399,0.486166,0.130435];[0.439394,0.212121,0.348485];[0.530769,0.384615,0.084615];[0.171974522293,0.0700636942675,0.471337579618,0.286624203822];2;473.0;0.00423719084943;1487;11;0.04444444444444445;1.3333333333333333;67.93777777777778;34.111111111111114;69.27555555555554;9.11111111111111;21.77777777777778;23.11111111111111;2.951111111111111;0.0;1.1377777777777778;0.17333333333333334;2.5822222222222226;0.2977777777777778;2.3644444444444446;4.111111111111111;6.222222222222222
11286;zone65;3940.1918462749595;2900.8899784533987;0.0;zone65;S01010320;4;675;594;437;[0.257813,0.523438,0.21875];[0.61753,0.298805,0.083665];[0.526316,0.22807,0.245614];[0.805085,0.169492,0.025424];[0.172185430464,0.0662251655629,0.443708609272,0.317880794702];1;646.0;0.202453315259;1290;3;0.03;1.25;56.44;29.25;70.32;11.0;22.75;18.75;5.25;0.0;2.9499999999999993;0.23;0.32;0.33999999999999997;3.0300000000000002;3.75;8.0
11286;zone66;3905.8658739096163;2664.6669636212755;0.0;zone66;S01010321;7;837;634;432;[0.401709,0.555556,0.042735];[0.54717,0.433962,0.018868];[0.45122,0.439024,0.109756];[0.666667,0.271186,0.062147];[0.212328767123,0.0958904109589,0.390410958904,0.301369863014];1;1019.0;0.631764531736;1805;13;0.07428571428571429;1.7142857142857142;81.55428571428571;27.857142857142858;83.85714285714286;11.142857142857142;23.714285714285715;28.0;4.331428571428572;0.0;2.04;0.26857142857142857;2.3714285714285714;0.5257142857142857;1.7885714285714285;7.857142857142857;8.428571428571429
11286;zone67;3630.3978644730896;3132.1651121578075;0.0;zone67;S01010322;9;1028;914;549;[0.174419,0.549419,0.276163];[0.412399,0.471698,0.115903];[0.298507,0.38806,0.313433];[0.647059,0.323529,0.029412];[0.057268722467,0.0352422907489,0.449339207048,0.458149779736];5;124.0;-0.397569575369;1320;15;0.06222222222222222;2.2222222222222223;66.70666666666665;44.0;87.91555555555556;11.555555555555555;24.88888888888889;22.555555555555557;4.40888888888889;0.0;5.968888888888889;0.8;2.5822222222222226;0.3777777777777778;1.711111111111111;11.444444444444445;13.333333333333334
11286;zone68;6208.193116766784;3072.425066795916;0.0;zone68;S01010323;4;603;466;377;[0.555556,0.444444,0.0];[0.657143,0.271429,0.071429];[0.642857,0.321429,0.035714];[0.793651,0.166667,0.039683];[0.578431372549,0.166666666667,0.235294117647,0.0196078431373];1;970.0;0.57559463238;774;6;0.06;1.0;38.51;36.0;72.99;12.25;24.25;13.0;9.47;0.0;1.13;0.0;2.54;0.49999999999999994;2.7300000000000004;5.5;12.5
11286;zone69;6517.651722029823;2240.572579661372;0.0;zone69;S01010324;6;759;566;403;[0.142857,0.571429,0.285714];[0.298077,0.490385,0.211538];[0.333333,0.530864,0.135802];[0.401674,0.414226,0.1841];[0.569620253165,0.101265822785,0.291139240506,0.0379746835443];1;407.0;-0.0721601679586;931;9;0.05333333333333334;1.1666666666666667;49.50666666666667;33.166666666666664;63.98666666666666;10.166666666666666;22.0;16.666666666666668;1.8933333333333333;0.0;1.0533333333333335;0.0;3.6133333333333333;0.37333333333333335;2.1133333333333333;4.666666666666667;6.0
11286;zone70;6038.016041009105;2402.8415869980217;0.0;zone70;S01010325;18;939;666;501;[0.263158,0.368421,0.368421];[0.383838,0.525253,0.090909];[0.253623,0.615942,0.130435];[0.451362,0.463035,0.085603];[0.545454545455,0.238636363636,0.193181818182,0.0227272727273];1;225.0;-0.281126582053;1584;30;0.06222222222222222;1.6111111111111112;64.67555555555556;30.055555555555557;71.20444444444443;10.0;22.444444444444443;21.88888888888889;1.6977777777777776;0.0;1.0000000000000002;0.0;4.04;0.3355555555555556;1.8399999999999999;6.166666666666667;6.277777777777778
11286;zone71;5272.359331052501;2740.775131541117;0.0;zone71;S01010326;39;987;707;494;[0.526316,0.368421,0.105263];[0.522523,0.333333,0.144144];[0.492188,0.3125,0.195313];[0.723514,0.224806,0.05168];[0.54375,0.16875,0.23125,0.05625];1;1389.0;1.05701743376;954;45;0.0441025641025641;1.564102564102564;57.817435897435914;24.666666666666668;69.86358974358973;9.948717948717949;22.53846153846154;19.692307692307693;1.2492307692307696;0.0;4.4328205128205145;0.02769230769230769;1.2512820512820513;0.2635897435897436;2.1682051282051282;6.410256410256411;6.487179487179487
11286;zone72;4970.167032608406;2501.795090448298;0.0;zone72;S01010327;34;982;660;362;[0.031746,0.507937,0.460317];[0.372881,0.432203,0.194915];[0.289063,0.328125,0.382813];[0.516892,0.347973,0.135135];[0.416184971098,0.21387283237,0.236994219653,0.132947976879];1;470.0;0.000335688704598;1050;31;0.03647058823529412;1.411764705882353;61.54470588235296;24.852941176470587;75.0235294117647;11.588235294117647;23.735294117647058;20.970588235294116;1.511764705882353;0.0;4.268235294117647;0.06588235294117648;1.7164705882352937;0.44705882352941173;2.4917647058823533;6.470588235294118;7.117647058823529
11286;zone73;5975.307390960257;2677.5485166167286;0.0;zone73;S01010328;24;969;706;445;[0.16129,0.5,0.33871];[0.27044,0.471698,0.257862];[0.192547,0.434783,0.372671];[0.338983,0.432203,0.228814];[0.309352517986,0.258992805755,0.280575539568,0.151079136691];2;457.0;-0.0138550124678;1944;46;0.07166666666666667;1.125;74.52833333333335;36.916666666666664;76.32333333333332;10.958333333333334;22.916666666666668;25.5;2.8816666666666664;0.0;1.1150000000000002;0.0;4.63;0.4183333333333334;2.081666666666667;4.083333333333333;8.291666666666666
