cycle;name;location.x;location.y;location.z;name;dataZone;nm_children;pop;over16;nm_hh;AB_car_prob;C1_car_prob;C2_car_prob;DE_car_prob;prob_social;simd;crimeRate;norm_crime;avg_dis_sh;neigh_play;daily_play_per_child;avg_FSA;avg_walk;daily_OD;zone_mvpa;mvpa_home;mvpa_sc;mvpa_road;mvpa_play_field;mvpa_home_garden;mvpa_park;mvpa_PG;mvpa_amenity;mvpa_shops;mvpa_F_home;mvpa_fsa;mvpa_OD
11286;zone0;8448.90275962388;2625.4515469546564;0.0;zone0;S01010195;19;531;390;212;[0.0,0.481481,0.518519];[0.261538,0.646154,0.092308];[0.12,0.59,0.29];[0.447368,0.368421,0.184211];[0.418918918919,0.283783783784,0.202702702703,0.0945945945946];1;0.0;-0.540229885057;1082;26;0.05473684210526316;1.5789473684210527;59.59578947368419;26.894736842105264;74.49052631578947;12.0;23.42105263157895;20.31578947368421;1.4463157894736844;0.0;1.9452631578947366;0.0;3.4947368421052634;0.3452631578947368;2.351578947368421;7.473684210526316;6.368421052631579
11286;zone1;8656.736904000718;2165.9902346445633;0.0;zone1;S01010198;18;1027;748;394;[0.058824,0.529412,0.411765];[0.305785,0.561983,0.132231];[0.219858,0.496454,0.283688];[0.523179,0.331126,0.145695];[0.48623853211,0.229357798165,0.266055045872,0.0183486238532];1;1609.0;1.3102524676;1448;18;0.03555555555555556;2.2777777777777777;69.78666666666668;24.61111111111111;76.7311111111111;10.666666666666666;23.0;24.333333333333332;1.0066666666666668;0.0;1.6066666666666665;0.10444444444444445;2.908888888888889;0.27777777777777785;1.6755555555555555;9.61111111111111;5.111111111111111
11286;zone2;8537.588755655543;3024.028900129281;0.0;zone2;S01010201;22;643;453;253;[0.0,0.47619,0.52381];[0.270833,0.3125,0.416667];[0.088,0.48,0.432];[0.296552,0.434483,0.268966];[0.365853658537,0.292682926829,0.292682926829,0.0487804878049];2;219.0;-0.28762447053;902;40;0.07090909090909091;1.3636363636363635;51.99272727272727;34.95454545454545;69.54;10.681818181818182;23.09090909090909;17.681818181818183;1.3254545454545454;0.0;2.7799999999999994;0.05454545454545456;4.087272727272727;0.33818181818181825;1.965454545454545;5.818181818181818;7.7727272727272725
11286;zone3;8059.42097232239;3767.666522351409;0.0;zone3;S01010203;30;671;504;260;[0.090909,0.363636,0.545455];[0.263804,0.460123,0.276074];[0.094828,0.422414,0.482759];[0.183824,0.375,0.441176];[0.272727272727,0.218181818182,0.363636363636,0.145454545455];3;215.0;-0.292668818285;1931;48;0.06266666666666666;1.3;84.61999999999999;34.7;78.01600000000002;9.166666666666666;22.4;29.333333333333332;1.6413333333333335;0.0;2.4919999999999995;0.0;3.7666666666666666;0.30266666666666675;2.137333333333333;4.966666666666667;7.466666666666667
11286;zone4;8368.288440296214;3565.498290652094;0.0;zone4;S01010204;30;800;589;381;[0.272727,0.727273,0.0];[0.627451,0.27451,0.098039];[0.444444,0.533333,0.022222];[0.600619,0.321981,0.077399];[0.595041322314,0.157024793388,0.239669421488,0.00826446280992];1;497.0;0.0317745673598;1126;43;0.05733333333333333;1.4;50.928;25.266666666666666;68.38000000000002;11.5;23.333333333333332;17.3;1.0053333333333334;0.0;1.884;0.02266666666666666;3.125333333333333;0.3853333333333333;2.132;5.833333333333333;5.566666666666666
11286;zone5;8034.229745798958;3515.110462853287;0.0;zone5;S01010205;15;658;534;355;[0.411765,0.117647,0.470588];[0.465116,0.457364,0.077519];[0.317757,0.588785,0.093458];[0.593458,0.280374,0.126168];[0.466666666667,0.2,0.3,0.0333333333333];1;925.0;0.523434132086;1166;20;0.05333333333333334;1.1333333333333333;52.29333333333334;26.933333333333334;68.75733333333332;11.066666666666666;23.2;18.066666666666666;0.968;0.0;1.8560000000000003;0.0;3.8560000000000003;0.28800000000000003;3.0773333333333333;4.733333333333333;6.133333333333334
11286;zone6;7457.064719570519;3739.055375726369;0.0;zone6;S01010208;18;903;745;565;[0.30137,0.589041,0.109589];[0.48062,0.457364,0.062016];[0.272727,0.613636,0.113636];[0.66055,0.270642,0.068807];[0.233333333333,0.133333333333,0.461111111111,0.172222222222];1;603.0;0.153385979085;1406;24;0.05333333333333334;1.7222222222222223;66.55777777777779;25.0;74.23555555555555;10.38888888888889;23.0;23.0;0.8999999999999999;0.0;1.4400000000000002;0.0;3.362222222222222;0.41777777777777775;2.4666666666666672;7.666666666666667;5.166666666666667
11286;zone7;7917.838214725937;1939.334458859395;0.0;zone7;S01010209;24;966;677;468;[0.172414,0.586207,0.241379];[0.333333,0.414966,0.251701];[0.381944,0.458333,0.159722];[0.545852,0.336245,0.117904];[0.337931034483,0.248275862069,0.303448275862,0.110344827586];1;2053.0;1.82052250092;1670;37;0.06;1.625;80.99333333333333;25.541666666666668;78.48666666666666;10.041666666666666;23.041666666666668;28.208333333333332;0.8150000000000001;0.0;2.8983333333333334;0.0;2.8233333333333337;0.3966666666666667;2.355;6.375;6.083333333333333
11286;zone8;7878.406567747077;2721.2634132011362;0.0;zone8;S01010210;18;885;641;416;[0.173913,0.456522,0.369565];[0.21519,0.5,0.28481];[0.189781,0.386861,0.423358];[0.422111,0.442211,0.135678];[0.394736842105,0.236842105263,0.254385964912,0.114035087719];1;344.0;-0.144253829852;1294;23;0.04888888888888889;1.0555555555555556;56.98888888888889;25.055555555555557;65.72444444444444;9.666666666666666;22.555555555555557;19.38888888888889;0.8711111111111111;0.0;1.5777777777777777;0.01777777777777778;3.3133333333333335;0.30666666666666664;2.4266666666666663;3.7777777777777777;5.277777777777778
11286;zone9;7785.599648345685;3201.783800714137;0.0;zone9;S01010211;22;858;634;452;[0.147059,0.705882,0.147059];[0.384615,0.452991,0.162393];[0.469565,0.4,0.130435];[0.722656,0.226563,0.050781];[0.473214285714,0.169642857143,0.285714285714,0.0714285714286];1;430.0;-0.0456985893816;1057;41;0.07090909090909091;1.1818181818181819;51.59636363636364;27.272727272727273;68.10363636363635;11.590909090909092;22.818181818181817;17.5;1.2927272727272727;0.0;2.8090909090909086;0.02181818181818182;2.4490909090909097;0.40363636363636357;2.543636363636364;4.7727272727272725;5.954545454545454
11286;zone10;7580.688680869333;3097.127786881416;0.0;zone10;S01010212;49;1083;779;559;[0.233333,0.633333,0.133333];[0.594771,0.339869,0.065359];[0.465517,0.405172,0.12931];[0.712821,0.269231,0.017949];[0.566037735849,0.138364779874,0.22641509434,0.0691823899371];1;1473.0;1.15298517036;1247;91;0.07102040816326531;1.3877551020408163;58.603265306122466;26.714285714285715;69.90612244897959;10.73469387755102;22.816326530612244;19.93877551020408;1.2514285714285713;0.0;2.904489795918368;0.00326530612244898;2.839183673469388;0.3436734693877551;2.403265306122449;4.836734693877551;6.571428571428571
11286;zone11;8065.177293237223;3111.5884965344962;0.0;zone11;S01010213;13;924;657;476;[0.105263,0.684211,0.210526];[0.382609,0.547826,0.069565];[0.218543,0.556291,0.225166];[0.467925,0.483019,0.049057];[0.451327433628,0.221238938053,0.274336283186,0.0530973451327];1;247.0;-0.255840453357;897;21;0.05846153846153846;0.8461538461538461;41.56615384615385;27.53846153846154;59.79692307692308;10.461538461538462;21.846153846153847;14.23076923076923;1.0123076923076921;0.0;2.28;0.0;2.5323076923076924;0.5938461538461539;2.4953846153846153;2.8461538461538463;5.384615384615385
11286;zone12;7144.994858230166;1947.4125453867302;0.0;zone12;S01010214;27;967;717;396;[0.098592,0.28169,0.619718];[0.197531,0.438272,0.364198];[0.173333,0.493333,0.333333];[0.237069,0.487069,0.275862];[0.361344537815,0.210084033613,0.310924369748,0.117647058824];3;176.0;-0.337854473183;1870;49;0.06962962962962962;1.3703703703703705;87.40592592592593;37.74074074074074;78.30370370370372;8.74074074074074;22.11111111111111;30.48148148148148;2.602962962962963;0.0;2.3155555555555556;0.0;3.454814814814815;0.28740740740740744;1.88;4.555555555555555;7.888888888888889
11286;zone13;7013.590150664996;2618.495528189446;0.0;zone13;S01010215;24;850;608;492;[0.571429,0.285714,0.142857];[0.5,0.431373,0.068627];[0.382609,0.391304,0.226087];[0.678571,0.269841,0.051587];[0.467289719626,0.140186915888,0.345794392523,0.0467289719626];1;547.0;0.0886083430805;679;37;0.06;1.625;50.285000000000004;27.125;69.86;11.375;23.208333333333332;16.75;0.9933333333333332;0.0;2.4033333333333333;0.0;3.366666666666667;0.36500000000000005;2.3266666666666667;7.25;6.25
11286;zone14;7332.222205807836;2329.961970144465;0.0;zone14;S01010216;15;621;464;361;[0.6,0.4,0.0];[0.597701,0.356322,0.045977];[0.409091,0.439394,0.151515];[0.709544,0.273859,0.016598];[0.5,0.163265306122,0.265306122449,0.0714285714286];1;600.0;0.150092344085;1324;23;0.06133333333333333;1.0666666666666667;63.869333333333344;30.066666666666666;66.93333333333334;9.4;21.733333333333334;21.866666666666667;1.3173333333333332;0.0;2.52;0.0;2.6773333333333325;0.37066666666666664;1.9413333333333334;3.4;6.066666666666666
11286;zone15;7299.833172322251;2625.8610945736937;0.0;zone15;S01010217;33;817;598;406;[0.16129,0.516129,0.322581];[0.565517,0.4,0.034483];[0.5,0.431373,0.068627];[0.702703,0.283784,0.013514];[0.541935483871,0.0967741935484,0.296774193548,0.0645161290323];1;1060.0;0.679274950851;996;70;0.07878787878787878;1.303030303030303;52.35757575757576;29.727272727272727;67.28848484848484;10.515151515151516;22.454545454545453;17.87878787878788;1.3212121212121213;0.0;2.32;0.0;3.2266666666666666;0.39272727272727265;2.1866666666666665;5.242424242424242;6.454545454545454
11286;zone16;7142.953643082513;3018.5401822929393;0.0;zone16;S01010218;31;1018;790;587;[0.425532,0.404255,0.170213];[0.392523,0.453271,0.154206];[0.358209,0.492537,0.149254];[0.589124,0.335347,0.075529];[0.424657534247,0.109589041096,0.369863013699,0.0958904109589];1;557.0;0.101026678737;521;62;0.07483870967741936;1.5806451612903225;41.310967741935485;27.64516129032258;63.85290322580644;10.67741935483871;22.677419354838708;13.870967741935484;1.1458064516129034;0.0;1.0761290322580648;0.0;3.8787096774193555;0.3496774193548387;2.313548387096774;6.096774193548387;5.709677419354839
11286;zone17;6738.8937706128745;4298.8917997019325;0.0;zone17;S01010219;21;503;382;274;[0.695652,0.304348,0.0];[0.758621,0.215517,0.025862];[0.761905,0.166667,0.071429];[0.781609,0.195402,0.022989];[0.41935483871,0.0752688172043,0.408602150538,0.0967741935484];2;184.0;-0.327838932938;1416;53;0.09714285714285714;1.5238095238095237;72.6990476190476;36.42857142857143;73.85333333333334;8.476190476190476;21.761904761904763;25.047619047619047;3.8857142857142852;0.0;3.8380952380952387;0.03619047619047619;1.4590476190476191;0.30857142857142866;1.8323809523809527;5.428571428571429;8.80952380952381
11286;zone18;5915.780765415368;4211.222876105162;0.0;zone18;S01010220;7;476;433;279;[0.181159,0.608696,0.210145];[0.404255,0.531915,0.06383];[0.227273,0.704545,0.068182];[0.448276,0.482759,0.068966];[0.154545454545,0.0636363636364,0.318181818182,0.463636363636];5;267.0;-0.232306706325;1575;11;0.06285714285714286;1.5714285714285714;68.12571428571428;33.142857142857146;71.37714285714286;8.714285714285714;21.714285714285715;23.285714285714285;4.1657142857142855;0.0;2.3714285714285714;0.02857142857142857;1.2685714285714287;0.32;1.7542857142857144;6.0;7.285714285714286
11286;zone19;6341.0811208317455;3913.8398648988496;0.0;zone19;S01010221;13;546;394;260;[0.6,0.4,0.0];[0.557377,0.409836,0.032787];[0.538462,0.323077,0.138462];[0.699387,0.257669,0.042945];[0.609375,0.140625,0.203125,0.046875];1;635.0;0.19005459739;1104;13;0.04;1.5384615384615385;57.178461538461534;16.46153846153846;65.95692307692308;10.0;22.076923076923077;19.53846153846154;1.8799999999999994;0.0;1.2153846153846153;0.0;1.1415384615384616;0.3353846153846155;2.267692307692308;5.6923076923076925;3.8461538461538463
11286;zone20;7001.213463613622;4053.9957950241624;0.0;zone20;S01010222;15;492;414;285;[0.142857,0.5,0.357143];[0.432432,0.459459,0.108108];[0.348624,0.522936,0.12844];[0.747899,0.235294,0.016807];[0.345238095238,0.214285714286,0.309523809524,0.130952380952];1;377.0;-0.105830277325;1807;27;0.06933333333333333;0.8;74.55466666666668;27.8;75.77066666666666;10.866666666666667;23.466666666666665;25.533333333333335;2.3066666666666666;0.0;2.3626666666666667;0.0;3.144;0.31200000000000006;2.5519999999999996;3.533333333333333;7.2
11286;zone21;6986.8418912765155;3434.1450308482026;0.0;zone21;S01010223;4;556;462;337;[0.076923,0.538462,0.384615];[0.567797,0.330508,0.101695];[0.472222,0.444444,0.083333];[0.584699,0.36612,0.04918];[0.432432432432,0.162162162162,0.324324324324,0.0810810810811];1;439.0;-0.0353356041414;1387;6;0.06;2.75;74.84;15.25;69.94;7.75;21.0;25.5;0.33;0.0;0.55;0.0;1.77;0.36;0.8999999999999999;9.75;2.25
11286;zone22;6247.397837456437;3329.661273309237;0.0;zone22;S01010224;40;1036;727;469;[0.405405,0.540541,0.054054];[0.592593,0.274074,0.133333];[0.418803,0.504274,0.076923];[0.768421,0.202632,0.028947];[0.506097560976,0.140243902439,0.268292682927,0.0853658536585];1;1004.0;0.614259332793;1081;48;0.048;1.45;59.528;21.225;69.981;10.575;22.6;20.425;2.758;0.0;1.0830000000000002;0.043;1.6669999999999998;0.35599999999999987;2.3359999999999994;6.425;5.075
11286;zone23;7827.985844039554;4105.4701191949;0.0;zone23;S01010225;33;812;636;431;[0.25,0.634615,0.115385];[0.469072,0.43299,0.097938];[0.54023,0.413793,0.045977];[0.672065,0.234818,0.093117];[0.385185185185,0.125925925926,0.325925925926,0.162962962963];1;1006.0;0.616572011517;1580;45;0.04848484848484848;1.7878787878787878;73.42787878787877;26.060606060606062;76.83515151515151;10.757575757575758;23.151515151515152;25.060606060606062;2.0157575757575765;0.0;2.3321212121212125;0.03272727272727273;2.84969696969697;0.31272727272727274;2.215757575757576;6.424242424242424;6.757575757575758
11286;zone24;7040.363001382077;4481.052780471187;0.0;zone24;S01010226;40;816;565;394;[0.454545,0.242424,0.30303];[0.715385,0.2,0.084615];[0.540541,0.405405,0.054054];[0.766917,0.18797,0.045113];[0.503355704698,0.201342281879,0.221476510067,0.0738255033557];2;422.0;-0.0548014077425;1217;120;0.117;1.225;60.251;37.7;76.35600000000001;11.3;23.5;20.725;4.005;0.0;5.077;0.098;1.8559999999999999;0.38300000000000006;2.1689999999999996;5.65;10.575
11286;zone25;6847.772309074456;4638.663588163389;0.0;zone25;S01010227;39;692;454;294;[0.413793,0.413793,0.172414];[0.704545,0.238636,0.056818];[0.654545,0.345455,0.0];[0.810606,0.159091,0.030303];[0.672268907563,0.0924369747899,0.159663865546,0.0756302521008];4;0.0;-0.540229885057;896;137;0.13743589743589743;1.2564102564102564;49.407179487179484;44.61538461538461;71.7302564102564;10.435897435897436;22.666666666666668;16.94871794871795;5.019487179487178;0.0;6.289230769230769;0.03282051282051282;1.644102564102564;0.4071794871794872;2.0728205128205133;4.589743589743589;12.512820512820513
11286;zone26;8241.816993110848;4572.457656401622;0.0;zone26;S01010229;30;1016;787;508;[0.1,0.625,0.275];[0.350877,0.350877,0.298246];[0.348315,0.477528,0.174157];[0.565217,0.310559,0.124224];[0.420731707317,0.213414634146,0.292682926829,0.0731707317073];1;395.0;-0.0859445809966;1268;52;0.06533333333333333;1.2333333333333334;64.44399999999999;22.433333333333334;69.212;10.366666666666667;22.466666666666665;21.633333333333333;2.0813333333333337;0.0;2.588;0.02133333333333333;1.5066666666666666;0.4026666666666666;2.122666666666667;4.133333333333334;5.666666666666667
11286;zone27;7458.320056766788;4680.341251240345;0.0;zone27;S01010230;24;1005;772;577;[0.314286,0.628571,0.057143];[0.703883,0.296117,0.0];[0.727273,0.218182,0.054545];[0.71831,0.24507,0.03662];[0.517857142857,0.136904761905,0.267857142857,0.077380952381];1;846.0;0.433218203459;1039;41;0.065;1.0416666666666667;49.83166666666667;27.5;69.16;12.0;23.541666666666668;16.916666666666668;2.225;0.0;4.258333333333334;0.0;1.9316666666666664;0.32833333333333337;2.6333333333333337;3.6666666666666665;7.916666666666667
11286;zone28;7569.802990100143;4917.458811240416;0.0;zone28;S01010232;37;1074;792;485;[0.457143,0.485714,0.057143];[0.557292,0.338542,0.104167];[0.492063,0.333333,0.174603];[0.654229,0.251244,0.094527];[0.470297029703,0.153465346535,0.306930693069,0.0693069306931];1;771.0;0.347049794199;1070;60;0.06054054054054054;1.2972972972972974;56.13945945945947;29.864864864864863;71.75891891891891;11.513513513513514;23.135135135135137;19.18918918918919;1.9264864864864861;0.0;4.019459459459459;0.06486486486486487;2.656216216216216;0.36;2.5091891891891893;4.756756756756757;8.162162162162161
11286;zone29;7830.713068379679;4879.746446724283;0.0;zone29;S01010233;33;970;705;476;[0.275,0.625,0.1];[0.655629,0.245033,0.099338];[0.52809,0.426966,0.044944];[0.771505,0.212366,0.016129];[0.587209302326,0.093023255814,0.261627906977,0.0581395348837];1;284.0;-0.213781821634;1293;67;0.07393939393939394;1.3333333333333333;61.688484848484855;29.454545454545453;72.43151515151516;10.636363636363637;23.242424242424242;20.96969696969697;1.7878787878787876;0.0;2.5721212121212114;0.08484848484848485;3.28;0.2872727272727273;2.164848484848485;5.515151515151516;7.363636363636363
11286;zone30;6473.383843181837;4954.519765957263;0.0;zone30;S01010261;6;2551;2373;526;[0.666667,0.270833,0.0625];[0.675841,0.281346,0.042813];[0.75,0.25,0.0];[0.824468,0.164894,0.010638];[0.41,0.06,0.41,0.12];3;176.0;-0.337679921334;1516;10;0.06666666666666667;0.8333333333333334;68.73333333333332;36.333333333333336;78.74;11.166666666666666;24.333333333333332;23.666666666666668;2.7600000000000002;0.0;1.926666666666667;0.0;6.246666666666666;0.56;2.4200000000000004;4.0;10.5
11286;zone31;4930.642193689802;4959.449818932565;0.0;zone31;S01010266;3;555;474;237;[0.320755,0.556604,0.122642];[0.677273,0.254545,0.068182];[0.5,0.461538,0.038462];[0.534247,0.30137,0.164384];[0.141176470588,0.0588235294118,0.4,0.4];3;536.0;0.0761386922126;1108;2;0.02666666666666667;1.6666666666666667;52.666666666666664;28.666666666666668;71.34666666666668;10.666666666666666;23.666666666666668;17.666666666666668;1.5866666666666667;0.0;0.21333333333333335;0.08;6.04;0.25333333333333335;1.8266666666666669;7.333333333333333;7.333333333333333
11286;zone32;5712.5549897826;4979.400336637217;0.0;zone32;S01010270;4;1153;972;817;[0.389831,0.533898,0.076271];[0.70255,0.252125,0.045326];[0.714286,0.272727,0.012987];[0.771552,0.228448,0.0];[0.125,0.0909090909091,0.454545454545,0.329545454545];1;871.0;0.461200629557;1519;6;0.06;1.5;70.43;33.25;70.14;8.0;21.75;24.5;4.8100000000000005;0.0;1.2;0.06;1.82;0.29;1.68;4.75;7.5
11286;zone33;3394.0723536088512;4934.677182292946;0.0;zone33;S01010282;13;976;841;645;[0.438776,0.520408,0.040816];[0.545732,0.405488,0.04878];[0.521277,0.382979,0.095745];[0.712707,0.232044,0.055249];[0.190954773869,0.070351758794,0.35175879397,0.386934673367];2;350.0;-0.137812028107;1313;15;0.04615384615384616;0.9230769230769231;62.252307692307696;29.923076923076923;76.95692307692309;11.538461538461538;23.923076923076923;21.384615384615383;1.3107692307692307;0.0;6.384615384615385;0.8092307692307693;1.261538461538461;0.4584615384615385;3.1046153846153848;4.846153846153846;9.307692307692308
11286;zone34;4385.789287498423;4835.237486850067;0.0;zone34;S01010289;15;771;687;380;[0.130952,0.511905,0.357143];[0.262911,0.502347,0.234742];[0.178571,0.464286,0.357143];[0.410256,0.435897,0.153846];[0.058064516129,0.0322580645161,0.245161290323,0.664516129032];5;259.0;-0.241396294863;1324;31;0.08;1.8666666666666667;65.93599999999999;44.86666666666667;76.74133333333333;9.4;22.466666666666665;22.666666666666668;1.9173333333333331;0.0;6.288;2.328;0.9146666666666667;0.2773333333333333;1.845333333333333;6.733333333333333;10.933333333333334
11286;zone35;4401.5375624188455;4669.062022109911;0.0;zone35;S01010290;13;546;485;278;[0.198198,0.603604,0.198198];[0.485944,0.449799,0.064257];[0.555556,0.444444,0.0];[0.435897,0.512821,0.051282];[0.10752688172,0.0430107526882,0.494623655914,0.354838709677];3;353.0;-0.133686757747;1408;35;0.10461538461538461;1.0769230769230769;63.24307692307692;38.23076923076923;72.73230769230771;10.076923076923077;22.923076923076923;21.692307692307693;1.5199999999999998;0.0;4.9692307692307685;1.7630769230769232;1.2215384615384615;0.45846153846153853;2.212307692307692;4.076923076923077;8.923076923076923
11286;zone36;4119.983651650423;4281.100418217042;0.0;zone36;S01010291;12;1075;975;481;[0.405594,0.447552,0.146853];[0.627907,0.277132,0.094961];[0.415094,0.433962,0.150943];[0.562963,0.325926,0.111111];[0.197080291971,0.0729927007299,0.445255474453,0.284671532847];3;438.0;-0.0363924713322;1052;29;0.09;1.1666666666666667;52.88333333333333;36.583333333333336;65.14999999999999;9.416666666666666;21.5;18.25;1.8;0.0;3.9999999999999996;1.9366666666666665;0.49666666666666665;0.42;1.863333333333334;3.75;7.833333333333333
11286;zone37;4399.731076226201;4291.6703625917;0.0;zone37;S01010292;10;890;831;409;[0.348214,0.508929,0.142857];[0.477169,0.420091,0.10274];[0.339286,0.446429,0.214286];[0.55814,0.383721,0.05814];[0.128378378378,0.0540540540541,0.398648648649,0.418918918919];4;323.0;-0.168488563048;1383;18;0.068;2.0;62.775999999999996;38.1;68.39200000000001;7.7;21.4;21.1;2.8280000000000003;0.0;3.1759999999999993;1.56;0.43999999999999995;0.24400000000000005;1.1560000000000001;7.0;7.5
11286;zone38;4514.690807242894;4541.15458266895;0.0;zone38;S01010293;16;839;723;373;[0.51773,0.35461,0.12766];[0.635389,0.262735,0.101877];[0.446809,0.319149,0.234043];[0.514286,0.392857,0.092857];[0.242424242424,0.0606060606061,0.393939393939,0.30303030303];3;290.0;-0.205814991507;1045;52;0.1275;1.5;55.925;39.8125;75.13;10.875;23.1875;18.9375;2.8899999999999997;0.0;5.992499999999999;1.0750000000000002;1.03;0.4275;2.055;6.8125;10.5625
11286;zone39;4541.7482834333705;4418.565122351524;0.0;zone39;S01010294;13;690;631;275;[0.242105,0.526316,0.231579];[0.650873,0.214464,0.134663];[0.583333,0.208333,0.208333];[0.414894,0.489362,0.095745];[0.164835164835,0.043956043956,0.494505494505,0.296703296703];4;440.0;-0.0342259463805;962;28;0.07692307692307693;1.7692307692307692;56.02461538461539;45.0;81.43692307692307;11.307692307692308;24.23076923076923;19.076923076923077;3.7569230769230777;0.0;7.55076923076923;1.9907692307692304;0.7507692307692309;0.2461538461538461;2.0953846153846154;8.692307692307692;13.615384615384615
11286;zone40;4766.8646917667475;4574.50133624035;0.0;zone40;S01010295;18;974;870;427;[0.384615,0.391026,0.224359];[0.604555,0.310559,0.084886];[0.428571,0.285714,0.285714];[0.390728,0.516556,0.092715];[0.212765957447,0.113475177305,0.297872340426,0.375886524823];4;529.0;0.0680145754747;1009;37;0.08;1.2222222222222223;51.54888888888888;41.611111111111114;68.69111111111111;9.444444444444445;22.333333333333332;17.61111111111111;2.517777777777778;0.0;5.795555555555556;1.0311111111111113;0.9711111111111111;0.22666666666666668;1.6266666666666663;5.222222222222222;9.88888888888889
11286;zone41;4647.752341766679;4736.091736240359;0.0;zone41;S01010296;16;664;560;291;[0.294118,0.423529,0.282353];[0.520913,0.368821,0.110266];[0.375,0.375,0.25];[0.475524,0.391608,0.132867];[0.282828282828,0.111111111111,0.363636363636,0.242424242424];2;856.0;0.444094443477;991;34;0.08;1.8125;52.50750000000001;30.125;76.25750000000001;11.9375;24.25;18.0625;1.7;0.0;5.309999999999998;1.1500000000000001;0.66;0.25;1.82;9.375;8.375
11286;zone42;5522.849421766708;4411.996091240393;0.0;zone42;S01010297;7;1066;894;676;[0.582609,0.382609,0.034783];[0.691824,0.245283,0.062893];[0.540541,0.333333,0.126126];[0.681275,0.270916,0.047809];[0.260563380282,0.140845070423,0.37323943662,0.225352112676];1;504.0;0.0391758595379;1614;8;0.04571428571428571;1.4285714285714286;70.94285714285714;23.714285714285715;87.66285714285713;15.0;26.0;23.714285714285715;2.245714285714286;0.0;1.5828571428571425;0.49142857142857144;3.674285714285714;0.6628571428571429;3.2114285714285713;9.0;7.571428571428571
11286;zone43;4706.481893689814;4143.807995855712;0.0;zone43;S01010298;12;880;677;515;[0.308943,0.479675,0.211382];[0.581395,0.356589,0.062016];[0.539683,0.396825,0.063492];[0.744828,0.193103,0.062069];[0.227272727273,0.0984848484848,0.371212121212,0.30303030303];1;486.0;0.0190902878356;963;24;0.07333333333333333;1.75;56.616666666666674;34.166666666666664;80.14333333333333;12.333333333333334;23.75;18.916666666666668;2.19;0.0;8.319999999999999;0.4066666666666667;0.8433333333333334;0.5366666666666666;1.8633333333333333;9.25;11.333333333333334
11286;zone44;4885.424673909578;4209.645754097502;0.0;zone44;S01010299;4;536;404;292;[0.3,0.54,0.16];[0.556701,0.340206,0.103093];[0.458333,0.520833,0.020833];[0.584906,0.283019,0.132075];[0.428571428571,0.0857142857143,0.285714285714,0.2];1;375.0;-0.10827530326;647;5;0.05;0.5;34.56;32.5;58.48;10.25;22.25;11.5;3.59;0.0;0.74;0.11;3.15;0.19999999999999998;3.19;1.5;7.0
11286;zone45;4883.397012115578;4340.414778682246;0.0;zone45;S01010300;21;934;764;478;[0.460784,0.411765,0.127451];[0.664653,0.238671,0.096677];[0.632353,0.323529,0.044118];[0.606383,0.329787,0.06383];[0.3046875,0.125,0.3515625,0.21875];2;513.0;0.0498225801839;678;34;0.06285714285714286;1.3333333333333333;42.74476190476191;31.095238095238095;66.05333333333331;11.19047619047619;22.80952380952381;14.476190476190476;3.009523809523809;0.0;2.636190476190476;0.16952380952380952;2.7104761904761907;0.41904761904761906;1.8571428571428574;4.9523809523809526;8.0
11286;zone46;5144.66081966521;4032.769083704074;0.0;zone46;S01010301;6;522;457;283;[0.292683,0.597561,0.109756];[0.57563,0.315126,0.109244];[0.222222,0.703704,0.074074];[0.561798,0.393258,0.044944];[0.214285714286,0.0612244897959,0.459183673469,0.265306122449];4;490.0;0.0232745011966;915;17;0.10666666666666667;1.5;49.080000000000005;42.666666666666664;64.76666666666667;9.166666666666666;21.333333333333332;16.166666666666668;4.14;0.0;1.26;0.14666666666666667;3.1666666666666665;0.5933333333333334;2.046666666666667;4.833333333333333;8.166666666666666
11286;zone47;5165.568789180556;4297.038752619699;0.0;zone47;S01010302;24;669;495;388;[0.65625,0.28125,0.0625];[0.6,0.356522,0.043478];[0.716981,0.226415,0.056604];[0.801802,0.18018,0.018018];[0.582417582418,0.0769230769231,0.263736263736,0.0769230769231];1;392.0;-0.0896499889057;1106;70;0.11666666666666667;1.2083333333333333;51.60666666666666;32.75;69.24999999999999;11.375;23.0;17.5;2.9283333333333332;0.0;1.5200000000000002;0.18000000000000002;3.2883333333333327;0.5000000000000001;2.1433333333333335;5.125;7.458333333333333
11286;zone48;5241.140616766716;4139.402270499609;0.0;zone48;S01010303;33;579;387;250;[0.692308,0.153846,0.153846];[0.56701,0.298969,0.134021];[0.630435,0.282609,0.086957];[0.658879,0.285047,0.056075];[0.58407079646,0.106194690265,0.274336283186,0.0353982300885];1;415.0;-0.0627120940391;1312;72;0.08484848484848485;1.0606060606060606;58.56121212121213;28.636363636363637;69.31393939393938;10.93939393939394;22.545454545454547;19.87878787878788;3.603636363636364;0.0;0.8727272727272728;0.24000000000000002;2.43030303030303;0.38303030303030294;2.488484848484849;4.0;6.575757575757576
11286;zone49;4853.647576226233;3833.123065294377;0.0;zone49;S01010304;12;542;456;332;[0.323529,0.514706,0.161765];[0.635135,0.25,0.114865];[0.477273,0.522727,0.0];[0.829268,0.109756,0.060976];[0.372340425532,0.0425531914894,0.297872340426,0.287234042553];1;804.0;0.384523850516;2038;24;0.07666666666666666;2.3333333333333335;87.22333333333334;25.916666666666668;78.71666666666667;9.25;22.0;29.833333333333332;2.816666666666667;0.0;0.5766666666666667;0.03333333333333333;2.2433333333333336;0.27;1.7166666666666666;8.0;5.25
11286;zone50;4697.410406890209;3639.1027396354093;0.0;zone50;S01010305;7;807;694;478;[0.36036,0.468468,0.171171];[0.553191,0.33617,0.110638];[0.409639,0.301205,0.289157];[0.589888,0.337079,0.073034];[0.198529411765,0.0735294117647,0.382352941176,0.345588235294];1;223.0;-0.28282788147;873;13;0.07428571428571429;2.4285714285714284;56.171428571428564;26.428571428571427;76.38285714285715;12.428571428571429;23.857142857142858;19.285714285714285;3.0285714285714285;0.0;1.6628571428571426;1.5714285714285716;0.6628571428571429;0.3028571428571429;1.6285714285714286;10.0;6.428571428571429
11286;zone51;4591.3082521834585;3868.367573740388;0.0;zone51;S01010306;13;752;675;449;[0.35625,0.56875,0.075];[0.570588,0.355882,0.073529];[0.283019,0.566038,0.150943];[0.650943,0.330189,0.018868];[0.165680473373,0.0473372781065,0.479289940828,0.307692307692];2;238.0;-0.265781391166;628;30;0.08923076923076922;1.8461538461538463;51.58769230769231;29.923076923076923;68.58769230769231;10.76923076923077;22.923076923076923;17.53846153846154;2.87076923076923;0.0;0.9046153846153847;2.0615384615384618;0.563076923076923;0.35692307692307695;1.6615384615384616;7.076923076923077;6.076923076923077
11286;zone52;4503.72067559025;3742.2957906521283;0.0;zone52;S01010307;9;821;732;428;[0.189922,0.577519,0.232558];[0.407407,0.487654,0.104938];[0.346154,0.538462,0.115385];[0.71875,0.234375,0.046875];[0.0681818181818,0.0568181818182,0.375,0.5];5;319.0;-0.172537833795;455;31;0.13333333333333333;1.4444444444444444;45.85333333333333;47.333333333333336;64.46222222222222;9.11111111111111;21.88888888888889;15.444444444444445;4.0;0.0;1.0488888888888888;3.671111111111111;0.3111111111111111;0.2577777777777778;1.1777777777777778;5.777777777777778;8.444444444444445
11286;zone53;4364.519870735056;4047.768725526131;0.0;zone53;S01010308;9;975;858;480;[0.285714,0.54007,0.174216];[0.511936,0.384615,0.103448];[0.254902,0.411765,0.333333];[0.648352,0.307692,0.043956];[0.0970873786408,0.0631067961165,0.359223300971,0.480582524272];4;257.0;-0.244477582955;1678;25;0.1111111111111111;2.0;82.25333333333336;40.55555555555556;88.43111111111111;10.777777777777779;24.333333333333332;28.11111111111111;3.7333333333333334;0.0;4.804444444444443;2.231111111111111;1.3733333333333333;0.4933333333333334;1.257777777777778;9.444444444444445;11.444444444444445
11286;zone54;5381.88771051669;3636.3205112402793;0.0;zone54;S01010309;4;419;356;264;[0.333333,0.25,0.416667];[0.478873,0.422535,0.098592];[0.352941,0.382353,0.264706];[0.705882,0.24183,0.052288];[0.365853658537,0.170731707317,0.390243902439,0.0731707317073];1;0.0;-0.540229885057;1642;8;0.08;1.25;73.46;37.0;64.57;7.25;19.75;25.5;1.25;0.0;1.0999999999999999;0.15000000000000002;2.88;0.30000000000000004;1.25;3.75;4.75
11286;zone55;5657.373406240428;3625.6586165034923;0.0;zone55;S01010310;13;706;540;381;[0.333333,0.238095,0.428571];[0.565517,0.337931,0.096552];[0.54902,0.27451,0.176471];[0.715415,0.256917,0.027668];[0.484848484848,0.151515151515,0.318181818182,0.0454545454545];1;574.0;0.120406534162;745;25;0.07076923076923076;1.3846153846153846;52.292307692307695;29.76923076923077;65.43076923076923;9.846153846153847;22.53846153846154;17.615384615384617;1.9784615384615383;0.0;1.153846153846154;0.06769230769230769;3.236923076923077;0.28923076923076924;2.378461538461538;4.538461538461538;5.923076923076923
11286;zone56;5685.425126382168;3318.6970593171873;0.0;zone56;S01010311;22;721;556;351;[0.411765,0.352941,0.235294];[0.472222,0.453704,0.074074];[0.571429,0.404762,0.02381];[0.717949,0.271062,0.010989];[0.565217391304,0.121739130435,0.269565217391,0.0434782608696];1;1534.0;1.22364271569;1497;28;0.05090909090909091;1.7272727272727273;72.61272727272727;22.90909090909091;75.33454545454546;10.090909090909092;23.181818181818183;24.818181818181817;1.9781818181818183;0.0;1.7436363636363632;0.14363636363636362;2.225454545454545;0.34181818181818185;2.129090909090909;7.0;5.636363636363637
11286;zone57;5466.52613028024;3072.1402274564575;0.0;zone57;S01010312;34;868;647;425;[0.117647,0.823529,0.058824];[0.754386,0.22807,0.017544];[0.407407,0.444444,0.148148];[0.804945,0.153846,0.041209];[0.586956521739,0.115942028986,0.268115942029,0.0289855072464];1;685.0;0.247477927043;1690;54;0.05882352941176471;1.0588235294117647;72.83764705882353;26.441176470588236;73.87647058823529;10.941176470588236;22.970588235294116;25.0;1.624705882352941;0.0;1.8176470588235294;0.04470588235294118;3.0741176470588227;0.4211764705882354;2.5847058823529414;3.8529411764705883;5.970588235294118
11286;zone58;5251.7403530303945;3502.549209042501;0.0;zone58;S01010313;16;654;529;356;[0.428571,0.285714,0.285714];[0.6,0.333333,0.066667];[0.433735,0.481928,0.084337];[0.739623,0.162264,0.098113];[0.648351648352,0.131868131868,0.175824175824,0.043956043956];1;565.0;0.109617915218;2127;24;0.055;0.8125;85.7475;32.125;79.92249999999999;10.3125;22.875;29.75;2.92;0.0;2.0949999999999998;0.14;2.8550000000000004;0.3325;2.4975;4.5625;7.5
11286;zone59;4840.312157862589;3385.4448126102257;0.0;zone59;S01010314;21;1248;1034;550;[0.358209,0.507463,0.134328];[0.514493,0.333333,0.152174];[0.5,0.326923,0.173077];[0.636,0.324,0.04];[0.316901408451,0.133802816901,0.401408450704,0.147887323944];1;637.0;0.192402372167;1047;34;0.05333333333333334;1.4285714285714286;55.74285714285714;29.61904761904762;75.73904761904761;12.285714285714286;24.0;19.38095238095238;4.3066666666666675;0.0;2.782857142857143;0.56;1.3428571428571427;0.40952380952380957;2.175238095238095;6.761904761904762;8.523809523809524
11286;zone60;4536.293429266749;2504.1273706154316;0.0;zone60;S01010315;43;911;678;409;[0.180723,0.554217,0.26506];[0.252632,0.457895,0.289474];[0.208333,0.5,0.291667];[0.55144,0.345679,0.102881];[0.308176100629,0.169811320755,0.358490566038,0.163522012579];2;382.0;-0.100954860853;1688;81;0.07348837209302325;1.5348837209302326;75.31813953488373;30.46511627906977;74.98511627906977;9.511627906976743;22.27906976744186;25.767441860465116;3.06046511627907;0.0;1.324651162790698;0.02790697674418605;3.1283720930232555;0.34139534883720923;2.0279069767441866;5.5813953488372094;7.093023255813954
11286;zone61;4589.6619547948285;2943.195659127726;0.0;zone61;S01010316;25;512;414;304;[0.392157,0.529412,0.078431];[0.62931,0.37069,0.0];[0.439024,0.560976,0.0];[0.775401,0.224599,0.0];[0.439252336449,0.102803738318,0.252336448598,0.205607476636];1;481.0;0.0128180141103;1315;45;0.0672;1.32;59.0608;28.84;71.4128;10.88;22.68;20.16;2.2319999999999998;0.0;2.5024;0.0336;2.8815999999999997;0.3648;2.0303999999999998;5.68;7.32
11286;zone63;4421.5566371748755;3071.026327566895;0.0;zone63;S01010318;12;1588;1497;304;[0.5,0.456522,0.043478];[0.469799,0.47651,0.053691];[0.310345,0.37931,0.310345];[0.678571,0.285714,0.035714];[0.36,0.14,0.34,0.16];3;317.0;-0.175110645645;1190;24;0.08;1.25;64.77;32.5;70.42;9.083333333333334;22.0;22.25;4.31;0.0;3.14;0.7266666666666667;0.35333333333333333;0.4100000000000001;1.91;4.416666666666667;8.083333333333334
11286;zone64;4173.240913470097;2893.8040771744095;0.0;zone64;S01010319;9;711;624;407;[0.258741,0.608392,0.132867];[0.383399,0.486166,0.130435];[0.439394,0.212121,0.348485];[0.530769,0.384615,0.084615];[0.171974522293,0.0700636942675,0.471337579618,0.286624203822];2;473.0;0.00423719084943;1517;20;0.08888888888888889;1.5555555555555556;70.57333333333334;37.0;76.29333333333334;9.333333333333334;22.555555555555557;24.0;5.64888888888889;0.0;1.8444444444444446;0.23555555555555557;1.9466666666666665;0.36444444444444446;1.8755555555555554;6.888888888888889;9.11111111111111
11286;zone65;3940.1918462749595;2900.8899784533987;0.0;zone65;S01010320;4;675;594;437;[0.257813,0.523438,0.21875];[0.61753,0.298805,0.083665];[0.526316,0.22807,0.245614];[0.805085,0.169492,0.025424];[0.172185430464,0.0662251655629,0.443708609272,0.317880794702];1;646.0;0.202453315259;1081;3;0.02;0.5;47.11000000000001;27.75;62.330000000000005;11.0;22.75;15.75;1.48;0.0;1.76;0.33999999999999997;2.8000000000000003;0.59;2.41;1.75;5.75
11286;zone66;3905.8658739096163;2664.6669636212755;0.0;zone66;S01010321;7;837;634;432;[0.401709,0.555556,0.042735];[0.54717,0.433962,0.018868];[0.45122,0.439024,0.109756];[0.666667,0.271186,0.062147];[0.212328767123,0.0958904109589,0.390410958904,0.301369863014];1;1019.0;0.631764531736;1920;5;0.02857142857142857;1.4285714285714286;78.01142857142857;26.0;82.88571428571429;12.142857142857142;24.285714285714285;27.0;3.36;0.0;3.068571428571428;0.08;1.5657142857142856;0.13142857142857145;2.8971428571428572;6.714285714285714;7.428571428571429
11286;zone67;3630.3978644730896;3132.1651121578075;0.0;zone67;S01010322;9;1028;914;549;[0.174419,0.549419,0.276163];[0.412399,0.471698,0.115903];[0.298507,0.38806,0.313433];[0.647059,0.323529,0.029412];[0.057268722467,0.0352422907489,0.449339207048,0.458149779736];5;124.0;-0.397569575369;1452;24;0.09777777777777778;2.4444444444444446;70.22666666666666;33.666666666666664;78.18666666666667;10.444444444444445;22.555555555555557;24.22222222222222;3.417777777777778;0.0;4.742222222222221;0.6177777777777779;1.3866666666666667;0.3422222222222222;1.0266666666666666;7.555555555555555;9.88888888888889
11286;zone68;6208.193116766784;3072.425066795916;0.0;zone68;S01010323;4;603;466;377;[0.555556,0.444444,0.0];[0.657143,0.271429,0.071429];[0.642857,0.321429,0.035714];[0.793651,0.166667,0.039683];[0.578431372549,0.166666666667,0.235294117647,0.0196078431373];1;970.0;0.57559463238;959;5;0.05;0.75;45.330000000000005;25.0;67.56;13.5;23.5;15.5;5.76;0.0;1.79;0.0;0.38;0.54;2.83;2.5;7.5
11286;zone69;6517.651722029823;2240.572579661372;0.0;zone69;S01010324;6;759;566;403;[0.142857,0.571429,0.285714];[0.298077,0.490385,0.211538];[0.333333,0.530864,0.135802];[0.401674,0.414226,0.1841];[0.569620253165,0.101265822785,0.291139240506,0.0379746835443];1;407.0;-0.0721601679586;2179;7;0.04;2.1666666666666665;81.58;22.5;76.08666666666666;9.0;21.5;28.333333333333332;1.1666666666666665;0.0;1.3066666666666666;0.0;2.5;0.2733333333333334;1.76;8.0;4.333333333333333
11286;zone70;6038.016041009105;2402.8415869980217;0.0;zone70;S01010325;18;939;666;501;[0.263158,0.368421,0.368421];[0.383838,0.525253,0.090909];[0.253623,0.615942,0.130435];[0.451362,0.463035,0.085603];[0.545454545455,0.238636363636,0.193181818182,0.0227272727273];1;225.0;-0.281126582053;1668;15;0.03111111111111111;1.1666666666666667;59.21333333333334;25.22222222222222;68.06666666666665;10.944444444444445;22.333333333333332;20.444444444444443;1.56;0.0;0.8355555555555555;0.0;3.062222222222222;0.4022222222222223;2.633333333333333;4.222222222222222;5.0
11286;zone71;5272.359331052501;2740.775131541117;0.0;zone71;S01010326;39;987;707;494;[0.526316,0.368421,0.105263];[0.522523,0.333333,0.144144];[0.492188,0.3125,0.195313];[0.723514,0.224806,0.05168];[0.54375,0.16875,0.23125,0.05625];1;1389.0;1.05701743376;954;65;0.06358974358974359;1.2820512820512822;54.16615384615386;29.692307692307693;67.65948717948719;9.871794871794872;22.256410256410255;18.23076923076923;1.598974358974359;0.0;5.335384615384615;0.03076923076923077;1.4482051282051287;0.3107692307692307;2.165128205128205;4.666666666666667;8.0
11286;zone72;4970.167032608406;2501.795090448298;0.0;zone72;S01010327;34;982;660;362;[0.031746,0.507937,0.460317];[0.372881,0.432203,0.194915];[0.289063,0.328125,0.382813];[0.516892,0.347973,0.135135];[0.416184971098,0.21387283237,0.236994219653,0.132947976879];1;470.0;0.000335688704598;946;49;0.05529411764705883;1.088235294117647;57.845882352941175;27.88235294117647;71.48;10.705882352941176;22.970588235294116;19.823529411764707;2.078823529411765;0.0;5.325882352941178;0.0;1.1176470588235294;0.3105882352941177;2.3870588235294115;5.147058823529412;8.058823529411764
11286;zone73;5975.307390960257;2677.5485166167286;0.0;zone73;S01010328;24;969;706;445;[0.16129,0.5,0.33871];[0.27044,0.471698,0.257862];[0.192547,0.434783,0.372671];[0.338983,0.432203,0.228814];[0.309352517986,0.258992805755,0.280575539568,0.151079136691];2;457.0;-0.0138550124678;1921;32;0.05166666666666667;1.5;77.34166666666668;31.333333333333332;76.26166666666667;9.708333333333334;23.0;26.791666666666668;2.361666666666667;0.0;1.055;0.0;4.105000000000001;0.2833333333333334;2.0883333333333334;5.333333333333333;6.958333333333333
11286;zone74;4421.847657862615;2232.0860934321454;0.0;zone74;S01010329;21;573;435;290;[0.368421,0.263158,0.368421];[0.341176,0.470588,0.188235];[0.255814,0.465116,0.27907];[0.52,0.354286,0.125714];[0.438356164384,0.191780821918,0.27397260274,0.0958904109589];2;105.0;-0.418628586414;1681;35;0.06476190476190476;0.9047619047619048;75.93333333333331;29.19047619047619;70.60571428571428;8.952380952380953;21.476190476190474;26.285714285714285;3.11047619047619;0.0;1.7238095238095237;0.0;1.8742857142857146;0.43238095238095237;2.2419047619047623;2.619047619047619;6.142857142857143
