cycle;name;location.x;location.y;location.z;name;dataZone;nm_children;pop;over16;nm_hh;AB_car_prob;C1_car_prob;C2_car_prob;DE_car_prob;prob_social;simd;crimeRate;norm_crime;avg_dis_sh;neigh_play;daily_play_per_child;avg_FSA;avg_walk;daily_OD;zone_mvpa;mvpa_home;mvpa_sc;mvpa_road;mvpa_play_field;mvpa_home_garden;mvpa_park;mvpa_PG;mvpa_amenity;mvpa_shops;mvpa_F_home;mvpa_fsa;mvpa_OD
11286;zone0;8448.90275962388;2625.4515469546564;0.0;zone0;S01010195;19;531;390;212;[0.0,0.481481,0.518519];[0.261538,0.646154,0.092308];[0.12,0.59,0.29];[0.447368,0.368421,0.184211];[0.418918918919,0.283783783784,0.202702702703,0.0945945945946];1;0.0;-0.540229885057;1181;33;0.06526315789473684;1.105263157894737;59.28421052631578;27.105263157894736;68.10947368421056;10.789473684210526;22.0;20.473684210526315;1.0589473684210526;0.0;2.431578947368421;0.0;2.8610526315789473;0.4126315789473685;2.494736842105263;3.789473684210526;5.947368421052632
11286;zone1;8656.736904000718;2165.9902346445633;0.0;zone1;S01010198;18;1027;748;394;[0.058824,0.529412,0.411765];[0.305785,0.561983,0.132231];[0.219858,0.496454,0.283688];[0.523179,0.331126,0.145695];[0.48623853211,0.229357798165,0.266055045872,0.0183486238532];1;1609.0;1.3102524676;1430;31;0.06666666666666667;0.7777777777777778;61.679999999999986;27.444444444444443;66.6511111111111;10.055555555555555;21.88888888888889;21.22222222222222;1.6533333333333333;0.0;1.3111111111111113;0.12000000000000001;3.0777777777777775;0.4733333333333334;2.671111111111111;2.388888888888889;5.777777777777778
11286;zone2;8537.588755655543;3024.028900129281;0.0;zone2;S01010201;22;643;453;253;[0.0,0.47619,0.52381];[0.270833,0.3125,0.416667];[0.088,0.48,0.432];[0.296552,0.434483,0.268966];[0.365853658537,0.292682926829,0.292682926829,0.0487804878049];2;219.0;-0.28762447053;819;33;0.06;1.3636363636363635;47.434545454545464;28.5;61.49454545454545;9.090909090909092;21.454545454545453;16.045454545454547;0.7436363636363638;0.0;1.9163636363636363;0.04363636363636363;2.8963636363636365;0.2763636363636364;2.1636363636363636;5.181818181818182;5.090909090909091
11286;zone3;8059.42097232239;3767.666522351409;0.0;zone3;S01010203;30;671;504;260;[0.090909,0.363636,0.545455];[0.263804,0.460123,0.276074];[0.094828,0.422414,0.482759];[0.183824,0.375,0.441176];[0.272727272727,0.218181818182,0.363636363636,0.145454545455];3;215.0;-0.292668818285;1989;43;0.05466666666666667;1.2333333333333334;87.43733333333334;39.833333333333336;78.18400000000001;8.7;22.066666666666666;30.2;2.1839999999999997;0.0;2.841333333333333;0.0;3.7933333333333326;0.2093333333333334;2.2079999999999997;4.433333333333334;8.4
11286;zone4;8368.288440296214;3565.498290652094;0.0;zone4;S01010204;30;800;589;381;[0.272727,0.727273,0.0];[0.627451,0.27451,0.098039];[0.444444,0.533333,0.022222];[0.600619,0.321981,0.077399];[0.595041322314,0.157024793388,0.239669421488,0.00826446280992];1;497.0;0.0317745673598;1344;47;0.06;1.3;58.790666666666674;30.366666666666667;73.30533333333331;11.6;23.533333333333335;20.033333333333335;2.0799999999999996;0.0;2.2746666666666666;0.03066666666666667;4.232;0.432;2.1253333333333333;5.366666666666666;8.266666666666667
11286;zone5;8034.229745798958;3515.110462853287;0.0;zone5;S01010205;15;658;534;355;[0.411765,0.117647,0.470588];[0.465116,0.457364,0.077519];[0.317757,0.588785,0.093458];[0.593458,0.280374,0.126168];[0.466666666667,0.2,0.3,0.0333333333333];1;925.0;0.523434132086;1012;21;0.05333333333333334;1.1333333333333333;49.400000000000006;26.8;67.86399999999999;11.466666666666667;23.333333333333332;17.133333333333333;1.3946666666666667;0.0;1.1226666666666665;0.0;4.274666666666667;0.5013333333333334;2.3760000000000003;4.733333333333333;6.333333333333333
11286;zone6;7457.064719570519;3739.055375726369;0.0;zone6;S01010208;18;903;745;565;[0.30137,0.589041,0.109589];[0.48062,0.457364,0.062016];[0.272727,0.613636,0.113636];[0.66055,0.270642,0.068807];[0.233333333333,0.133333333333,0.461111111111,0.172222222222];1;603.0;0.153385979085;1471;21;0.04444444444444445;1.5;66.85111111111111;31.444444444444443;75.89777777777778;11.277777777777779;23.166666666666668;22.666666666666668;2.0644444444444447;0.0;1.948888888888889;0.0;3.7333333333333334;0.3533333333333334;2.1111111111111107;6.833333333333333;7.111111111111111
11286;zone7;7917.838214725937;1939.334458859395;0.0;zone7;S01010209;24;966;677;468;[0.172414,0.586207,0.241379];[0.333333,0.414966,0.251701];[0.381944,0.458333,0.159722];[0.545852,0.336245,0.117904];[0.337931034483,0.248275862069,0.303448275862,0.110344827586];1;2053.0;1.82052250092;1670;38;0.06;0.9583333333333334;78.69666666666667;30.875;73.49000000000001;9.208333333333334;21.958333333333332;27.083333333333332;1.1233333333333333;0.0;2.7000000000000006;0.0;2.8683333333333336;0.37166666666666676;2.926666666666667;3.5833333333333335;6.083333333333333
11286;zone8;7878.406567747077;2721.2634132011362;0.0;zone8;S01010210;18;885;641;416;[0.173913,0.456522,0.369565];[0.21519,0.5,0.28481];[0.189781,0.386861,0.423358];[0.422111,0.442211,0.135678];[0.394736842105,0.236842105263,0.254385964912,0.114035087719];1;344.0;-0.144253829852;1169;31;0.06666666666666667;1.1111111111111112;57.43111111111111;25.944444444444443;73.92666666666668;12.38888888888889;23.72222222222222;19.833333333333332;1.913333333333333;0.0;3.3444444444444446;0.0;2.531111111111111;0.3955555555555556;2.4911111111111115;5.388888888888889;7.333333333333333
11286;zone9;7785.599648345685;3201.783800714137;0.0;zone9;S01010211;22;858;634;452;[0.147059,0.705882,0.147059];[0.384615,0.452991,0.162393];[0.469565,0.4,0.130435];[0.722656,0.226563,0.050781];[0.473214285714,0.169642857143,0.285714285714,0.0714285714286];1;430.0;-0.0456985893816;1223;30;0.05454545454545454;1.5454545454545454;55.352727272727286;26.59090909090909;68.42;9.681818181818182;22.5;19.136363636363637;2.5527272727272727;0.0;1.438181818181818;0.0;2.5672727272727274;0.2;2.4109090909090907;6.181818181818182;6.0
11286;zone10;7580.688680869333;3097.127786881416;0.0;zone10;S01010212;49;1083;779;559;[0.233333,0.633333,0.133333];[0.594771,0.339869,0.065359];[0.465517,0.405172,0.12931];[0.712821,0.269231,0.017949];[0.566037735849,0.138364779874,0.22641509434,0.0691823899371];1;1473.0;1.15298517036;1203;72;0.0546938775510204;1.2857142857142858;58.87755102040816;29.20408163265306;70.40897959183673;10.591836734693878;22.714285714285715;19.918367346938776;2.242448979591836;0.0;2.5159183673469387;0.0;2.695510204081632;0.34857142857142853;2.302857142857143;5.3061224489795915;6.979591836734694
11286;zone11;8065.177293237223;3111.5884965344962;0.0;zone11;S01010213;13;924;657;476;[0.105263,0.684211,0.210526];[0.382609,0.547826,0.069565];[0.218543,0.556291,0.225166];[0.467925,0.483019,0.049057];[0.451327433628,0.221238938053,0.274336283186,0.0530973451327];1;247.0;-0.255840453357;1004;25;0.06769230769230769;1.3846153846153846;52.424615384615386;27.846153846153847;69.23692307692308;10.846153846153847;22.615384615384617;18.153846153846153;1.2215384615384617;0.0;2.9753846153846153;0.0;2.6276923076923078;0.4307692307692309;2.3723076923076922;5.769230769230769;6.384615384615385
11286;zone12;7144.994858230166;1947.4125453867302;0.0;zone12;S01010214;27;967;717;396;[0.098592,0.28169,0.619718];[0.197531,0.438272,0.364198];[0.173333,0.493333,0.333333];[0.237069,0.487069,0.275862];[0.361344537815,0.210084033613,0.310924369748,0.117647058824];3;176.0;-0.337854473183;1925;41;0.05777777777777778;1.1481481481481481;87.14814814814815;33.18518518518518;77.62666666666667;9.555555555555555;22.333333333333332;30.0;2.595555555555555;0.0;2.2296296296296294;0.0;3.0192592592592593;0.3881481481481481;2.1629629629629625;3.7037037037037037;7.37037037037037
11286;zone13;7013.590150664996;2618.495528189446;0.0;zone13;S01010215;24;850;608;492;[0.571429,0.285714,0.142857];[0.5,0.431373,0.068627];[0.382609,0.391304,0.226087];[0.678571,0.269841,0.051587];[0.467289719626,0.140186915888,0.345794392523,0.0467289719626];1;547.0;0.0886083430805;711;38;0.06333333333333334;0.9166666666666666;45.051666666666655;29.125;65.91999999999999;11.625;23.208333333333332;15.375;1.251666666666667;0.0;1.875;0.0;3.981666666666667;0.4133333333333334;2.7433333333333336;3.75;6.583333333333333
11286;zone14;7332.222205807836;2329.961970144465;0.0;zone14;S01010216;15;621;464;361;[0.6,0.4,0.0];[0.597701,0.356322,0.045977];[0.409091,0.439394,0.151515];[0.709544,0.273859,0.016598];[0.5,0.163265306122,0.265306122449,0.0714285714286];1;600.0;0.150092344085;1309;19;0.05066666666666667;1.6;67.576;31.933333333333334;75.07199999999999;10.666666666666666;22.866666666666667;23.333333333333332;1.4319999999999997;0.0;2.3546666666666667;0.0;4.1706666666666665;0.2906666666666667;2.0186666666666664;6.6;7.466666666666667
11286;zone15;7299.833172322251;2625.8610945736937;0.0;zone15;S01010217;33;817;598;406;[0.16129,0.516129,0.322581];[0.565517,0.4,0.034483];[0.5,0.431373,0.068627];[0.702703,0.283784,0.013514];[0.541935483871,0.0967741935484,0.296774193548,0.0645161290323];1;1060.0;0.679274950851;1007;58;0.06545454545454546;1.696969696969697;52.0969696969697;28.424242424242426;68.98424242424242;10.515151515151516;22.727272727272727;17.78787878787879;1.4872727272727275;0.0;1.9600000000000002;0.0;3.3975757575757584;0.3648484848484848;2.230303030303031;6.666666666666667;6.303030303030303
11286;zone16;7142.953643082513;3018.5401822929393;0.0;zone16;S01010218;31;1018;790;587;[0.425532,0.404255,0.170213];[0.392523,0.453271,0.154206];[0.358209,0.492537,0.149254];[0.589124,0.335347,0.075529];[0.424657534247,0.109589041096,0.369863013699,0.0958904109589];1;557.0;0.101026678737;556;51;0.06193548387096774;0.8064516129032258;40.916129032258056;29.64516129032258;61.61290322580645;10.838709677419354;22.483870967741936;13.806451612903226;1.868387096774194;0.0;1.447741935483871;0.0;3.3058064516129044;0.43354838709677423;2.5754838709677417;3.3548387096774195;6.129032258064516
11286;zone17;6738.8937706128745;4298.8917997019325;0.0;zone17;S01010219;21;503;382;274;[0.695652,0.304348,0.0];[0.758621,0.215517,0.025862];[0.761905,0.166667,0.071429];[0.781609,0.195402,0.022989];[0.41935483871,0.0752688172043,0.408602150538,0.0967741935484];2;184.0;-0.327838932938;1516;42;0.0761904761904762;1.2857142857142858;74.54285714285713;35.57142857142857;79.45714285714286;10.571428571428571;23.095238095238095;25.714285714285715;3.8533333333333335;0.0;3.659047619047619;0.12761904761904763;2.3466666666666662;0.36190476190476195;2.188571428571428;5.571428571428571;9.523809523809524
11286;zone18;5915.780765415368;4211.222876105162;0.0;zone18;S01010220;7;476;433;279;[0.181159,0.608696,0.210145];[0.404255,0.531915,0.06383];[0.227273,0.704545,0.068182];[0.448276,0.482759,0.068966];[0.154545454545,0.0636363636364,0.318181818182,0.463636363636];5;267.0;-0.232306706325;1189;21;0.12;1.4285714285714286;55.98857142857143;37.0;75.33142857142857;11.857142857142858;23.714285714285715;19.142857142857142;6.325714285714285;0.0;3.1142857142857143;0.39428571428571424;1.8571428571428574;0.3371428571428572;1.2571428571428573;5.428571428571429;11.142857142857142
11286;zone19;6341.0811208317455;3913.8398648988496;0.0;zone19;S01010221;13;546;394;260;[0.6,0.4,0.0];[0.557377,0.409836,0.032787];[0.538462,0.323077,0.138462];[0.699387,0.257669,0.042945];[0.609375,0.140625,0.203125,0.046875];1;635.0;0.19005459739;1390;19;0.05538461538461539;1.0;65.91384615384615;24.692307692307693;74.07076923076923;12.076923076923077;23.615384615384617;22.23076923076923;3.483076923076923;0.0;2.8800000000000003;0.05846153846153846;0.9446153846153844;0.4646153846153846;2.32;4.076923076923077;6.769230769230769
11286;zone20;7001.213463613622;4053.9957950241624;0.0;zone20;S01010222;15;492;414;285;[0.142857,0.5,0.357143];[0.432432,0.459459,0.108108];[0.348624,0.522936,0.12844];[0.747899,0.235294,0.016807];[0.345238095238,0.214285714286,0.309523809524,0.130952380952];1;377.0;-0.105830277325;1667;20;0.05333333333333334;1.8;73.66133333333333;22.866666666666667;76.00800000000001;10.8;22.6;25.466666666666665;2.066666666666667;0.0;2.256;0.0;1.9066666666666667;0.3413333333333333;1.896;7.0;5.8
11286;zone21;6986.8418912765155;3434.1450308482026;0.0;zone21;S01010223;4;556;462;337;[0.076923,0.538462,0.384615];[0.567797,0.330508,0.101695];[0.472222,0.444444,0.083333];[0.584699,0.36612,0.04918];[0.432432432432,0.162162162162,0.324324324324,0.0810810810811];1;439.0;-0.0353356041414;1864;6;0.06;0.25;74.05;41.0;74.79;10.5;22.75;25.5;5.15;0.0;2.93;0.15;3.86;0.35;1.88;0.5;11.75
11286;zone22;6247.397837456437;3329.661273309237;0.0;zone22;S01010224;40;1036;727;469;[0.405405,0.540541,0.054054];[0.592593,0.274074,0.133333];[0.418803,0.504274,0.076923];[0.768421,0.202632,0.028947];[0.506097560976,0.140243902439,0.268292682927,0.0853658536585];1;1004.0;0.614259332793;959;60;0.058;1.525;56.36899999999999;24.9;72.095;11.3;23.625;19.2;3.9770000000000003;0.0;1.3130000000000002;0.06899999999999999;1.8289999999999995;0.3439999999999999;2.3619999999999997;6.275;6.725
11286;zone23;7827.985844039554;4105.4701191949;0.0;zone23;S01010225;33;812;636;431;[0.25,0.634615,0.115385];[0.469072,0.43299,0.097938];[0.54023,0.413793,0.045977];[0.672065,0.234818,0.093117];[0.385185185185,0.125925925926,0.325925925926,0.162962962963];1;1006.0;0.616572011517;1721;48;0.05090909090909091;1.3636363636363635;75.53333333333335;30.272727272727273;75.00848484848484;9.606060606060606;22.545454545454547;26.21212121212121;2.298181818181818;0.0;2.3175757575757574;0.0;3.0763636363636366;0.25939393939393945;1.9636363636363632;4.909090909090909;7.151515151515151
11286;zone24;7040.363001382077;4481.052780471187;0.0;zone24;S01010226;40;816;565;394;[0.454545,0.242424,0.30303];[0.715385,0.2,0.084615];[0.540541,0.405405,0.054054];[0.766917,0.18797,0.045113];[0.503355704698,0.201342281879,0.221476510067,0.0738255033557];2;422.0;-0.0548014077425;1214;90;0.087;0.75;56.795000000000016;34.925;69.771;10.85;22.775;19.425;4.1259999999999994;0.0;3.7410000000000005;0.08600000000000001;1.8189999999999997;0.46499999999999997;2.46;2.35;9.275
11286;zone25;6847.772309074456;4638.663588163389;0.0;zone25;S01010227;39;692;454;294;[0.413793,0.413793,0.172414];[0.704545,0.238636,0.056818];[0.654545,0.345455,0.0];[0.810606,0.159091,0.030303];[0.672268907563,0.0924369747899,0.159663865546,0.0756302521008];4;0.0;-0.540229885057;1213;136;0.13538461538461538;0.9487179487179487;58.275897435897456;43.12820512820513;71.94871794871794;9.692307692307692;22.46153846153846;19.897435897435898;4.416410256410257;0.0;4.643076923076923;0.06358974358974359;2.4605128205128213;0.2615384615384615;2.306666666666666;4.076923076923077;11.051282051282051
11286;zone26;8241.816993110848;4572.457656401622;0.0;zone26;S01010229;30;1016;787;508;[0.1,0.625,0.275];[0.350877,0.350877,0.298246];[0.348315,0.477528,0.174157];[0.565217,0.310559,0.124224];[0.420731707317,0.213414634146,0.292682926829,0.0731707317073];1;395.0;-0.0859445809966;1177;50;0.064;0.6333333333333333;59.04666666666667;23.133333333333333;63.756000000000014;9.933333333333334;21.566666666666666;20.333333333333332;1.7346666666666664;0.0;2.037333333333333;0.04133333333333333;1.6160000000000003;0.4373333333333334;2.5706666666666664;2.0;4.966666666666667
11286;zone27;7458.320056766788;4680.341251240345;0.0;zone27;S01010230;24;1005;772;577;[0.314286,0.628571,0.057143];[0.703883,0.296117,0.0];[0.727273,0.218182,0.054545];[0.71831,0.24507,0.03662];[0.517857142857,0.136904761905,0.267857142857,0.077380952381];1;846.0;0.433218203459;976;35;0.05833333333333333;1.625;56.448333333333345;26.375;71.43;11.25;22.916666666666668;19.5;1.6783333333333335;0.0;2.7166666666666663;0.00833333333333333;2.6066666666666656;0.33;2.1566666666666667;6.666666666666667;6.5
11286;zone28;7569.802990100143;4917.458811240416;0.0;zone28;S01010232;37;1074;792;485;[0.457143,0.485714,0.057143];[0.557292,0.338542,0.104167];[0.492063,0.333333,0.174603];[0.654229,0.251244,0.094527];[0.470297029703,0.153465346535,0.306930693069,0.0693069306931];1;771.0;0.347049794199;1005;63;0.06486486486486487;1.1081081081081081;50.14378378378379;30.37837837837838;68.39675675675676;11.486486486486486;23.10810810810811;17.10810810810811;1.5513513513513515;0.0;3.218378378378378;0.09837837837837839;3.264864864864865;0.4010810810810811;2.4616216216216213;4.027027027027027;7.648648648648648
11286;zone29;7830.713068379679;4879.746446724283;0.0;zone29;S01010233;33;970;705;476;[0.275,0.625,0.1];[0.655629,0.245033,0.099338];[0.52809,0.426966,0.044944];[0.771505,0.212366,0.016129];[0.587209302326,0.093023255814,0.261627906977,0.0581395348837];1;284.0;-0.213781821634;1187;48;0.05696969696969697;1.5151515151515151;61.73575757575759;28.0;73.3612121212121;11.333333333333334;23.424242424242426;21.0;1.1636363636363636;0.0;2.784242424242424;0.04363636363636363;3.176969696969697;0.40000000000000013;2.061818181818182;6.181818181818182;6.575757575757576
11286;zone30;6473.383843181837;4954.519765957263;0.0;zone30;S01010261;6;2551;2373;526;[0.666667,0.270833,0.0625];[0.675841,0.281346,0.042813];[0.75,0.25,0.0];[0.824468,0.164894,0.010638];[0.41,0.06,0.41,0.12];3;176.0;-0.337679921334;2205;18;0.11333333333333333;0.6666666666666666;87.26666666666667;38.166666666666664;75.32666666666667;8.833333333333334;22.333333333333332;30.0;2.266666666666667;0.0;0.8066666666666666;0.18000000000000002;4.473333333333333;0.2733333333333334;2.2933333333333334;1.8333333333333333;7.166666666666667
11286;zone31;4930.642193689802;4959.449818932565;0.0;zone31;S01010266;3;555;474;237;[0.320755,0.556604,0.122642];[0.677273,0.254545,0.068182];[0.5,0.461538,0.038462];[0.534247,0.30137,0.164384];[0.141176470588,0.0588235294118,0.4,0.4];3;536.0;0.0761386922126;1145;4;0.05333333333333334;2.0;59.74666666666667;24.333333333333332;75.50666666666667;11.666666666666666;23.666666666666668;20.666666666666668;1.2133333333333332;0.0;2.626666666666667;0.22666666666666668;2.16;0.22666666666666666;2.84;8.333333333333334;5.666666666666667
11286;zone32;5712.5549897826;4979.400336637217;0.0;zone32;S01010270;4;1153;972;817;[0.389831,0.533898,0.076271];[0.70255,0.252125,0.045326];[0.714286,0.272727,0.012987];[0.771552,0.228448,0.0];[0.125,0.0909090909091,0.454545454545,0.329545454545];1;871.0;0.461200629557;1636;3;0.03;1.25;74.66999999999999;32.75;86.53;12.75;25.5;25.5;7.7299999999999995;0.0;1.49;0.27;2.02;0.85;2.15;6.25;11.25
11286;zone33;3394.0723536088512;4934.677182292946;0.0;zone33;S01010282;13;976;841;645;[0.438776,0.520408,0.040816];[0.545732,0.405488,0.04878];[0.521277,0.382979,0.095745];[0.712707,0.232044,0.055249];[0.190954773869,0.070351758794,0.35175879397,0.386934673367];2;350.0;-0.137812028107;1377;21;0.05846153846153846;1.5384615384615385;66.79692307692308;29.0;78.96923076923078;11.76923076923077;23.76923076923077;22.76923076923077;1.3384615384615384;0.0;6.636923076923077;0.32;1.12;0.35692307692307695;2.196923076923077;6.846153846153846;8.846153846153847
11286;zone34;4385.789287498423;4835.237486850067;0.0;zone34;S01010289;15;771;687;380;[0.130952,0.511905,0.357143];[0.262911,0.502347,0.234742];[0.178571,0.464286,0.357143];[0.410256,0.435897,0.153846];[0.058064516129,0.0322580645161,0.245161290323,0.664516129032];5;259.0;-0.241396294863;1503;34;0.08533333333333333;2.4;70.68533333333333;43.6;87.776;11.6;24.266666666666666;24.133333333333333;2.581333333333333;0.0;5.946666666666667;1.4666666666666666;2.4720000000000004;0.39200000000000007;1.5066666666666668;11.6;12.0
11286;zone35;4401.5375624188455;4669.062022109911;0.0;zone35;S01010290;13;546;485;278;[0.198198,0.603604,0.198198];[0.485944,0.449799,0.064257];[0.555556,0.444444,0.0];[0.435897,0.512821,0.051282];[0.10752688172,0.0430107526882,0.494623655914,0.354838709677];3;353.0;-0.133686757747;966;29;0.08923076923076922;1.9230769230769231;51.21230769230769;34.0;70.01230769230769;9.923076923076923;22.46153846153846;17.23076923076923;1.9230769230769231;0.0;3.8123076923076926;0.5353846153846153;2.203076923076923;0.3692307692307693;1.5876923076923075;8.153846153846153;7.923076923076923
11286;zone36;4119.983651650423;4281.100418217042;0.0;zone36;S01010291;12;1075;975;481;[0.405594,0.447552,0.146853];[0.627907,0.277132,0.094961];[0.415094,0.433962,0.150943];[0.562963,0.325926,0.111111];[0.197080291971,0.0729927007299,0.445255474453,0.284671532847];3;438.0;-0.0363924713322;1143;28;0.09333333333333334;2.5;64.83;34.416666666666664;73.55333333333333;8.583333333333334;21.666666666666668;21.916666666666668;1.9466666666666663;0.0;6.173333333333333;0.4533333333333333;0.54;0.22666666666666668;1.0066666666666668;8.833333333333334;8.666666666666666
11286;zone37;4399.731076226201;4291.6703625917;0.0;zone37;S01010292;10;890;831;409;[0.348214,0.508929,0.142857];[0.477169,0.420091,0.10274];[0.339286,0.446429,0.214286];[0.55814,0.383721,0.05814];[0.128378378378,0.0540540540541,0.398648648649,0.418918918919];4;323.0;-0.168488563048;1168;18;0.068;1.0;55.664;40.3;72.428;11.0;23.3;18.6;4.183999999999999;0.0;5.564;0.76;1.044;0.572;1.7760000000000002;3.9;11.1
11286;zone38;4514.690807242894;4541.15458266895;0.0;zone38;S01010293;16;839;723;373;[0.51773,0.35461,0.12766];[0.635389,0.262735,0.101877];[0.446809,0.319149,0.234043];[0.514286,0.392857,0.092857];[0.242424242424,0.0606060606061,0.393939393939,0.30303030303];3;290.0;-0.205814991507;1036;37;0.09;1.6875;58.050000000000004;39.0625;73.7825;10.375;22.4375;20.0625;2.3324999999999996;0.0;4.545000000000001;0.8150000000000001;2.585;0.2925;1.9124999999999999;6.625;9.875
11286;zone39;4541.7482834333705;4418.565122351524;0.0;zone39;S01010294;13;690;631;275;[0.242105,0.526316,0.231579];[0.650873,0.214464,0.134663];[0.583333,0.208333,0.208333];[0.414894,0.489362,0.095745];[0.164835164835,0.043956043956,0.494505494505,0.296703296703];4;440.0;-0.0342259463805;865;32;0.09538461538461539;1.7692307692307692;53.55384615384615;32.69230769230769;68.61846153846153;10.307692307692308;22.307692307692307;18.153846153846153;2.0676923076923073;0.0;2.0246153846153847;0.44000000000000006;3.0246153846153847;0.38153846153846155;1.4953846153846155;6.538461538461538;7.0
11286;zone40;4766.8646917667475;4574.50133624035;0.0;zone40;S01010295;18;974;870;427;[0.384615,0.391026,0.224359];[0.604555,0.310559,0.084886];[0.428571,0.285714,0.285714];[0.390728,0.516556,0.092715];[0.212765957447,0.113475177305,0.297872340426,0.375886524823];4;529.0;0.0680145754747;1084;33;0.07333333333333333;1.6666666666666667;60.82444444444444;37.55555555555556;71.75999999999999;9.333333333333334;22.333333333333332;20.833333333333332;2.491111111111111;0.0;4.862222222222222;0.4911111111111112;1.7622222222222221;0.3222222222222223;1.6777777777777778;6.166666666666667;9.166666666666666
11286;zone41;4647.752341766679;4736.091736240359;0.0;zone41;S01010296;16;664;560;291;[0.294118,0.423529,0.282353];[0.520913,0.368821,0.110266];[0.375,0.375,0.25];[0.475524,0.391608,0.132867];[0.282828282828,0.111111111111,0.363636363636,0.242424242424];2;856.0;0.444094443477;992;39;0.0925;1.9375;57.394999999999996;33.0625;66.3675;8.5;20.9375;19.4375;1.3949999999999998;0.0;3.59;0.43;1.6925;0.29250000000000004;1.8599999999999999;6.1875;6.5625
11286;zone42;5522.849421766708;4411.996091240393;0.0;zone42;S01010297;7;1066;894;676;[0.582609,0.382609,0.034783];[0.691824,0.245283,0.062893];[0.540541,0.333333,0.126126];[0.681275,0.270916,0.047809];[0.260563380282,0.140845070423,0.37323943662,0.225352112676];1;504.0;0.0391758595379;1643;6;0.03428571428571429;1.2857142857142858;70.24571428571429;21.0;65.90285714285714;8.714285714285714;21.0;23.857142857142858;1.662857142857143;0.0;0.6514285714285715;0.17714285714285713;1.48;0.2457142857142857;2.314285714285714;4.0;3.4285714285714284
11286;zone43;4706.481893689814;4143.807995855712;0.0;zone43;S01010298;12;880;677;515;[0.308943,0.479675,0.211382];[0.581395,0.356589,0.062016];[0.539683,0.396825,0.063492];[0.744828,0.193103,0.062069];[0.227272727273,0.0984848484848,0.371212121212,0.30303030303];1;486.0;0.0190902878356;1192;29;0.09333333333333334;1.3333333333333333;55.26666666666667;34.0;69.98666666666666;10.916666666666666;22.416666666666668;18.416666666666668;1.7300000000000002;0.0;4.8933333333333335;0.5966666666666667;1.3499999999999999;0.2966666666666667;1.83;5.916666666666667;8.166666666666666
11286;zone44;4885.424673909578;4209.645754097502;0.0;zone44;S01010299;4;536;404;292;[0.3,0.54,0.16];[0.556701,0.340206,0.103093];[0.458333,0.520833,0.020833];[0.584906,0.283019,0.132075];[0.428571428571,0.0857142857143,0.285714285714,0.2];1;375.0;-0.10827530326;673;7;0.07;0.5;38.63;25.25;60.76;11.25;22.75;13.0;2.61;0.0;0.63;0.48;2.79;0.74;2.69;1.75;6.0
11286;zone45;4883.397012115578;4340.414778682246;0.0;zone45;S01010300;21;934;764;478;[0.460784,0.411765,0.127451];[0.664653,0.238671,0.096677];[0.632353,0.323529,0.044118];[0.606383,0.329787,0.06383];[0.3046875,0.125,0.3515625,0.21875];2;513.0;0.0498225801839;581;30;0.05714285714285714;1.9047619047619047;40.97714285714286;21.666666666666668;69.19999999999997;12.238095238095237;24.095238095238095;13.666666666666666;1.5733333333333337;0.0;1.146666666666667;0.17523809523809528;3.1676190476190467;0.3828571428571429;2.146666666666667;8.952380952380953;5.619047619047619
11286;zone46;5144.66081966521;4032.769083704074;0.0;zone46;S01010301;6;522;457;283;[0.292683,0.597561,0.109756];[0.57563,0.315126,0.109244];[0.222222,0.703704,0.074074];[0.561798,0.393258,0.044944];[0.214285714286,0.0612244897959,0.459183673469,0.265306122449];4;490.0;0.0232745011966;1088;17;0.11333333333333333;1.8333333333333333;53.18;32.5;72.88000000000001;10.5;23.333333333333332;18.5;4.873333333333334;0.0;0.5666666666666667;0.13999999999999999;2.4200000000000004;0.2066666666666667;1.8800000000000001;8.833333333333334;7.166666666666667
11286;zone47;5165.568789180556;4297.038752619699;0.0;zone47;S01010302;24;669;495;388;[0.65625,0.28125,0.0625];[0.6,0.356522,0.043478];[0.716981,0.226415,0.056604];[0.801802,0.18018,0.018018];[0.582417582418,0.0769230769231,0.263736263736,0.0769230769231];1;392.0;-0.0896499889057;1316;51;0.08;1.2916666666666667;57.65999999999999;26.333333333333332;70.68833333333335;11.666666666666666;23.166666666666668;19.666666666666668;2.8416666666666672;0.0;0.9283333333333333;0.3133333333333334;2.548333333333333;0.4133333333333334;2.5933333333333333;4.875;6.166666666666667
11286;zone48;5241.140616766716;4139.402270499609;0.0;zone48;S01010303;33;579;387;250;[0.692308,0.153846,0.153846];[0.56701,0.298969,0.134021];[0.630435,0.282609,0.086957];[0.658879,0.285047,0.056075];[0.58407079646,0.106194690265,0.274336283186,0.0353982300885];1;415.0;-0.0627120940391;1420;64;0.07636363636363637;1.1818181818181819;59.943030303030305;29.606060606060606;72.75757575757575;11.242424242424242;23.272727272727273;20.424242424242426;4.790303030303029;0.0;0.9648484848484847;0.13333333333333333;2.327272727272727;0.32484848484848494;2.7212121212121203;4.818181818181818;7.7272727272727275
11286;zone49;4853.647576226233;3833.123065294377;0.0;zone49;S01010304;12;542;456;332;[0.323529,0.514706,0.161765];[0.635135,0.25,0.114865];[0.477273,0.522727,0.0];[0.829268,0.109756,0.060976];[0.372340425532,0.0425531914894,0.297872340426,0.287234042553];1;804.0;0.384523850516;1796;26;0.08333333333333333;1.5833333333333333;73.93666666666667;32.75;83.64666666666666;11.833333333333334;24.666666666666668;25.083333333333332;6.166666666666668;0.0;0.8400000000000002;0.3233333333333333;2.9566666666666666;0.4366666666666667;2.216666666666667;7.0;9.75
11286;zone50;4697.410406890209;3639.1027396354093;0.0;zone50;S01010305;7;807;694;478;[0.36036,0.468468,0.171171];[0.553191,0.33617,0.110638];[0.409639,0.301205,0.289157];[0.589888,0.337079,0.073034];[0.198529411765,0.0735294117647,0.382352941176,0.345588235294];1;223.0;-0.28282788147;529;10;0.05142857142857143;2.0;45.040000000000006;24.0;68.70285714285714;11.285714285714286;23.142857142857142;15.428571428571429;4.365714285714286;0.0;0.4685714285714286;1.1257142857142857;0.5714285714285714;0.1885714285714286;1.542857142857143;8.571428571428571;6.142857142857143
11286;zone51;4591.3082521834585;3868.367573740388;0.0;zone51;S01010306;13;752;675;449;[0.35625,0.56875,0.075];[0.570588,0.355882,0.073529];[0.283019,0.566038,0.150943];[0.650943,0.330189,0.018868];[0.165680473373,0.0473372781065,0.479289940828,0.307692307692];2;238.0;-0.265781391166;788;42;0.12615384615384614;2.076923076923077;53.633846153846164;35.46153846153846;65.88923076923076;8.846153846153847;21.384615384615383;18.46153846153846;2.569230769230769;0.0;1.0615384615384615;2.3200000000000003;0.6430769230769232;0.22461538461538463;1.2492307692307691;7.230769230769231;6.076923076923077
11286;zone52;4503.72067559025;3742.2957906521283;0.0;zone52;S01010307;9;821;732;428;[0.189922,0.577519,0.232558];[0.407407,0.487654,0.104938];[0.346154,0.538462,0.115385];[0.71875,0.234375,0.046875];[0.0681818181818,0.0568181818182,0.375,0.5];5;319.0;-0.172537833795;415;24;0.10666666666666667;1.7777777777777777;47.044444444444444;43.44444444444444;68.44888888888889;10.444444444444445;22.555555555555557;16.0;3.3466666666666662;0.0;2.048888888888889;3.4266666666666663;0.7377777777777779;0.3377777777777778;1.3066666666666666;6.333333333333333;9.0
11286;zone53;4364.519870735056;4047.768725526131;0.0;zone53;S01010308;9;975;858;480;[0.285714,0.54007,0.174216];[0.511936,0.384615,0.103448];[0.254902,0.411765,0.333333];[0.648352,0.307692,0.043956];[0.0970873786408,0.0631067961165,0.359223300971,0.480582524272];4;257.0;-0.244477582955;1621;10;0.04;2.5555555555555554;83.52000000000001;29.0;78.2088888888889;8.555555555555555;21.666666666666668;28.88888888888889;2.008888888888889;0.0;3.3422222222222215;1.4044444444444444;0.7244444444444444;0.30666666666666664;1.5466666666666666;7.777777777777778;7.0
11286;zone54;5381.88771051669;3636.3205112402793;0.0;zone54;S01010309;4;419;356;264;[0.333333,0.25,0.416667];[0.478873,0.422535,0.098592];[0.352941,0.382353,0.264706];[0.705882,0.24183,0.052288];[0.365853658537,0.170731707317,0.390243902439,0.0731707317073];1;0.0;-0.540229885057;1798;4;0.04;2.0;82.4;26.0;81.93;11.0;23.5;28.25;1.2200000000000002;0.0;1.47;0.72;3.0;0.29;1.69;9.5;5.75
11286;zone55;5657.373406240428;3625.6586165034923;0.0;zone55;S01010310;13;706;540;381;[0.333333,0.238095,0.428571];[0.565517,0.337931,0.096552];[0.54902,0.27451,0.176471];[0.715415,0.256917,0.027668];[0.484848484848,0.151515151515,0.318181818182,0.0454545454545];1;574.0;0.120406534162;798;11;0.03384615384615385;1.3076923076923077;52.68;30.307692307692307;68.24923076923076;10.846153846153847;22.76923076923077;17.923076923076923;1.8923076923076925;0.0;1.4123076923076923;0.5107692307692309;3.0769230769230775;0.3353846153846154;2.003076923076923;6.076923076923077;6.461538461538462
11286;zone56;5685.425126382168;3318.6970593171873;0.0;zone56;S01010311;22;721;556;351;[0.411765,0.352941,0.235294];[0.472222,0.453704,0.074074];[0.571429,0.404762,0.02381];[0.717949,0.271062,0.010989];[0.565217391304,0.121739130435,0.269565217391,0.0434782608696];1;1534.0;1.22364271569;1653;31;0.05636363636363637;1.2727272727272727;72.89999999999999;25.09090909090909;73.90363636363635;10.727272727272727;22.90909090909091;24.772727272727273;1.150909090909091;0.0;1.9527272727272729;0.03090909090909091;2.705454545454545;0.5727272727272728;2.18;5.045454545454546;5.318181818181818
11286;zone57;5466.52613028024;3072.1402274564575;0.0;zone57;S01010312;34;868;647;425;[0.117647,0.823529,0.058824];[0.754386,0.22807,0.017544];[0.407407,0.444444,0.148148];[0.804945,0.153846,0.041209];[0.586956521739,0.115942028986,0.268115942029,0.0289855072464];1;685.0;0.247477927043;1564;60;0.06941176470588235;0.8823529411764706;67.09176470588235;30.852941176470587;71.38;10.411764705882353;22.58823529411765;22.88235294117647;1.7399999999999998;0.0;2.710588235294118;0.05058823529411766;3.3600000000000003;0.27999999999999997;2.6564705882352944;2.9705882352941178;7.470588235294118
11286;zone58;5251.7403530303945;3502.549209042501;0.0;zone58;S01010313;16;654;529;356;[0.428571,0.285714,0.285714];[0.6,0.333333,0.066667];[0.433735,0.481928,0.084337];[0.739623,0.162264,0.098113];[0.648351648352,0.131868131868,0.175824175824,0.043956043956];1;565.0;0.109617915218;2168;25;0.06;1.3125;83.29249999999999;28.625;81.5625;11.25;23.6875;28.6875;1.7325000000000002;0.0;2.5149999999999997;0.0125;3.175;0.47250000000000003;2.1175;6.0;7.0
11286;zone59;4840.312157862589;3385.4448126102257;0.0;zone59;S01010314;21;1248;1034;550;[0.358209,0.507463,0.134328];[0.514493,0.333333,0.152174];[0.5,0.326923,0.173077];[0.636,0.324,0.04];[0.316901408451,0.133802816901,0.401408450704,0.147887323944];1;637.0;0.192402372167;1406;41;0.07428571428571429;1.619047619047619;68.81714285714285;27.857142857142858;72.33333333333334;9.571428571428571;22.285714285714285;23.61904761904762;2.382857142857143;0.0;2.9790476190476185;0.7866666666666668;1.036190476190476;0.3676190476190476;1.758095238095238;5.809523809523809;6.714285714285714
11286;zone60;4536.293429266749;2504.1273706154316;0.0;zone60;S01010315;43;911;678;409;[0.180723,0.554217,0.26506];[0.252632,0.457895,0.289474];[0.208333,0.5,0.291667];[0.55144,0.345679,0.102881];[0.308176100629,0.169811320755,0.358490566038,0.163522012579];2;382.0;-0.100954860853;1625;68;0.0613953488372093;1.8837209302325582;77.3953488372093;30.093023255813954;79.07906976744187;10.093023255813954;22.837209302325583;26.511627906976745;2.5339534883720924;0.0;2.6576744186046515;0.0;2.7600000000000002;0.2641860465116278;1.9832558139534884;7.604651162790698;7.488372093023256
11286;zone61;4589.6619547948285;2943.195659127726;0.0;zone61;S01010316;25;512;414;304;[0.392157,0.529412,0.078431];[0.62931,0.37069,0.0];[0.439024,0.560976,0.0];[0.775401,0.224599,0.0];[0.439252336449,0.102803738318,0.252336448598,0.205607476636];1;481.0;0.0128180141103;1292;43;0.0656;1.28;59.83359999999999;28.64;75.27040000000001;12.04;23.84;20.64;2.4992;0.0;3.2832;0.1856;2.0864;0.4368;2.4223999999999997;6.04;7.6
11286;zone63;4421.5566371748755;3071.026327566895;0.0;zone63;S01010318;12;1588;1497;304;[0.5,0.456522,0.043478];[0.469799,0.47651,0.053691];[0.310345,0.37931,0.310345];[0.678571,0.285714,0.035714];[0.36,0.14,0.34,0.16];3;317.0;-0.175110645645;1108;37;0.12;1.5;60.93666666666667;42.166666666666664;76.30666666666667;10.083333333333334;22.916666666666668;21.166666666666668;5.446666666666666;0.0;5.573333333333333;0.8433333333333332;0.4266666666666667;0.33;1.8399999999999999;6.083333333333333;11.75
11286;zone64;4173.240913470097;2893.8040771744095;0.0;zone64;S01010319;9;711;624;407;[0.258741,0.608392,0.132867];[0.383399,0.486166,0.130435];[0.439394,0.212121,0.348485];[0.530769,0.384615,0.084615];[0.171974522293,0.0700636942675,0.471337579618,0.286624203822];2;473.0;0.00423719084943;1459;15;0.06222222222222222;1.5555555555555556;70.41333333333334;28.77777777777778;75.0;10.666666666666666;23.0;23.88888888888889;2.897777777777778;0.0;2.657777777777778;0.18666666666666665;2.3466666666666662;0.4044444444444444;1.6133333333333333;6.0;7.555555555555555
11286;zone65;3940.1918462749595;2900.8899784533987;0.0;zone65;S01010320;4;675;594;437;[0.257813,0.523438,0.21875];[0.61753,0.298805,0.083665];[0.526316,0.22807,0.245614];[0.805085,0.169492,0.025424];[0.172185430464,0.0662251655629,0.443708609272,0.317880794702];1;646.0;0.202453315259;1199;8;0.08;0.25;51.09;31.25;65.52;10.5;23.25;17.5;6.640000000000001;0.0;1.1;0.76;0.75;0.6900000000000001;1.84;1.0;8.75
11286;zone66;3905.8658739096163;2664.6669636212755;0.0;zone66;S01010321;7;837;634;432;[0.401709,0.555556,0.042735];[0.54717,0.433962,0.018868];[0.45122,0.439024,0.109756];[0.666667,0.271186,0.062147];[0.212328767123,0.0958904109589,0.390410958904,0.301369863014];1;1019.0;0.631764531736;1750;12;0.06285714285714286;1.0;78.37714285714286;36.57142857142857;74.05714285714286;8.285714285714286;22.0;27.571428571428573;5.028571428571429;0.0;2.8971428571428572;0.4342857142857143;1.262857142857143;0.33714285714285713;2.4571428571428577;2.4285714285714284;9.142857142857142
11286;zone67;3630.3978644730896;3132.1651121578075;0.0;zone67;S01010322;9;1028;914;549;[0.174419,0.549419,0.276163];[0.412399,0.471698,0.115903];[0.298507,0.38806,0.313433];[0.647059,0.323529,0.029412];[0.057268722467,0.0352422907489,0.449339207048,0.458149779736];5;124.0;-0.397569575369;1589;30;0.12444444444444444;2.0;72.08;50.22222222222222;74.39555555555555;7.333333333333333;21.22222222222222;25.0;4.466666666666667;0.0;3.7199999999999998;1.5244444444444443;1.413333333333333;0.31555555555555553;0.8533333333333334;6.333333333333333;10.666666666666666
11286;zone68;6208.193116766784;3072.425066795916;0.0;zone68;S01010323;4;603;466;377;[0.555556,0.444444,0.0];[0.657143,0.271429,0.071429];[0.642857,0.321429,0.035714];[0.793651,0.166667,0.039683];[0.578431372549,0.166666666667,0.235294117647,0.0196078431373];1;970.0;0.57559463238;970;5;0.05;1.0;47.18;21.5;68.35000000000001;12.25;23.75;15.75;4.29;0.0;0.4;0.13;1.21;0.32999999999999996;3.0699999999999994;5.0;5.5
11286;zone69;6517.651722029823;2240.572579661372;0.0;zone69;S01010324;6;759;566;403;[0.142857,0.571429,0.285714];[0.298077,0.490385,0.211538];[0.333333,0.530864,0.135802];[0.401674,0.414226,0.1841];[0.569620253165,0.101265822785,0.291139240506,0.0379746835443];1;407.0;-0.0721601679586;1457;11;0.07333333333333333;1.5;60.57999999999999;28.0;66.15333333333334;9.5;21.5;20.833333333333332;2.2466666666666666;0.0;1.3066666666666666;0.0;2.206666666666667;0.19999999999999998;1.76;4.833333333333333;5.166666666666667
11286;zone70;6038.016041009105;2402.8415869980217;0.0;zone70;S01010325;18;939;666;501;[0.263158,0.368421,0.368421];[0.383838,0.525253,0.090909];[0.253623,0.615942,0.130435];[0.451362,0.463035,0.085603];[0.545454545455,0.238636363636,0.193181818182,0.0227272727273];1;225.0;-0.281126582053;1783;27;0.05777777777777778;1.1111111111111112;67.52444444444444;30.0;74.31777777777778;11.555555555555555;23.22222222222222;23.166666666666668;2.1244444444444444;0.0;0.7666666666666667;0.0;3.9844444444444442;0.3488888888888889;2.42;5.111111111111111;6.388888888888889
11286;zone71;5272.359331052501;2740.775131541117;0.0;zone71;S01010326;39;987;707;494;[0.526316,0.368421,0.105263];[0.522523,0.333333,0.144144];[0.492188,0.3125,0.195313];[0.723514,0.224806,0.05168];[0.54375,0.16875,0.23125,0.05625];1;1389.0;1.05701743376;1028;74;0.07179487179487179;1.0256410256410255;54.247179487179494;27.871794871794872;69.26666666666665;10.974358974358974;22.897435897435898;18.384615384615383;1.5805128205128203;0.0;5.691282051282052;0.00923076923076923;1.070769230769231;0.3835897435897435;2.6020512820512818;4.0;7.923076923076923
11286;zone72;4970.167032608406;2501.795090448298;0.0;zone72;S01010327;34;982;660;362;[0.031746,0.507937,0.460317];[0.372881,0.432203,0.194915];[0.289063,0.328125,0.382813];[0.516892,0.347973,0.135135];[0.416184971098,0.21387283237,0.236994219653,0.132947976879];1;470.0;0.000335688704598;962;64;0.07058823529411765;1.0294117647058822;56.92352941176469;28.735294117647058;73.15764705882353;11.558823529411764;23.61764705882353;19.470588235294116;1.9541176470588235;0.0;5.855294117647059;0.0;1.2176470588235293;0.45999999999999996;2.5176470588235302;4.676470588235294;8.558823529411764
11286;zone73;5975.307390960257;2677.5485166167286;0.0;zone73;S01010328;24;969;706;445;[0.16129,0.5,0.33871];[0.27044,0.471698,0.257862];[0.192547,0.434783,0.372671];[0.338983,0.432203,0.228814];[0.309352517986,0.258992805755,0.280575539568,0.151079136691];2;457.0;-0.0138550124678;2136;46;0.07333333333333333;1.0833333333333333;80.28499999999998;37.166666666666664;73.81;9.166666666666666;21.75;27.75;2.5916666666666672;0.0;1.0050000000000001;0.0;3.7116666666666664;0.4233333333333334;1.9349999999999996;3.875;6.791666666666667
11286;zone74;4421.847657862615;2232.0860934321454;0.0;zone74;S01010329;21;573;435;290;[0.368421,0.263158,0.368421];[0.341176,0.470588,0.188235];[0.255814,0.465116,0.27907];[0.52,0.354286,0.125714];[0.438356164384,0.191780821918,0.27397260274,0.0958904109589];2;105.0;-0.418628586414;1755;29;0.05333333333333334;1.3333333333333333;76.84380952380951;29.523809523809526;78.26666666666668;10.619047619047619;23.19047619047619;26.285714285714285;2.748571428571428;0.0;2.3314285714285714;0.0;3.125714285714286;0.2571428571428572;2.350476190476191;5.666666666666667;7.714285714285714
