cycle;name;location.x;location.y;location.z;name;dataZone;nm_children;pop;over16;nm_hh;AB_car_prob;C1_car_prob;C2_car_prob;DE_car_prob;prob_social;simd;crimeRate;norm_crime;avg_dis_sh;neigh_play;daily_play_per_child;avg_FSA;avg_walk;daily_OD;zone_mvpa;mvpa_home;mvpa_sc;mvpa_road;mvpa_play_field;mvpa_home_garden;mvpa_park;mvpa_PG;mvpa_amenity;mvpa_shops;mvpa_F_home;mvpa_fsa;mvpa_OD
11286;zone0;8448.90275962388;2625.4515469546564;0.0;zone0;S01010195;19;531;390;212;[0.0,0.481481,0.518519];[0.261538,0.646154,0.092308];[0.12,0.59,0.29];[0.447368,0.368421,0.184211];[0.418918918919,0.283783783784,0.202702702703,0.0945945945946];1;0.0;-0.540229885057;1092;64;0.12842105263157894;1.4210526315789473;40.30736842105262;28.94736842105263;60.473684210526315;9.894736842105264;22.05263157894737;13.578947368421053;0.9305263157894736;0.0;3.298947368421053;0.00842105263157895;2.6063157894736846;0.2715789473684211;1.9831578947368418;4.157894736842105;6.368421052631579
11286;zone1;8656.736904000718;2165.9902346445633;0.0;zone1;S01010198;18;1027;748;394;[0.058824,0.529412,0.411765];[0.305785,0.561983,0.132231];[0.219858,0.496454,0.283688];[0.523179,0.331126,0.145695];[0.48623853211,0.229357798165,0.266055045872,0.0183486238532];1;1609.0;1.3102524676;1248;59;0.12;1.3333333333333333;40.69777777777777;27.055555555555557;65.62888888888887;11.777777777777779;23.22222222222222;13.666666666666666;1.4755555555555555;0.0;2.58;0.03333333333333334;3.253333333333334;0.3844444444444445;2.8622222222222224;4.611111111111111;6.888888888888889
11286;zone2;8537.588755655543;3024.028900129281;0.0;zone2;S01010201;22;643;453;253;[0.0,0.47619,0.52381];[0.270833,0.3125,0.416667];[0.088,0.48,0.432];[0.296552,0.434483,0.268966];[0.365853658537,0.292682926829,0.292682926829,0.0487804878049];2;219.0;-0.28762447053;956;100;0.17454545454545456;1.7727272727272727;42.72545454545454;33.72727272727273;65.59272727272729;10.318181818181818;22.227272727272727;14.318181818181818;1.3018181818181818;0.0;4.0636363636363635;0.06;3.0345454545454547;0.26545454545454555;2.005454545454546;6.2727272727272725;7.954545454545454
11286;zone3;8059.42097232239;3767.666522351409;0.0;zone3;S01010203;30;671;504;260;[0.090909,0.363636,0.545455];[0.263804,0.460123,0.276074];[0.094828,0.422414,0.482759];[0.183824,0.375,0.441176];[0.272727272727,0.218181818182,0.363636363636,0.145454545455];3;215.0;-0.292668818285;1941;115;0.148;2.033333333333333;43.14266666666668;29.533333333333335;72.09200000000001;11.766666666666667;23.8;14.666666666666666;2.4679999999999995;0.0;2.7653333333333325;0.0;3.092;0.2720000000000001;2.0986666666666665;9.366666666666667;7.833333333333333
11286;zone4;8368.288440296214;3565.498290652094;0.0;zone4;S01010204;30;800;589;381;[0.272727,0.727273,0.0];[0.627451,0.27451,0.098039];[0.444444,0.533333,0.022222];[0.600619,0.321981,0.077399];[0.595041322314,0.157024793388,0.239669421488,0.00826446280992];1;497.0;0.0317745673598;1292;111;0.144;1.1666666666666667;40.346666666666664;36.53333333333333;66.26933333333334;11.433333333333334;22.833333333333332;13.8;1.8079999999999998;0.0;3.197333333333333;0.04533333333333333;4.304;0.3253333333333333;2.4226666666666667;4.466666666666667;8.833333333333334
11286;zone5;8034.229745798958;3515.110462853287;0.0;zone5;S01010205;15;658;534;355;[0.411765,0.117647,0.470588];[0.465116,0.457364,0.077519];[0.317757,0.588785,0.093458];[0.593458,0.280374,0.126168];[0.466666666667,0.2,0.3,0.0333333333333];1;925.0;0.523434132086;1284;60;0.16;1.5333333333333334;45.98400000000001;32.46666666666667;69.824;11.466666666666667;23.0;15.8;2.7253333333333334;0.0;2.9066666666666667;0.0;3.1279999999999997;0.2720000000000001;2.1066666666666665;6.533333333333333;8.466666666666667
11286;zone6;7457.064719570519;3739.055375726369;0.0;zone6;S01010208;18;903;745;565;[0.30137,0.589041,0.109589];[0.48062,0.457364,0.062016];[0.272727,0.613636,0.113636];[0.66055,0.270642,0.068807];[0.233333333333,0.133333333333,0.461111111111,0.172222222222];1;603.0;0.153385979085;1446;51;0.10888888888888888;1.5;48.875555555555565;26.38888888888889;71.33333333333333;12.055555555555555;23.77777777777778;16.555555555555557;1.8399999999999999;0.0;2.275555555555555;0.0;3.273333333333333;0.22666666666666668;2.4222222222222225;7.111111111111111;7.0
11286;zone7;7917.838214725937;1939.334458859395;0.0;zone7;S01010209;24;966;677;468;[0.172414,0.586207,0.241379];[0.333333,0.414966,0.251701];[0.381944,0.458333,0.159722];[0.545852,0.336245,0.117904];[0.337931034483,0.248275862069,0.303448275862,0.110344827586];1;2053.0;1.82052250092;1661;77;0.12333333333333334;1.1666666666666667;44.56166666666667;31.416666666666668;65.765;10.916666666666666;22.541666666666668;15.208333333333334;1.3316666666666668;0.0;4.1000000000000005;0.0;2.6199999999999997;0.31666666666666676;2.4316666666666666;4.666666666666667;7.583333333333333
11286;zone8;7878.406567747077;2721.2634132011362;0.0;zone8;S01010210;18;885;641;416;[0.173913,0.456522,0.369565];[0.21519,0.5,0.28481];[0.189781,0.386861,0.423358];[0.422111,0.442211,0.135678];[0.394736842105,0.236842105263,0.254385964912,0.114035087719];1;344.0;-0.144253829852;1211;72;0.15333333333333332;1.6111111111111112;39.815555555555555;27.166666666666668;62.96222222222223;10.555555555555555;22.72222222222222;13.333333333333334;1.291111111111111;0.0;3.4333333333333336;0.00222222222222222;2.5200000000000005;0.3400000000000001;1.862222222222222;5.388888888888889;6.777777777777778
11286;zone9;7785.599648345685;3201.783800714137;0.0;zone9;S01010211;22;858;634;452;[0.147059,0.705882,0.147059];[0.384615,0.452991,0.162393];[0.469565,0.4,0.130435];[0.722656,0.226563,0.050781];[0.473214285714,0.169642857143,0.285714285714,0.0714285714286];1;430.0;-0.0456985893816;1288;78;0.13636363636363635;1.1818181818181819;36.30909090909092;27.545454545454547;64.98545454545454;11.863636363636363;23.59090909090909;12.227272727272727;2.0145454545454546;0.0;2.707272727272727;0.0;3.0490909090909097;0.469090909090909;2.6781818181818178;4.681818181818182;7.2727272727272725
11286;zone10;7580.688680869333;3097.127786881416;0.0;zone10;S01010212;49;1083;779;559;[0.233333,0.633333,0.133333];[0.594771,0.339869,0.065359];[0.465517,0.405172,0.12931];[0.712821,0.269231,0.017949];[0.566037735849,0.138364779874,0.22641509434,0.0691823899371];1;1473.0;1.15298517036;1268;194;0.15346938775510205;1.3877551020408163;53.20244897959183;32.673469387755105;69.1730612244898;10.204081632653061;22.918367346938776;18.040816326530614;1.93061224489796;0.0;3.362448979591837;0.00653061224489796;3.2971428571428567;0.3208163265306122;2.435918367346939;4.918367346938775;8.061224489795919
11286;zone11;8065.177293237223;3111.5884965344962;0.0;zone11;S01010213;13;924;657;476;[0.105263,0.684211,0.210526];[0.382609,0.547826,0.069565];[0.218543,0.556291,0.225166];[0.467925,0.483019,0.049057];[0.451327433628,0.221238938053,0.274336283186,0.0530973451327];1;247.0;-0.255840453357;1149;55;0.16615384615384615;1.6153846153846154;32.34461538461539;30.923076923076923;66.61538461538461;12.461538461538462;23.46153846153846;10.538461538461538;1.1015384615384616;0.0;3.1230769230769226;0.0;4.163076923076924;0.23692307692307693;2.0553846153846154;7.538461538461538;8.0
11286;zone12;7144.994858230166;1947.4125453867302;0.0;zone12;S01010214;27;967;717;396;[0.098592,0.28169,0.619718];[0.197531,0.438272,0.364198];[0.173333,0.493333,0.333333];[0.237069,0.487069,0.275862];[0.361344537815,0.210084033613,0.310924369748,0.117647058824];3;176.0;-0.337854473183;1942;95;0.13925925925925925;1.6666666666666667;53.211851851851854;31.444444444444443;70.93037037037037;10.518518518518519;23.037037037037038;18.11111111111111;2.122962962962963;0.0;3.3674074074074074;0.0;3.063703703703703;0.38222222222222224;2.048888888888889;6.555555555555555;8.037037037037036
11286;zone13;7013.590150664996;2618.495528189446;0.0;zone13;S01010215;24;850;608;492;[0.571429,0.285714,0.142857];[0.5,0.431373,0.068627];[0.382609,0.391304,0.226087];[0.678571,0.269841,0.051587];[0.467289719626,0.140186915888,0.345794392523,0.0467289719626];1;547.0;0.0886083430805;622;105;0.16166666666666665;1.625;39.041666666666664;35.25;66.96666666666668;11.333333333333334;22.958333333333332;13.291666666666666;1.4100000000000001;0.0;2.806666666666667;0.0;4.483333333333334;0.37333333333333335;2.0416666666666665;6.541666666666667;8.208333333333334
11286;zone14;7332.222205807836;2329.961970144465;0.0;zone14;S01010216;15;621;464;361;[0.6,0.4,0.0];[0.597701,0.356322,0.045977];[0.409091,0.439394,0.151515];[0.709544,0.273859,0.016598];[0.5,0.163265306122,0.265306122449,0.0714285714286];1;600.0;0.150092344085;1303;47;0.12;1.8666666666666667;50.75466666666667;28.6;67.58133333333333;10.466666666666667;22.133333333333333;17.266666666666666;1.637333333333333;0.0;3.093333333333333;0.0;2.352;0.25333333333333335;1.9466666666666668;6.733333333333333;6.666666666666667
11286;zone15;7299.833172322251;2625.8610945736937;0.0;zone15;S01010217;33;817;598;406;[0.16129,0.516129,0.322581];[0.565517,0.4,0.034483];[0.5,0.431373,0.068627];[0.702703,0.283784,0.013514];[0.541935483871,0.0967741935484,0.296774193548,0.0645161290323];1;1060.0;0.679274950851;1008;140;0.16242424242424242;1.4545454545454546;42.609696969696984;32.03030303030303;68.32242424242422;11.575757575757576;23.21212121212121;14.303030303030303;1.185454545454545;0.0;3.4678787878787887;0.0;3.9381818181818184;0.29939393939393943;2.5175757575757576;6.03030303030303;8.181818181818182
11286;zone16;7142.953643082513;3018.5401822929393;0.0;zone16;S01010218;31;1018;790;587;[0.425532,0.404255,0.170213];[0.392523,0.453271,0.154206];[0.358209,0.492537,0.149254];[0.589124,0.335347,0.075529];[0.424657534247,0.109589041096,0.369863013699,0.0958904109589];1;557.0;0.101026678737;568;108;0.13161290322580646;1.4193548387096775;37.12387096774193;31.870967741935484;64.12258064516132;11.129032258064516;22.903225806451612;12.67741935483871;1.6129032258064515;0.0;2.1780645161290315;0.0;3.8980645161290317;0.36258064516129035;2.218064516129032;5.451612903225806;7.225806451612903
11286;zone17;6738.8937706128745;4298.8917997019325;0.0;zone17;S01010219;21;503;382;274;[0.695652,0.304348,0.0];[0.758621,0.215517,0.025862];[0.761905,0.166667,0.071429];[0.781609,0.195402,0.022989];[0.41935483871,0.0752688172043,0.408602150538,0.0967741935484];2;184.0;-0.327838932938;1527;106;0.19047619047619047;1.2857142857142858;52.81333333333333;36.142857142857146;70.63619047619048;10.238095238095237;22.857142857142858;18.095238095238095;2.984761904761905;0.0;5.196190476190477;0.01142857142857143;1.7923809523809529;0.2761904761904762;2.432380952380952;4.809523809523809;9.523809523809524
11286;zone18;5915.780765415368;4211.222876105162;0.0;zone18;S01010220;7;476;433;279;[0.181159,0.608696,0.210145];[0.404255,0.531915,0.06383];[0.227273,0.704545,0.068182];[0.448276,0.482759,0.068966];[0.154545454545,0.0636363636364,0.318181818182,0.463636363636];5;267.0;-0.232306706325;1172;41;0.22857142857142856;1.4285714285714286;46.83428571428571;35.0;73.31428571428572;10.857142857142858;24.285714285714285;15.571428571428571;5.594285714285715;0.0;4.2628571428571425;0.01714285714285714;1.8285714285714287;0.3314285714285714;2.3771428571428572;6.0;11.0
11286;zone19;6341.0811208317455;3913.8398648988496;0.0;zone19;S01010221;13;546;394;260;[0.6,0.4,0.0];[0.557377,0.409836,0.032787];[0.538462,0.323077,0.138462];[0.699387,0.257669,0.042945];[0.609375,0.140625,0.203125,0.046875];1;635.0;0.19005459739;1157;35;0.10153846153846154;0.8461538461538461;50.369230769230775;26.23076923076923;69.64923076923078;12.0;23.76923076923077;17.384615384615383;3.52;0.0;3.1846153846153844;0.12307692307692307;1.3784615384615384;0.3046153846153846;2.596923076923077;4.0;7.615384615384615
11286;zone20;7001.213463613622;4053.9957950241624;0.0;zone20;S01010222;15;492;414;285;[0.142857,0.5,0.357143];[0.432432,0.459459,0.108108];[0.348624,0.522936,0.12844];[0.747899,0.235294,0.016807];[0.345238095238,0.214285714286,0.309523809524,0.130952380952];1;377.0;-0.105830277325;1726;49;0.12266666666666666;1.3333333333333333;41.474666666666664;26.533333333333335;63.57599999999999;10.533333333333333;22.533333333333335;13.933333333333334;2.2346666666666666;0.0;2.122666666666667;0.0;2.2506666666666666;0.43733333333333324;2.501333333333333;5.266666666666667;6.066666666666666
11286;zone21;6986.8418912765155;3434.1450308482026;0.0;zone21;S01010223;4;556;462;337;[0.076923,0.538462,0.384615];[0.567797,0.330508,0.101695];[0.472222,0.444444,0.083333];[0.584699,0.36612,0.04918];[0.432432432432,0.162162162162,0.324324324324,0.0810810810811];1;439.0;-0.0353356041414;1788;7;0.07;1.25;57.11;25.25;83.19;15.75;25.75;19.75;4.65;0.0;2.99;0.0;2.5599999999999996;0.31000000000000005;3.13;6.25;10.0
11286;zone22;6247.397837456437;3329.661273309237;0.0;zone22;S01010224;40;1036;727;469;[0.405405,0.540541,0.054054];[0.592593,0.274074,0.133333];[0.418803,0.504274,0.076923];[0.768421,0.202632,0.028947];[0.506097560976,0.140243902439,0.268292682927,0.0853658536585];1;1004.0;0.614259332793;971;140;0.136;1.3;46.252999999999986;26.15;68.43800000000002;11.825;23.65;15.725;3.6610000000000005;0.0;2.444;0.076;1.4449999999999998;0.386;2.4099999999999997;5.3;7.175
11286;zone23;7827.985844039554;4105.4701191949;0.0;zone23;S01010225;33;812;636;431;[0.25,0.634615,0.115385];[0.469072,0.43299,0.097938];[0.54023,0.413793,0.045977];[0.672065,0.234818,0.093117];[0.385185185185,0.125925925926,0.325925925926,0.162962962963];1;1006.0;0.616572011517;1584;100;0.11393939393939394;2.0;51.04;24.060606060606062;68.50909090909092;10.303030303030303;22.90909090909091;17.454545454545453;2.0678787878787883;0.0;2.2812121212121212;0.0;2.172121212121213;0.3018181818181818;1.99030303030303;7.424242424242424;6.0606060606060606
11286;zone24;7040.363001382077;4481.052780471187;0.0;zone24;S01010226;40;816;565;394;[0.454545,0.242424,0.30303];[0.715385,0.2,0.084615];[0.540541,0.405405,0.054054];[0.766917,0.18797,0.045113];[0.503355704698,0.201342281879,0.221476510067,0.0738255033557];2;422.0;-0.0548014077425;1270;260;0.254;1.125;49.565;42.6;72.92;10.65;23.325;17.025;4.811999999999999;0.0;6.122999999999999;0.025;1.9379999999999995;0.43899999999999995;2.3959999999999995;4.6;12.425
11286;zone25;6847.772309074456;4638.663588163389;0.0;zone25;S01010227;39;692;454;294;[0.413793,0.413793,0.172414];[0.704545,0.238636,0.056818];[0.654545,0.345455,0.0];[0.810606,0.159091,0.030303];[0.672268907563,0.0924369747899,0.159663865546,0.0756302521008];4;0.0;-0.540229885057;1213;355;0.3528205128205128;1.2307692307692308;48.500512820512824;55.205128205128204;75.51384615384616;9.948717948717949;22.82051282051282;16.53846153846154;4.063589743589745;0.0;9.320000000000002;0.06051282051282052;3.0574358974358966;0.40205128205128204;2.214358974358974;5.333333333333333;16.076923076923077
11286;zone26;8241.816993110848;4572.457656401622;0.0;zone26;S01010229;30;1016;787;508;[0.1,0.625,0.275];[0.350877,0.350877,0.298246];[0.348315,0.477528,0.174157];[0.565217,0.310559,0.124224];[0.420731707317,0.213414634146,0.292682926829,0.0731707317073];1;395.0;-0.0859445809966;1284;105;0.136;0.9666666666666667;38.89466666666666;26.6;63.057333333333325;11.533333333333333;23.033333333333335;13.2;2.3493333333333335;0.0;2.905333333333334;0.02;2.1973333333333334;0.5466666666666666;2.129333333333333;3.533333333333333;7.033333333333333
11286;zone27;7458.320056766788;4680.341251240345;0.0;zone27;S01010230;24;1005;772;577;[0.314286,0.628571,0.057143];[0.703883,0.296117,0.0];[0.727273,0.218182,0.054545];[0.71831,0.24507,0.03662];[0.517857142857,0.136904761905,0.267857142857,0.077380952381];1;846.0;0.433218203459;1153;93;0.15333333333333332;1.5;45.70499999999999;32.791666666666664;69.82499999999999;11.041666666666666;23.166666666666668;15.625;2.893333333333333;0.0;4.360000000000001;0.03666666666666667;2.2466666666666666;0.3866666666666667;1.7999999999999998;6.458333333333333;9.0
11286;zone28;7569.802990100143;4917.458811240416;0.0;zone28;S01010232;37;1074;792;485;[0.457143,0.485714,0.057143];[0.557292,0.338542,0.104167];[0.492063,0.333333,0.174603];[0.654229,0.251244,0.094527];[0.470297029703,0.153465346535,0.306930693069,0.0693069306931];1;771.0;0.347049794199;1069;150;0.16108108108108107;1.1891891891891893;46.642162162162165;36.4054054054054;69.85405405405405;11.594594594594595;23.216216216216218;15.81081081081081;1.9827027027027027;0.0;3.7891891891891905;0.11027027027027027;3.894054054054053;0.4454054054054053;2.4021621621621625;4.864864864864865;9.243243243243244
11286;zone29;7830.713068379679;4879.746446724283;0.0;zone29;S01010233;33;970;705;476;[0.275,0.625,0.1];[0.655629,0.245033,0.099338];[0.52809,0.426966,0.044944];[0.771505,0.212366,0.016129];[0.587209302326,0.093023255814,0.261627906977,0.0581395348837];1;284.0;-0.213781821634;1010;113;0.13454545454545455;1.8484848484848484;49.59757575757576;29.848484848484848;70.10909090909091;10.636363636363637;23.272727272727273;17.09090909090909;1.395151515151515;0.0;2.32969696969697;0.01696969696969697;3.5563636363636357;0.34303030303030296;1.9636363636363636;7.878787878787879;6.787878787878788
11286;zone30;6473.383843181837;4954.519765957263;0.0;zone30;S01010261;6;2551;2373;526;[0.666667,0.270833,0.0625];[0.675841,0.281346,0.042813];[0.75,0.25,0.0];[0.824468,0.164894,0.010638];[0.41,0.06,0.41,0.12];3;176.0;-0.337679921334;2082;31;0.20666666666666667;0.8333333333333334;73.90666666666667;47.333333333333336;83.02000000000001;11.0;23.833333333333332;25.166666666666668;4.693333333333333;0.0;3.353333333333333;0.0;5.739999999999999;0.42;2.2533333333333334;5.166666666666667;13.333333333333334
11286;zone31;4930.642193689802;4959.449818932565;0.0;zone31;S01010266;3;555;474;237;[0.320755,0.556604,0.122642];[0.677273,0.254545,0.068182];[0.5,0.461538,0.038462];[0.534247,0.30137,0.164384];[0.141176470588,0.0588235294118,0.4,0.4];3;536.0;0.0761386922126;1137;13;0.17333333333333334;0.3333333333333333;33.29333333333333;50.333333333333336;65.53333333333333;11.666666666666666;23.666666666666668;11.0;2.4;0.0;4.906666666666667;1.2666666666666666;5.466666666666666;0.52;1.5866666666666667;1.0;13.333333333333334
11286;zone32;5712.5549897826;4979.400336637217;0.0;zone32;S01010270;4;1153;972;817;[0.389831,0.533898,0.076271];[0.70255,0.252125,0.045326];[0.714286,0.272727,0.012987];[0.771552,0.228448,0.0];[0.125,0.0909090909091,0.454545454545,0.329545454545];1;871.0;0.461200629557;1720;15;0.15;1.25;56.510000000000005;32.75;71.33;10.75;23.0;19.5;3.1;0.0;1.6600000000000001;0.23;3.09;0.6200000000000001;2.7700000000000005;5.25;7.5
11286;zone33;3394.0723536088512;4934.677182292946;0.0;zone33;S01010282;13;976;841;645;[0.438776,0.520408,0.040816];[0.545732,0.405488,0.04878];[0.521277,0.382979,0.095745];[0.712707,0.232044,0.055249];[0.190954773869,0.070351758794,0.35175879397,0.386934673367];2;350.0;-0.137812028107;1353;43;0.12307692307692308;1.3846153846153846;48.71692307692308;35.38461538461539;73.87384615384616;11.23076923076923;24.153846153846153;16.615384615384617;2.403076923076923;0.0;6.750769230769231;0.35384615384615387;1.7784615384615383;0.30769230769230776;2.1569230769230767;6.461538461538462;10.846153846153847
11286;zone34;4385.789287498423;4835.237486850067;0.0;zone34;S01010289;15;771;687;380;[0.130952,0.511905,0.357143];[0.262911,0.502347,0.234742];[0.178571,0.464286,0.357143];[0.410256,0.435897,0.153846];[0.058064516129,0.0322580645161,0.245161290323,0.664516129032];5;259.0;-0.241396294863;1533;120;0.312;2.1333333333333333;52.632;47.53333333333333;68.61066666666666;8.2;22.2;17.733333333333334;1.776;0.0;4.901333333333333;1.5226666666666666;2.005333333333333;0.2586666666666667;1.128;7.333333333333333;9.666666666666666
11286;zone35;4401.5375624188455;4669.062022109911;0.0;zone35;S01010290;13;546;485;278;[0.198198,0.603604,0.198198];[0.485944,0.449799,0.064257];[0.555556,0.444444,0.0];[0.435897,0.512821,0.051282];[0.10752688172,0.0430107526882,0.494623655914,0.354838709677];3;353.0;-0.133686757747;995;88;0.24923076923076923;1.8461538461538463;47.60307692307692;45.61538461538461;80.02461538461537;12.538461538461538;23.846153846153847;16.46153846153846;3.2153846153846155;0.0;7.71076923076923;0.8800000000000001;2.763076923076923;0.3076923076923077;1.3753846153846156;8.923076923076923;14.153846153846153
11286;zone36;4119.983651650423;4281.100418217042;0.0;zone36;S01010291;12;1075;975;481;[0.405594,0.447552,0.146853];[0.627907,0.277132,0.094961];[0.415094,0.433962,0.150943];[0.562963,0.325926,0.111111];[0.197080291971,0.0729927007299,0.445255474453,0.284671532847];3;438.0;-0.0363924713322;941;62;0.20333333333333334;1.8333333333333333;55.029999999999994;41.333333333333336;71.39666666666666;9.75;22.75;18.833333333333332;1.836666666666667;0.0;7.703333333333333;1.0133333333333334;1.3433333333333335;0.25;1.8166666666666664;4.333333333333333;11.333333333333334
11286;zone37;4399.731076226201;4291.6703625917;0.0;zone37;S01010292;10;890;831;409;[0.348214,0.508929,0.142857];[0.477169,0.420091,0.10274];[0.339286,0.446429,0.214286];[0.55814,0.383721,0.05814];[0.128378378378,0.0540540540541,0.398648648649,0.418918918919];4;323.0;-0.168488563048;1217;58;0.22;1.7;50.972;41.9;68.944;9.1;21.9;17.0;2.892;0.0;6.544;0.52;1.1280000000000001;0.13599999999999998;1.564;5.9;10.6
11286;zone38;4514.690807242894;4541.15458266895;0.0;zone38;S01010293;16;839;723;373;[0.51773,0.35461,0.12766];[0.635389,0.262735,0.101877];[0.446809,0.319149,0.234043];[0.514286,0.392857,0.092857];[0.242424242424,0.0606060606061,0.393939393939,0.30303030303];3;290.0;-0.205814991507;1102;120;0.2875;0.8125;48.67;53.5625;70.53;9.875;22.5625;16.375;2.99;0.0;6.855000000000002;0.6950000000000001;3.4525;0.2775000000000001;2.4949999999999997;3.125;13.5
11286;zone39;4541.7482834333705;4418.565122351524;0.0;zone39;S01010294;13;690;631;275;[0.242105,0.526316,0.231579];[0.650873,0.214464,0.134663];[0.583333,0.208333,0.208333];[0.414894,0.489362,0.095745];[0.164835164835,0.043956043956,0.494505494505,0.296703296703];4;440.0;-0.0342259463805;1321;88;0.26461538461538464;1.3846153846153846;56.596923076923076;49.23076923076923;74.7323076923077;9.307692307692308;22.692307692307693;19.692307692307693;4.680000000000001;0.0;4.384615384615385;0.7107692307692308;2.6523076923076925;0.24000000000000002;2.233846153846154;6.3076923076923075;11.923076923076923
11286;zone40;4766.8646917667475;4574.50133624035;0.0;zone40;S01010295;18;974;870;427;[0.384615,0.391026,0.224359];[0.604555,0.310559,0.084886];[0.428571,0.285714,0.285714];[0.390728,0.516556,0.092715];[0.212765957447,0.113475177305,0.297872340426,0.375886524823];4;529.0;0.0680145754747;1274;97;0.2088888888888889;1.5555555555555556;46.53111111111111;42.0;68.40222222222222;10.277777777777779;22.27777777777778;15.61111111111111;2.784444444444444;0.0;5.680000000000001;0.7222222222222222;1.7355555555555555;0.4733333333333334;1.7466666666666668;5.111111111111111;10.38888888888889
11286;zone41;4647.752341766679;4736.091736240359;0.0;zone41;S01010296;16;664;560;291;[0.294118,0.423529,0.282353];[0.520913,0.368821,0.110266];[0.375,0.375,0.25];[0.475524,0.391608,0.132867];[0.282828282828,0.111111111111,0.363636363636,0.242424242424];2;856.0;0.444094443477;1184;83;0.1975;2.0625;43.402499999999996;35.0;68.94749999999999;11.1875;22.6875;14.75;1.685;0.0;5.112500000000002;0.5750000000000001;2.0925000000000002;0.325;1.5600000000000003;7.0;9.125
11286;zone42;5522.849421766708;4411.996091240393;0.0;zone42;S01010297;7;1066;894;676;[0.582609,0.382609,0.034783];[0.691824,0.245283,0.062893];[0.540541,0.333333,0.126126];[0.681275,0.270916,0.047809];[0.260563380282,0.140845070423,0.37323943662,0.225352112676];1;504.0;0.0391758595379;381;29;0.1657142857142857;1.2857142857142858;27.822857142857142;30.571428571428573;54.0;9.571428571428571;21.714285714285715;9.142857142857142;1.4628571428571426;0.0;0.6114285714285713;0.37142857142857144;3.3657142857142857;0.3828571428571429;2.4628571428571426;3.4285714285714284;5.285714285714286
11286;zone43;4706.481893689814;4143.807995855712;0.0;zone43;S01010298;12;880;677;515;[0.308943,0.479675,0.211382];[0.581395,0.356589,0.062016];[0.539683,0.396825,0.063492];[0.744828,0.193103,0.062069];[0.227272727273,0.0984848484848,0.371212121212,0.30303030303];1;486.0;0.0190902878356;1081;48;0.16;1.4166666666666667;49.48666666666667;33.25;73.42333333333333;11.333333333333334;23.5;17.083333333333332;3.19;0.0;5.4799999999999995;0.5766666666666667;1.3566666666666667;0.3733333333333333;2.14;6.416666666666667;10.166666666666666
11286;zone44;4885.424673909578;4209.645754097502;0.0;zone44;S01010299;4;536;404;292;[0.3,0.54,0.16];[0.556701,0.340206,0.103093];[0.458333,0.520833,0.020833];[0.584906,0.283019,0.132075];[0.428571428571,0.0857142857143,0.285714285714,0.2];1;375.0;-0.10827530326;722;17;0.16;1.75;41.79;39.5;73.85;14.0;25.25;14.0;3.2299999999999995;0.0;1.28;1.1400000000000001;5.01;0.58;2.88;5.0;10.0
11286;zone45;4883.397012115578;4340.414778682246;0.0;zone45;S01010300;21;934;764;478;[0.460784,0.411765,0.127451];[0.664653,0.238671,0.096677];[0.632353,0.323529,0.044118];[0.606383,0.329787,0.06383];[0.3046875,0.125,0.3515625,0.21875];2;513.0;0.0498225801839;604;89;0.16380952380952382;1.8095238095238095;37.043809523809514;32.0;70.05904761904762;12.095238095238095;23.761904761904763;12.380952380952381;2.9371428571428573;0.0;2.4380952380952374;0.2933333333333334;3.177142857142857;0.34285714285714297;2.0514285714285716;9.0;8.380952380952381
11286;zone46;5144.66081966521;4032.769083704074;0.0;zone46;S01010301;6;522;457;283;[0.292683,0.597561,0.109756];[0.57563,0.315126,0.109244];[0.222222,0.703704,0.074074];[0.561798,0.393258,0.044944];[0.214285714286,0.0612244897959,0.459183673469,0.265306122449];4;490.0;0.0232745011966;747;51;0.32666666666666666;1.8333333333333333;40.89333333333334;47.833333333333336;72.66;11.333333333333334;22.833333333333332;13.833333333333334;7.973333333333332;0.0;1.5666666666666664;0.4133333333333333;3.3800000000000003;0.5666666666666668;1.2066666666666668;7.666666666666667;13.166666666666666
11286;zone47;5165.568789180556;4297.038752619699;0.0;zone47;S01010302;24;669;495;388;[0.65625,0.28125,0.0625];[0.6,0.356522,0.043478];[0.716981,0.226415,0.056604];[0.801802,0.18018,0.018018];[0.582417582418,0.0769230769231,0.263736263736,0.0769230769231];1;392.0;-0.0896499889057;608;137;0.21333333333333335;0.9583333333333334;34.835;39.458333333333336;62.29166666666666;10.708333333333334;22.625;11.708333333333334;3.813333333333334;0.0;1.3583333333333334;0.5766666666666667;3.541666666666666;0.4166666666666666;2.6316666666666664;3.125;8.75
11286;zone48;5241.140616766716;4139.402270499609;0.0;zone48;S01010303;33;579;387;250;[0.692308,0.153846,0.153846];[0.56701,0.298969,0.134021];[0.630435,0.282609,0.086957];[0.658879,0.285047,0.056075];[0.58407079646,0.106194690265,0.274336283186,0.0353982300885];1;415.0;-0.0627120940391;965;216;0.25333333333333335;1.3636363636363635;42.65212121212121;40.666666666666664;66.8060606060606;10.090909090909092;22.515151515151516;14.333333333333334;5.802424242424242;0.0;1.572121212121213;0.2860606060606061;2.5575757575757585;0.3418181818181819;2.1163636363636367;5.2727272727272725;9.787878787878787
11286;zone49;4853.647576226233;3833.123065294377;0.0;zone49;S01010304;12;542;456;332;[0.323529,0.514706,0.161765];[0.635135,0.25,0.114865];[0.477273,0.522727,0.0];[0.829268,0.109756,0.060976];[0.372340425532,0.0425531914894,0.297872340426,0.287234042553];1;804.0;0.384523850516;1198;61;0.19333333333333333;1.0833333333333333;49.190000000000005;39.416666666666664;68.29333333333334;10.75;23.166666666666668;16.416666666666668;4.920000000000001;0.0;1.5999999999999996;1.0133333333333334;2.456666666666667;0.4433333333333333;2.2433333333333336;3.6666666666666665;9.5
11286;zone50;4697.410406890209;3639.1027396354093;0.0;zone50;S01010305;7;807;694;478;[0.36036,0.468468,0.171171];[0.553191,0.33617,0.110638];[0.409639,0.301205,0.289157];[0.589888,0.337079,0.073034];[0.198529411765,0.0735294117647,0.382352941176,0.345588235294];1;223.0;-0.28282788147;622;20;0.11428571428571428;0.8571428571428571;31.74857142857143;34.714285714285715;59.634285714285724;10.571428571428571;22.571428571428573;10.571428571428571;5.474285714285713;0.0;1.2285714285714284;1.0914285714285714;0.49714285714285716;0.3485714285714286;2.2742857142857145;3.4285714285714284;7.714285714285714
11286;zone51;4591.3082521834585;3868.367573740388;0.0;zone51;S01010306;13;752;675;449;[0.35625,0.56875,0.075];[0.570588,0.355882,0.073529];[0.283019,0.566038,0.150943];[0.650943,0.330189,0.018868];[0.165680473373,0.0473372781065,0.479289940828,0.307692307692];2;238.0;-0.265781391166;876;69;0.2;1.6923076923076923;45.07692307692309;37.30769230769231;73.52615384615385;12.384615384615385;23.384615384615383;15.0;5.516923076923077;0.0;2.347692307692308;1.6000000000000003;0.8061538461538462;0.23076923076923078;2.0553846153846154;8.461538461538462;9.692307692307692
11286;zone52;4503.72067559025;3742.2957906521283;0.0;zone52;S01010307;9;821;732;428;[0.189922,0.577519,0.232558];[0.407407,0.487654,0.104938];[0.346154,0.538462,0.115385];[0.71875,0.234375,0.046875];[0.0681818181818,0.0568181818182,0.375,0.5];5;319.0;-0.172537833795;405;88;0.37333333333333335;1.1111111111111112;43.62666666666667;71.77777777777777;78.51555555555555;11.555555555555555;23.444444444444443;14.88888888888889;6.586666666666668;0.0;5.1288888888888895;6.2266666666666675;1.4622222222222223;0.25777777777777783;1.7777777777777777;5.444444444444445;19.11111111111111
11286;zone53;4364.519870735056;4047.768725526131;0.0;zone53;S01010308;9;975;858;480;[0.285714,0.54007,0.174216];[0.511936,0.384615,0.103448];[0.254902,0.411765,0.333333];[0.648352,0.307692,0.043956];[0.0970873786408,0.0631067961165,0.359223300971,0.480582524272];4;257.0;-0.244477582955;1086;51;0.21333333333333335;1.5555555555555556;48.29333333333334;46.77777777777778;70.38666666666667;9.444444444444445;22.333333333333332;16.333333333333332;4.506666666666667;0.0;5.471111111111111;1.5333333333333334;1.1377777777777776;0.39555555555555555;1.688888888888889;5.555555555555555;12.333333333333334
11286;zone54;5381.88771051669;3636.3205112402793;0.0;zone54;S01010309;4;419;356;264;[0.333333,0.25,0.416667];[0.478873,0.422535,0.098592];[0.352941,0.382353,0.264706];[0.705882,0.24183,0.052288];[0.365853658537,0.170731707317,0.390243902439,0.0731707317073];1;0.0;-0.540229885057;2153;14;0.12;1.0;39.09;25.5;58.489999999999995;10.75;21.75;13.0;1.71;0.0;1.58;0.14;1.87;0.18;2.19;3.5;4.75
11286;zone55;5657.373406240428;3625.6586165034923;0.0;zone55;S01010310;13;706;540;381;[0.333333,0.238095,0.428571];[0.565517,0.337931,0.096552];[0.54902,0.27451,0.176471];[0.715415,0.256917,0.027668];[0.484848484848,0.151515151515,0.318181818182,0.0454545454545];1;574.0;0.120406534162;845;32;0.09846153846153846;1.1538461538461537;44.458461538461535;25.923076923076923;63.29230769230768;10.384615384615385;22.53846153846154;15.0;2.0307692307692307;0.0;1.4923076923076921;0.12923076923076923;2.5076923076923077;0.45538461538461544;2.569230769230769;4.384615384615385;5.769230769230769
11286;zone56;5685.425126382168;3318.6970593171873;0.0;zone56;S01010311;22;721;556;351;[0.411765,0.352941,0.235294];[0.472222,0.453704,0.074074];[0.571429,0.404762,0.02381];[0.717949,0.271062,0.010989];[0.565217391304,0.121739130435,0.269565217391,0.0434782608696];1;1534.0;1.22364271569;1642;72;0.12727272727272726;1.4090909090909092;59.221818181818186;31.454545454545453;70.49636363636363;10.090909090909092;22.363636363636363;20.045454545454547;1.9854545454545458;0.0;3.1727272727272733;0.09636363636363637;2.4363636363636365;0.36727272727272725;2.5145454545454546;5.454545454545454;7.136363636363637
11286;zone57;5466.52613028024;3072.1402274564575;0.0;zone57;S01010312;34;868;647;425;[0.117647,0.823529,0.058824];[0.754386,0.22807,0.017544];[0.407407,0.444444,0.148148];[0.804945,0.153846,0.041209];[0.586956521739,0.115942028986,0.268115942029,0.0289855072464];1;685.0;0.247477927043;1651;97;0.10941176470588235;1.2058823529411764;60.11058823529412;30.647058823529413;69.76352941176472;10.0;22.676470588235293;20.558823529411764;1.968235294117647;0.0;3.372941176470588;0.08705882352941179;2.3199999999999994;0.3129411764705883;2.2729411764705887;4.5588235294117645;7.235294117647059
11286;zone58;5251.7403530303945;3502.549209042501;0.0;zone58;S01010313;16;654;529;356;[0.428571,0.285714,0.285714];[0.6,0.333333,0.066667];[0.433735,0.481928,0.084337];[0.739623,0.162264,0.098113];[0.648351648352,0.131868131868,0.175824175824,0.043956043956];1;565.0;0.109617915218;2142;66;0.155;0.625;58.357499999999995;37.0625;73.4375;11.8125;23.5625;19.875;4.07;0.0;3.9425;0.22;2.8649999999999998;0.34750000000000003;2.8175000000000003;2.4375;10.75
11286;zone59;4840.312157862589;3385.4448126102257;0.0;zone59;S01010314;21;1248;1034;550;[0.358209,0.507463,0.134328];[0.514493,0.333333,0.152174];[0.5,0.326923,0.173077];[0.636,0.324,0.04];[0.316901408451,0.133802816901,0.401408450704,0.147887323944];1;637.0;0.192402372167;1123;63;0.11428571428571428;1.380952380952381;41.674285714285716;31.38095238095238;69.03809523809525;11.952380952380953;23.761904761904763;14.0;3.3828571428571426;0.0;3.773333333333334;0.8590476190476191;0.9885714285714284;0.49142857142857144;2.038095238095238;6.238095238095238;8.476190476190476
11286;zone60;4536.293429266749;2504.1273706154316;0.0;zone60;S01010315;43;911;678;409;[0.180723,0.554217,0.26506];[0.252632,0.457895,0.289474];[0.208333,0.5,0.291667];[0.55144,0.345679,0.102881];[0.308176100629,0.169811320755,0.358490566038,0.163522012579];2;382.0;-0.100954860853;1612;189;0.17116279069767443;1.6046511627906976;48.32465116279071;34.02325581395349;68.31627906976742;10.0;22.558139534883722;16.441860465116278;2.8697674418604655;0.0;3.1702325581395345;0.03255813953488372;2.655813953488372;0.3227906976744185;1.973023255813954;6.395348837209302;8.232558139534884
11286;zone61;4589.6619547948285;2943.195659127726;0.0;zone61;S01010316;25;512;414;304;[0.392157,0.529412,0.078431];[0.62931,0.37069,0.0];[0.439024,0.560976,0.0];[0.775401,0.224599,0.0];[0.439252336449,0.102803738318,0.252336448598,0.205607476636];1;481.0;0.0128180141103;1417;95;0.1456;1.4;50.0272;34.4;71.3776;10.96;23.0;17.04;2.7568;0.0;3.9583999999999997;0.0848;3.0303999999999998;0.3728000000000001;2.8528;5.52;9.32
11286;zone63;4421.5566371748755;3071.026327566895;0.0;zone63;S01010318;12;1588;1497;304;[0.5,0.456522,0.043478];[0.469799,0.47651,0.053691];[0.310345,0.37931,0.310345];[0.678571,0.285714,0.035714];[0.36,0.14,0.34,0.16];3;317.0;-0.175110645645;1147;79;0.25;0.9166666666666666;57.97666666666667;55.666666666666664;79.25;10.583333333333334;23.833333333333332;20.0;6.9433333333333325;0.0;7.506666666666667;0.9733333333333333;1.486666666666667;0.26333333333333336;2.073333333333333;4.083333333333333;16.333333333333332
11286;zone64;4173.240913470097;2893.8040771744095;0.0;zone64;S01010319;9;711;624;407;[0.258741,0.608392,0.132867];[0.383399,0.486166,0.130435];[0.439394,0.212121,0.348485];[0.530769,0.384615,0.084615];[0.171974522293,0.0700636942675,0.471337579618,0.286624203822];2;473.0;0.00423719084943;1364;40;0.16;2.111111111111111;54.40444444444445;36.77777777777778;71.8711111111111;10.11111111111111;22.77777777777778;18.555555555555557;3.8399999999999994;0.0;4.319999999999999;0.04444444444444445;1.751111111111111;0.42666666666666664;1.586666666666667;6.666666666666667;9.444444444444445
11286;zone65;3940.1918462749595;2900.8899784533987;0.0;zone65;S01010320;4;675;594;437;[0.257813,0.523438,0.21875];[0.61753,0.298805,0.083665];[0.526316,0.22807,0.245614];[0.805085,0.169492,0.025424];[0.172185430464,0.0662251655629,0.443708609272,0.317880794702];1;646.0;0.202453315259;1189;10;0.09;1.75;42.99;24.75;72.47;12.25;24.25;15.0;2.7399999999999998;0.0;3.4000000000000004;0.13;1.9;0.26;2.41;8.5;8.0
11286;zone66;3905.8658739096163;2664.6669636212755;0.0;zone66;S01010321;7;837;634;432;[0.401709,0.555556,0.042735];[0.54717,0.433962,0.018868];[0.45122,0.439024,0.109756];[0.666667,0.271186,0.062147];[0.212328767123,0.0958904109589,0.390410958904,0.301369863014];1;1019.0;0.631764531736;1941;19;0.10285714285714286;1.5714285714285714;46.21714285714285;23.714285714285715;67.56571428571428;12.0;22.714285714285715;15.428571428571429;3.1371428571428575;0.0;2.222857142857143;0.0;1.9485714285714286;0.3771428571428572;1.8685714285714288;5.857142857142857;6.714285714285714
11286;zone67;3630.3978644730896;3132.1651121578075;0.0;zone67;S01010322;9;1028;914;549;[0.174419,0.549419,0.276163];[0.412399,0.471698,0.115903];[0.298507,0.38806,0.313433];[0.647059,0.323529,0.029412];[0.057268722467,0.0352422907489,0.449339207048,0.458149779736];5;124.0;-0.397569575369;1474;54;0.2311111111111111;3.0;45.04888888888889;38.666666666666664;75.32000000000001;10.666666666666666;23.22222222222222;15.11111111111111;3.071111111111111;0.0;5.1866666666666665;0.8533333333333333;1.9333333333333336;0.15555555555555556;0.88;12.777777777777779;10.555555555555555
11286;zone68;6208.193116766784;3072.425066795916;0.0;zone68;S01010323;4;603;466;377;[0.555556,0.444444,0.0];[0.657143,0.271429,0.071429];[0.642857,0.321429,0.035714];[0.793651,0.166667,0.039683];[0.578431372549,0.166666666667,0.235294117647,0.0196078431373];1;970.0;0.57559463238;1077;13;0.13;1.75;57.35999999999999;32.0;80.72;11.75;24.75;20.5;6.940000000000001;0.0;1.23;0.28;1.36;0.54;2.13;10.0;9.5
11286;zone69;6517.651722029823;2240.572579661372;0.0;zone69;S01010324;6;759;566;403;[0.142857,0.571429,0.285714];[0.298077,0.490385,0.211538];[0.333333,0.530864,0.135802];[0.401674,0.414226,0.1841];[0.569620253165,0.101265822785,0.291139240506,0.0379746835443];1;407.0;-0.0721601679586;1513;24;0.14666666666666667;1.3333333333333333;39.906666666666666;39.5;67.73333333333333;11.833333333333334;22.833333333333332;13.333333333333334;2.3066666666666666;0.0;1.6733333333333331;0.0;4.926666666666667;0.3;1.9200000000000002;6.666666666666667;8.666666666666666
11286;zone70;6038.016041009105;2402.8415869980217;0.0;zone70;S01010325;18;939;666;501;[0.263158,0.368421,0.368421];[0.383838,0.525253,0.090909];[0.253623,0.615942,0.130435];[0.451362,0.463035,0.085603];[0.545454545455,0.238636363636,0.193181818182,0.0227272727273];1;225.0;-0.281126582053;1678;53;0.11333333333333333;0.8333333333333334;38.98;35.72222222222222;65.71111111111111;12.277777777777779;23.444444444444443;13.166666666666666;3.348888888888889;0.0;1.1111111111111112;0.0;4.7;0.4466666666666667;2.377777777777778;3.3333333333333335;8.666666666666666
11286;zone71;5272.359331052501;2740.775131541117;0.0;zone71;S01010326;39;987;707;494;[0.526316,0.368421,0.105263];[0.522523,0.333333,0.144144];[0.492188,0.3125,0.195313];[0.723514,0.224806,0.05168];[0.54375,0.16875,0.23125,0.05625];1;1389.0;1.05701743376;1010;152;0.14974358974358976;1.205128205128205;47.46461538461539;38.17948717948718;71.45230769230768;11.025641025641026;23.256410256410255;16.17948717948718;1.9835897435897436;0.0;7.7682051282051265;0.01743589743589744;1.8082051282051277;0.2953846153846153;2.331282051282051;5.0256410256410255;11.128205128205128
11286;zone72;4970.167032608406;2501.795090448298;0.0;zone72;S01010327;34;982;660;362;[0.031746,0.507937,0.460317];[0.372881,0.432203,0.194915];[0.289063,0.328125,0.382813];[0.516892,0.347973,0.135135];[0.416184971098,0.21387283237,0.236994219653,0.132947976879];1;470.0;0.000335688704598;927;125;0.1376470588235294;1.5588235294117647;44.876470588235286;30.91176470588235;66.29411764705881;9.823529411764707;22.5;15.147058823529411;2.0705882352941174;0.0;6.208235294117646;0.01411764705882353;0.9764705882352942;0.2858823529411764;2.1505882352941184;5.323529411764706;8.764705882352942
11286;zone73;5975.307390960257;2677.5485166167286;0.0;zone73;S01010328;24;969;706;445;[0.16129,0.5,0.33871];[0.27044,0.471698,0.257862];[0.192547,0.434783,0.372671];[0.338983,0.432203,0.228814];[0.309352517986,0.258992805755,0.280575539568,0.151079136691];2;457.0;-0.0138550124678;1854;105;0.16666666666666666;1.4583333333333333;46.86000000000001;36.875;66.74833333333335;10.083333333333334;22.583333333333332;15.875;3.1366666666666663;0.0;1.6199999999999999;0.0;3.685;0.3333333333333334;1.9333333333333333;5.833333333333333;8.0
