cycle;name;location.x;location.y;location.z;name;dataZone;nm_children;pop;over16;nm_hh;AB_car_prob;C1_car_prob;C2_car_prob;DE_car_prob;prob_social;simd;crimeRate;norm_crime;avg_dis_sh;neigh_play;daily_play_per_child;avg_FSA;avg_walk;daily_OD;zone_mvpa;mvpa_home;mvpa_sc;mvpa_road;mvpa_play_field;mvpa_home_garden;mvpa_park;mvpa_PG;mvpa_amenity;mvpa_shops;mvpa_F_home;mvpa_fsa;mvpa_OD
11286;zone0;8448.90275962388;2625.4515469546564;0.0;zone0;S01010195;19;531;390;212;[0.0,0.481481,0.518519];[0.261538,0.646154,0.092308];[0.12,0.59,0.29];[0.447368,0.368421,0.184211];[0.418918918919,0.283783783784,0.202702702703,0.0945945945946];1;0.0;-0.540229885057;1095;60;0.11789473684210526;1.5263157894736843;37.6063157894737;28.94736842105263;59.690526315789455;9.631578947368421;21.263157894736842;12.68421052631579;0.6526315789473683;0.0;3.444210526315789;0.0;2.854736842105263;0.3957894736842106;2.1473684210526316;4.7894736842105265;6.473684210526316
11286;zone1;8656.736904000718;2165.9902346445633;0.0;zone1;S01010198;18;1027;748;394;[0.058824,0.529412,0.411765];[0.305785,0.561983,0.132231];[0.219858,0.496454,0.283688];[0.523179,0.331126,0.145695];[0.48623853211,0.229357798165,0.266055045872,0.0183486238532];1;1609.0;1.3102524676;1338;52;0.1111111111111111;1.0555555555555556;33.699999999999996;27.055555555555557;62.34888888888889;11.833333333333334;23.22222222222222;11.055555555555555;1.3733333333333335;0.0;2.5244444444444447;0.02888888888888889;2.902222222222223;0.4333333333333334;2.6177777777777775;4.388888888888889;6.277777777777778
11286;zone2;8537.588755655543;3024.028900129281;0.0;zone2;S01010201;22;643;453;253;[0.0,0.47619,0.52381];[0.270833,0.3125,0.416667];[0.088,0.48,0.432];[0.296552,0.434483,0.268966];[0.365853658537,0.292682926829,0.292682926829,0.0487804878049];2;219.0;-0.28762447053;1068;84;0.14181818181818182;1.7727272727272727;40.02;35.04545454545455;65.46727272727271;10.545454545454545;22.272727272727273;13.636363636363637;1.1036363636363635;0.0;3.367272727272727;0.04181818181818182;4.036363636363636;0.3127272727272728;1.918181818181818;6.363636363636363;8.045454545454545
11286;zone3;8059.42097232239;3767.666522351409;0.0;zone3;S01010203;30;671;504;260;[0.090909,0.363636,0.545455];[0.263804,0.460123,0.276074];[0.094828,0.422414,0.482759];[0.183824,0.375,0.441176];[0.272727272727,0.218181818182,0.363636363636,0.145454545455];3;215.0;-0.292668818285;1941;111;0.14133333333333334;1.6333333333333333;37.97066666666668;31.433333333333334;70.128;11.766666666666667;24.366666666666667;12.8;2.2426666666666666;0.0;3.2626666666666675;0.0;3.6333333333333333;0.3973333333333333;2.4506666666666663;7.5;8.7
11286;zone4;8368.288440296214;3565.498290652094;0.0;zone4;S01010204;30;800;589;381;[0.272727,0.727273,0.0];[0.627451,0.27451,0.098039];[0.444444,0.533333,0.022222];[0.600619,0.321981,0.077399];[0.595041322314,0.157024793388,0.239669421488,0.00826446280992];1;497.0;0.0317745673598;1174;95;0.12133333333333333;1.3;42.03600000000001;29.066666666666666;66.46133333333333;11.6;23.233333333333334;14.266666666666667;1.4413333333333331;0.0;2.3466666666666667;0.13733333333333334;3.264;0.4893333333333333;2.5053333333333336;5.433333333333334;6.633333333333334
11286;zone5;8034.229745798958;3515.110462853287;0.0;zone5;S01010205;15;658;534;355;[0.411765,0.117647,0.470588];[0.465116,0.457364,0.077519];[0.317757,0.588785,0.093458];[0.593458,0.280374,0.126168];[0.466666666667,0.2,0.3,0.0333333333333];1;925.0;0.523434132086;1217;48;0.12;0.8666666666666667;40.57866666666666;33.86666666666667;65.10666666666665;11.266666666666667;23.333333333333332;13.666666666666666;1.8719999999999997;0.0;2.9600000000000004;0.0;3.829333333333333;0.28800000000000003;2.5013333333333336;3.6;8.133333333333333
11286;zone6;7457.064719570519;3739.055375726369;0.0;zone6;S01010208;18;903;745;565;[0.30137,0.589041,0.109589];[0.48062,0.457364,0.062016];[0.272727,0.613636,0.113636];[0.66055,0.270642,0.068807];[0.233333333333,0.133333333333,0.461111111111,0.172222222222];1;603.0;0.153385979085;1446;47;0.1;1.2777777777777777;45.42444444444445;24.333333333333332;69.53777777777778;12.055555555555555;24.11111111111111;15.0;1.2400000000000002;0.0;2.0844444444444448;0.0;3.631111111111112;0.5799999999999998;3.3133333333333335;5.722222222222222;6.444444444444445
11286;zone7;7917.838214725937;1939.334458859395;0.0;zone7;S01010209;24;966;677;468;[0.172414,0.586207,0.241379];[0.333333,0.414966,0.251701];[0.381944,0.458333,0.159722];[0.545852,0.336245,0.117904];[0.337931034483,0.248275862069,0.303448275862,0.110344827586];1;2053.0;1.82052250092;1634;82;0.12833333333333333;1.25;42.32;23.666666666666668;63.501666666666665;10.75;22.541666666666668;14.166666666666666;0.795;0.0;2.9583333333333335;0.0;2.365;0.3666666666666667;2.4133333333333336;4.958333333333333;5.666666666666667
11286;zone8;7878.406567747077;2721.2634132011362;0.0;zone8;S01010210;18;885;641;416;[0.173913,0.456522,0.369565];[0.21519,0.5,0.28481];[0.189781,0.386861,0.423358];[0.422111,0.442211,0.135678];[0.394736842105,0.236842105263,0.254385964912,0.114035087719];1;344.0;-0.144253829852;1230;71;0.15333333333333332;1.5555555555555556;32.70444444444444;25.166666666666668;60.166666666666664;10.666666666666666;22.333333333333332;11.11111111111111;1.2311111111111113;0.0;3.091111111111111;0.0;1.8711111111111112;0.3088888888888889;1.948888888888889;5.944444444444445;5.722222222222222
11286;zone9;7785.599648345685;3201.783800714137;0.0;zone9;S01010211;22;858;634;452;[0.147059,0.705882,0.147059];[0.384615,0.452991,0.162393];[0.469565,0.4,0.130435];[0.722656,0.226563,0.050781];[0.473214285714,0.169642857143,0.285714285714,0.0714285714286];1;430.0;-0.0456985893816;1136;78;0.13818181818181818;2.0;43.34909090909092;25.454545454545453;69.92727272727271;12.136363636363637;23.772727272727273;14.681818181818182;1.6836363636363636;0.0;2.5436363636363635;0.02545454545454546;2.869090909090909;0.48000000000000004;1.9763636363636365;8.0;6.636363636363637
11286;zone10;7580.688680869333;3097.127786881416;0.0;zone10;S01010212;49;1083;779;559;[0.233333,0.633333,0.133333];[0.594771,0.339869,0.065359];[0.465517,0.405172,0.12931];[0.712821,0.269231,0.017949];[0.566037735849,0.138364779874,0.22641509434,0.0691823899371];1;1473.0;1.15298517036;1195;171;0.13387755102040816;1.510204081632653;51.25224489795919;29.0;67.74775510204083;10.489795918367347;22.591836734693878;17.591836734693878;1.4481632653061223;0.0;2.515918367346939;0.02040816326530612;3.0726530612244902;0.35755102040816317;2.160816326530611;5.857142857142857;6.510204081632653
11286;zone11;8065.177293237223;3111.5884965344962;0.0;zone11;S01010213;13;924;657;476;[0.105263,0.684211,0.210526];[0.382609,0.547826,0.069565];[0.218543,0.556291,0.225166];[0.467925,0.483019,0.049057];[0.451327433628,0.221238938053,0.274336283186,0.0530973451327];1;247.0;-0.255840453357;1082;45;0.12923076923076923;1.3076923076923077;36.28;31.923076923076923;68.25538461538463;12.76923076923077;24.153846153846153;11.923076923076923;1.5507692307692307;0.0;3.3169230769230773;0.0;4.156923076923077;0.5876923076923078;2.286153846153846;5.846153846153846;8.461538461538462
11286;zone12;7144.994858230166;1947.4125453867302;0.0;zone12;S01010214;27;967;717;396;[0.098592,0.28169,0.619718];[0.197531,0.438272,0.364198];[0.173333,0.493333,0.333333];[0.237069,0.487069,0.275862];[0.361344537815,0.210084033613,0.310924369748,0.117647058824];3;176.0;-0.337854473183;1932;107;0.15407407407407409;1.4814814814814814;52.33481481481482;32.25925925925926;70.12444444444446;10.88888888888889;23.074074074074073;18.0;1.6592592592592592;0.0;3.3422222222222224;0.0;3.1185185185185187;0.3140740740740741;2.262222222222222;5.777777777777778;7.592592592592593
11286;zone13;7013.590150664996;2618.495528189446;0.0;zone13;S01010215;24;850;608;492;[0.571429,0.285714,0.142857];[0.5,0.431373,0.068627];[0.382609,0.391304,0.226087];[0.678571,0.269841,0.051587];[0.467289719626,0.140186915888,0.345794392523,0.0467289719626];1;547.0;0.0886083430805;622;85;0.13666666666666666;1.2083333333333333;35.46333333333333;34.875;65.27499999999999;11.5;23.291666666666668;12.041666666666666;1.6033333333333333;0.0;1.8383333333333336;0.0;5.254999999999999;0.425;2.3433333333333333;5.25;8.041666666666666
11286;zone14;7332.222205807836;2329.961970144465;0.0;zone14;S01010216;15;621;464;361;[0.6,0.4,0.0];[0.597701,0.356322,0.045977];[0.409091,0.439394,0.151515];[0.709544,0.273859,0.016598];[0.5,0.163265306122,0.265306122449,0.0714285714286];1;600.0;0.150092344085;1303;45;0.11466666666666667;1.2;49.18133333333333;28.0;64.28;10.2;22.133333333333333;16.266666666666666;1.1093333333333333;0.0;2.455999999999999;0.0;2.9680000000000004;0.4000000000000001;2.274666666666667;4.666666666666667;6.133333333333334
11286;zone15;7299.833172322251;2625.8610945736937;0.0;zone15;S01010217;33;817;598;406;[0.16129,0.516129,0.322581];[0.565517,0.4,0.034483];[0.5,0.431373,0.068627];[0.702703,0.283784,0.013514];[0.541935483871,0.0967741935484,0.296774193548,0.0645161290323];1;1060.0;0.679274950851;1008;150;0.17454545454545456;1.0606060606060606;42.132121212121206;35.45454545454545;67.56242424242426;11.575757575757576;23.393939393939394;14.242424242424242;1.775757575757576;0.0;3.3999999999999995;0.0;4.155151515151515;0.3587878787878788;2.564848484848485;4.303030303030303;8.848484848484848
11286;zone16;7142.953643082513;3018.5401822929393;0.0;zone16;S01010218;31;1018;790;587;[0.425532,0.404255,0.170213];[0.392523,0.453271,0.154206];[0.358209,0.492537,0.149254];[0.589124,0.335347,0.075529];[0.424657534247,0.109589041096,0.369863013699,0.0958904109589];1;557.0;0.101026678737;568;104;0.13161290322580646;1.3870967741935485;34.71741935483871;26.612903225806452;62.18838709677419;11.096774193548388;22.838709677419356;11.709677419354838;1.0154838709677418;0.0;1.632258064516129;0.0;3.721290322580646;0.37290322580645163;2.4735483870967743;5.67741935483871;5.870967741935484
11286;zone17;6738.8937706128745;4298.8917997019325;0.0;zone17;S01010219;21;503;382;274;[0.695652,0.304348,0.0];[0.758621,0.215517,0.025862];[0.761905,0.166667,0.071429];[0.781609,0.195402,0.022989];[0.41935483871,0.0752688172043,0.408602150538,0.0967741935484];2;184.0;-0.327838932938;1664;74;0.13142857142857142;2.0952380952380953;63.03428571428573;28.80952380952381;74.3047619047619;10.095238095238095;22.571428571428573;21.80952380952381;2.0742857142857143;0.0;4.194285714285714;0.02285714285714286;1.6133333333333335;0.2761904761904762;1.9352380952380952;8.095238095238095;7.428571428571429
11286;zone18;5915.780765415368;4211.222876105162;0.0;zone18;S01010220;7;476;433;279;[0.181159,0.608696,0.210145];[0.404255,0.531915,0.06383];[0.227273,0.704545,0.068182];[0.448276,0.482759,0.068966];[0.154545454545,0.0636363636364,0.318181818182,0.463636363636];5;267.0;-0.232306706325;1635;34;0.18285714285714286;0.8571428571428571;49.90857142857143;53.285714285714285;76.39428571428572;11.571428571428571;23.714285714285715;16.857142857142858;5.045714285714285;0.0;8.01142857142857;0.13142857142857142;3.274285714285714;0.37142857142857144;2.2742857142857145;3.7142857142857144;15.857142857142858
11286;zone19;6341.0811208317455;3913.8398648988496;0.0;zone19;S01010221;13;546;394;260;[0.6,0.4,0.0];[0.557377,0.409836,0.032787];[0.538462,0.323077,0.138462];[0.699387,0.257669,0.042945];[0.609375,0.140625,0.203125,0.046875];1;635.0;0.19005459739;987;41;0.12;0.7692307692307693;43.60307692307693;25.46153846153846;67.24;12.0;23.76923076923077;14.76923076923077;4.261538461538461;0.0;3.08;0.0676923076923077;0.7876923076923078;0.4400000000000001;3.0984615384615384;3.230769230769231;7.769230769230769
11286;zone20;7001.213463613622;4053.9957950241624;0.0;zone20;S01010222;15;492;414;285;[0.142857,0.5,0.357143];[0.432432,0.459459,0.108108];[0.348624,0.522936,0.12844];[0.747899,0.235294,0.016807];[0.345238095238,0.214285714286,0.309523809524,0.130952380952];1;377.0;-0.105830277325;1799;41;0.10933333333333334;1.2666666666666666;46.776;27.066666666666666;65.17599999999999;10.933333333333334;22.333333333333332;15.866666666666667;2.138666666666666;0.0;2.864;0.0;2.0559999999999996;0.43466666666666676;2.608;4.266666666666667;6.6
11286;zone21;6986.8418912765155;3434.1450308482026;0.0;zone21;S01010223;4;556;462;337;[0.076923,0.538462,0.384615];[0.567797,0.330508,0.101695];[0.472222,0.444444,0.083333];[0.584699,0.36612,0.04918];[0.432432432432,0.162162162162,0.324324324324,0.0810810810811];1;439.0;-0.0353356041414;1979;11;0.1;0.0;57.91;20.0;76.93;15.75;27.75;20.0;4.65;0.0;1.69;0.0;1.2999999999999998;0.74;3.9699999999999998;0.0;7.0
11286;zone22;6247.397837456437;3329.661273309237;0.0;zone22;S01010224;40;1036;727;469;[0.405405,0.540541,0.054054];[0.592593,0.274074,0.133333];[0.418803,0.504274,0.076923];[0.768421,0.202632,0.028947];[0.506097560976,0.140243902439,0.268292682927,0.0853658536585];1;1004.0;0.614259332793;973;133;0.124;1.5;45.458;24.2;68.82299999999998;11.625;23.475;15.425;4.231;0.0;1.6179999999999997;0.043;1.3499999999999999;0.4259999999999999;2.604;6.175;6.725
11286;zone23;7827.985844039554;4105.4701191949;0.0;zone23;S01010225;33;812;636;431;[0.25,0.634615,0.115385];[0.469072,0.43299,0.097938];[0.54023,0.413793,0.045977];[0.672065,0.234818,0.093117];[0.385185185185,0.125925925926,0.325925925926,0.162962962963];1;1006.0;0.616572011517;1602;93;0.10666666666666667;1.5757575757575757;49.52121212121212;28.424242424242426;67.05575757575757;10.545454545454545;22.696969696969695;16.545454545454547;2.035151515151515;0.0;2.1721212121212123;0.01575757575757576;3.162424242424242;0.39636363636363625;2.088484848484848;5.515151515151516;6.909090909090909
11286;zone24;7040.363001382077;4481.052780471187;0.0;zone24;S01010226;40;816;565;394;[0.454545,0.242424,0.30303];[0.715385,0.2,0.084615];[0.540541,0.405405,0.054054];[0.766917,0.18797,0.045113];[0.503355704698,0.201342281879,0.221476510067,0.0738255033557];2;422.0;-0.0548014077425;1107;235;0.22;0.925;44.465999999999994;43.8;69.95299999999999;10.7;23.275;14.875;5.503;0.0;5.365;0.11600000000000002;2.0660000000000003;0.34500000000000003;2.682000000000001;3.375;12.6
11286;zone25;6847.772309074456;4638.663588163389;0.0;zone25;S01010227;39;692;454;294;[0.413793,0.413793,0.172414];[0.704545,0.238636,0.056818];[0.654545,0.345455,0.0];[0.810606,0.159091,0.030303];[0.672268907563,0.0924369747899,0.159663865546,0.0756302521008];4;0.0;-0.540229885057;1111;325;0.3230769230769231;0.9487179487179487;47.9825641025641;53.82051282051282;74.57435897435897;10.512820512820513;23.17948717948718;16.23076923076923;6.153846153846154;0.0;7.567179487179485;0.1353846153846154;2.391794871794872;0.4184615384615384;2.3928205128205136;3.7948717948717947;15.76923076923077
11286;zone26;8241.816993110848;4572.457656401622;0.0;zone26;S01010229;30;1016;787;508;[0.1,0.625,0.275];[0.350877,0.350877,0.298246];[0.348315,0.477528,0.174157];[0.565217,0.310559,0.124224];[0.420731707317,0.213414634146,0.292682926829,0.0731707317073];1;395.0;-0.0859445809966;1163;86;0.10533333333333333;1.6333333333333333;44.78933333333334;24.9;67.08133333333333;11.1;23.0;15.266666666666667;1.552;0.0;2.502666666666666;0.0;2.590666666666667;0.344;2.2706666666666657;6.7;6.1
11286;zone27;7458.320056766788;4680.341251240345;0.0;zone27;S01010230;24;1005;772;577;[0.314286,0.628571,0.057143];[0.703883,0.296117,0.0];[0.727273,0.218182,0.054545];[0.71831,0.24507,0.03662];[0.517857142857,0.136904761905,0.267857142857,0.077380952381];1;846.0;0.433218203459;850;111;0.18;0.8333333333333334;35.58166666666667;38.75;64.98333333333333;10.416666666666666;23.083333333333332;11.958333333333334;3.1333333333333333;0.0;5.621666666666667;0.05666666666666667;2.52;0.37833333333333335;2.77;3.4166666666666665;10.791666666666666
11286;zone28;7569.802990100143;4917.458811240416;0.0;zone28;S01010232;37;1074;792;485;[0.457143,0.485714,0.057143];[0.557292,0.338542,0.104167];[0.492063,0.333333,0.174603];[0.654229,0.251244,0.094527];[0.470297029703,0.153465346535,0.306930693069,0.0693069306931];1;771.0;0.347049794199;1007;174;0.17621621621621622;1.162162162162162;46.23135135135135;39.67567567567568;71.02702702702703;11.324324324324325;23.54054054054054;15.756756756756756;2.2356756756756755;0.0;5.019459459459459;0.10054054054054054;3.5794594594594593;0.4378378378378378;2.3351351351351353;5.054054054054054;10.432432432432432
11286;zone29;7830.713068379679;4879.746446724283;0.0;zone29;S01010233;33;970;705;476;[0.275,0.625,0.1];[0.655629,0.245033,0.099338];[0.52809,0.426966,0.044944];[0.771505,0.212366,0.016129];[0.587209302326,0.093023255814,0.261627906977,0.0581395348837];1;284.0;-0.213781821634;1253;131;0.15272727272727274;0.9696969696969697;44.54060606060606;32.72727272727273;65.94909090909091;11.030303030303031;22.96969696969697;15.0;1.9103030303030302;0.0;2.6387878787878787;0.13333333333333333;3.46060606060606;0.39515151515151514;2.5272727272727273;4.242424242424242;7.666666666666667
11286;zone30;6473.383843181837;4954.519765957263;0.0;zone30;S01010261;6;2551;2373;526;[0.666667,0.270833,0.0625];[0.675841,0.281346,0.042813];[0.75,0.25,0.0];[0.824468,0.164894,0.010638];[0.41,0.06,0.41,0.12];3;176.0;-0.337679921334;2047;19;0.12;1.1666666666666667;77.92666666666666;38.166666666666664;81.96;10.333333333333334;24.0;27.166666666666668;3.726666666666667;0.0;2.34;0.0;3.653333333333333;0.35333333333333333;2.72;5.666666666666667;9.5
11286;zone31;4930.642193689802;4959.449818932565;0.0;zone31;S01010266;3;555;474;237;[0.320755,0.556604,0.122642];[0.677273,0.254545,0.068182];[0.5,0.461538,0.038462];[0.534247,0.30137,0.164384];[0.141176470588,0.0588235294118,0.4,0.4];3;536.0;0.0761386922126;1188;8;0.10666666666666667;3.3333333333333335;26.959999999999997;19.333333333333332;66.33333333333333;12.0;24.0;9.0;1.3066666666666666;0.0;1.2533333333333332;0.8933333333333334;2.1733333333333333;0.22666666666666666;1.3066666666666666;12.666666666666666;5.333333333333333
11286;zone32;5712.5549897826;4979.400336637217;0.0;zone32;S01010270;4;1153;972;817;[0.389831,0.533898,0.076271];[0.70255,0.252125,0.045326];[0.714286,0.272727,0.012987];[0.771552,0.228448,0.0];[0.125,0.0909090909091,0.454545454545,0.329545454545];1;871.0;0.461200629557;1644;15;0.15;0.75;58.440000000000005;35.0;67.83;10.25;22.75;20.0;1.8900000000000001;0.0;1.87;0.0;3.6399999999999997;0.36000000000000004;2.67;2.75;6.5
11286;zone33;3394.0723536088512;4934.677182292946;0.0;zone33;S01010282;13;976;841;645;[0.438776,0.520408,0.040816];[0.545732,0.405488,0.04878];[0.521277,0.382979,0.095745];[0.712707,0.232044,0.055249];[0.190954773869,0.070351758794,0.35175879397,0.386934673367];2;350.0;-0.137812028107;1355;37;0.1076923076923077;1.5384615384615385;50.96923076923076;29.153846153846153;72.77230769230769;11.538461538461538;23.692307692307693;17.53846153846154;1.5384615384615385;0.0;5.947692307692308;0.39692307692307693;1.5230769230769226;0.3876923076923078;1.8399999999999999;6.538461538461538;8.846153846153847
11286;zone34;4385.789287498423;4835.237486850067;0.0;zone34;S01010289;15;771;687;380;[0.130952,0.511905,0.357143];[0.262911,0.502347,0.234742];[0.178571,0.464286,0.357143];[0.410256,0.435897,0.153846];[0.058064516129,0.0322580645161,0.245161290323,0.664516129032];5;259.0;-0.241396294863;1301;89;0.22666666666666666;2.1333333333333333;45.485333333333344;44.8;64.55466666666668;8.4;21.133333333333333;15.133333333333333;2.277333333333333;0.0;4.712000000000001;1.1119999999999999;1.9253333333333333;0.22133333333333335;1.1813333333333336;6.733333333333333;9.533333333333333
11286;zone35;4401.5375624188455;4669.062022109911;0.0;zone35;S01010290;13;546;485;278;[0.198198,0.603604,0.198198];[0.485944,0.449799,0.064257];[0.555556,0.444444,0.0];[0.435897,0.512821,0.051282];[0.10752688172,0.0430107526882,0.494623655914,0.354838709677];3;353.0;-0.133686757747;1458;83;0.23692307692307693;1.0769230769230769;57.864615384615384;48.61538461538461;80.51076923076923;12.0;25.0;19.615384615384617;3.1784615384615384;0.0;8.095384615384614;0.7969230769230768;2.9753846153846157;0.40923076923076923;2.2123076923076925;4.538461538461538;14.538461538461538
11286;zone36;4119.983651650423;4281.100418217042;0.0;zone36;S01010291;12;1075;975;481;[0.405594,0.447552,0.146853];[0.627907,0.277132,0.094961];[0.415094,0.433962,0.150943];[0.562963,0.325926,0.111111];[0.197080291971,0.0729927007299,0.445255474453,0.284671532847];3;438.0;-0.0363924713322;862;68;0.21;1.5;51.853333333333325;53.666666666666664;72.81666666666665;9.333333333333334;22.166666666666668;17.75;2.46;0.0;9.663333333333334;0.8966666666666666;2.1133333333333333;0.2366666666666667;1.7566666666666666;4.833333333333333;14.75
11286;zone37;4399.731076226201;4291.6703625917;0.0;zone37;S01010292;10;890;831;409;[0.348214,0.508929,0.142857];[0.477169,0.420091,0.10274];[0.339286,0.446429,0.214286];[0.55814,0.383721,0.05814];[0.128378378378,0.0540540540541,0.398648648649,0.418918918919];4;323.0;-0.168488563048;1074;55;0.216;1.3;44.623999999999995;43.2;65.44000000000001;9.4;21.6;15.2;3.776;0.0;5.5520000000000005;0.5359999999999999;1.576;0.364;1.42;4.5;10.9
11286;zone38;4514.690807242894;4541.15458266895;0.0;zone38;S01010293;16;839;723;373;[0.51773,0.35461,0.12766];[0.635389,0.262735,0.101877];[0.446809,0.319149,0.234043];[0.514286,0.392857,0.092857];[0.242424242424,0.0606060606061,0.393939393939,0.30303030303];3;290.0;-0.205814991507;1142;112;0.2625;0.875;51.080000000000005;48.9375;70.955;10.375;22.625;17.4375;4.42;0.0;5.5825000000000005;0.625;2.2475;0.49750000000000005;2.397500000000001;3.3125;12.4375
11286;zone39;4541.7482834333705;4418.565122351524;0.0;zone39;S01010294;13;690;631;275;[0.242105,0.526316,0.231579];[0.650873,0.214464,0.134663];[0.583333,0.208333,0.208333];[0.414894,0.489362,0.095745];[0.164835164835,0.043956043956,0.494505494505,0.296703296703];4;440.0;-0.0342259463805;879;85;0.24615384615384617;1.3076923076923077;45.23076923076923;57.23076923076923;70.04615384615384;9.923076923076923;22.076923076923077;15.384615384615385;4.123076923076924;0.0;5.147692307692308;0.5476923076923076;3.756923076923077;0.2953846153846154;1.5723076923076924;5.384615384615385;13.076923076923077
11286;zone40;4766.8646917667475;4574.50133624035;0.0;zone40;S01010295;18;974;870;427;[0.384615,0.391026,0.224359];[0.604555,0.310559,0.084886];[0.428571,0.285714,0.285714];[0.390728,0.516556,0.092715];[0.212765957447,0.113475177305,0.297872340426,0.375886524823];4;529.0;0.0680145754747;1332;110;0.2288888888888889;1.5555555555555556;49.75999999999999;49.388888888888886;70.34444444444445;9.722222222222221;22.166666666666668;16.72222222222222;3.9355555555555557;0.0;4.377777777777776;0.9222222222222223;2.9200000000000004;0.25777777777777783;1.822222222222222;5.777777777777778;11.61111111111111
11286;zone41;4647.752341766679;4736.091736240359;0.0;zone41;S01010296;16;664;560;291;[0.294118,0.423529,0.282353];[0.520913,0.368821,0.110266];[0.375,0.375,0.25];[0.475524,0.391608,0.132867];[0.282828282828,0.111111111111,0.363636363636,0.242424242424];2;856.0;0.444094443477;1136;63;0.1525;1.25;40.392500000000005;34.6875;65.335;10.875;22.75;13.75;2.3375;0.0;3.7550000000000003;0.5275000000000001;1.8800000000000006;0.5399999999999999;2.2975;5.0625;7.875
11286;zone42;5522.849421766708;4411.996091240393;0.0;zone42;S01010297;7;1066;894;676;[0.582609,0.382609,0.034783];[0.691824,0.245283,0.062893];[0.540541,0.333333,0.126126];[0.681275,0.270916,0.047809];[0.260563380282,0.140845070423,0.37323943662,0.225352112676];1;504.0;0.0391758595379;1341;35;0.18857142857142858;1.0;43.84571428571429;27.571428571428573;58.81714285714286;9.571428571428571;20.714285714285715;14.714285714285714;2.4285714285714284;0.0;0.6628571428571428;0.25142857142857145;2.4;0.22285714285714286;2.085714285714286;3.7142857142857144;5.142857142857143
11286;zone43;4706.481893689814;4143.807995855712;0.0;zone43;S01010298;12;880;677;515;[0.308943,0.479675,0.211382];[0.581395,0.356589,0.062016];[0.539683,0.396825,0.063492];[0.744828,0.193103,0.062069];[0.227272727273,0.0984848484848,0.371212121212,0.30303030303];1;486.0;0.0190902878356;1245;26;0.08666666666666667;2.25;44.89666666666667;26.25;71.77;11.833333333333334;23.333333333333332;15.25;2.94;0.0;3.596666666666667;0.7566666666666667;0.5133333333333333;0.25666666666666665;1.75;9.916666666666666;7.25
11286;zone44;4885.424673909578;4209.645754097502;0.0;zone44;S01010299;4;536;404;292;[0.3,0.54,0.16];[0.556701,0.340206,0.103093];[0.458333,0.520833,0.020833];[0.584906,0.283019,0.132075];[0.428571428571,0.0857142857143,0.285714285714,0.2];1;375.0;-0.10827530326;722;15;0.15;1.5;33.44;27.25;71.64;14.0;25.75;11.5;1.56;0.0;1.8399999999999999;0.94;2.36;0.18;2.3499999999999996;9.25;6.25
11286;zone45;4883.397012115578;4340.414778682246;0.0;zone45;S01010300;21;934;764;478;[0.460784,0.411765,0.127451];[0.664653,0.238671,0.096677];[0.632353,0.323529,0.044118];[0.606383,0.329787,0.06383];[0.3046875,0.125,0.3515625,0.21875];2;513.0;0.0498225801839;604;83;0.1523809523809524;1.9047619047619047;37.647619047619045;33.666666666666664;71.22476190476192;12.333333333333334;24.238095238095237;12.952380952380953;2.478095238095238;0.0;1.9219047619047618;0.3771428571428571;4.327619047619049;0.3923809523809524;1.8742857142857146;8.571428571428571;8.714285714285714
11286;zone46;5144.66081966521;4032.769083704074;0.0;zone46;S01010301;6;522;457;283;[0.292683,0.597561,0.109756];[0.57563,0.315126,0.109244];[0.222222,0.703704,0.074074];[0.561798,0.393258,0.044944];[0.214285714286,0.0612244897959,0.459183673469,0.265306122449];4;490.0;0.0232745011966;1674;35;0.23333333333333334;2.6666666666666665;45.82;33.833333333333336;76.92666666666666;11.5;23.833333333333332;15.833333333333334;4.753333333333333;0.0;2.6333333333333333;0.5133333333333333;2.46;0.6599999999999999;1.3533333333333335;12.0;10.0
11286;zone47;5165.568789180556;4297.038752619699;0.0;zone47;S01010302;24;669;495;388;[0.65625,0.28125,0.0625];[0.6,0.356522,0.043478];[0.716981,0.226415,0.056604];[0.801802,0.18018,0.018018];[0.582417582418,0.0769230769231,0.263736263736,0.0769230769231];1;392.0;-0.0896499889057;1525;121;0.19833333333333333;1.1666666666666667;58.79666666666666;37.666666666666664;71.61499999999998;10.166666666666666;22.625;20.375;3.888333333333333;0.0;1.1083333333333332;0.38000000000000006;3.8766666666666665;0.2616666666666667;2.56;4.541666666666667;8.791666666666666
11286;zone48;5241.140616766716;4139.402270499609;0.0;zone48;S01010303;33;579;387;250;[0.692308,0.153846,0.153846];[0.56701,0.298969,0.134021];[0.630435,0.282609,0.086957];[0.658879,0.285047,0.056075];[0.58407079646,0.106194690265,0.274336283186,0.0353982300885];1;415.0;-0.0627120940391;1506;173;0.20484848484848484;1.1818181818181819;47.3818181818182;38.09090909090909;67.31393939393938;10.545454545454545;22.181818181818183;16.060606060606062;5.343030303030303;0.0;1.584242424242424;0.47393939393939394;2.2618181818181813;0.38909090909090904;2.2012121212121216;4.484848484848484;9.090909090909092
11286;zone49;4853.647576226233;3833.123065294377;0.0;zone49;S01010304;12;542;456;332;[0.323529,0.514706,0.161765];[0.635135,0.25,0.114865];[0.477273,0.522727,0.0];[0.829268,0.109756,0.060976];[0.372340425532,0.0425531914894,0.297872340426,0.287234042553];1;804.0;0.384523850516;1473;58;0.18666666666666668;1.75;61.58000000000001;36.916666666666664;74.68666666666665;10.416666666666666;23.083333333333332;20.583333333333332;5.016666666666667;0.0;2.5666666666666664;0.6033333333333334;1.8566666666666665;0.2566666666666667;1.8566666666666665;6.833333333333333;9.666666666666666
11286;zone50;4697.410406890209;3639.1027396354093;0.0;zone50;S01010305;7;807;694;478;[0.36036,0.468468,0.171171];[0.553191,0.33617,0.110638];[0.409639,0.301205,0.289157];[0.589888,0.337079,0.073034];[0.198529411765,0.0735294117647,0.382352941176,0.345588235294];1;223.0;-0.28282788147;727;28;0.16;1.2857142857142858;49.90857142857143;36.142857142857146;66.77142857142857;9.428571428571429;22.0;16.857142857142858;5.257142857142858;0.0;1.5942857142857143;1.0628571428571427;0.6342857142857142;0.44571428571428573;2.005714285714286;5.571428571428571;8.142857142857142
11286;zone51;4591.3082521834585;3868.367573740388;0.0;zone51;S01010306;13;752;675;449;[0.35625,0.56875,0.075];[0.570588,0.355882,0.073529];[0.283019,0.566038,0.150943];[0.650943,0.330189,0.018868];[0.165680473373,0.0473372781065,0.479289940828,0.307692307692];2;238.0;-0.265781391166;910;53;0.16;1.9230769230769231;46.378461538461536;42.07692307692308;75.85230769230769;12.23076923076923;24.46153846153846;15.615384615384615;4.7784615384615385;0.0;2.8830769230769233;2.9261538461538468;0.9507692307692308;0.31384615384615383;2.0984615384615384;7.769230769230769;10.923076923076923
11286;zone52;4503.72067559025;3742.2957906521283;0.0;zone52;S01010307;9;821;732;428;[0.189922,0.577519,0.232558];[0.407407,0.487654,0.104938];[0.346154,0.538462,0.115385];[0.71875,0.234375,0.046875];[0.0681818181818,0.0568181818182,0.375,0.5];5;319.0;-0.172537833795;455;80;0.3511111111111111;2.0;45.853333333333325;62.111111111111114;84.05777777777777;12.333333333333334;24.77777777777778;15.666666666666666;6.591111111111111;0.0;4.017777777777778;5.426666666666667;1.5155555555555555;0.3155555555555556;1.8933333333333333;9.777777777777779;17.11111111111111
11286;zone53;4364.519870735056;4047.768725526131;0.0;zone53;S01010308;9;975;858;480;[0.285714,0.54007,0.174216];[0.511936,0.384615,0.103448];[0.254902,0.411765,0.333333];[0.648352,0.307692,0.043956];[0.0970873786408,0.0631067961165,0.359223300971,0.480582524272];4;257.0;-0.244477582955;1125;50;0.21333333333333335;1.7777777777777777;44.59555555555555;46.44444444444444;67.9688888888889;9.333333333333334;22.22222222222222;15.0;3.3600000000000003;0.0;4.28;1.9733333333333332;1.8177777777777782;0.12000000000000001;2.231111111111111;5.777777777777778;11.0
11286;zone54;5381.88771051669;3636.3205112402793;0.0;zone54;S01010309;4;419;356;264;[0.333333,0.25,0.416667];[0.478873,0.422535,0.098592];[0.352941,0.382353,0.264706];[0.705882,0.24183,0.052288];[0.365853658537,0.170731707317,0.390243902439,0.0731707317073];1;0.0;-0.540229885057;2153;12;0.12;3.0;64.35;25.0;72.65;9.5;21.75;22.75;2.34;0.0;1.83;0.23;1.4900000000000002;0.19;0.36;10.25;5.25
11286;zone55;5657.373406240428;3625.6586165034923;0.0;zone55;S01010310;13;706;540;381;[0.333333,0.238095,0.428571];[0.565517,0.337931,0.096552];[0.54902,0.27451,0.176471];[0.715415,0.256917,0.027668];[0.484848484848,0.151515151515,0.318181818182,0.0454545454545];1;574.0;0.120406534162;845;33;0.08923076923076922;1.6153846153846154;46.03076923076923;25.076923076923077;63.71999999999999;10.153846153846153;22.076923076923077;15.615384615384615;2.0123076923076924;0.0;0.9076923076923078;0.24923076923076926;2.316923076923077;0.2615384615384616;2.203076923076923;6.230769230769231;5.153846153846154
11286;zone56;5685.425126382168;3318.6970593171873;0.0;zone56;S01010311;22;721;556;351;[0.411765,0.352941,0.235294];[0.472222,0.453704,0.074074];[0.571429,0.404762,0.02381];[0.717949,0.271062,0.010989];[0.565217391304,0.121739130435,0.269565217391,0.0434782608696];1;1534.0;1.22364271569;1642;82;0.14545454545454545;1.1818181818181819;60.350909090909084;31.772727272727273;70.45454545454547;10.227272727272727;22.318181818181817;20.636363636363637;2.0272727272727273;0.0;2.830909090909091;0.06181818181818182;3.016363636363636;0.3727272727272727;2.6527272727272724;4.590909090909091;7.409090909090909
11286;zone57;5466.52613028024;3072.1402274564575;0.0;zone57;S01010312;34;868;647;425;[0.117647,0.823529,0.058824];[0.754386,0.22807,0.017544];[0.407407,0.444444,0.148148];[0.804945,0.153846,0.041209];[0.586956521739,0.115942028986,0.268115942029,0.0289855072464];1;685.0;0.247477927043;1651;120;0.13411764705882354;1.0294117647058822;56.42588235294118;31.323529411764707;67.52117647058824;10.264705882352942;22.323529411764707;19.352941176470587;2.158823529411764;0.0;2.310588235294118;0.03647058823529412;2.891764705882353;0.3023529411764705;2.7258823529411766;3.5294117647058822;6.9411764705882355
11286;zone58;5251.7403530303945;3502.549209042501;0.0;zone58;S01010313;16;654;529;356;[0.428571,0.285714,0.285714];[0.6,0.333333,0.066667];[0.433735,0.481928,0.084337];[0.739623,0.162264,0.098113];[0.648351648352,0.131868131868,0.175824175824,0.043956043956];1;565.0;0.109617915218;2142;53;0.13;1.1875;58.892500000000005;33.125;74.29000000000002;11.5625;24.1875;19.9375;2.1475;0.0;3.257499999999999;0.30000000000000004;3.6075;0.355;2.565;4.8125;8.8125
11286;zone59;4840.312157862589;3385.4448126102257;0.0;zone59;S01010314;21;1248;1034;550;[0.358209,0.507463,0.134328];[0.514493,0.333333,0.152174];[0.5,0.326923,0.173077];[0.636,0.324,0.04];[0.316901408451,0.133802816901,0.401408450704,0.147887323944];1;637.0;0.192402372167;1095;99;0.18285714285714286;1.0;44.48380952380952;37.57142857142857;69.6704761904762;11.80952380952381;24.095238095238095;14.761904761904763;4.561904761904762;0.0;4.072380952380952;1.1619047619047618;1.1295238095238094;0.539047619047619;1.96952380952381;4.0476190476190474;10.476190476190476
11286;zone60;4536.293429266749;2504.1273706154316;0.0;zone60;S01010315;43;911;678;409;[0.180723,0.554217,0.26506];[0.252632,0.457895,0.289474];[0.208333,0.5,0.291667];[0.55144,0.345679,0.102881];[0.308176100629,0.169811320755,0.358490566038,0.163522012579];2;382.0;-0.100954860853;1612;197;0.1758139534883721;1.3953488372093024;47.01674418604651;37.627906976744185;67.72744186046515;9.930232558139535;22.558139534883722;16.11627906976744;3.0241860465116286;0.0;3.342325581395348;0.02790697674418605;3.2074418604651167;0.29953488372093023;2.1060465116279063;5.488372093023256;9.046511627906977
11286;zone61;4589.6619547948285;2943.195659127726;0.0;zone61;S01010316;25;512;414;304;[0.392157,0.529412,0.078431];[0.62931,0.37069,0.0];[0.439024,0.560976,0.0];[0.775401,0.224599,0.0];[0.439252336449,0.102803738318,0.252336448598,0.205607476636];1;481.0;0.0128180141103;1417;123;0.1936;1.08;51.59199999999999;35.36;71.12319999999998;11.28;23.28;17.56;3.1984;0.0;3.3920000000000003;0.1328;3.0928000000000004;0.4176;2.7744000000000004;4.04;9.28
11286;zone63;4421.5566371748755;3071.026327566895;0.0;zone63;S01010318;12;1588;1497;304;[0.5,0.456522,0.043478];[0.469799,0.47651,0.053691];[0.310345,0.37931,0.310345];[0.678571,0.285714,0.035714];[0.36,0.14,0.34,0.16];3;317.0;-0.175110645645;1045;86;0.2833333333333333;1.3333333333333333;56.11666666666667;53.166666666666664;78.43333333333335;10.333333333333334;23.333333333333332;19.333333333333332;6.656666666666665;0.0;8.246666666666668;0.5200000000000001;0.8133333333333334;0.29;1.6000000000000003;5.5;15.583333333333334
11286;zone64;4173.240913470097;2893.8040771744095;0.0;zone64;S01010319;9;711;624;407;[0.258741,0.608392,0.132867];[0.383399,0.486166,0.130435];[0.439394,0.212121,0.348485];[0.530769,0.384615,0.084615];[0.171974522293,0.0700636942675,0.471337579618,0.286624203822];2;473.0;0.00423719084943;1405;31;0.13333333333333333;1.7777777777777777;40.91555555555556;31.666666666666668;65.10222222222222;10.222222222222221;22.22222222222222;13.666666666666666;3.1244444444444444;0.0;2.3866666666666667;0.14666666666666667;2.2;0.32;1.5288888888888887;7.222222222222222;7.444444444444445
11286;zone65;3940.1918462749595;2900.8899784533987;0.0;zone65;S01010320;4;675;594;437;[0.257813,0.523438,0.21875];[0.61753,0.298805,0.083665];[0.526316,0.22807,0.245614];[0.805085,0.169492,0.025424];[0.172185430464,0.0662251655629,0.443708609272,0.317880794702];1;646.0;0.202453315259;1263;4;0.03;2.0;47.65;17.75;73.15;12.5;24.5;16.25;3.58;0.0;1.18;0.34;0.7000000000000001;0.31000000000000005;2.42;9.75;5.0
11286;zone66;3905.8658739096163;2664.6669636212755;0.0;zone66;S01010321;7;837;634;432;[0.401709,0.555556,0.042735];[0.54717,0.433962,0.018868];[0.45122,0.439024,0.109756];[0.666667,0.271186,0.062147];[0.212328767123,0.0958904109589,0.390410958904,0.301369863014];1;1019.0;0.631764531736;1937;19;0.10285714285714286;1.7142857142857142;51.09142857142857;29.428571428571427;73.41142857142856;11.857142857142858;24.0;17.428571428571427;3.5828571428571427;0.0;2.1085714285714285;0.14285714285714285;3.182857142857143;0.2514285714285714;2.6457142857142855;6.714285714285714;8.428571428571429
11286;zone67;3630.3978644730896;3132.1651121578075;0.0;zone67;S01010322;9;1028;914;549;[0.174419,0.549419,0.276163];[0.412399,0.471698,0.115903];[0.298507,0.38806,0.313433];[0.647059,0.323529,0.029412];[0.057268722467,0.0352422907489,0.449339207048,0.458149779736];5;124.0;-0.397569575369;1511;54;0.22666666666666666;2.0;46.71555555555556;46.22222222222222;74.67999999999999;10.555555555555555;23.11111111111111;16.11111111111111;5.297777777777778;0.0;5.502222222222223;1.0444444444444445;1.2444444444444445;0.23111111111111113;1.551111111111111;8.222222222222221;12.444444444444445
11286;zone68;6208.193116766784;3072.425066795916;0.0;zone68;S01010323;4;603;466;377;[0.555556,0.444444,0.0];[0.657143,0.271429,0.071429];[0.642857,0.321429,0.035714];[0.793651,0.166667,0.039683];[0.578431372549,0.166666666667,0.235294117647,0.0196078431373];1;970.0;0.57559463238;1077;14;0.14;0.75;49.14;27.0;72.61;12.5;24.0;17.0;7.3;0.0;1.54;0.0;0.79;0.24;2.88;4.5;9.25
11286;zone69;6517.651722029823;2240.572579661372;0.0;zone69;S01010324;6;759;566;403;[0.142857,0.571429,0.285714];[0.298077,0.490385,0.211538];[0.333333,0.530864,0.135802];[0.401674,0.414226,0.1841];[0.569620253165,0.101265822785,0.291139240506,0.0379746835443];1;407.0;-0.0721601679586;767;28;0.16666666666666666;0.6666666666666666;28.62;36.666666666666664;63.440000000000005;12.666666666666666;23.5;9.5;3.7266666666666666;0.0;1.4799999999999998;0.0;4.326666666666667;0.24;2.62;3.5;9.333333333333334
11286;zone70;6038.016041009105;2402.8415869980217;0.0;zone70;S01010325;18;939;666;501;[0.263158,0.368421,0.368421];[0.383838,0.525253,0.090909];[0.253623,0.615942,0.130435];[0.451362,0.463035,0.085603];[0.545454545455,0.238636363636,0.193181818182,0.0227272727273];1;225.0;-0.281126582053;1556;57;0.11777777777777777;1.1111111111111112;39.48222222222222;28.5;66.72888888888889;12.222222222222221;23.833333333333332;13.444444444444445;2.106666666666667;0.0;1.3777777777777778;0.0;3.897777777777778;0.2911111111111111;3.06;4.888888888888889;6.833333333333333
11286;zone71;5272.359331052501;2740.775131541117;0.0;zone71;S01010326;39;987;707;494;[0.526316,0.368421,0.105263];[0.522523,0.333333,0.144144];[0.492188,0.3125,0.195313];[0.723514,0.224806,0.05168];[0.54375,0.16875,0.23125,0.05625];1;1389.0;1.05701743376;1008;132;0.12923076923076923;1.2307692307692308;48.43076923076923;30.17948717948718;69.49538461538461;10.974358974358974;23.05128205128205;16.384615384615383;2.028717948717949;0.0;4.970256410256408;0.01333333333333333;2.074871794871795;0.3466666666666667;2.7087179487179482;5.051282051282051;8.58974358974359
11286;zone72;4970.167032608406;2501.795090448298;0.0;zone72;S01010327;34;982;660;362;[0.031746,0.507937,0.460317];[0.372881,0.432203,0.194915];[0.289063,0.328125,0.382813];[0.516892,0.347973,0.135135];[0.416184971098,0.21387283237,0.236994219653,0.132947976879];1;470.0;0.000335688704598;927;146;0.17176470588235293;1.2941176470588236;40.73411764705882;35.029411764705884;64.58941176470589;9.823529411764707;22.11764705882353;13.764705882352942;2.2529411764705887;0.0;6.472941176470589;0.01647058823529412;1.155294117647059;0.271764705882353;2.0552941176470587;5.0588235294117645;9.352941176470589
11286;zone73;5975.307390960257;2677.5485166167286;0.0;zone73;S01010328;24;969;706;445;[0.16129,0.5,0.33871];[0.27044,0.471698,0.257862];[0.192547,0.434783,0.372671];[0.338983,0.432203,0.228814];[0.309352517986,0.258992805755,0.280575539568,0.151079136691];2;457.0;-0.0138550124678;1954;91;0.15;1.5416666666666667;43.37833333333333;34.5;65.45833333333336;10.333333333333334;22.208333333333332;14.666666666666666;3.1;0.0;1.3916666666666666;0.01;3.4616666666666664;0.34666666666666673;1.9366666666666668;6.125;7.5
