cycle;name;location.x;location.y;location.z;name;dataZone;nm_children;pop;over16;nm_hh;AB_car_prob;C1_car_prob;C2_car_prob;DE_car_prob;prob_social;simd;crimeRate;norm_crime;avg_dis_sh;neigh_play;daily_play_per_child;avg_FSA;avg_walk;daily_OD;zone_mvpa;mvpa_home;mvpa_sc;mvpa_road;mvpa_play_field;mvpa_home_garden;mvpa_park;mvpa_PG;mvpa_amenity;mvpa_shops;mvpa_F_home;mvpa_fsa;mvpa_OD
11286;zone0;8448.90275962388;2625.4515469546564;0.0;zone0;S01010195;19;531;390;212;[0.0,0.481481,0.518519];[0.261538,0.646154,0.092308];[0.12,0.59,0.29];[0.447368,0.368421,0.184211];[0.418918918919,0.283783783784,0.202702702703,0.0945945945946];1;0.0;-0.540229885057;1269;86;0.1705263157894737;1.0;37.95368421052632;34.473684210526315;59.87789473684211;9.526315789473685;21.57894736842105;12.789473684210526;1.5726315789473682;0.0;4.646315789473684;0.00842105263157895;2.3010526315789472;0.28842105263157897;2.0189473684210526;3.3157894736842106;8.157894736842104
11286;zone1;8656.736904000718;2165.9902346445633;0.0;zone1;S01010198;18;1027;748;394;[0.058824,0.529412,0.411765];[0.305785,0.561983,0.132231];[0.219858,0.496454,0.283688];[0.523179,0.331126,0.145695];[0.48623853211,0.229357798165,0.266055045872,0.0183486238532];1;1609.0;1.3102524676;2039;70;0.14666666666666667;1.0555555555555556;35.651111111111106;28.444444444444443;63.22222222222222;11.277777777777779;23.333333333333332;12.166666666666666;1.6155555555555559;0.0;2.855555555555555;0.08666666666666667;2.6444444444444444;0.47111111111111104;2.8244444444444436;4.333333333333333;6.777777777777778
11286;zone2;8537.588755655543;3024.028900129281;0.0;zone2;S01010201;22;643;453;253;[0.0,0.47619,0.52381];[0.270833,0.3125,0.416667];[0.088,0.48,0.432];[0.296552,0.434483,0.268966];[0.365853658537,0.292682926829,0.292682926829,0.0487804878049];2;219.0;-0.28762447053;1499;156;0.26545454545454544;1.0909090909090908;41.85272727272727;39.18181818181818;68.84363636363636;11.545454545454545;23.227272727272727;13.909090909090908;1.4345454545454546;0.0;6.881818181818182;0.2;2.850909090909091;0.3563636363636364;2.0654545454545454;4.636363636363637;10.863636363636363
11286;zone3;8059.42097232239;3767.666522351409;0.0;zone3;S01010203;30;671;504;260;[0.090909,0.363636,0.545455];[0.263804,0.460123,0.276074];[0.094828,0.422414,0.482759];[0.183824,0.375,0.441176];[0.272727272727,0.218181818182,0.363636363636,0.145454545455];3;215.0;-0.292668818285;1989;221;0.276;1.3;46.74266666666667;39.733333333333334;67.73733333333334;9.5;22.533333333333335;15.833333333333334;3.3653333333333335;0.0;4.926666666666666;0.0;2.444;0.2986666666666667;2.1039999999999996;4.9;10.333333333333334
11286;zone4;8368.288440296214;3565.498290652094;0.0;zone4;S01010204;30;800;589;381;[0.272727,0.727273,0.0];[0.627451,0.27451,0.098039];[0.444444,0.533333,0.022222];[0.600619,0.321981,0.077399];[0.595041322314,0.157024793388,0.239669421488,0.00826446280992];1;497.0;0.0317745673598;1204;170;0.21733333333333332;1.2666666666666666;48.234666666666676;38.0;69.09200000000001;10.766666666666667;22.666666666666668;16.333333333333332;1.7946666666666669;0.0;4.178666666666667;0.05466666666666667;3.785333333333334;0.32800000000000007;2.1066666666666665;5.433333333333334;9.266666666666667
11286;zone5;8034.229745798958;3515.110462853287;0.0;zone5;S01010205;15;658;534;355;[0.411765,0.117647,0.470588];[0.465116,0.457364,0.077519];[0.317757,0.588785,0.093458];[0.593458,0.280374,0.126168];[0.466666666667,0.2,0.3,0.0333333333333];1;925.0;0.523434132086;1217;80;0.208;1.4;58.592000000000006;37.13333333333333;72.768;10.4;23.0;20.133333333333333;2.8826666666666663;0.0;3.3493333333333335;0.056;3.3813333333333335;0.3306666666666667;2.541333333333333;5.2;9.333333333333334
11286;zone6;7457.064719570519;3739.055375726369;0.0;zone6;S01010208;18;903;745;565;[0.30137,0.589041,0.109589];[0.48062,0.457364,0.062016];[0.272727,0.613636,0.113636];[0.66055,0.270642,0.068807];[0.233333333333,0.133333333333,0.461111111111,0.172222222222];1;603.0;0.153385979085;1464;79;0.1711111111111111;1.2777777777777777;55.32888888888888;36.388888888888886;71.5311111111111;10.777777777777779;22.944444444444443;18.944444444444443;3.2555555555555555;0.0;2.5333333333333337;0.0;3.6711111111111103;0.4200000000000001;2.3311111111111114;5.055555555555555;9.0
11286;zone7;7917.838214725937;1939.334458859395;0.0;zone7;S01010209;24;966;677;468;[0.172414,0.586207,0.241379];[0.333333,0.414966,0.251701];[0.381944,0.458333,0.159722];[0.545852,0.336245,0.117904];[0.337931034483,0.248275862069,0.303448275862,0.110344827586];1;2053.0;1.82052250092;1658;115;0.18166666666666667;1.0833333333333333;48.949999999999996;33.5;72.96333333333335;11.708333333333334;23.916666666666668;16.666666666666668;1.5949999999999998;0.0;6.215;0.0;2.638333333333333;0.395;2.9350000000000005;5.083333333333333;9.958333333333334
11286;zone8;7878.406567747077;2721.2634132011362;0.0;zone8;S01010210;18;885;641;416;[0.173913,0.456522,0.369565];[0.21519,0.5,0.28481];[0.189781,0.386861,0.423358];[0.422111,0.442211,0.135678];[0.394736842105,0.236842105263,0.254385964912,0.114035087719];1;344.0;-0.144253829852;1289;110;0.22666666666666666;1.7222222222222223;48.11555555555557;34.0;72.07777777777777;10.944444444444445;23.166666666666668;16.5;2.308888888888889;0.0;5.748888888888889;0.0;2.2;0.33111111111111113;2.1666666666666665;6.888888888888889;9.666666666666666
11286;zone9;7785.599648345685;3201.783800714137;0.0;zone9;S01010211;22;858;634;452;[0.147059,0.705882,0.147059];[0.384615,0.452991,0.162393];[0.469565,0.4,0.130435];[0.722656,0.226563,0.050781];[0.473214285714,0.169642857143,0.285714285714,0.0714285714286];1;430.0;-0.0456985893816;914;135;0.23454545454545456;0.9545454545454546;43.92909090909092;42.5;68.57818181818182;10.409090909090908;22.90909090909091;14.681818181818182;4.323636363636364;0.0;5.680000000000001;0.02727272727272727;2.7236363636363636;0.5236363636363637;2.44;3.227272727272727;12.181818181818182
11286;zone10;7580.688680869333;3097.127786881416;0.0;zone10;S01010212;49;1083;779;559;[0.233333,0.633333,0.133333];[0.594771,0.339869,0.065359];[0.465517,0.405172,0.12931];[0.712821,0.269231,0.017949];[0.566037735849,0.138364779874,0.22641509434,0.0691823899371];1;1473.0;1.15298517036;1243;303;0.23918367346938776;1.1428571428571428;52.528979591836716;40.755102040816325;69.61632653061226;9.979591836734693;22.510204081632654;17.877551020408163;2.6514285714285712;0.0;4.648979591836736;0.0;3.3183673469387753;0.3844897959183673;2.3248979591836743;4.3061224489795915;10.142857142857142
11286;zone11;8065.177293237223;3111.5884965344962;0.0;zone11;S01010213;13;924;657;476;[0.105263,0.684211,0.210526];[0.382609,0.547826,0.069565];[0.218543,0.556291,0.225166];[0.467925,0.483019,0.049057];[0.451327433628,0.221238938053,0.274336283186,0.0530973451327];1;247.0;-0.255840453357;1144;80;0.21846153846153846;2.0;37.36923076923077;34.53846153846154;67.08923076923077;10.538461538461538;22.53846153846154;12.692307692307692;1.443076923076923;0.0;5.436923076923078;0.04615384615384615;2.2123076923076925;0.3046153846153846;1.7292307692307693;8.692307692307692;8.615384615384615
11286;zone12;7144.994858230166;1947.4125453867302;0.0;zone12;S01010214;27;967;717;396;[0.098592,0.28169,0.619718];[0.197531,0.438272,0.364198];[0.173333,0.493333,0.333333];[0.237069,0.487069,0.275862];[0.361344537815,0.210084033613,0.310924369748,0.117647058824];3;176.0;-0.337854473183;1873;142;0.20148148148148148;1.0740740740740742;51.16444444444445;41.629629629629626;68.63703703703703;9.851851851851851;22.25925925925926;17.25925925925926;2.712592592592593;0.0;4.6503703703703705;0.0;3.343703703703704;0.3066666666666667;2.29037037037037;4.185185185185185;10.222222222222221
11286;zone13;7013.590150664996;2618.495528189446;0.0;zone13;S01010215;24;850;608;492;[0.571429,0.285714,0.142857];[0.5,0.431373,0.068627];[0.382609,0.391304,0.226087];[0.678571,0.269841,0.051587];[0.467289719626,0.140186915888,0.345794392523,0.0467289719626];1;547.0;0.0886083430805;624;172;0.28;1.4583333333333333;38.42666666666667;41.833333333333336;63.38166666666668;9.416666666666666;22.041666666666668;13.125;2.168333333333333;0.0;2.8750000000000004;0.0;4.238333333333333;0.31;2.2083333333333335;5.333333333333333;8.833333333333334
11286;zone14;7332.222205807836;2329.961970144465;0.0;zone14;S01010216;15;621;464;361;[0.6,0.4,0.0];[0.597701,0.356322,0.045977];[0.409091,0.439394,0.151515];[0.709544,0.273859,0.016598];[0.5,0.163265306122,0.265306122449,0.0714285714286];1;600.0;0.150092344085;1317;75;0.2;1.5333333333333334;51.474666666666664;34.8;68.97866666666667;10.4;22.733333333333334;17.533333333333335;1.8133333333333335;0.0;4.696;0.0;2.6559999999999997;0.4266666666666667;1.9626666666666666;5.2;8.733333333333333
11286;zone15;7299.833172322251;2625.8610945736937;0.0;zone15;S01010217;33;817;598;406;[0.16129,0.516129,0.322581];[0.565517,0.4,0.034483];[0.5,0.431373,0.068627];[0.702703,0.283784,0.013514];[0.541935483871,0.0967741935484,0.296774193548,0.0645161290323];1;1060.0;0.679274950851;1017;256;0.30424242424242426;1.0;47.595151515151514;47.515151515151516;72.17939393939395;11.151515151515152;23.363636363636363;16.242424242424242;3.134545454545455;0.0;4.338181818181819;0.0;4.9745454545454555;0.33575757575757575;2.392727272727273;4.575757575757576;11.93939393939394
11286;zone16;7142.953643082513;3018.5401822929393;0.0;zone16;S01010218;31;1018;790;587;[0.425532,0.404255,0.170213];[0.392523,0.453271,0.154206];[0.358209,0.492537,0.149254];[0.589124,0.335347,0.075529];[0.424657534247,0.109589041096,0.369863013699,0.0958904109589];1;557.0;0.101026678737;562;162;0.20129032258064516;1.2580645161290323;32.527741935483874;37.61290322580645;63.1483870967742;11.096774193548388;22.70967741935484;10.806451612903226;2.7845161290322586;0.0;2.3225806451612905;0.0;4.04;0.37935483870967746;2.3974193548387093;4.806451612903226;8.64516129032258
11286;zone17;6738.8937706128745;4298.8917997019325;0.0;zone17;S01010219;21;503;382;274;[0.695652,0.304348,0.0];[0.758621,0.215517,0.025862];[0.761905,0.166667,0.071429];[0.781609,0.195402,0.022989];[0.41935483871,0.0752688172043,0.408602150538,0.0967741935484];2;184.0;-0.327838932938;1586;169;0.31047619047619046;1.619047619047619;70.83238095238096;50.80952380952381;77.09333333333332;8.428571428571429;21.952380952380953;24.238095238095237;3.708571428571428;0.0;6.836190476190475;0.01714285714285714;2.580952380952381;0.21333333333333335;1.740952380952381;5.476190476190476;12.571428571428571
11286;zone18;5915.780765415368;4211.222876105162;0.0;zone18;S01010220;7;476;433;279;[0.181159,0.608696,0.210145];[0.404255,0.531915,0.06383];[0.227273,0.704545,0.068182];[0.448276,0.482759,0.068966];[0.154545454545,0.0636363636364,0.318181818182,0.463636363636];5;267.0;-0.232306706325;1588;87;0.4857142857142857;1.1428571428571428;58.04;58.142857142857146;75.10285714285715;9.0;22.571428571428573;20.285714285714285;5.102857142857142;0.0;7.377142857142857;0.6971428571428572;2.3771428571428572;0.31428571428571433;2.0399999999999996;3.7142857142857144;15.142857142857142
11286;zone19;6341.0811208317455;3913.8398648988496;0.0;zone19;S01010221;13;546;394;260;[0.6,0.4,0.0];[0.557377,0.409836,0.032787];[0.538462,0.323077,0.138462];[0.699387,0.257669,0.042945];[0.609375,0.140625,0.203125,0.046875];1;635.0;0.19005459739;444;75;0.2246153846153846;1.7692307692307692;43.190769230769234;25.384615384615383;62.09846153846154;9.23076923076923;21.53846153846154;14.76923076923077;3.999999999999999;0.0;2.6553846153846155;0.08307692307692308;0.4461538461538461;0.4276923076923077;2.0461538461538464;5.461538461538462;6.6923076923076925
11286;zone20;7001.213463613622;4053.9957950241624;0.0;zone20;S01010222;15;492;414;285;[0.142857,0.5,0.357143];[0.432432,0.459459,0.108108];[0.348624,0.522936,0.12844];[0.747899,0.235294,0.016807];[0.345238095238,0.214285714286,0.309523809524,0.130952380952];1;377.0;-0.105830277325;1696;78;0.19733333333333333;1.2666666666666666;52.00533333333333;35.06666666666667;74.07733333333333;11.466666666666667;24.066666666666666;17.6;3.408000000000001;0.0;4.698666666666667;0.05066666666666667;2.837333333333333;0.32533333333333336;2.496;5.6;10.6
11286;zone21;6986.8418912765155;3434.1450308482026;0.0;zone21;S01010223;4;556;462;337;[0.076923,0.538462,0.384615];[0.567797,0.330508,0.101695];[0.472222,0.444444,0.083333];[0.584699,0.36612,0.04918];[0.432432432432,0.162162162162,0.324324324324,0.0810810810811];1;439.0;-0.0353356041414;1586;13;0.13;2.0;48.72;27.25;67.48;10.5;22.0;16.5;2.33;0.0;2.31;0.0;2.68;0.22000000000000003;1.52;7.5;6.75
11286;zone22;6247.397837456437;3329.661273309237;0.0;zone22;S01010224;40;1036;727;469;[0.405405,0.540541,0.054054];[0.592593,0.274074,0.133333];[0.418803,0.504274,0.076923];[0.768421,0.202632,0.028947];[0.506097560976,0.140243902439,0.268292682927,0.0853658536585];1;1004.0;0.614259332793;1020;200;0.191;1.55;49.725;28.8;67.92699999999999;10.45;22.35;16.9;4.08;0.0;2.714;0.035;1.5390000000000001;0.33199999999999996;2.0350000000000006;5.625;7.85
11286;zone23;7827.985844039554;4105.4701191949;0.0;zone23;S01010225;33;812;636;431;[0.25,0.634615,0.115385];[0.469072,0.43299,0.097938];[0.54023,0.413793,0.045977];[0.672065,0.234818,0.093117];[0.385185185185,0.125925925926,0.325925925926,0.162962962963];1;1006.0;0.616572011517;1593;155;0.17575757575757575;1.6666666666666667;54.374545454545455;32.333333333333336;71.80727272727272;10.484848484848484;23.03030303030303;18.666666666666668;3.1224242424242417;0.0;3.258181818181819;0.0;2.478787878787879;0.4181818181818182;1.9757575757575758;6.7272727272727275;8.454545454545455
11286;zone24;7040.363001382077;4481.052780471187;0.0;zone24;S01010226;40;816;565;394;[0.454545,0.242424,0.30303];[0.715385,0.2,0.084615];[0.540541,0.405405,0.054054];[0.766917,0.18797,0.045113];[0.503355704698,0.201342281879,0.221476510067,0.0738255033557];2;422.0;-0.0548014077425;1178;463;0.438;1.25;55.689;57.625;78.73799999999999;10.0;23.375;19.075;7.055999999999999;0.0;6.598000000000001;0.10799999999999998;3.2369999999999997;0.267;2.302;5.05;16.5
11286;zone25;6847.772309074456;4638.663588163389;0.0;zone25;S01010227;39;692;454;294;[0.413793,0.413793,0.172414];[0.704545,0.238636,0.056818];[0.654545,0.345455,0.0];[0.810606,0.159091,0.030303];[0.672268907563,0.0924369747899,0.159663865546,0.0756302521008];4;0.0;-0.540229885057;1174;617;0.6133333333333333;1.2820512820512822;56.238974358974374;77.23076923076923;83.71179487179488;9.282051282051283;23.025641025641026;19.17948717948718;5.4451282051282055;0.0;14.146666666666667;0.08205128205128205;3.62051282051282;0.21435897435897439;2.3712820512820514;4.641025641025641;22.846153846153847
11286;zone26;8241.816993110848;4572.457656401622;0.0;zone26;S01010229;30;1016;787;508;[0.1,0.625,0.275];[0.350877,0.350877,0.298246];[0.348315,0.477528,0.174157];[0.565217,0.310559,0.124224];[0.420731707317,0.213414634146,0.292682926829,0.0731707317073];1;395.0;-0.0859445809966;1084;128;0.16133333333333333;1.3333333333333333;42.341333333333324;26.333333333333332;69.66933333333333;12.5;24.1;14.233333333333333;1.5199999999999998;0.0;3.429333333333334;0.008;2.7199999999999998;0.39599999999999996;2.4746666666666663;6.7;7.233333333333333
11286;zone27;7458.320056766788;4680.341251240345;0.0;zone27;S01010230;24;1005;772;577;[0.314286,0.628571,0.057143];[0.703883,0.296117,0.0];[0.727273,0.218182,0.054545];[0.71831,0.24507,0.03662];[0.517857142857,0.136904761905,0.267857142857,0.077380952381];1;846.0;0.433218203459;1024;225;0.355;0.9583333333333334;48.71333333333334;52.166666666666664;70.36666666666667;9.333333333333334;22.416666666666668;16.666666666666668;3.978333333333333;0.0;6.23;0.03833333333333333;3.608333333333333;0.2800000000000001;2.388333333333333;3.7083333333333335;13.416666666666666
11286;zone28;7569.802990100143;4917.458811240416;0.0;zone28;S01010232;37;1074;792;485;[0.457143,0.485714,0.057143];[0.557292,0.338542,0.104167];[0.492063,0.333333,0.174603];[0.654229,0.251244,0.094527];[0.470297029703,0.153465346535,0.306930693069,0.0693069306931];1;771.0;0.347049794199;1136;254;0.26054054054054054;1.3783783783783783;49.041081081081096;39.32432432432432;67.6518918918919;9.91891891891892;22.243243243243242;17.0;2.223783783783785;0.0;4.299459459459459;0.06486486486486487;3.211891891891892;0.2789189189189189;2.161081081081081;4.702702702702703;9.35135135135135
11286;zone29;7830.713068379679;4879.746446724283;0.0;zone29;S01010233;33;970;705;476;[0.275,0.625,0.1];[0.655629,0.245033,0.099338];[0.52809,0.426966,0.044944];[0.771505,0.212366,0.016129];[0.587209302326,0.093023255814,0.261627906977,0.0581395348837];1;284.0;-0.213781821634;1069;211;0.24363636363636362;1.0;45.366060606060614;41.121212121212125;68.52363636363634;10.696969696969697;23.272727272727273;15.454545454545455;1.8436363636363642;0.0;4.281212121212122;0.01939393939393939;4.736969696969697;0.3878787878787878;2.566060606060606;3.696969696969697;10.454545454545455
11286;zone30;6473.383843181837;4954.519765957263;0.0;zone30;S01010261;6;2551;2373;526;[0.666667,0.270833,0.0625];[0.675841,0.281346,0.042813];[0.75,0.25,0.0];[0.824468,0.164894,0.010638];[0.41,0.06,0.41,0.12];3;176.0;-0.337679921334;1657;39;0.24666666666666667;1.3333333333333333;82.66000000000001;47.5;89.93333333333332;11.5;24.0;28.666666666666668;6.846666666666667;0.0;2.8533333333333335;0.14;4.1466666666666665;0.24666666666666667;2.5800000000000005;7.166666666666667;13.666666666666666
11286;zone31;4930.642193689802;4959.449818932565;0.0;zone31;S01010266;3;555;474;237;[0.320755,0.556604,0.122642];[0.677273,0.254545,0.068182];[0.5,0.461538,0.038462];[0.534247,0.30137,0.164384];[0.141176470588,0.0588235294118,0.4,0.4];3;536.0;0.0761386922126;1062;22;0.28;0.6666666666666666;40.92;61.666666666666664;71.64;10.0;23.666666666666668;14.0;1.96;0.0;7.733333333333333;1.5066666666666666;5.133333333333334;0.25333333333333335;2.293333333333333;3.3333333333333335;16.0
11286;zone32;5712.5549897826;4979.400336637217;0.0;zone32;S01010270;4;1153;972;817;[0.389831,0.533898,0.076271];[0.70255,0.252125,0.045326];[0.714286,0.272727,0.012987];[0.771552,0.228448,0.0];[0.125,0.0909090909091,0.454545454545,0.329545454545];1;871.0;0.461200629557;1410;19;0.16;0.75;61.879999999999995;30.5;72.85;11.0;24.0;21.5;4.24;0.0;2.57;0.43;2.0500000000000003;0.1;3.0;2.25;8.5
11286;zone33;3394.0723536088512;4934.677182292946;0.0;zone33;S01010282;13;976;841;645;[0.438776,0.520408,0.040816];[0.545732,0.405488,0.04878];[0.521277,0.382979,0.095745];[0.712707,0.232044,0.055249];[0.190954773869,0.070351758794,0.35175879397,0.386934673367];2;350.0;-0.137812028107;1362;64;0.19076923076923077;1.4615384615384615;49.02153846153847;35.23076923076923;78.43384615384618;12.846153846153847;25.153846153846153;16.923076923076923;2.353846153846154;0.0;7.507692307692309;0.8123076923076922;1.3476923076923077;0.3938461538461539;1.4215384615384616;7.769230769230769;11.461538461538462
11286;zone34;4385.789287498423;4835.237486850067;0.0;zone34;S01010289;15;771;687;380;[0.130952,0.511905,0.357143];[0.262911,0.502347,0.234742];[0.178571,0.464286,0.357143];[0.410256,0.435897,0.153846];[0.058064516129,0.0322580645161,0.245161290323,0.664516129032];5;259.0;-0.241396294863;1237;214;0.5493333333333333;1.7333333333333334;46.693333333333335;71.8;74.48;8.333333333333334;22.333333333333332;15.933333333333334;3.6106666666666674;0.0;8.450666666666667;3.024;1.7893333333333339;0.18133333333333332;1.864;7.133333333333334;16.4
11286;zone35;4401.5375624188455;4669.062022109911;0.0;zone35;S01010290;13;546;485;278;[0.198198,0.603604,0.198198];[0.485944,0.449799,0.064257];[0.555556,0.444444,0.0];[0.435897,0.512821,0.051282];[0.10752688172,0.0430107526882,0.494623655914,0.354838709677];3;353.0;-0.133686757747;1048;185;0.5507692307692308;1.4615384615384615;56.61846153846154;73.61538461538461;80.76615384615387;8.923076923076923;22.76923076923077;19.23076923076923;5.199999999999999;0.0;10.58769230769231;1.88;2.9076923076923076;0.27076923076923076;1.3599999999999999;5.615384615384615;20.0
11286;zone36;4119.983651650423;4281.100418217042;0.0;zone36;S01010291;12;1075;975;481;[0.405594,0.447552,0.146853];[0.627907,0.277132,0.094961];[0.415094,0.433962,0.150943];[0.562963,0.325926,0.111111];[0.197080291971,0.0729927007299,0.445255474453,0.284671532847];3;438.0;-0.0363924713322;773;85;0.27666666666666667;2.3333333333333335;46.4;46.916666666666664;71.01;9.083333333333334;21.833333333333332;16.083333333333332;2.3366666666666664;0.0;8.273333333333335;0.63;1.4600000000000002;0.25333333333333335;1.0;8.083333333333334;12.25
11286;zone37;4399.731076226201;4291.6703625917;0.0;zone37;S01010292;10;890;831;409;[0.348214,0.508929,0.142857];[0.477169,0.420091,0.10274];[0.339286,0.446429,0.214286];[0.55814,0.383721,0.05814];[0.128378378378,0.0540540540541,0.398648648649,0.418918918919];4;323.0;-0.168488563048;914;95;0.36;1.9;49.296;59.0;77.388;9.7;22.9;16.3;6.544;0.0;7.94;1.0;1.94;0.26800000000000007;1.764;7.1;17.1
11286;zone38;4514.690807242894;4541.15458266895;0.0;zone38;S01010293;16;839;723;373;[0.51773,0.35461,0.12766];[0.635389,0.262735,0.101877];[0.446809,0.319149,0.234043];[0.514286,0.392857,0.092857];[0.242424242424,0.0606060606061,0.393939393939,0.30303030303];3;290.0;-0.205814991507;943;156;0.38;1.8125;52.77499999999999;54.9375;79.885;10.25;23.375;18.0625;3.9825;0.0;8.860000000000001;0.8425;2.5450000000000004;0.2125;1.92;8.3125;15.6875
11286;zone39;4541.7482834333705;4418.565122351524;0.0;zone39;S01010294;13;690;631;275;[0.242105,0.526316,0.231579];[0.650873,0.214464,0.134663];[0.583333,0.208333,0.208333];[0.414894,0.489362,0.095745];[0.164835164835,0.043956043956,0.494505494505,0.296703296703];4;440.0;-0.0342259463805;1077;169;0.5046153846153846;1.9230769230769231;58.25230769230768;65.38461538461539;78.86153846153844;8.307692307692308;22.53846153846154;19.76923076923077;6.418461538461538;0.0;6.88;0.9261538461538462;2.569230769230769;0.23384615384615384;1.6523076923076923;7.846153846153846;16.384615384615383
11286;zone40;4766.8646917667475;4574.50133624035;0.0;zone40;S01010295;18;974;870;427;[0.384615,0.391026,0.224359];[0.604555,0.310559,0.084886];[0.428571,0.285714,0.285714];[0.390728,0.516556,0.092715];[0.212765957447,0.113475177305,0.297872340426,0.375886524823];4;529.0;0.0680145754747;1255;188;0.4;2.1666666666666665;59.31111111111112;55.111111111111114;79.93333333333334;9.61111111111111;22.72222222222222;20.5;3.862222222222223;0.0;8.422222222222224;0.9533333333333334;2.3266666666666667;0.27777777777777785;1.12;8.166666666666666;15.055555555555555
11286;zone41;4647.752341766679;4736.091736240359;0.0;zone41;S01010296;16;664;560;291;[0.294118,0.423529,0.282353];[0.520913,0.368821,0.110266];[0.375,0.375,0.25];[0.475524,0.391608,0.132867];[0.282828282828,0.111111111111,0.363636363636,0.242424242424];2;856.0;0.444094443477;1043;140;0.3375;1.125;53.207499999999996;49.1875;76.68;10.875;23.8125;18.1875;4.2625;0.0;6.7125;1.655;2.1250000000000004;0.5000000000000001;2.29;4.5;14.1875
11286;zone42;5522.849421766708;4411.996091240393;0.0;zone42;S01010297;7;1066;894;676;[0.582609,0.382609,0.034783];[0.691824,0.245283,0.062893];[0.540541,0.333333,0.126126];[0.681275,0.270916,0.047809];[0.260563380282,0.140845070423,0.37323943662,0.225352112676];1;504.0;0.0391758595379;1272;46;0.25142857142857145;1.4285714285714286;47.55428571428572;36.714285714285715;78.15428571428572;13.285714285714286;25.285714285714285;16.428571428571427;2.845714285714286;0.0;2.382857142857143;0.6971428571428572;5.297142857142857;0.3828571428571429;2.8628571428571425;6.857142857142857;10.714285714285714
11286;zone43;4706.481893689814;4143.807995855712;0.0;zone43;S01010298;12;880;677;515;[0.308943,0.479675,0.211382];[0.581395,0.356589,0.062016];[0.539683,0.396825,0.063492];[0.744828,0.193103,0.062069];[0.227272727273,0.0984848484848,0.371212121212,0.30303030303];1;486.0;0.0190902878356;1153;65;0.21333333333333335;1.5;47.083333333333336;38.25;72.32333333333334;11.166666666666666;23.583333333333332;15.916666666666666;3.06;0.0;4.786666666666666;0.5;2.23;0.3333333333333333;2.09;7.083333333333333;10.083333333333334
11286;zone44;4885.424673909578;4209.645754097502;0.0;zone44;S01010299;4;536;404;292;[0.3,0.54,0.16];[0.556701,0.340206,0.103093];[0.458333,0.520833,0.020833];[0.584906,0.283019,0.132075];[0.428571428571,0.0857142857143,0.285714285714,0.2];1;375.0;-0.10827530326;715;37;0.34;2.0;39.14;48.0;59.92;8.0;20.5;13.0;4.4;0.0;2.54;0.0;2.8999999999999995;0.26;1.3599999999999999;4.75;9.5
11286;zone45;4883.397012115578;4340.414778682246;0.0;zone45;S01010300;21;934;764;478;[0.460784,0.411765,0.127451];[0.664653,0.238671,0.096677];[0.632353,0.323529,0.044118];[0.606383,0.329787,0.06383];[0.3046875,0.125,0.3515625,0.21875];2;513.0;0.0498225801839;675;199;0.3638095238095238;1.380952380952381;40.72;48.38095238095238;68.43428571428574;10.047619047619047;22.904761904761905;13.80952380952381;4.519999999999999;0.0;2.554285714285714;0.5485714285714285;4.449523809523809;0.23809523809523814;2.3238095238095235;5.0476190476190474;11.619047619047619
11286;zone46;5144.66081966521;4032.769083704074;0.0;zone46;S01010301;6;522;457;283;[0.292683,0.597561,0.109756];[0.57563,0.315126,0.109244];[0.222222,0.703704,0.074074];[0.561798,0.393258,0.044944];[0.214285714286,0.0612244897959,0.459183673469,0.265306122449];4;490.0;0.0232745011966;1230;83;0.5266666666666666;1.5;49.78666666666667;68.33333333333333;74.99333333333334;8.166666666666666;22.333333333333332;16.666666666666668;11.666666666666666;0.0;1.9866666666666666;0.56;3.526666666666666;0.13333333333333333;2.3666666666666667;5.833333333333333;17.333333333333332
11286;zone47;5165.568789180556;4297.038752619699;0.0;zone47;S01010302;24;669;495;388;[0.65625,0.28125,0.0625];[0.6,0.356522,0.043478];[0.716981,0.226415,0.056604];[0.801802,0.18018,0.018018];[0.582417582418,0.0769230769231,0.263736263736,0.0769230769231];1;392.0;-0.0896499889057;1328;224;0.3616666666666667;1.375;59.46666666666666;50.708333333333336;71.78;8.833333333333334;22.166666666666668;20.125;5.976666666666667;0.0;2.4933333333333336;0.32;3.5683333333333334;0.2633333333333333;2.183333333333333;4.125;11.958333333333334
11286;zone48;5241.140616766716;4139.402270499609;0.0;zone48;S01010303;33;579;387;250;[0.692308,0.153846,0.153846];[0.56701,0.298969,0.134021];[0.630435,0.282609,0.086957];[0.658879,0.285047,0.056075];[0.58407079646,0.106194690265,0.274336283186,0.0353982300885];1;415.0;-0.0627120940391;1652;316;0.36363636363636365;1.2727272727272727;53.47636363636363;46.03030303030303;75.76;10.545454545454545;23.545454545454547;18.272727272727273;8.779393939393941;0.0;2.1224242424242417;0.3381818181818182;2.6472727272727274;0.3260606060606061;2.2884848484848486;5.0606060606060606;13.333333333333334
11286;zone49;4853.647576226233;3833.123065294377;0.0;zone49;S01010304;12;542;456;332;[0.323529,0.514706,0.161765];[0.635135,0.25,0.114865];[0.477273,0.522727,0.0];[0.829268,0.109756,0.060976];[0.372340425532,0.0425531914894,0.297872340426,0.287234042553];1;804.0;0.384523850516;1718;96;0.29333333333333333;1.5;51.57999999999999;42.583333333333336;70.95666666666666;9.083333333333334;22.416666666666668;17.666666666666668;6.8933333333333335;0.0;3.22;0.5299999999999999;1.5099999999999998;0.19999999999999998;2.123333333333333;5.25;11.75
11286;zone50;4697.410406890209;3639.1027396354093;0.0;zone50;S01010305;7;807;694;478;[0.36036,0.468468,0.171171];[0.553191,0.33617,0.110638];[0.409639,0.301205,0.289157];[0.589888,0.337079,0.073034];[0.198529411765,0.0735294117647,0.382352941176,0.345588235294];1;223.0;-0.28282788147;706;74;0.4;0.42857142857142855;39.188571428571436;52.285714285714285;71.32000000000001;11.714285714285714;23.571428571428573;13.857142857142858;9.274285714285714;0.0;3.8799999999999994;1.1542857142857144;1.7142857142857146;0.26857142857142857;2.485714285714286;2.0;15.428571428571429
11286;zone51;4591.3082521834585;3868.367573740388;0.0;zone51;S01010306;13;752;675;449;[0.35625,0.56875,0.075];[0.570588,0.355882,0.073529];[0.283019,0.566038,0.150943];[0.650943,0.330189,0.018868];[0.165680473373,0.0473372781065,0.479289940828,0.307692307692];2;238.0;-0.265781391166;685;103;0.3076923076923077;1.5384615384615385;47.526153846153846;46.46153846153846;72.23076923076923;9.923076923076923;22.692307692307693;16.307692307692307;8.175384615384614;0.0;2.95076923076923;0.6769230769230768;0.9076923076923076;0.2923076923076923;2.396923076923077;6.076923076923077;12.23076923076923
11286;zone52;4503.72067559025;3742.2957906521283;0.0;zone52;S01010307;9;821;732;428;[0.189922,0.577519,0.232558];[0.407407,0.487654,0.104938];[0.346154,0.538462,0.115385];[0.71875,0.234375,0.046875];[0.0681818181818,0.0568181818182,0.375,0.5];5;319.0;-0.172537833795;489;107;0.4488888888888889;2.6666666666666665;52.04888888888889;61.77777777777778;76.82666666666665;8.88888888888889;22.666666666666668;17.444444444444443;8.866666666666667;0.0;3.8000000000000003;0.991111111111111;0.8622222222222223;0.23555555555555557;0.9955555555555556;10.444444444444445;14.0
11286;zone53;4364.519870735056;4047.768725526131;0.0;zone53;S01010308;9;975;858;480;[0.285714,0.54007,0.174216];[0.511936,0.384615,0.103448];[0.254902,0.411765,0.333333];[0.648352,0.307692,0.043956];[0.0970873786408,0.0631067961165,0.359223300971,0.480582524272];4;257.0;-0.244477582955;1430;120;0.49777777777777776;1.3333333333333333;65.32444444444444;64.44444444444444;70.48888888888888;6.777777777777778;20.11111111111111;22.444444444444443;5.124444444444444;0.0;6.8311111111111105;0.8577777777777779;1.5777777777777777;0.23555555555555557;1.1733333333333331;3.5555555555555554;14.0
11286;zone54;5381.88771051669;3636.3205112402793;0.0;zone54;S01010309;4;419;356;264;[0.333333,0.25,0.416667];[0.478873,0.422535,0.098592];[0.352941,0.382353,0.264706];[0.705882,0.24183,0.052288];[0.365853658537,0.170731707317,0.390243902439,0.0731707317073];1;0.0;-0.540229885057;2005;17;0.17;1.5;62.74;33.75;75.50999999999999;11.25;23.0;21.5;2.68;0.0;1.44;1.35;2.16;0.36;2.8;7.5;7.0
11286;zone55;5657.373406240428;3625.6586165034923;0.0;zone55;S01010310;13;706;540;381;[0.333333,0.238095,0.428571];[0.565517,0.337931,0.096552];[0.54902,0.27451,0.176471];[0.715415,0.256917,0.027668];[0.484848484848,0.151515151515,0.318181818182,0.0454545454545];1;574.0;0.120406534162;768;65;0.19076923076923077;1.6153846153846154;45.83692307692307;36.30769230769231;62.7723076923077;8.923076923076923;21.384615384615383;15.384615384615385;3.363076923076923;0.0;1.7323076923076923;0.3630769230769231;2.353846153846154;0.24000000000000007;1.7107692307692308;5.538461538461538;7.384615384615385
11286;zone56;5685.425126382168;3318.6970593171873;0.0;zone56;S01010311;22;721;556;351;[0.411765,0.352941,0.235294];[0.472222,0.453704,0.074074];[0.571429,0.404762,0.02381];[0.717949,0.271062,0.010989];[0.565217391304,0.121739130435,0.269565217391,0.0434782608696];1;1534.0;1.22364271569;1737;130;0.22727272727272727;1.2272727272727273;62.77090909090907;39.22727272727273;68.12000000000002;8.590909090909092;21.545454545454547;21.454545454545453;2.4054545454545457;0.0;3.532727272727273;0.2509090909090909;2.487272727272727;0.2763636363636364;2.098181818181818;3.8181818181818183;8.181818181818182
11286;zone57;5466.52613028024;3072.1402274564575;0.0;zone57;S01010312;34;868;647;425;[0.117647,0.823529,0.058824];[0.754386,0.22807,0.017544];[0.407407,0.444444,0.148148];[0.804945,0.153846,0.041209];[0.586956521739,0.115942028986,0.268115942029,0.0289855072464];1;685.0;0.247477927043;1646;199;0.2164705882352941;1.088235294117647;67.74000000000001;41.0;74.34588235294117;9.588235294117647;22.441176470588236;23.147058823529413;2.701176470588235;0.0;4.938823529411765;0.07411764705882354;3.1070588235294117;0.3294117647058823;2.2;4.235294117647059;10.382352941176471
11286;zone58;5251.7403530303945;3502.549209042501;0.0;zone58;S01010313;16;654;529;356;[0.428571,0.285714,0.285714];[0.6,0.333333,0.066667];[0.433735,0.481928,0.084337];[0.739623,0.162264,0.098113];[0.648351648352,0.131868131868,0.175824175824,0.043956043956];1;565.0;0.109617915218;2141;87;0.21;1.5;65.4675;33.4375;77.99750000000002;11.125;23.8125;22.4375;3.835;0.0;3.0749999999999997;0.20500000000000002;2.6725000000000003;0.44;2.355;6.1875;9.3125
11286;zone59;4840.312157862589;3385.4448126102257;0.0;zone59;S01010314;21;1248;1034;550;[0.358209,0.507463,0.134328];[0.514493,0.333333,0.152174];[0.5,0.326923,0.173077];[0.636,0.324,0.04];[0.316901408451,0.133802816901,0.401408450704,0.147887323944];1;637.0;0.192402372167;1263;112;0.2038095238095238;2.380952380952381;48.760000000000005;31.904761904761905;77.59809523809524;11.714285714285714;23.857142857142858;16.666666666666668;5.129523809523809;0.0;3.457142857142857;0.38857142857142857;1.2000000000000002;0.37904761904761913;1.8000000000000003;11.047619047619047;9.666666666666666
11286;zone60;4536.293429266749;2504.1273706154316;0.0;zone60;S01010315;43;911;678;409;[0.180723,0.554217,0.26506];[0.252632,0.457895,0.289474];[0.208333,0.5,0.291667];[0.55144,0.345679,0.102881];[0.308176100629,0.169811320755,0.358490566038,0.163522012579];2;382.0;-0.100954860853;1628;362;0.31534883720930235;1.3953488372093024;50.05860465116279;45.674418604651166;69.93674418604651;9.55813953488372;22.53488372093023;17.162790697674417;3.9386046511627915;0.0;3.4948837209302326;0.00651162790697674;3.8902325581395356;0.2995348837209302;2.21953488372093;5.093023255813954;10.883720930232558
11286;zone61;4589.6619547948285;2943.195659127726;0.0;zone61;S01010316;25;512;414;304;[0.392157,0.529412,0.078431];[0.62931,0.37069,0.0];[0.439024,0.560976,0.0];[0.775401,0.224599,0.0];[0.439252336449,0.102803738318,0.252336448598,0.205607476636];1;481.0;0.0128180141103;1397;223;0.3376;1.16;46.4896;45.96;71.176;11.08;23.08;15.56;4.2352;0.0;4.175999999999999;0.1216;3.6864;0.3728;2.0752;4.96;11.76
11286;zone63;4421.5566371748755;3071.026327566895;0.0;zone63;S01010318;12;1588;1497;304;[0.5,0.456522,0.043478];[0.469799,0.47651,0.053691];[0.310345,0.37931,0.310345];[0.678571,0.285714,0.035714];[0.36,0.14,0.34,0.16];3;317.0;-0.175110645645;1176;154;0.49666666666666665;1.75;58.440000000000005;67.66666666666667;87.75;10.0;24.5;19.583333333333332;10.463333333333333;0.0;6.876666666666665;1.0833333333333335;3.686666666666667;0.19333333333333336;1.763333333333333;7.666666666666667;21.5
11286;zone64;4173.240913470097;2893.8040771744095;0.0;zone64;S01010319;9;711;624;407;[0.258741,0.608392,0.132867];[0.383399,0.486166,0.130435];[0.439394,0.212121,0.348485];[0.530769,0.384615,0.084615];[0.171974522293,0.0700636942675,0.471337579618,0.286624203822];2;473.0;0.00423719084943;1683;77;0.3288888888888889;0.7777777777777778;61.57777777777778;54.666666666666664;75.41777777777776;10.0;22.88888888888889;20.88888888888889;5.142222222222221;0.0;5.582222222222222;0.0;4.48;0.4088888888888889;2.4355555555555553;2.2222222222222223;14.666666666666666
11286;zone65;3940.1918462749595;2900.8899784533987;0.0;zone65;S01010320;4;675;594;437;[0.257813,0.523438,0.21875];[0.61753,0.298805,0.083665];[0.526316,0.22807,0.245614];[0.805085,0.169492,0.025424];[0.172185430464,0.0662251655629,0.443708609272,0.317880794702];1;646.0;0.202453315259;1271;43;0.41;2.5;50.28;49.5;76.41;10.5;23.0;17.5;4.53;0.0;5.6899999999999995;0.24;1.58;0.19;0.8300000000000001;10.75;11.75
11286;zone66;3905.8658739096163;2664.6669636212755;0.0;zone66;S01010321;7;837;634;432;[0.401709,0.555556,0.042735];[0.54717,0.433962,0.018868];[0.45122,0.439024,0.109756];[0.666667,0.271186,0.062147];[0.212328767123,0.0958904109589,0.390410958904,0.301369863014];1;1019.0;0.631764531736;2028;38;0.21142857142857144;1.7142857142857142;64.86857142857143;34.714285714285715;73.50857142857141;9.142857142857142;22.571428571428573;21.857142857142858;6.142857142857143;0.0;2.382857142857143;0.16571428571428573;1.9599999999999997;0.2057142857142857;2.1714285714285717;5.142857142857143;10.142857142857142
11286;zone67;3630.3978644730896;3132.1651121578075;0.0;zone67;S01010322;9;1028;914;549;[0.174419,0.549419,0.276163];[0.412399,0.471698,0.115903];[0.298507,0.38806,0.313433];[0.647059,0.323529,0.029412];[0.057268722467,0.0352422907489,0.449339207048,0.458149779736];5;124.0;-0.397569575369;1358;151;0.6488888888888888;2.0;40.46666666666667;75.88888888888889;81.0711111111111;9.11111111111111;23.444444444444443;13.777777777777779;10.497777777777777;0.0;8.484444444444444;1.0088888888888892;2.4755555555555557;0.18222222222222226;1.2044444444444447;9.0;21.88888888888889
11286;zone68;6208.193116766784;3072.425066795916;0.0;zone68;S01010323;4;603;466;377;[0.555556,0.444444,0.0];[0.657143,0.271429,0.071429];[0.642857,0.321429,0.035714];[0.793651,0.166667,0.039683];[0.578431372549,0.166666666667,0.235294117647,0.0196078431373];1;970.0;0.57559463238;1087;22;0.21;3.25;71.22;24.75;80.47;9.75;22.5;24.25;3.41;0.0;2.3400000000000003;0.05;1.04;0.54;0.56;13.75;6.25
11286;zone69;6517.651722029823;2240.572579661372;0.0;zone69;S01010324;6;759;566;403;[0.142857,0.571429,0.285714];[0.298077,0.490385,0.211538];[0.333333,0.530864,0.135802];[0.401674,0.414226,0.1841];[0.569620253165,0.101265822785,0.291139240506,0.0379746835443];1;407.0;-0.0721601679586;1890;36;0.22666666666666666;0.8333333333333334;29.24;34.833333333333336;56.14666666666667;9.5;22.5;9.833333333333334;2.02;0.0;1.8266666666666664;0.0;4.973333333333334;0.3666666666666667;2.2533333333333334;1.3333333333333333;8.333333333333334
11286;zone70;6038.016041009105;2402.8415869980217;0.0;zone70;S01010325;18;939;666;501;[0.263158,0.368421,0.368421];[0.383838,0.525253,0.090909];[0.253623,0.615942,0.130435];[0.451362,0.463035,0.085603];[0.545454545455,0.238636363636,0.193181818182,0.0227272727273];1;225.0;-0.281126582053;1345;114;0.24222222222222223;1.4444444444444444;45.49555555555556;37.611111111111114;63.62222222222223;9.055555555555555;21.833333333333332;15.777777777777779;2.5533333333333332;0.0;1.3822222222222225;0.0;4.217777777777777;0.31333333333333335;2.0777777777777775;4.444444444444445;7.611111111111111
11286;zone71;5272.359331052501;2740.775131541117;0.0;zone71;S01010326;39;987;707;494;[0.526316,0.368421,0.105263];[0.522523,0.333333,0.144144];[0.492188,0.3125,0.195313];[0.723514,0.224806,0.05168];[0.54375,0.16875,0.23125,0.05625];1;1389.0;1.05701743376;991;243;0.23076923076923078;1.0769230769230769;47.383589743589724;38.92307692307692;68.21743589743589;10.256410256410257;22.53846153846154;15.948717948717949;2.501538461538462;0.0;6.548717948717949;0.00820512820512821;2.082051282051282;0.34871794871794876;2.111794871794872;4.076923076923077;10.666666666666666
11286;zone72;4970.167032608406;2501.795090448298;0.0;zone72;S01010327;34;982;660;362;[0.031746,0.507937,0.460317];[0.372881,0.432203,0.194915];[0.289063,0.328125,0.382813];[0.516892,0.347973,0.135135];[0.416184971098,0.21387283237,0.236994219653,0.132947976879];1;470.0;0.000335688704598;1030;275;0.3035294117647059;1.2058823529411764;42.75294117647059;43.61764705882353;68.51176470588234;10.117647058823529;22.5;14.441176470588236;4.184705882352941;0.0;6.307058823529413;0.0;2.05764705882353;0.27294117647058824;2.3600000000000003;4.470588235294118;12.0
11286;zone73;5975.307390960257;2677.5485166167286;0.0;zone73;S01010328;24;969;706;445;[0.16129,0.5,0.33871];[0.27044,0.471698,0.257862];[0.192547,0.434783,0.372671];[0.338983,0.432203,0.228814];[0.309352517986,0.258992805755,0.280575539568,0.151079136691];2;457.0;-0.0138550124678;2097;191;0.30833333333333335;1.0;44.098333333333336;47.041666666666664;71.5933333333333;11.333333333333334;23.708333333333332;15.0;3.89;0.0;2.7933333333333334;0.0;6.118333333333332;0.3583333333333334;2.4416666666666673;4.375;12.208333333333334
11286;zone74;4421.847657862615;2232.0860934321454;0.0;zone74;S01010329;21;573;435;290;[0.368421,0.263158,0.368421];[0.341176,0.470588,0.188235];[0.255814,0.465116,0.27907];[0.52,0.354286,0.125714];[0.438356164384,0.191780821918,0.27397260274,0.0958904109589];2;105.0;-0.418628586414;1715;153;0.2780952380952381;1.5238095238095237;54.222857142857144;40.857142857142854;71.1409523809524;9.571428571428571;22.857142857142858;18.476190476190474;3.2076190476190485;0.0;3.6285714285714286;0.0;3.32;0.27619047619047626;2.318095238095238;5.571428571428571;9.619047619047619
