cycle;name;location.x;location.y;location.z;name;dataZone;nm_children;pop;over16;nm_hh;AB_car_prob;C1_car_prob;C2_car_prob;DE_car_prob;prob_social;simd;crimeRate;norm_crime;avg_dis_sh;neigh_play;daily_play_per_child;avg_FSA;avg_walk;daily_OD;zone_mvpa;mvpa_home;mvpa_sc;mvpa_road;mvpa_play_field;mvpa_home_garden;mvpa_park;mvpa_PG;mvpa_amenity;mvpa_shops;mvpa_F_home;mvpa_fsa;mvpa_OD
11286;zone0;8448.90275962388;2625.4515469546564;0.0;zone0;S01010195;19;531;390;212;[0.0,0.481481,0.518519];[0.261538,0.646154,0.092308];[0.12,0.59,0.29];[0.447368,0.368421,0.184211];[0.418918918919,0.283783783784,0.202702702703,0.0945945945946];1;0.0;-0.540229885057;1076;112;0.22105263157894736;1.6842105263157894;39.044210526315794;34.473684210526315;66.38105263157895;10.473684210526315;23.157894736842106;13.263157894736842;1.0778947368421052;0.0;3.8484210526315783;0.0;3.6105263157894734;0.43578947368421056;1.9810526315789474;6.7894736842105265;8.105263157894736
11286;zone1;8656.736904000718;2165.9902346445633;0.0;zone1;S01010198;18;1027;748;394;[0.058824,0.529412,0.411765];[0.305785,0.561983,0.132231];[0.219858,0.496454,0.283688];[0.523179,0.331126,0.145695];[0.48623853211,0.229357798165,0.266055045872,0.0183486238532];1;1609.0;1.3102524676;1324;94;0.19111111111111112;1.5555555555555556;39.74666666666666;31.72222222222222;66.62888888888888;11.0;23.055555555555557;13.38888888888889;1.3266666666666669;0.0;3.8244444444444445;0.0;3.255555555555555;0.4044444444444445;2.4066666666666667;6.277777777777778;7.833333333333333
11286;zone2;8537.588755655543;3024.028900129281;0.0;zone2;S01010201;22;643;453;253;[0.0,0.47619,0.52381];[0.270833,0.3125,0.416667];[0.088,0.48,0.432];[0.296552,0.434483,0.268966];[0.365853658537,0.292682926829,0.292682926829,0.0487804878049];2;219.0;-0.28762447053;934;155;0.2672727272727273;1.6363636363636365;36.454545454545446;41.45454545454545;68.98181818181818;11.045454545454545;23.227272727272727;12.181818181818182;1.5890909090909096;0.0;4.825454545454546;0.12000000000000001;4.827272727272728;0.3890909090909091;2.0363636363636357;6.954545454545454;10.909090909090908
11286;zone3;8059.42097232239;3767.666522351409;0.0;zone3;S01010203;30;671;504;260;[0.090909,0.363636,0.545455];[0.263804,0.460123,0.276074];[0.094828,0.422414,0.482759];[0.183824,0.375,0.441176];[0.272727272727,0.218181818182,0.363636363636,0.145454545455];3;215.0;-0.292668818285;2008;183;0.23066666666666666;1.6333333333333333;42.43733333333333;37.733333333333334;67.51866666666666;9.966666666666667;22.6;14.466666666666667;3.0;0.0;3.5493333333333323;0.0;3.4159999999999995;0.3746666666666666;1.9906666666666666;6.3;9.5
11286;zone4;8368.288440296214;3565.498290652094;0.0;zone4;S01010204;30;800;589;381;[0.272727,0.727273,0.0];[0.627451,0.27451,0.098039];[0.444444,0.533333,0.022222];[0.600619,0.321981,0.077399];[0.595041322314,0.157024793388,0.239669421488,0.00826446280992];1;497.0;0.0317745673598;1224;125;0.16266666666666665;1.3333333333333333;44.472;27.233333333333334;66.13999999999999;10.7;22.666666666666668;15.133333333333333;1.588;0.0;2.9693333333333336;0.044;2.4280000000000004;0.4626666666666666;2.742666666666667;5.566666666666666;6.633333333333334
11286;zone5;8034.229745798958;3515.110462853287;0.0;zone5;S01010205;15;658;534;355;[0.411765,0.117647,0.470588];[0.465116,0.457364,0.077519];[0.317757,0.588785,0.093458];[0.593458,0.280374,0.126168];[0.466666666667,0.2,0.3,0.0333333333333];1;925.0;0.523434132086;1031;70;0.17866666666666667;1.6666666666666667;42.583999999999996;31.6;69.00266666666667;11.2;23.2;14.466666666666667;2.1413333333333333;0.0;3.1066666666666674;0.0;3.0906666666666665;0.4426666666666667;2.216;7.533333333333333;7.8
11286;zone6;7457.064719570519;3739.055375726369;0.0;zone6;S01010208;18;903;745;565;[0.30137,0.589041,0.109589];[0.48062,0.457364,0.062016];[0.272727,0.613636,0.113636];[0.66055,0.270642,0.068807];[0.233333333333,0.133333333333,0.461111111111,0.172222222222];1;603.0;0.153385979085;1393;56;0.12;1.8888888888888888;48.79555555555555;22.944444444444443;72.37333333333333;12.055555555555555;23.88888888888889;16.22222222222222;2.337777777777778;0.0;1.6311111111111112;0.0;2.691111111111111;0.3288888888888889;2.6288888888888886;8.722222222222221;6.277777777777778
11286;zone7;7917.838214725937;1939.334458859395;0.0;zone7;S01010209;24;966;677;468;[0.172414,0.586207,0.241379];[0.333333,0.414966,0.251701];[0.381944,0.458333,0.159722];[0.545852,0.336245,0.117904];[0.337931034483,0.248275862069,0.303448275862,0.110344827586];1;2053.0;1.82052250092;1699;118;0.18833333333333332;1.375;43.88;33.041666666666664;65.54666666666667;10.166666666666666;22.5;14.833333333333334;1.1199999999999999;0.0;4.156666666666665;0.0;3.401666666666667;0.335;2.325;4.875;8.166666666666666
11286;zone8;7878.406567747077;2721.2634132011362;0.0;zone8;S01010210;18;885;641;416;[0.173913,0.456522,0.369565];[0.21519,0.5,0.28481];[0.189781,0.386861,0.423358];[0.422111,0.442211,0.135678];[0.394736842105,0.236842105263,0.254385964912,0.114035087719];1;344.0;-0.144253829852;1268;137;0.29333333333333333;1.0;48.535555555555554;40.333333333333336;69.70666666666668;10.88888888888889;23.166666666666668;16.5;2.6022222222222227;0.0;5.64;0.0;2.937777777777778;0.2977777777777778;2.5600000000000005;3.611111111111111;10.61111111111111
11286;zone9;7785.599648345685;3201.783800714137;0.0;zone9;S01010211;22;858;634;452;[0.147059,0.705882,0.147059];[0.384615,0.452991,0.162393];[0.469565,0.4,0.130435];[0.722656,0.226563,0.050781];[0.473214285714,0.169642857143,0.285714285714,0.0714285714286];1;430.0;-0.0456985893816;1066;113;0.19272727272727272;1.6363636363636365;49.58545454545455;35.63636363636363;70.80000000000001;10.636363636363637;22.818181818181817;16.818181818181817;3.0472727272727274;0.0;4.140000000000001;0.00909090909090909;2.650909090909091;0.30363636363636365;2.0236363636363635;6.590909090909091;9.363636363636363
11286;zone10;7580.688680869333;3097.127786881416;0.0;zone10;S01010212;49;1083;779;559;[0.233333,0.633333,0.133333];[0.594771,0.339869,0.065359];[0.465517,0.405172,0.12931];[0.712821,0.269231,0.017949];[0.566037735849,0.138364779874,0.22641509434,0.0691823899371];1;1473.0;1.15298517036;1178;322;0.2506122448979592;1.3265306122448979;49.23673469387755;37.83673469387755;71.50122448979592;10.83673469387755;23.163265306122447;16.510204081632654;2.113469387755102;0.0;4.7575510204081635;0.0;3.8359183673469395;0.27510204081632655;2.6097959183673476;5.428571428571429;10.224489795918368
11286;zone11;8065.177293237223;3111.5884965344962;0.0;zone11;S01010213;13;924;657;476;[0.105263,0.684211,0.210526];[0.382609,0.547826,0.069565];[0.218543,0.556291,0.225166];[0.467925,0.483019,0.049057];[0.451327433628,0.221238938053,0.274336283186,0.0530973451327];1;247.0;-0.255840453357;776;70;0.20615384615384616;1.4615384615384615;39.49538461538462;37.38461538461539;67.75076923076924;10.923076923076923;23.46153846153846;13.153846153846153;1.1076923076923075;0.0;3.1969230769230776;0.01846153846153846;4.88;0.2676923076923077;2.1046153846153848;7.0;8.692307692307692
11286;zone12;7144.994858230166;1947.4125453867302;0.0;zone12;S01010214;27;967;717;396;[0.098592,0.28169,0.619718];[0.197531,0.438272,0.364198];[0.173333,0.493333,0.333333];[0.237069,0.487069,0.275862];[0.361344537815,0.210084033613,0.310924369748,0.117647058824];3;176.0;-0.337854473183;1974;162;0.23407407407407407;2.037037037037037;43.6637037037037;36.925925925925924;67.28296296296297;9.407407407407407;22.25925925925926;15.037037037037036;3.9377777777777774;0.0;3.456296296296296;0.0;2.419259259259259;0.2414814814814815;1.557037037037037;7.407407407407407;9.37037037037037
11286;zone13;7013.590150664996;2618.495528189446;0.0;zone13;S01010215;24;850;608;492;[0.571429,0.285714,0.142857];[0.5,0.431373,0.068627];[0.382609,0.391304,0.226087];[0.678571,0.269841,0.051587];[0.467289719626,0.140186915888,0.345794392523,0.0467289719626];1;547.0;0.0886083430805;670;186;0.30333333333333334;1.375;39.76833333333334;44.208333333333336;64.97666666666667;9.666666666666666;22.25;13.375;2.2916666666666665;0.0;3.208333333333334;0.0;4.670000000000001;0.4566666666666667;2.14;5.208333333333333;9.791666666666666
11286;zone14;7332.222205807836;2329.961970144465;0.0;zone14;S01010216;15;621;464;361;[0.6,0.4,0.0];[0.597701,0.356322,0.045977];[0.409091,0.439394,0.151515];[0.709544,0.273859,0.016598];[0.5,0.163265306122,0.265306122449,0.0714285714286];1;600.0;0.150092344085;1303;79;0.208;1.2666666666666666;52.263999999999996;31.933333333333334;62.336000000000006;8.066666666666666;21.266666666666666;18.066666666666666;1.442666666666667;0.0;2.5786666666666664;0.0;2.698666666666666;0.16533333333333333;2.136;4.133333333333334;6.133333333333334
11286;zone15;7299.833172322251;2625.8610945736937;0.0;zone15;S01010217;33;817;598;406;[0.16129,0.516129,0.322581];[0.565517,0.4,0.034483];[0.5,0.431373,0.068627];[0.702703,0.283784,0.013514];[0.541935483871,0.0967741935484,0.296774193548,0.0645161290323];1;1060.0;0.679274950851;1005;248;0.2872727272727273;1.303030303030303;42.99393939393939;41.333333333333336;66.43515151515153;9.848484848484848;22.636363636363637;14.757575757575758;1.8751515151515148;0.0;4.130909090909092;0.0;4.1490909090909085;0.26787878787878794;2.5769696969696962;4.515151515151516;9.787878787878787
11286;zone16;7142.953643082513;3018.5401822929393;0.0;zone16;S01010218;31;1018;790;587;[0.425532,0.404255,0.170213];[0.392523,0.453271,0.154206];[0.358209,0.492537,0.149254];[0.589124,0.335347,0.075529];[0.424657534247,0.109589041096,0.369863013699,0.0958904109589];1;557.0;0.101026678737;554;200;0.2541935483870968;0.967741935483871;38.03870967741935;42.193548387096776;69.28774193548388;12.096774193548388;23.838709677419356;12.774193548387096;3.2193548387096778;0.0;2.4993548387096776;0.0;5.824516129032258;0.4683870967741935;2.7148387096774194;4.161290322580645;11.03225806451613
11286;zone17;6738.8937706128745;4298.8917997019325;0.0;zone17;S01010219;21;503;382;274;[0.695652,0.304348,0.0];[0.758621,0.215517,0.025862];[0.761905,0.166667,0.071429];[0.781609,0.195402,0.022989];[0.41935483871,0.0752688172043,0.408602150538,0.0967741935484];2;184.0;-0.327838932938;1449;173;0.3180952380952381;1.5714285714285714;63.63047619047618;45.142857142857146;76.2304761904762;9.333333333333334;22.333333333333332;21.666666666666668;4.929523809523809;0.0;5.506666666666668;0.12380952380952381;2.3161904761904757;0.29523809523809535;2.1028571428571428;5.9523809523809526;12.428571428571429
11286;zone18;5915.780765415368;4211.222876105162;0.0;zone18;S01010220;7;476;433;279;[0.181159,0.608696,0.210145];[0.404255,0.531915,0.06383];[0.227273,0.704545,0.068182];[0.448276,0.482759,0.068966];[0.154545454545,0.0636363636364,0.318181818182,0.463636363636];5;267.0;-0.232306706325;1084;58;0.3142857142857143;1.5714285714285714;34.605714285714285;37.857142857142854;70.78285714285714;11.857142857142858;23.571428571428573;11.714285714285714;4.742857142857143;0.0;5.4399999999999995;0.4228571428571429;1.7142857142857142;0.4;2.2;6.857142857142857;11.857142857142858
11286;zone19;6341.0811208317455;3913.8398648988496;0.0;zone19;S01010221;13;546;394;260;[0.6,0.4,0.0];[0.557377,0.409836,0.032787];[0.538462,0.323077,0.138462];[0.699387,0.257669,0.042945];[0.609375,0.140625,0.203125,0.046875];1;635.0;0.19005459739;907;57;0.1723076923076923;1.8461538461538463;47.27076923076923;24.23076923076923;69.61538461538461;11.0;23.23076923076923;16.384615384615383;3.7753846153846147;0.0;2.5107692307692306;0.08;1.0615384615384615;0.32;1.8707692307692307;7.769230769230769;7.076923076923077
11286;zone20;7001.213463613622;4053.9957950241624;0.0;zone20;S01010222;15;492;414;285;[0.142857,0.5,0.357143];[0.432432,0.459459,0.108108];[0.348624,0.522936,0.12844];[0.747899,0.235294,0.016807];[0.345238095238,0.214285714286,0.309523809524,0.130952380952];1;377.0;-0.105830277325;1812;73;0.18666666666666668;2.0;64.82933333333332;31.466666666666665;77.21333333333334;11.333333333333334;23.333333333333332;22.066666666666666;3.304000000000001;0.0;2.8159999999999994;0.08266666666666667;2.8026666666666666;0.28;2.0506666666666664;7.6;8.533333333333333
11286;zone21;6986.8418912765155;3434.1450308482026;0.0;zone21;S01010223;4;556;462;337;[0.076923,0.538462,0.384615];[0.567797,0.330508,0.101695];[0.472222,0.444444,0.083333];[0.584699,0.36612,0.04918];[0.432432432432,0.162162162162,0.324324324324,0.0810810810811];1;439.0;-0.0353356041414;1732;17;0.16;0.75;81.15;39.25;78.53;9.5;23.0;27.75;4.890000000000001;0.0;3.11;0.0;2.58;0.53;2.89;2.5;10.0
11286;zone22;6247.397837456437;3329.661273309237;0.0;zone22;S01010224;40;1036;727;469;[0.405405,0.540541,0.054054];[0.592593,0.274074,0.133333];[0.418803,0.504274,0.076923];[0.768421,0.202632,0.028947];[0.506097560976,0.140243902439,0.268292682927,0.0853658536585];1;1004.0;0.614259332793;1046;208;0.203;1.55;47.101;29.525;70.23299999999999;11.45;23.525;15.9;4.441000000000001;0.0;2.587;0.072;1.77;0.42800000000000005;2.4510000000000005;5.875;8.5
11286;zone23;7827.985844039554;4105.4701191949;0.0;zone23;S01010225;33;812;636;431;[0.25,0.634615,0.115385];[0.469072,0.43299,0.097938];[0.54023,0.413793,0.045977];[0.672065,0.234818,0.093117];[0.385185185185,0.125925925926,0.325925925926,0.162962962963];1;1006.0;0.616572011517;1692;138;0.15757575757575756;1.6666666666666667;55.21333333333333;30.545454545454547;66.77090909090909;9.272727272727273;21.848484848484848;18.848484848484848;2.0787878787878786;0.0;2.626666666666667;0.0;2.501818181818182;0.4254545454545454;2.065454545454545;5.393939393939394;6.666666666666667
11286;zone24;7040.363001382077;4481.052780471187;0.0;zone24;S01010226;40;816;565;394;[0.454545,0.242424,0.30303];[0.715385,0.2,0.084615];[0.540541,0.405405,0.054054];[0.766917,0.18797,0.045113];[0.503355704698,0.201342281879,0.221476510067,0.0738255033557];2;422.0;-0.0548014077425;1183;507;0.486;1.075;56.249;62.025;82.571;9.95;23.875;19.375;8.279;0.0;8.932999999999998;0.17000000000000004;2.667;0.26;2.642;4.625;19.6
11286;zone25;6847.772309074456;4638.663588163389;0.0;zone25;S01010227;39;692;454;294;[0.413793,0.413793,0.172414];[0.704545,0.238636,0.056818];[0.654545,0.345455,0.0];[0.810606,0.159091,0.030303];[0.672268907563,0.0924369747899,0.159663865546,0.0756302521008];4;0.0;-0.540229885057;990;657;0.6451282051282051;1.1538461538461537;48.67692307692309;78.15384615384616;80.84307692307691;9.333333333333334;22.974358974358974;16.333333333333332;6.665641025641025;0.0;13.617435897435902;0.3230769230769231;2.848205128205128;0.24307692307692313;2.028717948717949;4.82051282051282;23.05128205128205
11286;zone26;8241.816993110848;4572.457656401622;0.0;zone26;S01010229;30;1016;787;508;[0.1,0.625,0.275];[0.350877,0.350877,0.298246];[0.348315,0.477528,0.174157];[0.565217,0.310559,0.124224];[0.420731707317,0.213414634146,0.292682926829,0.0731707317073];1;395.0;-0.0859445809966;1332;125;0.16;1.5;53.44133333333334;28.366666666666667;67.1;9.666666666666666;22.266666666666666;18.266666666666666;2.2933333333333326;0.0;2.733333333333334;0.016;1.993333333333333;0.26933333333333337;2.024;5.733333333333333;6.7
11286;zone27;7458.320056766788;4680.341251240345;0.0;zone27;S01010230;24;1005;772;577;[0.314286,0.628571,0.057143];[0.703883,0.296117,0.0];[0.727273,0.218182,0.054545];[0.71831,0.24507,0.03662];[0.517857142857,0.136904761905,0.267857142857,0.077380952381];1;846.0;0.433218203459;916;153;0.24666666666666667;1.0833333333333333;43.99000000000001;39.458333333333336;65.41999999999999;9.958333333333334;21.958333333333332;14.958333333333334;3.3200000000000003;0.0;4.461666666666666;0.06333333333333334;1.9616666666666662;0.35166666666666674;2.2433333333333336;4.625;9.333333333333334
11286;zone28;7569.802990100143;4917.458811240416;0.0;zone28;S01010232;37;1074;792;485;[0.457143,0.485714,0.057143];[0.557292,0.338542,0.104167];[0.492063,0.333333,0.174603];[0.654229,0.251244,0.094527];[0.470297029703,0.153465346535,0.306930693069,0.0693069306931];1;771.0;0.347049794199;837;244;0.25405405405405407;1.2972972972972974;40.82378378378378;37.67567567567568;65.53405405405405;10.216216216216216;22.513513513513512;13.972972972972974;2.4702702702702704;0.0;3.713513513513513;0.09513513513513515;3.2345945945945958;0.2443243243243243;2.3221621621621624;5.162162162162162;9.0
11286;zone29;7830.713068379679;4879.746446724283;0.0;zone29;S01010233;33;970;705;476;[0.275,0.625,0.1];[0.655629,0.245033,0.099338];[0.52809,0.426966,0.044944];[0.771505,0.212366,0.016129];[0.587209302326,0.093023255814,0.261627906977,0.0581395348837];1;284.0;-0.213781821634;1237;197;0.2290909090909091;1.2121212121212122;54.05696969696969;41.303030303030305;69.4969696969697;9.878787878787879;22.454545454545453;18.242424242424242;1.644848484848485;0.0;3.5333333333333337;0.15393939393939393;4.77090909090909;0.3151515151515153;2.436363636363637;4.393939393939394;9.575757575757576
11286;zone30;6473.383843181837;4954.519765957263;0.0;zone30;S01010261;6;2551;2373;526;[0.666667,0.270833,0.0625];[0.675841,0.281346,0.042813];[0.75,0.25,0.0];[0.824468,0.164894,0.010638];[0.41,0.06,0.41,0.12];3;176.0;-0.337679921334;1773;38;0.24666666666666667;1.8333333333333333;71.48666666666666;41.333333333333336;79.39333333333333;9.5;23.333333333333332;24.333333333333332;3.973333333333333;0.0;2.9866666666666664;0.0;4.48;0.30666666666666664;1.7466666666666668;7.0;11.0
11286;zone31;4930.642193689802;4959.449818932565;0.0;zone31;S01010266;3;555;474;237;[0.320755,0.556604,0.122642];[0.677273,0.254545,0.068182];[0.5,0.461538,0.038462];[0.534247,0.30137,0.164384];[0.141176470588,0.0588235294118,0.4,0.4];3;536.0;0.0761386922126;1147;16;0.2;2.3333333333333335;45.919999999999995;37.333333333333336;71.77333333333333;10.333333333333334;24.0;15.666666666666666;2.5733333333333333;0.0;2.973333333333333;0.9333333333333335;4.946666666666667;0.26666666666666666;2.3466666666666667;6.333333333333333;11.333333333333334
11286;zone32;5712.5549897826;4979.400336637217;0.0;zone32;S01010270;4;1153;972;817;[0.389831,0.533898,0.076271];[0.70255,0.252125,0.045326];[0.714286,0.272727,0.012987];[0.771552,0.228448,0.0];[0.125,0.0909090909091,0.454545454545,0.329545454545];1;871.0;0.461200629557;1680;13;0.12;1.75;60.89;25.25;69.89999999999999;10.0;22.5;21.0;2.4400000000000004;0.0;0.88;0.0;2.74;0.30000000000000004;2.58;5.25;5.5
11286;zone33;3394.0723536088512;4934.677182292946;0.0;zone33;S01010282;13;976;841;645;[0.438776,0.520408,0.040816];[0.545732,0.405488,0.04878];[0.521277,0.382979,0.095745];[0.712707,0.232044,0.055249];[0.190954773869,0.070351758794,0.35175879397,0.386934673367];2;350.0;-0.137812028107;1339;57;0.16923076923076924;2.230769230769231;49.353846153846156;31.615384615384617;73.56615384615384;11.538461538461538;23.153846153846153;16.846153846153847;1.566153846153846;0.0;5.827692307692308;0.4461538461538461;1.0953846153846154;0.34153846153846157;1.1015384615384614;9.76923076923077;8.538461538461538
11286;zone34;4385.789287498423;4835.237486850067;0.0;zone34;S01010289;15;771;687;380;[0.130952,0.511905,0.357143];[0.262911,0.502347,0.234742];[0.178571,0.464286,0.357143];[0.410256,0.435897,0.153846];[0.058064516129,0.0322580645161,0.245161290323,0.664516129032];5;259.0;-0.241396294863;1285;202;0.5146666666666667;2.8;54.81066666666666;59.46666666666667;81.04266666666666;9.266666666666667;23.066666666666666;18.733333333333334;3.2239999999999998;0.0;7.312;1.5040000000000002;3.602666666666666;0.18933333333333333;0.9520000000000001;11.533333333333333;15.2
11286;zone35;4401.5375624188455;4669.062022109911;0.0;zone35;S01010290;13;546;485;278;[0.198198,0.603604,0.198198];[0.485944,0.449799,0.064257];[0.555556,0.444444,0.0];[0.435897,0.512821,0.051282];[0.10752688172,0.0430107526882,0.494623655914,0.354838709677];3;353.0;-0.133686757747;1095;203;0.5907692307692308;1.4615384615384615;49.861538461538466;70.0;81.83692307692307;9.76923076923077;23.384615384615383;17.46153846153846;5.498461538461537;0.0;10.852307692307692;1.48;3.550769230769231;0.3815384615384616;1.8676923076923075;5.923076923076923;20.846153846153847
11286;zone36;4119.983651650423;4281.100418217042;0.0;zone36;S01010291;12;1075;975;481;[0.405594,0.447552,0.146853];[0.627907,0.277132,0.094961];[0.415094,0.433962,0.150943];[0.562963,0.325926,0.111111];[0.197080291971,0.0729927007299,0.445255474453,0.284671532847];3;438.0;-0.0363924713322;951;134;0.42333333333333334;1.25;48.51666666666666;68.5;68.27666666666666;7.0;20.833333333333332;16.583333333333332;4.766666666666667;0.0;8.093333333333334;0.9900000000000001;2.026666666666667;0.16666666666666666;1.8399999999999996;4.25;15.333333333333334
11286;zone37;4399.731076226201;4291.6703625917;0.0;zone37;S01010292;10;890;831;409;[0.348214,0.508929,0.142857];[0.477169,0.420091,0.10274];[0.339286,0.446429,0.214286];[0.55814,0.383721,0.05814];[0.128378378378,0.0540540540541,0.398648648649,0.418918918919];4;323.0;-0.168488563048;1246;133;0.504;2.3;53.664;59.5;76.432;8.1;21.9;18.3;6.004000000000001;0.0;8.176;0.8640000000000001;1.7119999999999997;0.076;1.3039999999999998;7.9;16.3
11286;zone38;4514.690807242894;4541.15458266895;0.0;zone38;S01010293;16;839;723;373;[0.51773,0.35461,0.12766];[0.635389,0.262735,0.101877];[0.446809,0.319149,0.234043];[0.514286,0.392857,0.092857];[0.242424242424,0.0606060606061,0.393939393939,0.30303030303];3;290.0;-0.205814991507;1089;190;0.4625;1.3125;50.775;65.125;70.5225;8.1875;21.75;16.875;5.6674999999999995;0.0;5.8525;0.645;3.1475;0.255;1.9124999999999996;4.4375;14.875
11286;zone39;4541.7482834333705;4418.565122351524;0.0;zone39;S01010294;13;690;631;275;[0.242105,0.526316,0.231579];[0.650873,0.214464,0.134663];[0.583333,0.208333,0.208333];[0.414894,0.489362,0.095745];[0.164835164835,0.043956043956,0.494505494505,0.296703296703];4;440.0;-0.0342259463805;1030;169;0.49538461538461537;1.2307692307692308;59.0;63.69230769230769;80.96615384615386;10.615384615384615;23.692307692307693;20.384615384615383;6.046153846153846;0.0;5.550769230769232;0.9107692307692308;4.695384615384615;0.26153846153846155;2.0861538461538465;5.230769230769231;16.846153846153847
11286;zone40;4766.8646917667475;4574.50133624035;0.0;zone40;S01010295;18;974;870;427;[0.384615,0.391026,0.224359];[0.604555,0.310559,0.084886];[0.428571,0.285714,0.285714];[0.390728,0.516556,0.092715];[0.212765957447,0.113475177305,0.297872340426,0.375886524823];4;529.0;0.0680145754747;996;223;0.48;1.3888888888888888;43.288888888888884;62.94444444444444;71.24;9.444444444444445;22.444444444444443;14.444444444444445;4.133333333333334;0.0;8.259999999999998;1.1688888888888889;2.9177777777777774;0.18666666666666668;1.586666666666667;4.888888888888889;15.833333333333334
11286;zone41;4647.752341766679;4736.091736240359;0.0;zone41;S01010296;16;664;560;291;[0.294118,0.423529,0.282353];[0.520913,0.368821,0.110266];[0.375,0.375,0.25];[0.475524,0.391608,0.132867];[0.282828282828,0.111111111111,0.363636363636,0.242424242424];2;856.0;0.444094443477;956;181;0.435;2.1875;53.05500000000001;55.5;81.21249999999999;10.25;23.875;18.0625;4.245000000000001;0.0;5.432499999999999;1.1225;4.840000000000001;0.28750000000000003;1.6400000000000001;9.75;15.1875
11286;zone42;5522.849421766708;4411.996091240393;0.0;zone42;S01010297;7;1066;894;676;[0.582609,0.382609,0.034783];[0.691824,0.245283,0.062893];[0.540541,0.333333,0.126126];[0.681275,0.270916,0.047809];[0.260563380282,0.140845070423,0.37323943662,0.225352112676];1;504.0;0.0391758595379;1101;52;0.2914285714285714;0.7142857142857143;47.457142857142856;47.285714285714285;61.537142857142854;8.714285714285714;21.571428571428573;16.285714285714285;2.5085714285714285;0.0;2.0342857142857147;0.42857142857142855;3.502857142857143;0.2285714285714286;1.9085714285714286;2.857142857142857;8.0
11286;zone43;4706.481893689814;4143.807995855712;0.0;zone43;S01010298;12;880;677;515;[0.308943,0.479675,0.211382];[0.581395,0.356589,0.062016];[0.539683,0.396825,0.063492];[0.744828,0.193103,0.062069];[0.227272727273,0.0984848484848,0.371212121212,0.30303030303];1;486.0;0.0190902878356;1073;69;0.22;1.0833333333333333;54.97999999999999;39.416666666666664;69.41000000000001;9.833333333333334;22.333333333333332;18.666666666666668;3.6933333333333334;0.0;4.033333333333333;0.6066666666666666;1.1733333333333331;0.22333333333333338;2.0733333333333337;5.0;9.0
11286;zone44;4885.424673909578;4209.645754097502;0.0;zone44;S01010299;4;536;404;292;[0.3,0.54,0.16];[0.556701,0.340206,0.103093];[0.458333,0.520833,0.020833];[0.584906,0.283019,0.132075];[0.428571428571,0.0857142857143,0.285714285714,0.2];1;375.0;-0.10827530326;740;37;0.35;1.25;39.879999999999995;58.25;73.91999999999999;11.25;23.5;13.25;6.710000000000001;0.0;3.95;1.23;4.51;0.14;1.8999999999999997;5.5;15.75
11286;zone45;4883.397012115578;4340.414778682246;0.0;zone45;S01010300;21;934;764;478;[0.460784,0.411765,0.127451];[0.664653,0.238671,0.096677];[0.632353,0.323529,0.044118];[0.606383,0.329787,0.06383];[0.3046875,0.125,0.3515625,0.21875];2;513.0;0.0498225801839;582;207;0.37714285714285717;1.7619047619047619;41.62095238095238;45.61904761904762;71.39809523809524;11.0;23.333333333333332;14.19047619047619;4.666666666666667;0.0;2.9199999999999995;0.7352380952380952;4.232380952380952;0.38857142857142857;2.07047619047619;6.333333333333333;12.047619047619047
11286;zone46;5144.66081966521;4032.769083704074;0.0;zone46;S01010301;6;522;457;283;[0.292683,0.597561,0.109756];[0.57563,0.315126,0.109244];[0.222222,0.703704,0.074074];[0.561798,0.393258,0.044944];[0.214285714286,0.0612244897959,0.459183673469,0.265306122449];4;490.0;0.0232745011966;1399;90;0.5733333333333334;0.8333333333333334;49.82666666666666;62.0;69.89333333333333;9.0;21.833333333333332;17.166666666666668;8.166666666666666;0.0;2.166666666666667;0.64;3.4666666666666663;0.43333333333333335;1.7800000000000002;3.3333333333333335;14.0
11286;zone47;5165.568789180556;4297.038752619699;0.0;zone47;S01010302;24;669;495;388;[0.65625,0.28125,0.0625];[0.6,0.356522,0.043478];[0.716981,0.226415,0.056604];[0.801802,0.18018,0.018018];[0.582417582418,0.0769230769231,0.263736263736,0.0769230769231];1;392.0;-0.0896499889057;1209;188;0.3;1.4583333333333333;52.063333333333325;46.416666666666664;71.72166666666669;10.0;22.5;17.958333333333332;5.278333333333333;0.0;2.555;0.3916666666666666;3.0649999999999995;0.2900000000000001;2.081666666666667;6.0;10.833333333333334
11286;zone48;5241.140616766716;4139.402270499609;0.0;zone48;S01010303;33;579;387;250;[0.692308,0.153846,0.153846];[0.56701,0.298969,0.134021];[0.630435,0.282609,0.086957];[0.658879,0.285047,0.056075];[0.58407079646,0.106194690265,0.274336283186,0.0353982300885];1;415.0;-0.0627120940391;1610;280;0.32;0.7878787878787878;43.579393939393924;46.18181818181818;70.99272727272728;11.242424242424242;23.393939393939394;14.757575757575758;7.328484848484847;0.0;2.8533333333333335;0.5248484848484849;2.5999999999999996;0.34545454545454546;2.7466666666666666;3.5454545454545454;12.818181818181818
11286;zone49;4853.647576226233;3833.123065294377;0.0;zone49;S01010304;12;542;456;332;[0.323529,0.514706,0.161765];[0.635135,0.25,0.114865];[0.477273,0.522727,0.0];[0.829268,0.109756,0.060976];[0.372340425532,0.0425531914894,0.297872340426,0.287234042553];1;804.0;0.384523850516;1465;86;0.27666666666666667;2.25;64.73666666666666;43.083333333333336;86.29666666666667;11.166666666666666;24.166666666666668;22.083333333333332;9.046666666666665;0.0;1.9599999999999997;0.18666666666666668;3.1;0.15333333333333335;2.1700000000000004;10.416666666666666;13.833333333333334
11286;zone50;4697.410406890209;3639.1027396354093;0.0;zone50;S01010305;7;807;694;478;[0.36036,0.468468,0.171171];[0.553191,0.33617,0.110638];[0.409639,0.301205,0.289157];[0.589888,0.337079,0.073034];[0.198529411765,0.0735294117647,0.382352941176,0.345588235294];1;223.0;-0.28282788147;584;57;0.3142857142857143;1.1428571428571428;43.91428571428572;37.57142857142857;66.62285714285714;10.714285714285714;22.428571428571427;14.714285714285714;6.039999999999999;0.0;2.3714285714285714;0.5371428571428573;0.5142857142857143;0.5142857142857143;2.457142857142857;4.571428571428571;8.857142857142858
11286;zone51;4591.3082521834585;3868.367573740388;0.0;zone51;S01010306;13;752;675;449;[0.35625,0.56875,0.075];[0.570588,0.355882,0.073529];[0.283019,0.566038,0.150943];[0.650943,0.330189,0.018868];[0.165680473373,0.0473372781065,0.479289940828,0.307692307692];2;238.0;-0.265781391166;688;157;0.46153846153846156;1.2307692307692308;42.689230769230775;59.92307692307692;72.28;9.923076923076923;22.692307692307693;14.23076923076923;10.821538461538463;0.0;3.5046153846153847;1.2061538461538461;1.4184615384615387;0.16;2.4738461538461536;4.0;16.53846153846154
11286;zone52;4503.72067559025;3742.2957906521283;0.0;zone52;S01010307;9;821;732;428;[0.189922,0.577519,0.232558];[0.407407,0.487654,0.104938];[0.346154,0.538462,0.115385];[0.71875,0.234375,0.046875];[0.0681818181818,0.0568181818182,0.375,0.5];5;319.0;-0.172537833795;476;140;0.6;1.8888888888888888;49.906666666666666;72.88888888888889;78.07999999999998;8.555555555555555;21.88888888888889;16.555555555555557;13.324444444444445;0.0;5.053333333333334;1.017777777777778;0.7288888888888887;0.15111111111111108;1.5911111111111111;7.111111111111111;19.77777777777778
11286;zone53;4364.519870735056;4047.768725526131;0.0;zone53;S01010308;9;975;858;480;[0.285714,0.54007,0.174216];[0.511936,0.384615,0.103448];[0.254902,0.411765,0.333333];[0.648352,0.307692,0.043956];[0.0970873786408,0.0631067961165,0.359223300971,0.480582524272];4;257.0;-0.244477582955;1277;145;0.6133333333333333;2.0;69.11111111111111;73.11111111111111;92.61777777777777;9.555555555555555;23.88888888888889;23.444444444444443;9.537777777777777;0.0;9.937777777777779;1.8311111111111111;2.6755555555555555;0.2755555555555556;1.1822222222222223;8.444444444444445;23.555555555555557
11286;zone54;5381.88771051669;3636.3205112402793;0.0;zone54;S01010309;4;419;356;264;[0.333333,0.25,0.416667];[0.478873,0.422535,0.098592];[0.352941,0.382353,0.264706];[0.705882,0.24183,0.052288];[0.365853658537,0.170731707317,0.390243902439,0.0731707317073];1;0.0;-0.540229885057;1922;21;0.2;1.75;81.31;40.25;84.72000000000001;10.5;24.25;28.25;2.13;0.0;3.64;0.15;5.279999999999999;0.34;2.02;6.75;10.5
11286;zone55;5657.373406240428;3625.6586165034923;0.0;zone55;S01010310;13;706;540;381;[0.333333,0.238095,0.428571];[0.565517,0.337931,0.096552];[0.54902,0.27451,0.176471];[0.715415,0.256917,0.027668];[0.484848484848,0.151515151515,0.318181818182,0.0454545454545];1;574.0;0.120406534162;830;83;0.24307692307692308;1.4615384615384615;50.28;34.15384615384615;69.66461538461539;10.846153846153847;23.23076923076923;17.384615384615383;2.0215384615384617;0.0;2.421538461538461;0.5169230769230769;3.218461538461539;0.4030769230769231;1.9784615384615387;6.076923076923077;7.615384615384615
11286;zone56;5685.425126382168;3318.6970593171873;0.0;zone56;S01010311;22;721;556;351;[0.411765,0.352941,0.235294];[0.472222,0.453704,0.074074];[0.571429,0.404762,0.02381];[0.717949,0.271062,0.010989];[0.565217391304,0.121739130435,0.269565217391,0.0434782608696];1;1534.0;1.22364271569;1922;131;0.23272727272727273;1.1363636363636365;68.54181818181817;40.18181818181818;77.26545454545455;10.045454545454545;23.227272727272727;23.227272727272727;3.690909090909091;0.0;3.747272727272727;0.07818181818181819;3.3436363636363633;0.2254545454545455;2.541818181818182;5.409090909090909;10.454545454545455
11286;zone57;5466.52613028024;3072.1402274564575;0.0;zone57;S01010312;34;868;647;425;[0.117647,0.823529,0.058824];[0.754386,0.22807,0.017544];[0.407407,0.444444,0.148148];[0.804945,0.153846,0.041209];[0.586956521739,0.115942028986,0.268115942029,0.0289855072464];1;685.0;0.247477927043;1687;196;0.2223529411764706;1.0588235294117647;51.01999999999999;35.205882352941174;70.47294117647057;11.5;23.441176470588236;17.352941176470587;2.722352941176471;0.0;3.4682352941176466;0.10117647058823531;3.4917647058823538;0.33176470588235296;2.7517647058823536;3.735294117647059;9.323529411764707
11286;zone58;5251.7403530303945;3502.549209042501;0.0;zone58;S01010313;16;654;529;356;[0.428571,0.285714,0.285714];[0.6,0.333333,0.066667];[0.433735,0.481928,0.084337];[0.739623,0.162264,0.098113];[0.648351648352,0.131868131868,0.175824175824,0.043956043956];1;565.0;0.109617915218;2106;98;0.2375;1.5625;68.7275;36.5;75.26;9.125;22.5625;23.5;3.479999999999999;0.0;3.075;0.10750000000000001;2.8625;0.29750000000000004;2.235;6.0;9.0625
11286;zone59;4840.312157862589;3385.4448126102257;0.0;zone59;S01010314;21;1248;1034;550;[0.358209,0.507463,0.134328];[0.514493,0.333333,0.152174];[0.5,0.326923,0.173077];[0.636,0.324,0.04];[0.316901408451,0.133802816901,0.401408450704,0.147887323944];1;637.0;0.192402372167;1220;137;0.25333333333333335;1.7619047619047619;56.08952380952381;34.19047619047619;70.3733333333333;9.476190476190476;22.047619047619047;19.142857142857142;4.087619047619048;0.0;2.8438095238095245;0.4057142857142858;1.1638095238095236;0.23428571428571432;2.1676190476190476;6.857142857142857;8.047619047619047
11286;zone60;4536.293429266749;2504.1273706154316;0.0;zone60;S01010315;43;911;678;409;[0.180723,0.554217,0.26506];[0.252632,0.457895,0.289474];[0.208333,0.5,0.291667];[0.55144,0.345679,0.102881];[0.308176100629,0.169811320755,0.358490566038,0.163522012579];2;382.0;-0.100954860853;1625;336;0.29674418604651165;1.744186046511628;55.4186046511628;40.48837209302326;73.4232558139535;10.023255813953488;22.74418604651163;18.976744186046513;4.176744186046511;0.0;3.848372093023257;0.0;2.8018604651162793;0.2799999999999999;2.1079069767441863;6.6976744186046515;10.325581395348838
11286;zone61;4589.6619547948285;2943.195659127726;0.0;zone61;S01010316;25;512;414;304;[0.392157,0.529412,0.078431];[0.62931,0.37069,0.0];[0.439024,0.560976,0.0];[0.775401,0.224599,0.0];[0.439252336449,0.102803738318,0.252336448598,0.205607476636];1;481.0;0.0128180141103;1378;226;0.3424;1.52;54.3504;44.04;80.792;11.32;24.56;18.68;5.729600000000001;0.0;5.726399999999999;0.18240000000000006;3.3087999999999997;0.23840000000000006;2.2112;7.16;14.44
11286;zone63;4421.5566371748755;3071.026327566895;0.0;zone63;S01010318;12;1588;1497;304;[0.5,0.456522,0.043478];[0.469799,0.47651,0.053691];[0.310345,0.37931,0.310345];[0.678571,0.285714,0.035714];[0.36,0.14,0.34,0.16];3;317.0;-0.175110645645;1152;142;0.46;1.0;68.17666666666666;56.166666666666664;83.53666666666668;9.833333333333334;23.583333333333332;23.5;8.793333333333331;0.0;6.903333333333335;0.7533333333333333;1.4766666666666666;0.19666666666666666;2.413333333333333;4.666666666666667;17.416666666666668
11286;zone64;4173.240913470097;2893.8040771744095;0.0;zone64;S01010319;9;711;624;407;[0.258741,0.608392,0.132867];[0.383399,0.486166,0.130435];[0.439394,0.212121,0.348485];[0.530769,0.384615,0.084615];[0.171974522293,0.0700636942675,0.471337579618,0.286624203822];2;473.0;0.00423719084943;1440;56;0.24;1.6666666666666667;55.34222222222221;37.0;79.74222222222221;11.333333333333334;23.88888888888889;18.88888888888889;6.786666666666665;0.0;3.795555555555555;0.24444444444444446;1.4;0.48000000000000004;2.3822222222222225;8.88888888888889;11.666666666666666
11286;zone65;3940.1918462749595;2900.8899784533987;0.0;zone65;S01010320;4;675;594;437;[0.257813,0.523438,0.21875];[0.61753,0.298805,0.083665];[0.526316,0.22807,0.245614];[0.805085,0.169492,0.025424];[0.172185430464,0.0662251655629,0.443708609272,0.317880794702];1;646.0;0.202453315259;1281;21;0.18;1.25;31.18;27.5;59.260000000000005;10.5;21.25;10.75;3.08;0.0;2.52;0.19;0.94;0.38000000000000006;1.9900000000000002;6.5;6.25
11286;zone66;3905.8658739096163;2664.6669636212755;0.0;zone66;S01010321;7;837;634;432;[0.401709,0.555556,0.042735];[0.54717,0.433962,0.018868];[0.45122,0.439024,0.109756];[0.666667,0.271186,0.062147];[0.212328767123,0.0958904109589,0.390410958904,0.301369863014];1;1019.0;0.631764531736;1683;22;0.11428571428571428;2.2857142857142856;57.777142857142856;21.285714285714285;62.88000000000001;7.857142857142857;21.428571428571427;19.714285714285715;1.56;0.0;1.5485714285714285;0.14857142857142858;1.262857142857143;0.10857142857142857;1.5942857142857143;6.142857142857143;4.0
11286;zone67;3630.3978644730896;3132.1651121578075;0.0;zone67;S01010322;9;1028;914;549;[0.174419,0.549419,0.276163];[0.412399,0.471698,0.115903];[0.298507,0.38806,0.313433];[0.647059,0.323529,0.029412];[0.057268722467,0.0352422907489,0.449339207048,0.458149779736];5;124.0;-0.397569575369;1592;146;0.6177777777777778;1.1111111111111112;64.60888888888888;80.66666666666667;75.49333333333335;7.222222222222222;21.11111111111111;22.333333333333332;7.688888888888887;0.0;7.577777777777779;1.0044444444444443;2.2088888888888887;0.15111111111111108;1.5422222222222224;3.111111111111111;17.88888888888889
11286;zone68;6208.193116766784;3072.425066795916;0.0;zone68;S01010323;4;603;466;377;[0.555556,0.444444,0.0];[0.657143,0.271429,0.071429];[0.642857,0.321429,0.035714];[0.793651,0.166667,0.039683];[0.578431372549,0.166666666667,0.235294117647,0.0196078431373];1;970.0;0.57559463238;989;21;0.21;2.0;45.81;32.75;65.72999999999999;9.75;21.75;16.0;4.36;0.0;1.1500000000000001;0.12;1.8900000000000001;0.6799999999999999;1.9500000000000002;6.25;7.0
11286;zone69;6517.651722029823;2240.572579661372;0.0;zone69;S01010324;6;759;566;403;[0.142857,0.571429,0.285714];[0.298077,0.490385,0.211538];[0.333333,0.530864,0.135802];[0.401674,0.414226,0.1841];[0.569620253165,0.101265822785,0.291139240506,0.0379746835443];1;407.0;-0.0721601679586;1966;30;0.18;2.0;41.37333333333333;32.666666666666664;70.82000000000001;11.166666666666666;23.166666666666668;14.333333333333334;4.126666666666666;0.0;1.8666666666666665;0.0;3.5666666666666664;0.40666666666666673;1.8533333333333333;8.5;9.0
11286;zone70;6038.016041009105;2402.8415869980217;0.0;zone70;S01010325;18;939;666;501;[0.263158,0.368421,0.368421];[0.383838,0.525253,0.090909];[0.253623,0.615942,0.130435];[0.451362,0.463035,0.085603];[0.545454545455,0.238636363636,0.193181818182,0.0227272727273];1;225.0;-0.281126582053;1646;110;0.2311111111111111;1.0;44.84444444444444;43.388888888888886;65.09333333333332;10.277777777777779;22.22222222222222;15.166666666666666;2.7777777777777777;0.0;2.155555555555556;0.0;4.768888888888888;0.3666666666666667;2.375555555555556;3.2222222222222223;9.333333333333334
11286;zone71;5272.359331052501;2740.775131541117;0.0;zone71;S01010326;39;987;707;494;[0.526316,0.368421,0.105263];[0.522523,0.333333,0.144144];[0.492188,0.3125,0.195313];[0.723514,0.224806,0.05168];[0.54375,0.16875,0.23125,0.05625];1;1389.0;1.05701743376;914;285;0.27692307692307694;1.0;49.374358974358984;43.0;73.5302564102564;11.307692307692308;23.23076923076923;16.82051282051282;2.596923076923077;0.0;8.838974358974358;0.0;2.062564102564103;0.3292307692307692;2.5651282051282047;4.17948717948718;12.948717948717949
11286;zone72;4970.167032608406;2501.795090448298;0.0;zone72;S01010327;34;982;660;362;[0.031746,0.507937,0.460317];[0.372881,0.432203,0.194915];[0.289063,0.328125,0.382813];[0.516892,0.347973,0.135135];[0.416184971098,0.21387283237,0.236994219653,0.132947976879];1;470.0;0.000335688704598;966;236;0.2647058823529412;1.5;45.23764705882352;36.94117647058823;66.91882352941174;9.470588235294118;22.029411764705884;15.441176470588236;2.88235294117647;0.0;5.671764705882354;0.0;1.5329411764705885;0.2811764705882353;1.9858823529411764;5.705882352941177;9.617647058823529
11286;zone73;5975.307390960257;2677.5485166167286;0.0;zone73;S01010328;24;969;706;445;[0.16129,0.5,0.33871];[0.27044,0.471698,0.257862];[0.192547,0.434783,0.372671];[0.338983,0.432203,0.228814];[0.309352517986,0.258992805755,0.280575539568,0.151079136691];2;457.0;-0.0138550124678;1953;196;0.31;1.0;46.97833333333333;45.041666666666664;66.37333333333333;9.916666666666666;22.416666666666668;15.708333333333334;3.9483333333333324;0.0;2.293333333333333;0.0;4.555000000000001;0.25666666666666677;2.026666666666667;3.3333333333333335;10.333333333333334
