cycle;name;location.x;location.y;location.z;name;dataZone;nm_children;pop;over16;nm_hh;AB_car_prob;C1_car_prob;C2_car_prob;DE_car_prob;prob_social;simd;crimeRate;norm_crime;avg_dis_sh;neigh_play;daily_play_per_child;avg_FSA;avg_walk;daily_OD;zone_mvpa;mvpa_home;mvpa_sc;mvpa_road;mvpa_play_field;mvpa_home_garden;mvpa_park;mvpa_PG;mvpa_amenity;mvpa_shops;mvpa_F_home;mvpa_fsa;mvpa_OD
11286;zone0;8448.90275962388;2625.4515469546564;0.0;zone0;S01010195;19;531;390;212;[0.0,0.481481,0.518519];[0.261538,0.646154,0.092308];[0.12,0.59,0.29];[0.447368,0.368421,0.184211];[0.418918918919,0.283783783784,0.202702702703,0.0945945945946];1;0.0;-0.540229885057;1308;108;0.22105263157894736;1.5263157894736843;44.16421052631579;35.21052631578947;70.43578947368422;10.894736842105264;23.526315789473685;15.0;1.5389473684210526;0.0;5.6000000000000005;0.0;3.014736842105263;0.3621052631578947;2.528421052631579;6.157894736842105;9.68421052631579
11286;zone1;8656.736904000718;2165.9902346445633;0.0;zone1;S01010198;18;1027;748;394;[0.058824,0.529412,0.411765];[0.305785,0.561983,0.132231];[0.219858,0.496454,0.283688];[0.523179,0.331126,0.145695];[0.48623853211,0.229357798165,0.266055045872,0.0183486238532];1;1609.0;1.3102524676;1858;72;0.14888888888888888;1.1666666666666667;55.99777777777778;30.38888888888889;68.58;10.333333333333334;22.72222222222222;19.166666666666668;1.2222222222222223;0.0;2.677777777777778;0.06444444444444444;3.1466666666666665;0.34222222222222226;2.6755555555555555;4.611111111111111;6.5
11286;zone2;8537.588755655543;3024.028900129281;0.0;zone2;S01010201;22;643;453;253;[0.0,0.47619,0.52381];[0.270833,0.3125,0.416667];[0.088,0.48,0.432];[0.296552,0.434483,0.268966];[0.365853658537,0.292682926829,0.292682926829,0.0487804878049];2;219.0;-0.28762447053;1584;177;0.3054545454545455;1.5;41.696363636363635;41.72727272727273;70.57818181818182;10.590909090909092;23.181818181818183;14.090909090909092;2.5418181818181815;0.0;6.534545454545454;0.06181818181818182;2.9018181818181823;0.2890909090909091;2.123636363636363;6.363636363636363;11.545454545454545
11286;zone3;8059.42097232239;3767.666522351409;0.0;zone3;S01010203;30;671;504;260;[0.090909,0.363636,0.545455];[0.263804,0.460123,0.276074];[0.094828,0.422414,0.482759];[0.183824,0.375,0.441176];[0.272727272727,0.218181818182,0.363636363636,0.145454545455];3;215.0;-0.292668818285;1942;218;0.2826666666666667;2.1333333333333333;52.53999999999999;39.833333333333336;76.09466666666664;10.633333333333333;23.366666666666667;17.933333333333334;3.8159999999999994;0.0;4.229333333333334;0.0;3.1973333333333334;0.2866666666666667;1.7039999999999997;9.2;10.7
11286;zone4;8368.288440296214;3565.498290652094;0.0;zone4;S01010204;30;800;589;381;[0.272727,0.727273,0.0];[0.627451,0.27451,0.098039];[0.444444,0.533333,0.022222];[0.600619,0.321981,0.077399];[0.595041322314,0.157024793388,0.239669421488,0.00826446280992];1;497.0;0.0317745673598;1361;197;0.252;1.1;51.994666666666674;40.56666666666667;65.164;8.633333333333333;21.566666666666666;17.933333333333334;1.6893333333333336;0.0;3.7986666666666675;0.07733333333333334;3.389333333333333;0.31200000000000006;2.602666666666667;3.566666666666667;8.5
11286;zone5;8034.229745798958;3515.110462853287;0.0;zone5;S01010205;15;658;534;355;[0.411765,0.117647,0.470588];[0.465116,0.457364,0.077519];[0.317757,0.588785,0.093458];[0.593458,0.280374,0.126168];[0.466666666667,0.2,0.3,0.0333333333333];1;925.0;0.523434132086;1338;90;0.232;2.2666666666666666;45.25333333333333;31.933333333333334;67.24266666666668;9.8;22.066666666666666;15.533333333333333;2.2239999999999998;0.0;3.3573333333333326;0.02133333333333333;2.552;0.22133333333333335;1.912;8.0;7.6
11286;zone6;7457.064719570519;3739.055375726369;0.0;zone6;S01010208;18;903;745;565;[0.30137,0.589041,0.109589];[0.48062,0.457364,0.062016];[0.272727,0.613636,0.113636];[0.66055,0.270642,0.068807];[0.233333333333,0.133333333333,0.461111111111,0.172222222222];1;603.0;0.153385979085;1405;86;0.18666666666666668;1.9444444444444444;50.913333333333334;35.27777777777778;73.53333333333333;11.11111111111111;23.0;17.5;2.9;0.0;3.782222222222222;0.0;3.0088888888888885;0.288888888888889;1.7622222222222221;8.055555555555555;9.277777777777779
11286;zone7;7917.838214725937;1939.334458859395;0.0;zone7;S01010209;24;966;677;468;[0.172414,0.586207,0.241379];[0.333333,0.414966,0.251701];[0.381944,0.458333,0.159722];[0.545852,0.336245,0.117904];[0.337931034483,0.248275862069,0.303448275862,0.110344827586];1;2053.0;1.82052250092;1599;125;0.2;0.9583333333333334;55.135;36.625;70.56166666666668;10.333333333333334;23.375;18.875;1.2766666666666666;0.0;3.7233333333333327;0.0;4.075000000000001;0.2883333333333334;2.648333333333333;4.208333333333333;8.5
11286;zone8;7878.406567747077;2721.2634132011362;0.0;zone8;S01010210;18;885;641;416;[0.173913,0.456522,0.369565];[0.21519,0.5,0.28481];[0.189781,0.386861,0.423358];[0.422111,0.442211,0.135678];[0.394736842105,0.236842105263,0.254385964912,0.114035087719];1;344.0;-0.144253829852;1043;81;0.17333333333333334;1.0;46.69555555555556;34.0;69.52222222222223;11.333333333333334;23.38888888888889;15.833333333333334;1.6822222222222223;0.0;4.559999999999999;0.0;3.1755555555555555;0.3177777777777779;2.457777777777778;5.166666666666667;8.944444444444445
11286;zone9;7785.599648345685;3201.783800714137;0.0;zone9;S01010211;22;858;634;452;[0.147059,0.705882,0.147059];[0.384615,0.452991,0.162393];[0.469565,0.4,0.130435];[0.722656,0.226563,0.050781];[0.473214285714,0.169642857143,0.285714285714,0.0714285714286];1;430.0;-0.0456985893816;1097;94;0.16;1.2272727272727273;45.50909090909091;33.13636363636363;69.91818181818181;11.5;23.727272727272727;15.045454545454545;1.830909090909091;0.0;3.6345454545454543;0.0;3.2072727272727266;0.4436363636363636;2.438181818181818;6.590909090909091;8.227272727272727
11286;zone10;7580.688680869333;3097.127786881416;0.0;zone10;S01010212;49;1083;779;559;[0.233333,0.633333,0.133333];[0.594771,0.339869,0.065359];[0.465517,0.405172,0.12931];[0.712821,0.269231,0.017949];[0.566037735849,0.138364779874,0.22641509434,0.0691823899371];1;1473.0;1.15298517036;1158;278;0.21714285714285714;1.183673469387755;50.7926530612245;36.51020408163265;70.69632653061227;11.26530612244898;22.857142857142858;17.224489795918366;2.36;0.0;4.200816326530612;0.0;3.27265306122449;0.3893877551020409;2.6097959183673467;5.040816326530612;9.36734693877551
11286;zone11;8065.177293237223;3111.5884965344962;0.0;zone11;S01010213;13;924;657;476;[0.105263,0.684211,0.210526];[0.382609,0.547826,0.069565];[0.218543,0.556291,0.225166];[0.467925,0.483019,0.049057];[0.451327433628,0.221238938053,0.274336283186,0.0530973451327];1;247.0;-0.255840453357;677;71;0.20307692307692307;1.4615384615384615;34.80307692307693;29.76923076923077;65.56;11.307692307692308;23.307692307692307;11.923076923076923;1.16;0.0;4.307692307692308;0.0;2.3415384615384616;0.4492307692307692;2.1938461538461542;6.769230769230769;7.3076923076923075
11286;zone12;7144.994858230166;1947.4125453867302;0.0;zone12;S01010214;27;967;717;396;[0.098592,0.28169,0.619718];[0.197531,0.438272,0.364198];[0.173333,0.493333,0.333333];[0.237069,0.487069,0.275862];[0.361344537815,0.210084033613,0.310924369748,0.117647058824];3;176.0;-0.337854473183;1798;178;0.2518518518518518;1.3333333333333333;48.475555555555566;39.74074074074074;77.9096296296296;12.333333333333334;24.444444444444443;16.59259259259259;5.105185185185184;0.0;4.9511111111111115;0.0;3.21925925925926;0.4;2.7362962962962962;6.333333333333333;12.851851851851851
11286;zone13;7013.590150664996;2618.495528189446;0.0;zone13;S01010215;24;850;608;492;[0.571429,0.285714,0.142857];[0.5,0.431373,0.068627];[0.382609,0.391304,0.226087];[0.678571,0.269841,0.051587];[0.467289719626,0.140186915888,0.345794392523,0.0467289719626];1;547.0;0.0886083430805;662;131;0.21;1.8333333333333333;39.59499999999999;34.875;71.63999999999999;11.875;24.0;13.5;1.7816666666666665;0.0;3.28;0.0;4.54;0.35500000000000004;2.1566666666666667;8.375;9.166666666666666
11286;zone14;7332.222205807836;2329.961970144465;0.0;zone14;S01010216;15;621;464;361;[0.6,0.4,0.0];[0.597701,0.356322,0.045977];[0.409091,0.439394,0.151515];[0.709544,0.273859,0.016598];[0.5,0.163265306122,0.265306122449,0.0714285714286];1;600.0;0.150092344085;1331;72;0.18666666666666668;0.8;56.450666666666656;36.4;71.37866666666667;11.066666666666666;23.333333333333332;19.4;1.6800000000000004;0.0;4.314666666666667;0.0;3.6693333333333333;0.47200000000000003;2.885333333333333;2.6666666666666665;9.2
11286;zone15;7299.833172322251;2625.8610945736937;0.0;zone15;S01010217;33;817;598;406;[0.16129,0.516129,0.322581];[0.565517,0.4,0.034483];[0.5,0.431373,0.068627];[0.702703,0.283784,0.013514];[0.541935483871,0.0967741935484,0.296774193548,0.0645161290323];1;1060.0;0.679274950851;999;202;0.23515151515151514;1.9393939393939394;43.561212121212144;36.81818181818182;70.06181818181817;10.575757575757576;23.060606060606062;14.909090909090908;1.8424242424242423;0.0;3.909090909090909;0.0;3.84;0.263030303030303;2.038787878787878;7.636363636363637;9.121212121212121
11286;zone16;7142.953643082513;3018.5401822929393;0.0;zone16;S01010218;31;1018;790;587;[0.425532,0.404255,0.170213];[0.392523,0.453271,0.154206];[0.358209,0.492537,0.149254];[0.589124,0.335347,0.075529];[0.424657534247,0.109589041096,0.369863013699,0.0958904109589];1;557.0;0.101026678737;510;179;0.21806451612903227;1.6129032258064515;33.64645161290322;36.645161290322584;62.882580645161276;10.548387096774194;22.35483870967742;11.419354838709678;1.867096774193548;0.0;2.8;0.0;3.5832258064516123;0.22064516129032263;2.0090322580645164;6.354838709677419;7.709677419354839
11286;zone17;6738.8937706128745;4298.8917997019325;0.0;zone17;S01010219;21;503;382;274;[0.695652,0.304348,0.0];[0.758621,0.215517,0.025862];[0.761905,0.166667,0.071429];[0.781609,0.195402,0.022989];[0.41935483871,0.0752688172043,0.408602150538,0.0967741935484];2;184.0;-0.327838932938;1476;204;0.37333333333333335;1.1904761904761905;72.26666666666667;51.476190476190474;88.3504761904762;10.80952380952381;24.523809523809526;24.523809523809526;6.179047619047618;0.0;8.897142857142857;0.04761904761904762;2.8;0.32;2.518095238095238;5.761904761904762;17.428571428571427
11286;zone18;5915.780765415368;4211.222876105162;0.0;zone18;S01010220;7;476;433;279;[0.181159,0.608696,0.210145];[0.404255,0.531915,0.06383];[0.227273,0.704545,0.068182];[0.448276,0.482759,0.068966];[0.154545454545,0.0636363636364,0.318181818182,0.463636363636];5;267.0;-0.232306706325;1008;76;0.4114285714285714;1.7142857142857142;34.93714285714286;47.857142857142854;73.50857142857144;11.714285714285714;23.0;11.857142857142858;7.49142857142857;0.0;5.034285714285714;0.6914285714285714;1.7314285714285713;0.2571428571428572;1.6400000000000001;8.142857142857142;14.285714285714286
11286;zone19;6341.0811208317455;3913.8398648988496;0.0;zone19;S01010221;13;546;394;260;[0.6,0.4,0.0];[0.557377,0.409836,0.032787];[0.538462,0.323077,0.138462];[0.699387,0.257669,0.042945];[0.609375,0.140625,0.203125,0.046875];1;635.0;0.19005459739;1030;67;0.19692307692307692;1.4615384615384615;51.901538461538465;36.61538461538461;69.92307692307693;9.846153846153847;22.53846153846154;17.692307692307693;5.827692307692307;0.0;3.1784615384615384;0.1846153846153846;1.3230769230769233;0.32;2.0276923076923077;5.153846153846154;10.23076923076923
11286;zone20;7001.213463613622;4053.9957950241624;0.0;zone20;S01010222;15;492;414;285;[0.142857,0.5,0.357143];[0.432432,0.459459,0.108108];[0.348624,0.522936,0.12844];[0.747899,0.235294,0.016807];[0.345238095238,0.214285714286,0.309523809524,0.130952380952];1;377.0;-0.105830277325;1800;97;0.24533333333333332;0.8;60.46133333333333;47.333333333333336;76.55999999999999;10.466666666666667;23.333333333333332;20.866666666666667;3.8853333333333335;0.0;5.656000000000001;0.0;3.845333333333333;0.3893333333333334;2.9600000000000004;3.533333333333333;12.866666666666667
11286;zone21;6986.8418912765155;3434.1450308482026;0.0;zone21;S01010223;4;556;462;337;[0.076923,0.538462,0.384615];[0.567797,0.330508,0.101695];[0.472222,0.444444,0.083333];[0.584699,0.36612,0.04918];[0.432432432432,0.162162162162,0.324324324324,0.0810810810811];1;439.0;-0.0353356041414;1668;18;0.18;1.5;44.83;30.25;72.32000000000001;11.5;24.75;15.75;4.26;0.0;2.67;0.0;2.81;0.0;2.79;5.75;9.5
11286;zone22;6247.397837456437;3329.661273309237;0.0;zone22;S01010224;40;1036;727;469;[0.405405,0.540541,0.054054];[0.592593,0.274074,0.133333];[0.418803,0.504274,0.076923];[0.768421,0.202632,0.028947];[0.506097560976,0.140243902439,0.268292682927,0.0853658536585];1;1004.0;0.614259332793;768;205;0.2;1.35;46.434000000000005;29.6;68.768;11.275;23.4;15.875;3.323999999999999;0.0;2.534;0.194;2.3020000000000005;0.364;2.4650000000000007;5.275;7.875
11286;zone23;7827.985844039554;4105.4701191949;0.0;zone23;S01010225;33;812;636;431;[0.25,0.634615,0.115385];[0.469072,0.43299,0.097938];[0.54023,0.413793,0.045977];[0.672065,0.234818,0.093117];[0.385185185185,0.125925925926,0.325925925926,0.162962962963];1;1006.0;0.616572011517;1646;173;0.20242424242424242;1.2121212121212122;55.43636363636362;37.63636363636363;68.73575757575759;9.272727272727273;22.272727272727273;18.848484848484848;3.0084848484848483;0.0;3.65090909090909;0.0;2.677575757575758;0.27272727272727265;2.326060606060606;4.393939393939394;8.848484848484848
11286;zone24;7040.363001382077;4481.052780471187;0.0;zone24;S01010226;40;816;565;394;[0.454545,0.242424,0.30303];[0.715385,0.2,0.084615];[0.540541,0.405405,0.054054];[0.766917,0.18797,0.045113];[0.503355704698,0.201342281879,0.221476510067,0.0738255033557];2;422.0;-0.0548014077425;1036;492;0.469;1.1;48.288000000000004;61.35;78.63800000000002;10.25;23.55;16.575;6.6579999999999995;0.0;8.522;0.202;3.3630000000000004;0.25699999999999995;2.3110000000000004;5.25;18.375
11286;zone25;6847.772309074456;4638.663588163389;0.0;zone25;S01010227;39;692;454;294;[0.413793,0.413793,0.172414];[0.704545,0.238636,0.056818];[0.654545,0.345455,0.0];[0.810606,0.159091,0.030303];[0.672268907563,0.0924369747899,0.159663865546,0.0756302521008];4;0.0;-0.540229885057;1183;610;0.6030769230769231;1.2307692307692308;60.474871794871795;78.2051282051282;79.42871794871795;7.9743589743589745;22.153846153846153;20.615384615384617;5.513846153846155;0.0;12.788717948717947;0.16615384615384615;2.741538461538462;0.13230769230769232;1.9097435897435895;3.5384615384615383;20.692307692307693
11286;zone26;8241.816993110848;4572.457656401622;0.0;zone26;S01010229;30;1016;787;508;[0.1,0.625,0.275];[0.350877,0.350877,0.298246];[0.348315,0.477528,0.174157];[0.565217,0.310559,0.124224];[0.420731707317,0.213414634146,0.292682926829,0.0731707317073];1;395.0;-0.0859445809966;1321;158;0.20133333333333334;0.8333333333333334;43.65066666666666;34.7;64.42399999999999;10.4;22.366666666666667;14.766666666666667;2.9373333333333345;0.0;3.526666666666666;0.04533333333333334;2.2186666666666666;0.36400000000000005;2.6546666666666665;3.466666666666667;8.233333333333333
11286;zone27;7458.320056766788;4680.341251240345;0.0;zone27;S01010230;24;1005;772;577;[0.314286,0.628571,0.057143];[0.703883,0.296117,0.0];[0.727273,0.218182,0.054545];[0.71831,0.24507,0.03662];[0.517857142857,0.136904761905,0.267857142857,0.077380952381];1;846.0;0.433218203459;1140;176;0.2733333333333333;1.2083333333333333;50.78333333333333;42.583333333333336;71.64500000000001;10.083333333333334;22.875;17.083333333333332;3.666666666666666;0.0;5.293333333333333;0.135;2.6966666666666668;0.2433333333333334;2.5133333333333336;5.333333333333333;11.333333333333334
11286;zone28;7569.802990100143;4917.458811240416;0.0;zone28;S01010232;37;1074;792;485;[0.457143,0.485714,0.057143];[0.557292,0.338542,0.104167];[0.492063,0.333333,0.174603];[0.654229,0.251244,0.094527];[0.470297029703,0.153465346535,0.306930693069,0.0693069306931];1;771.0;0.347049794199;973;263;0.2756756756756757;1.4054054054054055;46.50162162162162;41.432432432432435;68.41081081081082;10.108108108108109;22.56756756756757;15.621621621621621;2.017297297297297;0.0;4.526486486486487;0.12972972972972974;3.894054054054054;0.27027027027027023;2.3016216216216216;5.324324324324325;10.108108108108109
11286;zone29;7830.713068379679;4879.746446724283;0.0;zone29;S01010233;33;970;705;476;[0.275,0.625,0.1];[0.655629,0.245033,0.099338];[0.52809,0.426966,0.044944];[0.771505,0.212366,0.016129];[0.587209302326,0.093023255814,0.261627906977,0.0581395348837];1;284.0;-0.213781821634;1070;233;0.27151515151515154;0.8181818181818182;41.79999999999999;42.21212121212121;64.12242424242424;10.212121212121213;22.666666666666668;14.06060606060606;1.450909090909091;0.0;3.332121212121213;0.08606060606060606;4.91878787878788;0.343030303030303;2.2230303030303036;3.1818181818181817;9.333333333333334
11286;zone30;6473.383843181837;4954.519765957263;0.0;zone30;S01010261;6;2551;2373;526;[0.666667,0.270833,0.0625];[0.675841,0.281346,0.042813];[0.75,0.25,0.0];[0.824468,0.164894,0.010638];[0.41,0.06,0.41,0.12];3;176.0;-0.337679921334;1759;33;0.20666666666666667;2.1666666666666665;60.553333333333335;31.166666666666668;71.89333333333333;9.0;22.5;20.333333333333332;2.2533333333333334;0.0;2.8000000000000003;0.0;3.0866666666666673;0.4000000000000001;1.78;7.333333333333333;7.666666666666667
11286;zone31;4930.642193689802;4959.449818932565;0.0;zone31;S01010266;3;555;474;237;[0.320755,0.556604,0.122642];[0.677273,0.254545,0.068182];[0.5,0.461538,0.038462];[0.534247,0.30137,0.164384];[0.141176470588,0.0588235294118,0.4,0.4];3;536.0;0.0761386922126;1177;17;0.21333333333333335;1.3333333333333333;51.46666666666667;37.333333333333336;66.33333333333333;10.0;21.333333333333332;18.0;2.72;0.0;1.3733333333333333;0.6133333333333333;3.2133333333333334;0.14666666666666667;2.4533333333333336;5.0;7.333333333333333
11286;zone32;5712.5549897826;4979.400336637217;0.0;zone32;S01010270;4;1153;972;817;[0.389831,0.533898,0.076271];[0.70255,0.252125,0.045326];[0.714286,0.272727,0.012987];[0.771552,0.228448,0.0];[0.125,0.0909090909091,0.454545454545,0.329545454545];1;871.0;0.461200629557;1298;9;0.09;4.0;72.56;18.0;71.97;7.25;21.0;25.25;2.69;0.0;0.8600000000000001;0.02;0.49;0.08;0.4;12.0;3.5
11286;zone33;3394.0723536088512;4934.677182292946;0.0;zone33;S01010282;13;976;841;645;[0.438776,0.520408,0.040816];[0.545732,0.405488,0.04878];[0.521277,0.382979,0.095745];[0.712707,0.232044,0.055249];[0.190954773869,0.070351758794,0.35175879397,0.386934673367];2;350.0;-0.137812028107;1292;64;0.19076923076923077;1.6923076923076923;45.892307692307696;40.61538461538461;73.51692307692308;11.538461538461538;23.615384615384617;15.461538461538462;2.209230769230769;0.0;6.772307692307693;1.2553846153846153;1.563076923076923;0.3107692307692308;1.926153846153846;7.076923076923077;11.307692307692308
11286;zone34;4385.789287498423;4835.237486850067;0.0;zone34;S01010289;15;771;687;380;[0.130952,0.511905,0.357143];[0.262911,0.502347,0.234742];[0.178571,0.464286,0.357143];[0.410256,0.435897,0.153846];[0.058064516129,0.0322580645161,0.245161290323,0.664516129032];5;259.0;-0.241396294863;967;223;0.5733333333333334;2.1333333333333333;47.97866666666667;71.93333333333334;76.60533333333333;8.933333333333334;22.6;16.2;3.453333333333333;0.0;8.501333333333333;2.698666666666667;2.6479999999999992;0.16266666666666668;1.064;8.4;16.866666666666667
11286;zone35;4401.5375624188455;4669.062022109911;0.0;zone35;S01010290;13;546;485;278;[0.198198,0.603604,0.198198];[0.485944,0.449799,0.064257];[0.555556,0.444444,0.0];[0.435897,0.512821,0.051282];[0.10752688172,0.0430107526882,0.494623655914,0.354838709677];3;353.0;-0.133686757747;1282;187;0.5476923076923077;1.6923076923076923;53.5076923076923;67.15384615384616;79.96923076923078;9.692307692307692;23.23076923076923;18.076923076923077;3.9784615384615383;0.0;9.286153846153846;2.726153846153846;2.6215384615384614;0.16615384615384615;1.4646153846153849;7.153846153846154;18.076923076923077
11286;zone36;4119.983651650423;4281.100418217042;0.0;zone36;S01010291;12;1075;975;481;[0.405594,0.447552,0.146853];[0.627907,0.277132,0.094961];[0.415094,0.433962,0.150943];[0.562963,0.325926,0.111111];[0.197080291971,0.0729927007299,0.445255474453,0.284671532847];3;438.0;-0.0363924713322;764;123;0.39;1.9166666666666667;42.026666666666664;60.416666666666664;70.08000000000001;8.916666666666666;22.583333333333332;14.416666666666666;2.81;0.0;5.783333333333332;3.133333333333333;2.0533333333333332;0.14;1.0599999999999998;7.333333333333333;13.333333333333334
11286;zone37;4399.731076226201;4291.6703625917;0.0;zone37;S01010292;10;890;831;409;[0.348214,0.508929,0.142857];[0.477169,0.420091,0.10274];[0.339286,0.446429,0.214286];[0.55814,0.383721,0.05814];[0.128378378378,0.0540540540541,0.398648648649,0.418918918919];4;323.0;-0.168488563048;839;149;0.588;1.7;53.18000000000001;70.7;78.712;8.4;22.6;18.3;7.044;0.0;8.724;1.3119999999999998;2.668;0.22000000000000003;1.52;5.6;19.3
11286;zone38;4514.690807242894;4541.15458266895;0.0;zone38;S01010293;16;839;723;373;[0.51773,0.35461,0.12766];[0.635389,0.262735,0.101877];[0.446809,0.319149,0.234043];[0.514286,0.392857,0.092857];[0.242424242424,0.0606060606061,0.393939393939,0.30303030303];3;290.0;-0.205814991507;1263;206;0.4975;1.5625;54.904999999999994;65.5625;75.33000000000001;8.25;22.0625;18.625;3.7724999999999995;0.0;8.705;1.18;2.4225;0.26750000000000007;1.5625;6.4375;15.4375
11286;zone39;4541.7482834333705;4418.565122351524;0.0;zone39;S01010294;13;690;631;275;[0.242105,0.526316,0.231579];[0.650873,0.214464,0.134663];[0.583333,0.208333,0.208333];[0.414894,0.489362,0.095745];[0.164835164835,0.043956043956,0.494505494505,0.296703296703];4;440.0;-0.0342259463805;897;187;0.5507692307692308;1.1538461538461537;52.092307692307685;74.76923076923077;80.08307692307693;9.076923076923077;22.76923076923077;17.76923076923077;6.061538461538461;0.0;9.886153846153844;1.609230769230769;3.7446153846153845;0.20000000000000004;2.332307692307692;4.846153846153846;20.615384615384617
11286;zone40;4766.8646917667475;4574.50133624035;0.0;zone40;S01010295;18;974;870;427;[0.384615,0.391026,0.224359];[0.604555,0.310559,0.084886];[0.428571,0.285714,0.285714];[0.390728,0.516556,0.092715];[0.212765957447,0.113475177305,0.297872340426,0.375886524823];4;529.0;0.0680145754747;1208;220;0.4666666666666667;1.2777777777777777;44.82;74.27777777777777;71.66666666666669;8.61111111111111;22.11111111111111;15.11111111111111;4.611111111111111;0.0;8.644444444444444;2.0622222222222226;2.2022222222222227;0.17777777777777778;1.3933333333333335;4.833333333333333;17.055555555555557
11286;zone41;4647.752341766679;4736.091736240359;0.0;zone41;S01010296;16;664;560;291;[0.294118,0.423529,0.282353];[0.520913,0.368821,0.110266];[0.375,0.375,0.25];[0.475524,0.391608,0.132867];[0.282828282828,0.111111111111,0.363636363636,0.242424242424];2;856.0;0.444094443477;1119;172;0.4125;1.125;41.9225;55.0625;67.2675;9.6875;21.9375;14.0;3.0275;0.0;6.4575000000000005;2.28;1.6824999999999999;0.24250000000000002;1.6550000000000002;4.5;13.0
11286;zone42;5522.849421766708;4411.996091240393;0.0;zone42;S01010297;7;1066;894;676;[0.582609,0.382609,0.034783];[0.691824,0.245283,0.062893];[0.540541,0.333333,0.126126];[0.681275,0.270916,0.047809];[0.260563380282,0.140845070423,0.37323943662,0.225352112676];1;504.0;0.0391758595379;1390;63;0.34285714285714286;1.0;59.74285714285714;53.0;72.21142857142858;9.428571428571429;22.428571428571427;20.428571428571427;4.16;0.0;2.6342857142857143;0.6285714285714287;4.382857142857143;0.3028571428571429;1.8114285714285714;4.285714285714286;11.142857142857142
11286;zone43;4706.481893689814;4143.807995855712;0.0;zone43;S01010298;12;880;677;515;[0.308943,0.479675,0.211382];[0.581395,0.356589,0.062016];[0.539683,0.396825,0.063492];[0.744828,0.193103,0.062069];[0.227272727273,0.0984848484848,0.371212121212,0.30303030303];1;486.0;0.0190902878356;974;87;0.2833333333333333;1.5;48.643333333333324;48.416666666666664;72.85333333333331;10.083333333333334;22.333333333333332;16.583333333333332;5.2299999999999995;0.0;6.363333333333334;1.1533333333333335;1.3866666666666667;0.34;1.8133333333333335;5.833333333333333;13.833333333333334
11286;zone44;4885.424673909578;4209.645754097502;0.0;zone44;S01010299;4;536;404;292;[0.3,0.54,0.16];[0.556701,0.340206,0.103093];[0.458333,0.520833,0.020833];[0.584906,0.283019,0.132075];[0.428571428571,0.0857142857143,0.285714285714,0.2];1;375.0;-0.10827530326;765;37;0.35;1.0;40.11;50.0;77.59;11.5;24.25;13.5;9.030000000000001;0.0;2.5700000000000003;0.53;5.890000000000001;0.49;3.21;4.75;17.75
11286;zone45;4883.397012115578;4340.414778682246;0.0;zone45;S01010300;21;934;764;478;[0.460784,0.411765,0.127451];[0.664653,0.238671,0.096677];[0.632353,0.323529,0.044118];[0.606383,0.329787,0.06383];[0.3046875,0.125,0.3515625,0.21875];2;513.0;0.0498225801839;692;187;0.3466666666666667;2.0476190476190474;43.8952380952381;44.523809523809526;65.94857142857143;8.952380952380953;21.666666666666668;15.0;4.960000000000001;0.0;2.8247619047619046;0.4323809523809525;2.4266666666666667;0.2285714285714286;1.4304761904761905;6.190476190476191;10.142857142857142
11286;zone46;5144.66081966521;4032.769083704074;0.0;zone46;S01010301;6;522;457;283;[0.292683,0.597561,0.109756];[0.57563,0.315126,0.109244];[0.222222,0.703704,0.074074];[0.561798,0.393258,0.044944];[0.214285714286,0.0612244897959,0.459183673469,0.265306122449];4;490.0;0.0232745011966;1422;94;0.6;1.0;54.173333333333325;70.16666666666667;86.04;11.0;24.333333333333332;18.0;15.200000000000001;0.0;1.8533333333333333;1.1866666666666668;4.8999999999999995;0.4533333333333333;2.6333333333333333;5.0;22.833333333333332
11286;zone47;5165.568789180556;4297.038752619699;0.0;zone47;S01010302;24;669;495;388;[0.65625,0.28125,0.0625];[0.6,0.356522,0.043478];[0.716981,0.226415,0.056604];[0.801802,0.18018,0.018018];[0.582417582418,0.0769230769231,0.263736263736,0.0769230769231];1;392.0;-0.0896499889057;1444;219;0.34833333333333333;1.1666666666666667;52.923333333333325;46.75;68.95333333333333;9.375;22.083333333333332;18.041666666666668;5.366666666666667;0.0;1.496666666666667;0.41999999999999993;3.541666666666666;0.36166666666666675;2.400000000000001;3.9166666666666665;10.416666666666666
11286;zone48;5241.140616766716;4139.402270499609;0.0;zone48;S01010303;33;579;387;250;[0.692308,0.153846,0.153846];[0.56701,0.298969,0.134021];[0.630435,0.282609,0.086957];[0.658879,0.285047,0.056075];[0.58407079646,0.106194690265,0.274336283186,0.0353982300885];1;415.0;-0.0627120940391;1721;288;0.33454545454545453;1.2121212121212122;53.26787878787878;45.515151515151516;70.24848484848485;9.787878787878787;22.21212121212121;18.303030303030305;5.963636363636365;0.0;1.837575757575758;0.6145454545454546;2.501818181818182;0.3503030303030303;2.487272727272727;4.545454545454546;10.393939393939394
11286;zone49;4853.647576226233;3833.123065294377;0.0;zone49;S01010304;12;542;456;332;[0.323529,0.514706,0.161765];[0.635135,0.25,0.114865];[0.477273,0.522727,0.0];[0.829268,0.109756,0.060976];[0.372340425532,0.0425531914894,0.297872340426,0.287234042553];1;804.0;0.384523850516;1600;94;0.30333333333333334;1.5;61.399999999999984;38.916666666666664;66.06666666666666;7.916666666666667;20.916666666666668;21.416666666666668;3.58;0.0;0.8933333333333332;0.4466666666666666;2.123333333333333;0.28;1.9599999999999997;5.0;6.583333333333333
11286;zone50;4697.410406890209;3639.1027396354093;0.0;zone50;S01010305;7;807;694;478;[0.36036,0.468468,0.171171];[0.553191,0.33617,0.110638];[0.409639,0.301205,0.289157];[0.589888,0.337079,0.073034];[0.198529411765,0.0735294117647,0.382352941176,0.345588235294];1;223.0;-0.28282788147;424;57;0.3142857142857143;1.0;38.811428571428564;48.714285714285715;67.42857142857143;10.0;23.0;13.285714285714286;6.708571428571427;0.0;3.045714285714286;1.6171428571428572;1.08;0.5199999999999999;2.0571428571428574;4.285714285714286;11.857142857142858
11286;zone51;4591.3082521834585;3868.367573740388;0.0;zone51;S01010306;13;752;675;449;[0.35625,0.56875,0.075];[0.570588,0.355882,0.073529];[0.283019,0.566038,0.150943];[0.650943,0.330189,0.018868];[0.165680473373,0.0473372781065,0.479289940828,0.307692307692];2;238.0;-0.265781391166;659;140;0.4123076923076923;1.3846153846153846;47.855384615384615;58.69230769230769;74.06461538461538;9.692307692307692;23.0;16.076923076923077;7.040000000000001;0.0;3.784615384615385;2.6861538461538457;1.3384615384615384;0.32307692307692304;2.1353846153846154;6.153846153846154;14.307692307692308
11286;zone52;4503.72067559025;3742.2957906521283;0.0;zone52;S01010307;9;821;732;428;[0.189922,0.577519,0.232558];[0.407407,0.487654,0.104938];[0.346154,0.538462,0.115385];[0.71875,0.234375,0.046875];[0.0681818181818,0.0568181818182,0.375,0.5];5;319.0;-0.172537833795;450;128;0.5422222222222223;2.3333333333333335;53.74666666666666;71.0;73.94666666666666;7.777777777777778;21.666666666666668;18.444444444444443;6.137777777777778;0.0;3.4088888888888893;3.711111111111111;1.5644444444444445;0.14666666666666667;1.2266666666666666;8.0;14.333333333333334
11286;zone53;4364.519870735056;4047.768725526131;0.0;zone53;S01010308;9;975;858;480;[0.285714,0.54007,0.174216];[0.511936,0.384615,0.103448];[0.254902,0.411765,0.333333];[0.648352,0.307692,0.043956];[0.0970873786408,0.0631067961165,0.359223300971,0.480582524272];4;257.0;-0.244477582955;1210;119;0.5111111111111111;1.7777777777777777;68.06666666666666;69.11111111111111;84.33777777777777;9.11111111111111;23.11111111111111;23.444444444444443;5.808888888888889;0.0;7.591111111111112;2.866666666666667;2.062222222222222;0.20888888888888887;1.1288888888888888;7.111111111111111;17.88888888888889
11286;zone54;5381.88771051669;3636.3205112402793;0.0;zone54;S01010309;4;419;356;264;[0.333333,0.25,0.416667];[0.478873,0.422535,0.098592];[0.352941,0.382353,0.264706];[0.705882,0.24183,0.052288];[0.365853658537,0.170731707317,0.390243902439,0.0731707317073];1;0.0;-0.540229885057;1933;34;0.33;1.5;77.03;43.75;76.53;9.5;22.25;26.25;3.5800000000000005;0.0;2.66;1.2200000000000002;3.56;0.19;1.9200000000000002;4.0;10.5
11286;zone55;5657.373406240428;3625.6586165034923;0.0;zone55;S01010310;13;706;540;381;[0.333333,0.238095,0.428571];[0.565517,0.337931,0.096552];[0.54902,0.27451,0.176471];[0.715415,0.256917,0.027668];[0.484848484848,0.151515151515,0.318181818182,0.0454545454545];1;574.0;0.120406534162;833;92;0.28;1.0769230769230769;42.22461538461539;38.53846153846154;67.3876923076923;10.923076923076923;23.307692307692307;14.23076923076923;3.4123076923076923;0.0;1.7969230769230768;1.9046153846153848;2.0923076923076924;0.4;2.2061538461538457;5.230769230769231;8.692307692307692
11286;zone56;5685.425126382168;3318.6970593171873;0.0;zone56;S01010311;22;721;556;351;[0.411765,0.352941,0.235294];[0.472222,0.453704,0.074074];[0.571429,0.404762,0.02381];[0.717949,0.271062,0.010989];[0.565217391304,0.121739130435,0.269565217391,0.0434782608696];1;1534.0;1.22364271569;1767;96;0.16363636363636364;1.5;69.0;30.363636363636363;77.27090909090909;10.863636363636363;23.636363636363637;23.727272727272727;2.9127272727272726;0.0;2.2599999999999993;0.41818181818181815;2.861818181818182;0.4327272727272728;2.489090909090909;6.0;7.818181818181818
11286;zone57;5466.52613028024;3072.1402274564575;0.0;zone57;S01010312;34;868;647;425;[0.117647,0.823529,0.058824];[0.754386,0.22807,0.017544];[0.407407,0.444444,0.148148];[0.804945,0.153846,0.041209];[0.586956521739,0.115942028986,0.268115942029,0.0289855072464];1;685.0;0.247477927043;1589;199;0.23058823529411765;0.9705882352941176;63.91529411764706;42.23529411764706;71.90352941176471;9.147058823529411;22.558823529411764;21.88235294117647;2.641176470588235;0.0;2.9341176470588235;0.21764705882352947;4.27764705882353;0.2552941176470589;2.723529411764705;3.5588235294117645;9.529411764705882
11286;zone58;5251.7403530303945;3502.549209042501;0.0;zone58;S01010313;16;654;529;356;[0.428571,0.285714,0.285714];[0.6,0.333333,0.066667];[0.433735,0.481928,0.084337];[0.739623,0.162264,0.098113];[0.648351648352,0.131868131868,0.175824175824,0.043956043956];1;565.0;0.109617915218;2140;85;0.205;1.375;68.12249999999999;34.6875;71.1825;8.8125;22.1875;22.9375;2.2625;0.0;2.9575000000000005;0.395;2.5525;0.315;2.0625;5.125;7.6875
11286;zone59;4840.312157862589;3385.4448126102257;0.0;zone59;S01010314;21;1248;1034;550;[0.358209,0.507463,0.134328];[0.514493,0.333333,0.152174];[0.5,0.326923,0.173077];[0.636,0.324,0.04];[0.316901408451,0.133802816901,0.401408450704,0.147887323944];1;637.0;0.192402372167;1360;146;0.26285714285714284;1.5238095238095237;56.75999999999999;44.142857142857146;76.58285714285716;10.761904761904763;23.19047619047619;19.523809523809526;5.824761904761905;0.0;4.67047619047619;0.8666666666666666;1.1085714285714285;0.3333333333333334;2.0895238095238096;6.571428571428571;11.857142857142858
11286;zone60;4536.293429266749;2504.1273706154316;0.0;zone60;S01010315;43;911;678;409;[0.180723,0.554217,0.26506];[0.252632,0.457895,0.289474];[0.208333,0.5,0.291667];[0.55144,0.345679,0.102881];[0.308176100629,0.169811320755,0.358490566038,0.163522012579];2;382.0;-0.100954860853;1646;329;0.2948837209302326;1.5813953488372092;59.078139534883725;43.74418604651163;76.6893023255814;10.55813953488372;23.25581395348837;20.348837209302324;4.271627906976744;0.0;3.736744186046512;0.04093023255813954;4.068837209302326;0.3069767441860464;1.9004651162790693;6.441860465116279;11.651162790697674
11286;zone61;4589.6619547948285;2943.195659127726;0.0;zone61;S01010316;25;512;414;304;[0.392157,0.529412,0.078431];[0.62931,0.37069,0.0];[0.439024,0.560976,0.0];[0.775401,0.224599,0.0];[0.439252336449,0.102803738318,0.252336448598,0.205607476636];1;481.0;0.0128180141103;1384;201;0.3136;0.92;49.7104;45.0;71.0992;10.72;22.68;16.88;4.243199999999999;0.0;5.1376;0.2768;3.1071999999999997;0.3600000000000001;2.4415999999999998;3.48;12.32
11286;zone63;4421.5566371748755;3071.026327566895;0.0;zone63;S01010318;12;1588;1497;304;[0.5,0.456522,0.043478];[0.469799,0.47651,0.053691];[0.310345,0.37931,0.310345];[0.678571,0.285714,0.035714];[0.36,0.14,0.34,0.16];3;317.0;-0.175110645645;1118;151;0.4766666666666667;1.0833333333333333;63.150000000000006;71.91666666666667;82.97;9.333333333333334;23.0;21.916666666666668;8.693333333333333;0.0;7.313333333333335;1.6966666666666665;1.9966666666666664;0.38000000000000006;1.996666666666667;4.916666666666667;19.0
11286;zone64;4173.240913470097;2893.8040771744095;0.0;zone64;S01010319;9;711;624;407;[0.258741,0.608392,0.132867];[0.383399,0.486166,0.130435];[0.439394,0.212121,0.348485];[0.530769,0.384615,0.084615];[0.171974522293,0.0700636942675,0.471337579618,0.286624203822];2;473.0;0.00423719084943;1498;56;0.22666666666666666;2.7777777777777777;53.46222222222222;29.77777777777778;74.12;10.555555555555555;23.11111111111111;18.11111111111111;3.457777777777778;0.0;2.595555555555556;0.2;2.7022222222222223;0.17333333333333334;1.4044444444444446;10.0;8.555555555555555
11286;zone65;3940.1918462749595;2900.8899784533987;0.0;zone65;S01010320;4;675;594;437;[0.257813,0.523438,0.21875];[0.61753,0.298805,0.083665];[0.526316,0.22807,0.245614];[0.805085,0.169492,0.025424];[0.172185430464,0.0662251655629,0.443708609272,0.317880794702];1;646.0;0.202453315259;1110;29;0.27;0.75;52.8;41.25;62.900000000000006;8.75;21.25;17.75;3.3899999999999997;0.0;3.06;0.68;2.05;0.38;1.85;2.25;8.5
11286;zone66;3905.8658739096163;2664.6669636212755;0.0;zone66;S01010321;7;837;634;432;[0.401709,0.555556,0.042735];[0.54717,0.433962,0.018868];[0.45122,0.439024,0.109756];[0.666667,0.271186,0.062147];[0.212328767123,0.0958904109589,0.390410958904,0.301369863014];1;1019.0;0.631764531736;1960;27;0.14857142857142858;1.2857142857142858;54.26857142857143;30.857142857142858;70.60000000000001;10.142857142857142;23.0;18.857142857142858;3.7485714285714287;0.0;2.891428571428571;0.17142857142857146;2.0628571428571427;0.39428571428571424;1.9885714285714282;5.571428571428571;8.571428571428571
11286;zone67;3630.3978644730896;3132.1651121578075;0.0;zone67;S01010322;9;1028;914;549;[0.174419,0.549419,0.276163];[0.412399,0.471698,0.115903];[0.298507,0.38806,0.313433];[0.647059,0.323529,0.029412];[0.057268722467,0.0352422907489,0.449339207048,0.458149779736];5;124.0;-0.397569575369;1466;136;0.5733333333333334;1.6666666666666667;58.46666666666667;73.88888888888889;84.9511111111111;8.777777777777779;23.22222222222222;20.11111111111111;6.782222222222221;0.0;12.315555555555555;2.0755555555555554;1.7022222222222225;0.17777777777777776;1.7733333333333334;6.222222222222222;22.444444444444443
11286;zone68;6208.193116766784;3072.425066795916;0.0;zone68;S01010323;4;603;466;377;[0.555556,0.444444,0.0];[0.657143,0.271429,0.071429];[0.642857,0.321429,0.035714];[0.793651,0.166667,0.039683];[0.578431372549,0.166666666667,0.235294117647,0.0196078431373];1;970.0;0.57559463238;809;20;0.19;1.0;42.67;36.75;72.38;12.75;23.75;14.0;6.8100000000000005;0.0;2.72;0.25;1.86;0.53;2.51;5.25;11.25
11286;zone69;6517.651722029823;2240.572579661372;0.0;zone69;S01010324;6;759;566;403;[0.142857,0.571429,0.285714];[0.298077,0.490385,0.211538];[0.333333,0.530864,0.135802];[0.401674,0.414226,0.1841];[0.569620253165,0.101265822785,0.291139240506,0.0379746835443];1;407.0;-0.0721601679586;1744;36;0.23333333333333334;0.8333333333333334;40.48666666666667;31.333333333333332;69.67333333333333;12.833333333333334;25.333333333333332;13.5;2.6733333333333333;0.0;0.9266666666666667;0.0;5.326666666666667;0.35333333333333333;3.1466666666666665;3.6666666666666665;8.5
11286;zone70;6038.016041009105;2402.8415869980217;0.0;zone70;S01010325;18;939;666;501;[0.263158,0.368421,0.368421];[0.383838,0.525253,0.090909];[0.253623,0.615942,0.130435];[0.451362,0.463035,0.085603];[0.545454545455,0.238636363636,0.193181818182,0.0227272727273];1;225.0;-0.281126582053;1547;95;0.20444444444444446;1.1666666666666667;39.72666666666667;35.77777777777778;64.0888888888889;10.666666666666666;22.72222222222222;13.333333333333334;2.715555555555555;0.0;1.2733333333333334;0.0;4.244444444444444;0.44444444444444453;2.6955555555555555;4.333333333333333;7.777777777777778
11286;zone71;5272.359331052501;2740.775131541117;0.0;zone71;S01010326;39;987;707;494;[0.526316,0.368421,0.105263];[0.522523,0.333333,0.144144];[0.492188,0.3125,0.195313];[0.723514,0.224806,0.05168];[0.54375,0.16875,0.23125,0.05625];1;1389.0;1.05701743376;988;228;0.22666666666666666;1.2820512820512822;50.36820512820513;37.12820512820513;72.74666666666668;10.948717948717949;23.358974358974358;17.153846153846153;2.5384615384615383;0.0;6.252307692307691;0.05230769230769231;2.3251282051282054;0.31897435897435894;2.3200000000000007;5.82051282051282;10.692307692307692
11286;zone72;4970.167032608406;2501.795090448298;0.0;zone72;S01010327;34;982;660;362;[0.031746,0.507937,0.460317];[0.372881,0.432203,0.194915];[0.289063,0.328125,0.382813];[0.516892,0.347973,0.135135];[0.416184971098,0.21387283237,0.236994219653,0.132947976879];1;470.0;0.000335688704598;964;240;0.27294117647058824;1.4705882352941178;39.61647058823529;38.14705882352941;67.80705882352943;10.5;22.823529411764707;13.323529411764707;3.1117647058823534;0.0;6.052941176470589;0.03294117647058824;1.8811764705882354;0.3341176470588234;2.322352941176471;5.5588235294117645;10.647058823529411
11286;zone73;5975.307390960257;2677.5485166167286;0.0;zone73;S01010328;24;969;706;445;[0.16129,0.5,0.33871];[0.27044,0.471698,0.257862];[0.192547,0.434783,0.372671];[0.338983,0.432203,0.228814];[0.309352517986,0.258992805755,0.280575539568,0.151079136691];2;457.0;-0.0138550124678;2243;185;0.29833333333333334;1.7083333333333333;39.903333333333336;39.916666666666664;71.495;11.583333333333334;23.791666666666668;13.541666666666666;4.216666666666667;0.0;2.4383333333333335;0.0;4.446666666666666;0.2716666666666667;2.3;7.25;10.625
11286;zone74;4421.847657862615;2232.0860934321454;0.0;zone74;S01010329;21;573;435;290;[0.368421,0.263158,0.368421];[0.341176,0.470588,0.188235];[0.255814,0.465116,0.27907];[0.52,0.354286,0.125714];[0.438356164384,0.191780821918,0.27397260274,0.0958904109589];2;105.0;-0.418628586414;1786;163;0.29523809523809524;1.2857142857142858;43.582857142857144;41.714285714285715;67.8495238095238;10.428571428571429;23.0;14.904761904761905;4.542857142857142;0.0;2.6457142857142855;0.05523809523809525;3.508571428571429;0.33142857142857146;2.234285714285714;4.380952380952381;10.333333333333334
