cycle;name;location.x;location.y;location.z;name;dataZone;nm_children;pop;over16;nm_hh;AB_car_prob;C1_car_prob;C2_car_prob;DE_car_prob;prob_social;simd;crimeRate;norm_crime;avg_dis_sh;neigh_play;daily_play_per_child;avg_FSA;avg_walk;daily_OD;zone_mvpa;mvpa_home;mvpa_sc;mvpa_road;mvpa_play_field;mvpa_home_garden;mvpa_park;mvpa_PG;mvpa_amenity;mvpa_shops;mvpa_F_home;mvpa_fsa;mvpa_OD
11286;zone0;8448.90275962388;2625.4515469546564;0.0;zone0;S01010195;19;531;390;212;[0.0,0.481481,0.518519];[0.261538,0.646154,0.092308];[0.12,0.59,0.29];[0.447368,0.368421,0.184211];[0.418918918919,0.283783783784,0.202702702703,0.0945945945946];1;0.0;-0.540229885057;1139;92;0.1936842105263158;1.4210526315789473;30.46526315789474;31.210526315789473;60.056842105263165;10.68421052631579;21.894736842105264;10.473684210526315;1.2568421052631578;0.0;4.056842105263159;0.0;2.6084210526315794;0.33894736842105266;2.0989473684210527;4.842105263157895;7.578947368421052
11286;zone1;8656.736904000718;2165.9902346445633;0.0;zone1;S01010198;18;1027;748;394;[0.058824,0.529412,0.411765];[0.305785,0.561983,0.132231];[0.219858,0.496454,0.283688];[0.523179,0.331126,0.145695];[0.48623853211,0.229357798165,0.266055045872,0.0183486238532];1;1609.0;1.3102524676;1428;96;0.20444444444444446;1.0;44.66;34.333333333333336;62.695555555555565;9.88888888888889;22.0;15.38888888888889;2.108888888888889;0.0;2.3511111111111114;0.0;3.104444444444445;0.27111111111111114;2.2755555555555556;3.7222222222222223;7.055555555555555
11286;zone2;8537.588755655543;3024.028900129281;0.0;zone2;S01010201;22;643;453;253;[0.0,0.47619,0.52381];[0.270833,0.3125,0.416667];[0.088,0.48,0.432];[0.296552,0.434483,0.268966];[0.365853658537,0.292682926829,0.292682926829,0.0487804878049];2;219.0;-0.28762447053;1000;204;0.3563636363636364;1.0;30.161818181818173;50.63636363636363;67.3490909090909;10.772727272727273;23.40909090909091;10.090909090909092;2.5472727272727274;0.0;6.507272727272727;0.0890909090909091;4.925454545454546;0.330909090909091;2.8163636363636364;4.045454545454546;13.545454545454545
11286;zone3;8059.42097232239;3767.666522351409;0.0;zone3;S01010203;30;671;504;260;[0.090909,0.363636,0.545455];[0.263804,0.460123,0.276074];[0.094828,0.422414,0.482759];[0.183824,0.375,0.441176];[0.272727272727,0.218181818182,0.363636363636,0.145454545455];3;215.0;-0.292668818285;2003;200;0.256;2.0;54.150666666666666;39.53333333333333;75.40933333333334;10.566666666666666;23.266666666666666;18.566666666666666;2.3440000000000003;0.0;3.942666666666667;0.0;4.321333333333333;0.3466666666666666;1.6320000000000003;8.566666666666666;10.033333333333333
11286;zone4;8368.288440296214;3565.498290652094;0.0;zone4;S01010204;30;800;589;381;[0.272727,0.727273,0.0];[0.627451,0.27451,0.098039];[0.444444,0.533333,0.022222];[0.600619,0.321981,0.077399];[0.595041322314,0.157024793388,0.239669421488,0.00826446280992];1;497.0;0.0317745673598;1044;197;0.252;1.0333333333333334;38.42666666666666;38.86666666666667;68.74266666666668;11.433333333333334;23.9;12.966666666666667;2.4146666666666667;0.0;4.169333333333333;0.04666666666666666;4.219999999999999;0.38800000000000007;2.778666666666666;4.733333333333333;10.5
11286;zone5;8034.229745798958;3515.110462853287;0.0;zone5;S01010205;15;658;534;355;[0.411765,0.117647,0.470588];[0.465116,0.457364,0.077519];[0.317757,0.588785,0.093458];[0.593458,0.280374,0.126168];[0.466666666667,0.2,0.3,0.0333333333333];1;925.0;0.523434132086;1142;87;0.22666666666666666;1.1333333333333333;49.58933333333333;43.733333333333334;76.79199999999999;12.8;24.4;16.933333333333334;3.3573333333333326;0.0;4.986666666666666;0.0;4.746666666666668;0.44800000000000006;2.626666666666666;4.6;12.666666666666666
11286;zone6;7457.064719570519;3739.055375726369;0.0;zone6;S01010208;18;903;745;565;[0.30137,0.589041,0.109589];[0.48062,0.457364,0.062016];[0.272727,0.613636,0.113636];[0.66055,0.270642,0.068807];[0.233333333333,0.133333333333,0.461111111111,0.172222222222];1;603.0;0.153385979085;1437;85;0.18444444444444444;0.8888888888888888;53.857777777777784;36.833333333333336;71.76888888888888;10.88888888888889;23.444444444444443;18.833333333333332;3.2088888888888887;0.0;3.1244444444444444;0.0;4.217777777777777;0.23777777777777784;2.824444444444444;3.5;10.11111111111111
11286;zone7;7917.838214725937;1939.334458859395;0.0;zone7;S01010209;24;966;677;468;[0.172414,0.586207,0.241379];[0.333333,0.414966,0.251701];[0.381944,0.458333,0.159722];[0.545852,0.336245,0.117904];[0.337931034483,0.248275862069,0.303448275862,0.110344827586];1;2053.0;1.82052250092;1777;104;0.17;1.3333333333333333;69.28333333333333;33.208333333333336;79.36666666666666;11.333333333333334;24.166666666666668;23.75;1.3316666666666668;0.0;5.038333333333333;0.0;3.5116666666666667;0.30166666666666675;2.7266666666666666;5.583333333333333;9.458333333333334
11286;zone8;7878.406567747077;2721.2634132011362;0.0;zone8;S01010210;18;885;641;416;[0.173913,0.456522,0.369565];[0.21519,0.5,0.28481];[0.189781,0.386861,0.423358];[0.422111,0.442211,0.135678];[0.394736842105,0.236842105263,0.254385964912,0.114035087719];1;344.0;-0.144253829852;1263;84;0.17555555555555555;1.9444444444444444;37.95777777777778;25.72222222222222;61.13333333333334;9.833333333333334;21.944444444444443;12.88888888888889;1.1644444444444444;0.0;2.8933333333333326;0.03777777777777778;2.2977777777777777;0.22444444444444445;2.0244444444444443;6.166666666666667;5.888888888888889
11286;zone9;7785.599648345685;3201.783800714137;0.0;zone9;S01010211;22;858;634;452;[0.147059,0.705882,0.147059];[0.384615,0.452991,0.162393];[0.469565,0.4,0.130435];[0.722656,0.226563,0.050781];[0.473214285714,0.169642857143,0.285714285714,0.0714285714286];1;430.0;-0.0456985893816;941;145;0.24727272727272728;1.4545454545454546;47.18545454545456;37.18181818181818;71.51818181818182;10.954545454545455;23.318181818181817;16.09090909090909;3.338181818181818;0.0;4.750909090909091;0.0;2.6218181818181816;0.4272727272727272;2.2254545454545447;6.090909090909091;10.136363636363637
11286;zone10;7580.688680869333;3097.127786881416;0.0;zone10;S01010212;49;1083;779;559;[0.233333,0.633333,0.133333];[0.594771,0.339869,0.065359];[0.465517,0.405172,0.12931];[0.712821,0.269231,0.017949];[0.566037735849,0.138364779874,0.22641509434,0.0691823899371];1;1473.0;1.15298517036;1189;314;0.24979591836734694;1.0612244897959184;49.57877551020408;41.95918367346939;69.52734693877551;9.816326530612244;22.73469387755102;17.0;2.670204081632653;0.0;5.070204081632653;0.0;3.3191836734693867;0.3755102040816326;2.631836734693877;4.26530612244898;10.551020408163266
11286;zone11;8065.177293237223;3111.5884965344962;0.0;zone11;S01010213;13;924;657;476;[0.105263,0.684211,0.210526];[0.382609,0.547826,0.069565];[0.218543,0.556291,0.225166];[0.467925,0.483019,0.049057];[0.451327433628,0.221238938053,0.274336283186,0.0530973451327];1;247.0;-0.255840453357;769;53;0.15692307692307692;1.3846153846153846;34.45538461538461;26.0;62.843076923076936;10.692307692307692;23.0;11.23076923076923;1.883076923076923;0.0;3.4923076923076923;0.0;2.1599999999999997;0.3046153846153846;2.44;5.6923076923076925;6.923076923076923
11286;zone12;7144.994858230166;1947.4125453867302;0.0;zone12;S01010214;27;967;717;396;[0.098592,0.28169,0.619718];[0.197531,0.438272,0.364198];[0.173333,0.493333,0.333333];[0.237069,0.487069,0.275862];[0.361344537815,0.210084033613,0.310924369748,0.117647058824];3;176.0;-0.337854473183;1851;176;0.2548148148148148;1.2962962962962963;48.74814814814815;40.888888888888886;66.5037037037037;9.11111111111111;22.074074074074073;16.555555555555557;2.831111111111111;0.0;4.241481481481482;0.0;2.82962962962963;0.3392592592592593;1.8977777777777776;4.7407407407407405;9.481481481481481
11286;zone13;7013.590150664996;2618.495528189446;0.0;zone13;S01010215;24;850;608;492;[0.571429,0.285714,0.142857];[0.5,0.431373,0.068627];[0.382609,0.391304,0.226087];[0.678571,0.269841,0.051587];[0.467289719626,0.140186915888,0.345794392523,0.0467289719626];1;547.0;0.0886083430805;731;139;0.225;1.375;47.08333333333334;37.125;67.87500000000001;10.458333333333334;22.541666666666668;16.458333333333332;1.6150000000000002;0.0;3.61;0.0;3.5383333333333336;0.31833333333333336;2.1016666666666666;5.666666666666667;8.291666666666666
11286;zone14;7332.222205807836;2329.961970144465;0.0;zone14;S01010216;15;621;464;361;[0.6,0.4,0.0];[0.597701,0.356322,0.045977];[0.409091,0.439394,0.151515];[0.709544,0.273859,0.016598];[0.5,0.163265306122,0.265306122449,0.0714285714286];1;600.0;0.150092344085;1311;105;0.272;0.4;45.327999999999996;44.666666666666664;71.77600000000001;11.333333333333334;24.333333333333332;15.066666666666666;2.848;0.0;5.336;0.0;5.6800000000000015;0.45333333333333325;2.765333333333333;2.066666666666667;13.4
11286;zone15;7299.833172322251;2625.8610945736937;0.0;zone15;S01010217;33;817;598;406;[0.16129,0.516129,0.322581];[0.565517,0.4,0.034483];[0.5,0.431373,0.068627];[0.702703,0.283784,0.013514];[0.541935483871,0.0967741935484,0.296774193548,0.0645161290323];1;1060.0;0.679274950851;1005;247;0.29333333333333333;1.393939393939394;45.832727272727276;40.36363636363637;70.45939393939393;10.727272727272727;23.12121212121212;15.696969696969697;1.936969696969697;0.0;4.758787878787879;0.0;4.255757575757575;0.28848484848484857;2.469090909090909;5.515151515151516;10.454545454545455
11286;zone16;7142.953643082513;3018.5401822929393;0.0;zone16;S01010218;31;1018;790;587;[0.425532,0.404255,0.170213];[0.392523,0.453271,0.154206];[0.358209,0.492537,0.149254];[0.589124,0.335347,0.075529];[0.424657534247,0.109589041096,0.369863013699,0.0958904109589];1;557.0;0.101026678737;528;181;0.22451612903225807;1.1935483870967742;36.43096774193548;38.29032258064516;65.55999999999999;11.064516129032258;23.096774193548388;12.32258064516129;1.8787096774193552;0.0;2.7096774193548385;0.0;4.700645161290322;0.27225806451612905;2.158709677419355;5.67741935483871;8.838709677419354
11286;zone17;6738.8937706128745;4298.8917997019325;0.0;zone17;S01010219;21;503;382;274;[0.695652,0.304348,0.0];[0.758621,0.215517,0.025862];[0.761905,0.166667,0.071429];[0.781609,0.195402,0.022989];[0.41935483871,0.0752688172043,0.408602150538,0.0967741935484];2;184.0;-0.327838932938;1432;129;0.23809523809523808;1.6666666666666667;66.06666666666668;38.95238095238095;78.23238095238094;10.142857142857142;23.238095238095237;22.904761904761905;4.662857142857144;0.0;5.074285714285715;0.01333333333333333;1.4457142857142855;0.18285714285714288;2.234285714285714;6.761904761904762;10.714285714285714
11286;zone18;5915.780765415368;4211.222876105162;0.0;zone18;S01010220;7;476;433;279;[0.181159,0.608696,0.210145];[0.404255,0.531915,0.06383];[0.227273,0.704545,0.068182];[0.448276,0.482759,0.068966];[0.154545454545,0.0636363636364,0.318181818182,0.463636363636];5;267.0;-0.232306706325;950;72;0.4057142857142857;1.8571428571428572;31.388571428571424;41.142857142857146;74.37714285714286;12.285714285714286;24.285714285714285;10.428571428571429;5.9314285714285715;0.0;5.234285714285716;0.10285714285714286;2.4171428571428573;0.24571428571428575;2.874285714285714;8.571428571428571;13.0
11286;zone19;6341.0811208317455;3913.8398648988496;0.0;zone19;S01010221;13;546;394;260;[0.6,0.4,0.0];[0.557377,0.409836,0.032787];[0.538462,0.323077,0.138462];[0.699387,0.257669,0.042945];[0.609375,0.140625,0.203125,0.046875];1;635.0;0.19005459739;1139;52;0.1476923076923077;1.1538461538461537;54.12307692307692;24.153846153846153;68.00307692307693;10.538461538461538;22.53846153846154;18.46153846153846;3.910769230769231;0.0;2.88;0.0;0.64;0.3784615384615385;2.6061538461538456;4.384615384615385;6.923076923076923
11286;zone20;7001.213463613622;4053.9957950241624;0.0;zone20;S01010222;15;492;414;285;[0.142857,0.5,0.357143];[0.432432,0.459459,0.108108];[0.348624,0.522936,0.12844];[0.747899,0.235294,0.016807];[0.345238095238,0.214285714286,0.309523809524,0.130952380952];1;377.0;-0.105830277325;1784;73;0.184;1.2666666666666666;59.70933333333333;35.53333333333333;71.608;10.2;22.866666666666667;20.533333333333335;2.584;0.0;3.1680000000000006;0.0;3.522666666666667;0.256;2.4133333333333336;4.333333333333333;8.8
11286;zone21;6986.8418912765155;3434.1450308482026;0.0;zone21;S01010223;4;556;462;337;[0.076923,0.538462,0.384615];[0.567797,0.330508,0.101695];[0.472222,0.444444,0.083333];[0.584699,0.36612,0.04918];[0.432432432432,0.162162162162,0.324324324324,0.0810810810811];1;439.0;-0.0353356041414;1639;21;0.21;0.25;62.74;44.5;70.38;9.25;23.0;21.25;4.8;0.0;4.15;0.09;2.87;0.28;2.6500000000000004;1.0;11.5
11286;zone22;6247.397837456437;3329.661273309237;0.0;zone22;S01010224;40;1036;727;469;[0.405405,0.540541,0.054054];[0.592593,0.274074,0.133333];[0.418803,0.504274,0.076923];[0.768421,0.202632,0.028947];[0.506097560976,0.140243902439,0.268292682927,0.0853658536585];1;1004.0;0.614259332793;1010;174;0.166;1.275;45.30800000000001;27.4;65.30199999999999;10.6;22.425;15.4;4.131000000000001;0.0;2.5010000000000003;0.066;1.2829999999999997;0.37;2.356;4.375;7.525
11286;zone23;7827.985844039554;4105.4701191949;0.0;zone23;S01010225;33;812;636;431;[0.25,0.634615,0.115385];[0.469072,0.43299,0.097938];[0.54023,0.413793,0.045977];[0.672065,0.234818,0.093117];[0.385185185185,0.125925925926,0.325925925926,0.162962962963];1;1006.0;0.616572011517;1729;163;0.19151515151515153;1.5151515151515151;64.82666666666668;35.84848484848485;72.93454545454546;9.727272727272727;22.515151515151516;22.151515151515152;2.997575757575757;0.0;3.3054545454545456;0.0;2.8157575757575755;0.24727272727272734;2.2436363636363637;5.424242424242424;8.666666666666666
11286;zone24;7040.363001382077;4481.052780471187;0.0;zone24;S01010226;40;816;565;394;[0.454545,0.242424,0.30303];[0.715385,0.2,0.084615];[0.540541,0.405405,0.054054];[0.766917,0.18797,0.045113];[0.503355704698,0.201342281879,0.221476510067,0.0738255033557];2;422.0;-0.0548014077425;1048;470;0.445;1.575;50.884;59.05;78.518;9.7;23.05;17.375;7.191000000000001;0.0;8.027999999999999;0.07300000000000001;2.5059999999999993;0.2859999999999999;2.0860000000000003;6.45;17.35
11286;zone25;6847.772309074456;4638.663588163389;0.0;zone25;S01010227;39;692;454;294;[0.413793,0.413793,0.172414];[0.704545,0.238636,0.056818];[0.654545,0.345455,0.0];[0.810606,0.159091,0.030303];[0.672268907563,0.0924369747899,0.159663865546,0.0756302521008];4;0.0;-0.540229885057;1192;617;0.6071794871794872;1.5897435897435896;57.1169230769231;75.38461538461539;82.15897435897438;8.435897435897436;22.333333333333332;19.487179487179485;6.904615384615383;0.0;13.2;0.10974358974358978;2.110769230769231;0.2020512820512821;1.9035897435897438;5.538461538461538;21.846153846153847
11286;zone26;8241.816993110848;4572.457656401622;0.0;zone26;S01010229;30;1016;787;508;[0.1,0.625,0.275];[0.350877,0.350877,0.298246];[0.348315,0.477528,0.174157];[0.565217,0.310559,0.124224];[0.420731707317,0.213414634146,0.292682926829,0.0731707317073];1;395.0;-0.0859445809966;1175;145;0.184;1.5666666666666667;44.816;29.766666666666666;65.20533333333333;10.266666666666667;22.533333333333335;15.4;2.1799999999999997;0.0;2.8906666666666667;0.01466666666666667;2.428;0.4066666666666665;2.0973333333333333;5.166666666666667;7.0
11286;zone27;7458.320056766788;4680.341251240345;0.0;zone27;S01010230;24;1005;772;577;[0.314286,0.628571,0.057143];[0.703883,0.296117,0.0];[0.727273,0.218182,0.054545];[0.71831,0.24507,0.03662];[0.517857142857,0.136904761905,0.267857142857,0.077380952381];1;846.0;0.433218203459;953;156;0.24833333333333332;1.3333333333333333;40.645;38.583333333333336;70.595;11.5;23.458333333333332;13.791666666666666;3.501666666666667;0.0;5.406666666666667;0.02333333333333333;2.38;0.24500000000000008;2.3233333333333337;6.291666666666667;10.916666666666666
11286;zone28;7569.802990100143;4917.458811240416;0.0;zone28;S01010232;37;1074;792;485;[0.457143,0.485714,0.057143];[0.557292,0.338542,0.104167];[0.492063,0.333333,0.174603];[0.654229,0.251244,0.094527];[0.470297029703,0.153465346535,0.306930693069,0.0693069306931];1;771.0;0.347049794199;1083;227;0.23567567567567568;1.0;44.3881081081081;38.351351351351354;65.70162162162161;10.216216216216216;22.27027027027027;15.027027027027026;1.9156756756756763;0.0;4.31027027027027;0.05405405405405406;2.9870270270270267;0.3405405405405405;2.556756756756757;4.135135135135135;8.81081081081081
11286;zone29;7830.713068379679;4879.746446724283;0.0;zone29;S01010233;33;970;705;476;[0.275,0.625,0.1];[0.655629,0.245033,0.099338];[0.52809,0.426966,0.044944];[0.771505,0.212366,0.016129];[0.587209302326,0.093023255814,0.261627906977,0.0581395348837];1;284.0;-0.213781821634;1138;185;0.22181818181818183;1.0909090909090908;49.91515151515151;41.15151515151515;69.97939393939396;10.363636363636363;23.181818181818183;17.09090909090909;2.056969696969697;0.0;3.627878787878788;0.08606060606060607;4.775757575757576;0.3842424242424242;2.4000000000000004;4.2727272727272725;10.06060606060606
11286;zone30;6473.383843181837;4954.519765957263;0.0;zone30;S01010261;6;2551;2373;526;[0.666667,0.270833,0.0625];[0.675841,0.281346,0.042813];[0.75,0.25,0.0];[0.824468,0.164894,0.010638];[0.41,0.06,0.41,0.12];3;176.0;-0.337679921334;1350;33;0.20666666666666667;1.5;62.20666666666667;40.5;72.07333333333334;9.833333333333334;22.833333333333332;20.833333333333332;3.2133333333333334;0.0;3.1533333333333338;0.02;4.266666666666667;0.2866666666666667;1.933333333333333;4.0;10.166666666666666
11286;zone31;4930.642193689802;4959.449818932565;0.0;zone31;S01010266;3;555;474;237;[0.320755,0.556604,0.122642];[0.677273,0.254545,0.068182];[0.5,0.461538,0.038462];[0.534247,0.30137,0.164384];[0.141176470588,0.0588235294118,0.4,0.4];3;536.0;0.0761386922126;1111;23;0.30666666666666664;1.3333333333333333;37.13333333333333;48.0;79.10666666666667;13.333333333333334;25.333333333333332;13.0;2.7733333333333334;0.0;5.853333333333334;1.72;5.546666666666667;0.3066666666666667;2.48;7.333333333333333;15.666666666666666
11286;zone32;5712.5549897826;4979.400336637217;0.0;zone32;S01010270;4;1153;972;817;[0.389831,0.533898,0.076271];[0.70255,0.252125,0.045326];[0.714286,0.272727,0.012987];[0.771552,0.228448,0.0];[0.125,0.0909090909091,0.454545454545,0.329545454545];1;871.0;0.461200629557;1327;20;0.2;1.5;59.940000000000005;37.25;71.22999999999999;9.0;22.0;20.0;5.770000000000001;0.0;2.86;0.12;1.56;0.41;1.8499999999999999;6.25;9.75
11286;zone33;3394.0723536088512;4934.677182292946;0.0;zone33;S01010282;13;976;841;645;[0.438776,0.520408,0.040816];[0.545732,0.405488,0.04878];[0.521277,0.382979,0.095745];[0.712707,0.232044,0.055249];[0.190954773869,0.070351758794,0.35175879397,0.386934673367];2;350.0;-0.137812028107;1321;60;0.18153846153846154;2.1538461538461537;58.427692307692304;38.84615384615385;75.93230769230769;10.153846153846153;22.923076923076923;19.923076923076923;1.7630769230769232;0.0;7.993846153846153;0.9846153846153847;0.676923076923077;0.24615384615384614;1.4615384615384615;8.0;10.923076923076923
11286;zone34;4385.789287498423;4835.237486850067;0.0;zone34;S01010289;15;771;687;380;[0.130952,0.511905,0.357143];[0.262911,0.502347,0.234742];[0.178571,0.464286,0.357143];[0.410256,0.435897,0.153846];[0.058064516129,0.0322580645161,0.245161290323,0.664516129032];5;259.0;-0.241396294863;1290;198;0.5093333333333333;1.8666666666666667;49.943999999999996;68.8;77.69866666666667;9.066666666666666;23.2;16.733333333333334;3.3893333333333335;0.0;9.367999999999999;2.458666666666667;3.082666666666667;0.26933333333333337;1.8133333333333332;6.333333333333333;17.733333333333334
11286;zone35;4401.5375624188455;4669.062022109911;0.0;zone35;S01010290;13;546;485;278;[0.198198,0.603604,0.198198];[0.485944,0.449799,0.064257];[0.555556,0.444444,0.0];[0.435897,0.512821,0.051282];[0.10752688172,0.0430107526882,0.494623655914,0.354838709677];3;353.0;-0.133686757747;1329;177;0.5292307692307693;1.9230769230769231;45.79692307692307;62.38461538461539;72.39384615384617;8.615384615384615;22.384615384615383;15.384615384615385;3.175384615384615;0.0;8.126153846153846;1.2553846153846153;3.396923076923078;0.1876923076923077;2.227692307692308;5.846153846153846;15.538461538461538
11286;zone36;4119.983651650423;4281.100418217042;0.0;zone36;S01010291;12;1075;975;481;[0.405594,0.447552,0.146853];[0.627907,0.277132,0.094961];[0.415094,0.433962,0.150943];[0.562963,0.325926,0.111111];[0.197080291971,0.0729927007299,0.445255474453,0.284671532847];3;438.0;-0.0363924713322;1114;114;0.36333333333333334;1.5833333333333333;46.60999999999999;51.25;75.81333333333332;10.583333333333334;23.416666666666668;15.666666666666666;3.183333333333333;0.0;9.356666666666666;0.6566666666666666;2.1399999999999992;0.13000000000000003;1.9200000000000002;6.916666666666667;14.833333333333334
11286;zone37;4399.731076226201;4291.6703625917;0.0;zone37;S01010292;10;890;831;409;[0.348214,0.508929,0.142857];[0.477169,0.420091,0.10274];[0.339286,0.446429,0.214286];[0.55814,0.383721,0.05814];[0.128378378378,0.0540540540541,0.398648648649,0.418918918919];4;323.0;-0.168488563048;930;147;0.56;1.0;53.97600000000001;71.5;79.136;9.0;22.9;18.4;5.648000000000001;0.0;11.123999999999999;0.644;2.572;0.376;1.972;4.7;19.4
11286;zone38;4514.690807242894;4541.15458266895;0.0;zone38;S01010293;16;839;723;373;[0.51773,0.35461,0.12766];[0.635389,0.262735,0.101877];[0.446809,0.319149,0.234043];[0.514286,0.392857,0.092857];[0.242424242424,0.0606060606061,0.393939393939,0.30303030303];3;290.0;-0.205814991507;1008;228;0.55;1.6875;61.957499999999996;75.0;84.525;8.875;23.5;21.0625;5.775;0.0;8.8575;1.08;4.8225;0.07500000000000001;1.6675;6.8125;20.1875
11286;zone39;4541.7482834333705;4418.565122351524;0.0;zone39;S01010294;13;690;631;275;[0.242105,0.526316,0.231579];[0.650873,0.214464,0.134663];[0.583333,0.208333,0.208333];[0.414894,0.489362,0.095745];[0.164835164835,0.043956043956,0.494505494505,0.296703296703];4;440.0;-0.0342259463805;1083;156;0.4646153846153846;2.076923076923077;59.09538461538462;62.76923076923077;81.38153846153844;8.846153846153847;23.23076923076923;20.0;5.461538461538463;0.0;6.495384615384617;0.8;4.0769230769230775;0.24000000000000002;1.4707692307692306;8.76923076923077;16.384615384615383
11286;zone40;4766.8646917667475;4574.50133624035;0.0;zone40;S01010295;18;974;870;427;[0.384615,0.391026,0.224359];[0.604555,0.310559,0.084886];[0.428571,0.285714,0.285714];[0.390728,0.516556,0.092715];[0.212765957447,0.113475177305,0.297872340426,0.375886524823];4;529.0;0.0680145754747;922;193;0.4222222222222222;1.8333333333333333;45.35333333333333;60.666666666666664;80.69777777777777;10.444444444444445;23.555555555555557;15.666666666666666;4.817777777777778;0.0;9.575555555555553;1.5844444444444445;2.737777777777778;0.1577777777777778;1.7911111111111113;8.666666666666666;18.22222222222222
11286;zone41;4647.752341766679;4736.091736240359;0.0;zone41;S01010296;16;664;560;291;[0.294118,0.423529,0.282353];[0.520913,0.368821,0.110266];[0.375,0.375,0.25];[0.475524,0.391608,0.132867];[0.282828282828,0.111111111111,0.363636363636,0.242424242424];2;856.0;0.444094443477;960;161;0.38;1.875;38.792500000000004;52.5;69.99;10.0625;23.0625;13.0625;3.3475;0.0;4.625;1.5325000000000002;4.5375;0.32000000000000006;1.625;6.125;13.5625
11286;zone42;5522.849421766708;4411.996091240393;0.0;zone42;S01010297;7;1066;894;676;[0.582609,0.382609,0.034783];[0.691824,0.245283,0.062893];[0.540541,0.333333,0.126126];[0.681275,0.270916,0.047809];[0.260563380282,0.140845070423,0.37323943662,0.225352112676];1;504.0;0.0391758595379;921;42;0.22857142857142856;1.7142857142857142;54.622857142857136;37.285714285714285;66.55999999999999;8.0;21.571428571428573;19.428571428571427;1.8171428571428572;0.0;1.582857142857143;0.34285714285714286;3.5200000000000005;0.3028571428571429;2.32;6.142857142857143;7.0
11286;zone43;4706.481893689814;4143.807995855712;0.0;zone43;S01010298;12;880;677;515;[0.308943,0.479675,0.211382];[0.581395,0.356589,0.062016];[0.539683,0.396825,0.063492];[0.744828,0.193103,0.062069];[0.227272727273,0.0984848484848,0.371212121212,0.30303030303];1;486.0;0.0190902878356;1019;67;0.22;1.4166666666666667;45.803333333333335;37.75;69.62333333333333;10.916666666666666;23.0;15.666666666666666;4.286666666666668;0.0;2.8966666666666665;0.5133333333333333;2.246666666666667;0.2966666666666667;2.2933333333333334;5.833333333333333;9.5
11286;zone44;4885.424673909578;4209.645754097502;0.0;zone44;S01010299;4;536;404;292;[0.3,0.54,0.16];[0.556701,0.340206,0.103093];[0.458333,0.520833,0.020833];[0.584906,0.283019,0.132075];[0.428571428571,0.0857142857143,0.285714285714,0.2];1;375.0;-0.10827530326;746;31;0.29;2.0;40.129999999999995;35.25;78.21000000000001;13.25;25.0;13.25;3.74;0.0;2.71;0.71;4.26;0.33;1.99;11.0;10.75
11286;zone45;4883.397012115578;4340.414778682246;0.0;zone45;S01010300;21;934;764;478;[0.460784,0.411765,0.127451];[0.664653,0.238671,0.096677];[0.632353,0.323529,0.044118];[0.606383,0.329787,0.06383];[0.3046875,0.125,0.3515625,0.21875];2;513.0;0.0498225801839;640;192;0.35428571428571426;1.8571428571428572;42.413333333333334;42.904761904761905;69.11619047619047;9.857142857142858;22.571428571428573;14.380952380952381;4.474285714285715;0.0;1.9295238095238096;0.4552380952380953;3.52952380952381;0.23619047619047628;1.8857142857142855;7.9523809523809526;9.80952380952381
11286;zone46;5144.66081966521;4032.769083704074;0.0;zone46;S01010301;6;522;457;283;[0.292683,0.597561,0.109756];[0.57563,0.315126,0.109244];[0.222222,0.703704,0.074074];[0.561798,0.393258,0.044944];[0.214285714286,0.0612244897959,0.459183673469,0.265306122449];4;490.0;0.0232745011966;1162;102;0.66;2.1666666666666665;54.413333333333334;67.66666666666667;82.68;9.666666666666666;23.166666666666668;18.5;9.959999999999999;0.0;2.433333333333333;0.96;5.646666666666666;0.09999999999999999;1.4666666666666668;9.0;18.833333333333332
11286;zone47;5165.568789180556;4297.038752619699;0.0;zone47;S01010302;24;669;495;388;[0.65625,0.28125,0.0625];[0.6,0.356522,0.043478];[0.716981,0.226415,0.056604];[0.801802,0.18018,0.018018];[0.582417582418,0.0769230769231,0.263736263736,0.0769230769231];1;392.0;-0.0896499889057;1733;247;0.39666666666666667;0.9583333333333334;53.21833333333334;51.416666666666664;69.37833333333334;9.583333333333334;22.166666666666668;18.375;6.146666666666667;0.0;2.3933333333333335;0.545;3.1533333333333324;0.2933333333333334;2.2983333333333333;2.75;11.833333333333334
11286;zone48;5241.140616766716;4139.402270499609;0.0;zone48;S01010303;33;579;387;250;[0.692308,0.153846,0.153846];[0.56701,0.298969,0.134021];[0.630435,0.282609,0.086957];[0.658879,0.285047,0.056075];[0.58407079646,0.106194690265,0.274336283186,0.0353982300885];1;415.0;-0.0627120940391;1634;278;0.32727272727272727;0.9090909090909091;56.87272727272728;46.121212121212125;72.04848484848488;10.212121212121213;22.696969696969695;19.393939393939394;6.787878787878787;0.0;1.8884848484848484;0.6581818181818182;2.6884848484848494;0.4545454545454546;2.4775757575757575;3.090909090909091;11.575757575757576
11286;zone49;4853.647576226233;3833.123065294377;0.0;zone49;S01010304;12;542;456;332;[0.323529,0.514706,0.161765];[0.635135,0.25,0.114865];[0.477273,0.522727,0.0];[0.829268,0.109756,0.060976];[0.372340425532,0.0425531914894,0.297872340426,0.287234042553];1;804.0;0.384523850516;1645;118;0.38;2.1666666666666665;74.99333333333334;47.083333333333336;80.72;8.583333333333334;22.333333333333332;26.083333333333332;6.016666666666666;0.0;2.55;0.7233333333333333;2.186666666666667;0.20999999999999996;1.5333333333333332;9.0;11.083333333333334
11286;zone50;4697.410406890209;3639.1027396354093;0.0;zone50;S01010305;7;807;694;478;[0.36036,0.468468,0.171171];[0.553191,0.33617,0.110638];[0.409639,0.301205,0.289157];[0.589888,0.337079,0.073034];[0.198529411765,0.0735294117647,0.382352941176,0.345588235294];1;223.0;-0.28282788147;565;54;0.29714285714285715;1.1428571428571428;46.28000000000001;51.142857142857146;74.81714285714285;11.428571428571429;23.571428571428573;16.285714285714285;5.165714285714286;0.0;4.651428571428572;3.325714285714285;1.24;0.5714285714285714;2.5314285714285716;4.571428571428571;13.857142857142858
11286;zone51;4591.3082521834585;3868.367573740388;0.0;zone51;S01010306;13;752;675;449;[0.35625,0.56875,0.075];[0.570588,0.355882,0.073529];[0.283019,0.566038,0.150943];[0.650943,0.330189,0.018868];[0.165680473373,0.0473372781065,0.479289940828,0.307692307692];2;238.0;-0.265781391166;805;133;0.39692307692307693;1.6923076923076923;54.480000000000004;54.07692307692308;70.73846153846154;8.461538461538462;21.46153846153846;18.76923076923077;5.061538461538462;0.0;3.378461538461538;2.4799999999999995;1.1784615384615384;0.17538461538461542;1.996923076923077;5.846153846153846;11.538461538461538
11286;zone52;4503.72067559025;3742.2957906521283;0.0;zone52;S01010307;9;821;732;428;[0.189922,0.577519,0.232558];[0.407407,0.487654,0.104938];[0.346154,0.538462,0.115385];[0.71875,0.234375,0.046875];[0.0681818181818,0.0568181818182,0.375,0.5];5;319.0;-0.172537833795;448;131;0.5555555555555556;1.1111111111111112;42.88;76.55555555555556;78.75111111111111;10.333333333333334;23.77777777777778;14.222222222222221;8.68;0.0;5.995555555555557;5.146666666666666;1.1422222222222222;0.24000000000000002;2.1511111111111108;5.111111111111111;20.444444444444443
11286;zone53;4364.519870735056;4047.768725526131;0.0;zone53;S01010308;9;975;858;480;[0.285714,0.54007,0.174216];[0.511936,0.384615,0.103448];[0.254902,0.411765,0.333333];[0.648352,0.307692,0.043956];[0.0970873786408,0.0631067961165,0.359223300971,0.480582524272];4;257.0;-0.244477582955;1376;106;0.4622222222222222;2.6666666666666665;51.13333333333334;52.55555555555556;84.58666666666664;10.777777777777779;23.88888888888889;18.0;7.0088888888888885;0.0;5.48;1.7466666666666668;1.822222222222222;0.2177777777777778;1.471111111111111;12.333333333333334;15.777777777777779
11286;zone54;5381.88771051669;3636.3205112402793;0.0;zone54;S01010309;4;419;356;264;[0.333333,0.25,0.416667];[0.478873,0.422535,0.098592];[0.352941,0.382353,0.264706];[0.705882,0.24183,0.052288];[0.365853658537,0.170731707317,0.390243902439,0.0731707317073];1;0.0;-0.540229885057;1604;28;0.26;1.0;78.45;45.5;75.39;8.0;22.0;27.0;4.88;0.0;2.21;0.45999999999999996;3.05;0.12000000000000001;2.5300000000000002;3.0;10.25
11286;zone55;5657.373406240428;3625.6586165034923;0.0;zone55;S01010310;13;706;540;381;[0.333333,0.238095,0.428571];[0.565517,0.337931,0.096552];[0.54902,0.27451,0.176471];[0.715415,0.256917,0.027668];[0.484848484848,0.151515151515,0.318181818182,0.0454545454545];1;574.0;0.120406534162;762;83;0.23692307692307693;1.2307692307692308;51.990769230769224;42.46153846153846;60.76;7.846153846153846;20.307692307692307;17.46153846153846;2.6399999999999997;0.0;2.2030769230769227;0.26153846153846155;3.1015384615384614;0.2830769230769231;1.9353846153846155;2.769230769230769;7.615384615384615
11286;zone56;5685.425126382168;3318.6970593171873;0.0;zone56;S01010311;22;721;556;351;[0.411765,0.352941,0.235294];[0.472222,0.453704,0.074074];[0.571429,0.404762,0.02381];[0.717949,0.271062,0.010989];[0.565217391304,0.121739130435,0.269565217391,0.0434782608696];1;1534.0;1.22364271569;1575;103;0.18;1.0;57.15818181818183;36.5;68.34000000000002;9.727272727272727;22.0;19.40909090909091;2.9472727272727273;0.0;2.3490909090909096;0.13090909090909092;3.358181818181819;0.3054545454545455;2.6163636363636367;3.8636363636363638;8.363636363636363
11286;zone57;5466.52613028024;3072.1402274564575;0.0;zone57;S01010312;34;868;647;425;[0.117647,0.823529,0.058824];[0.754386,0.22807,0.017544];[0.407407,0.444444,0.148148];[0.804945,0.153846,0.041209];[0.586956521739,0.115942028986,0.268115942029,0.0289855072464];1;685.0;0.247477927043;1693;164;0.18941176470588236;1.3235294117647058;68.19764705882352;35.55882352941177;71.87294117647059;9.117647058823529;22.08823529411765;23.235294117647058;2.324705882352941;0.0;2.4999999999999996;0.15411764705882353;3.289411764705882;0.27529411764705886;2.4435294117647057;4.588235294117647;7.764705882352941
11286;zone58;5251.7403530303945;3502.549209042501;0.0;zone58;S01010313;16;654;529;356;[0.428571,0.285714,0.285714];[0.6,0.333333,0.066667];[0.433735,0.481928,0.084337];[0.739623,0.162264,0.098113];[0.648351648352,0.131868131868,0.175824175824,0.043956043956];1;565.0;0.109617915218;2141;85;0.205;1.1875;84.265;41.125;82.5175;10.0;23.625;29.0625;3.9800000000000004;0.0;2.895;0.365;4.034999999999999;0.3650000000000001;2.555;4.0625;10.625
11286;zone59;4840.312157862589;3385.4448126102257;0.0;zone59;S01010314;21;1248;1034;550;[0.358209,0.507463,0.134328];[0.514493,0.333333,0.152174];[0.5,0.326923,0.173077];[0.636,0.324,0.04];[0.316901408451,0.133802816901,0.401408450704,0.147887323944];1;637.0;0.192402372167;1220;152;0.2819047619047619;1.3333333333333333;49.50476190476189;41.80952380952381;74.46666666666665;10.80952380952381;23.285714285714285;16.952380952380953;5.716190476190477;0.0;5.007619047619048;0.914285714285714;1.019047619047619;0.24761904761904768;2.241904761904762;6.619047619047619;12.047619047619047
11286;zone60;4536.293429266749;2504.1273706154316;0.0;zone60;S01010315;43;911;678;409;[0.180723,0.554217,0.26506];[0.252632,0.457895,0.289474];[0.208333,0.5,0.291667];[0.55144,0.345679,0.102881];[0.308176100629,0.169811320755,0.358490566038,0.163522012579];2;382.0;-0.100954860853;1590;365;0.32744186046511625;1.372093023255814;44.462325581395355;42.46511627906977;68.52186046511628;9.930232558139535;22.627906976744185;15.116279069767442;4.532093023255814;0.0;3.3181395348837217;0.04651162790697674;3.5106976744186054;0.3330232558139534;2.2716279069767444;5.186046511627907;10.930232558139535
11286;zone61;4589.6619547948285;2943.195659127726;0.0;zone61;S01010316;25;512;414;304;[0.392157,0.529412,0.078431];[0.62931,0.37069,0.0];[0.439024,0.560976,0.0];[0.775401,0.224599,0.0];[0.439252336449,0.102803738318,0.252336448598,0.205607476636];1;481.0;0.0128180141103;1365;181;0.2832;2.04;49.43999999999999;39.0;76.1792;11.04;23.44;16.64;4.454400000000001;0.0;4.2288;0.2576;2.5648;0.27680000000000005;2.1392000000000007;9.24;11.04
11286;zone63;4421.5566371748755;3071.026327566895;0.0;zone63;S01010318;12;1588;1497;304;[0.5,0.456522,0.043478];[0.469799,0.47651,0.053691];[0.310345,0.37931,0.310345];[0.678571,0.285714,0.035714];[0.36,0.14,0.34,0.16];3;317.0;-0.175110645645;1175;121;0.38666666666666666;1.5833333333333333;55.51333333333333;56.083333333333336;74.88000000000001;8.25;22.083333333333332;19.083333333333332;7.466666666666666;0.0;5.37;1.2566666666666666;0.8666666666666667;0.3966666666666667;1.6333333333333335;6.833333333333333;14.416666666666666
11286;zone64;4173.240913470097;2893.8040771744095;0.0;zone64;S01010319;9;711;624;407;[0.258741,0.608392,0.132867];[0.383399,0.486166,0.130435];[0.439394,0.212121,0.348485];[0.530769,0.384615,0.084615];[0.171974522293,0.0700636942675,0.471337579618,0.286624203822];2;473.0;0.00423719084943;1456;72;0.3022222222222222;1.1111111111111112;40.657777777777774;47.0;63.56444444444445;8.777777777777779;21.444444444444443;14.11111111111111;5.146666666666667;0.0;3.342222222222222;0.17777777777777778;2.471111111111111;0.25333333333333335;1.9377777777777776;4.111111111111111;10.777777777777779
11286;zone65;3940.1918462749595;2900.8899784533987;0.0;zone65;S01010320;4;675;594;437;[0.257813,0.523438,0.21875];[0.61753,0.298805,0.083665];[0.526316,0.22807,0.245614];[0.805085,0.169492,0.025424];[0.172185430464,0.0662251655629,0.443708609272,0.317880794702];1;646.0;0.202453315259;1327;23;0.23;1.5;64.06;39.75;66.06;6.75;21.0;22.5;6.48;0.0;0.9;0.39;0.37;0.18;1.42;4.5;7.75
11286;zone66;3905.8658739096163;2664.6669636212755;0.0;zone66;S01010321;7;837;634;432;[0.401709,0.555556,0.042735];[0.54717,0.433962,0.018868];[0.45122,0.439024,0.109756];[0.666667,0.271186,0.062147];[0.212328767123,0.0958904109589,0.390410958904,0.301369863014];1;1019.0;0.631764531736;1816;24;0.13142857142857142;1.5714285714285714;47.994285714285716;24.714285714285715;68.88571428571429;11.285714285714286;22.714285714285715;16.571428571428573;3.257142857142857;0.0;2.4857142857142853;0.2571428571428572;1.0457142857142858;0.3657142857142857;2.0628571428571427;7.142857142857143;6.428571428571429
11286;zone67;3630.3978644730896;3132.1651121578075;0.0;zone67;S01010322;9;1028;914;549;[0.174419,0.549419,0.276163];[0.412399,0.471698,0.115903];[0.298507,0.38806,0.313433];[0.647059,0.323529,0.029412];[0.057268722467,0.0352422907489,0.449339207048,0.458149779736];5;124.0;-0.397569575369;1351;150;0.64;1.3333333333333333;55.271111111111104;78.11111111111111;82.18222222222222;8.333333333333334;23.11111111111111;19.11111111111111;11.697777777777778;0.0;8.04888888888889;1.4311111111111112;2.2444444444444445;0.24444444444444452;1.6800000000000002;4.555555555555555;23.11111111111111
11286;zone68;6208.193116766784;3072.425066795916;0.0;zone68;S01010323;4;603;466;377;[0.555556,0.444444,0.0];[0.657143,0.271429,0.071429];[0.642857,0.321429,0.035714];[0.793651,0.166667,0.039683];[0.578431372549,0.166666666667,0.235294117647,0.0196078431373];1;970.0;0.57559463238;781;28;0.26;1.5;35.2;33.5;69.85;12.75;24.0;12.0;3.94;0.0;2.46;0.0;3.5900000000000003;0.36;2.59;6.75;9.5
11286;zone69;6517.651722029823;2240.572579661372;0.0;zone69;S01010324;6;759;566;403;[0.142857,0.571429,0.285714];[0.298077,0.490385,0.211538];[0.333333,0.530864,0.135802];[0.401674,0.414226,0.1841];[0.569620253165,0.101265822785,0.291139240506,0.0379746835443];1;407.0;-0.0721601679586;1568;27;0.17333333333333334;1.3333333333333333;52.306666666666665;38.333333333333336;63.07333333333333;8.833333333333334;21.0;17.333333333333332;2.8000000000000003;0.0;1.1;0.0;3.5266666666666673;0.42;1.88;4.333333333333333;7.0
11286;zone70;6038.016041009105;2402.8415869980217;0.0;zone70;S01010325;18;939;666;501;[0.263158,0.368421,0.368421];[0.383838,0.525253,0.090909];[0.253623,0.615942,0.130435];[0.451362,0.463035,0.085603];[0.545454545455,0.238636363636,0.193181818182,0.0227272727273];1;225.0;-0.281126582053;1629;87;0.18222222222222223;1.8333333333333333;49.18666666666666;33.833333333333336;74.11333333333332;11.555555555555555;23.77777777777778;17.166666666666668;2.835555555555555;0.0;0.9577777777777778;0.0;4.782222222222222;0.5155555555555555;2.1933333333333334;8.555555555555555;8.0
11286;zone71;5272.359331052501;2740.775131541117;0.0;zone71;S01010326;39;987;707;494;[0.526316,0.368421,0.105263];[0.522523,0.333333,0.144144];[0.492188,0.3125,0.195313];[0.723514,0.224806,0.05168];[0.54375,0.16875,0.23125,0.05625];1;1389.0;1.05701743376;1014;253;0.24717948717948718;1.3333333333333333;52.29025641025641;44.17948717948718;77.11384615384615;11.256410256410257;23.743589743589745;17.71794871794872;3.0287179487179494;0.0;7.370256410256411;0.02051282051282051;3.3384615384615373;0.3210256410256409;2.3528205128205126;6.051282051282051;13.23076923076923
11286;zone72;4970.167032608406;2501.795090448298;0.0;zone72;S01010327;34;982;660;362;[0.031746,0.507937,0.460317];[0.372881,0.432203,0.194915];[0.289063,0.328125,0.382813];[0.516892,0.347973,0.135135];[0.416184971098,0.21387283237,0.236994219653,0.132947976879];1;470.0;0.000335688704598;964;228;0.25529411764705884;1.2058823529411764;46.58941176470587;39.14705882352941;68.74588235294118;10.058823529411764;22.735294117647058;15.970588235294118;3.7552941176470593;0.0;5.531764705882354;0.02588235294117647;2.0;0.3505882352941177;2.3823529411764706;4.294117647058823;10.823529411764707
11286;zone73;5975.307390960257;2677.5485166167286;0.0;zone73;S01010328;24;969;706;445;[0.16129,0.5,0.33871];[0.27044,0.471698,0.257862];[0.192547,0.434783,0.372671];[0.338983,0.432203,0.228814];[0.309352517986,0.258992805755,0.280575539568,0.151079136691];2;457.0;-0.0138550124678;1970;213;0.3333333333333333;1.0416666666666667;46.725;46.916666666666664;72.28166666666667;11.041666666666666;23.625;16.041666666666668;3.9133333333333336;0.0;2.9333333333333336;0.0;5.753333333333334;0.39000000000000007;2.4566666666666666;4.333333333333333;12.125
