cycle;name;location.x;location.y;location.z;name;dataZone;nm_children;pop;over16;nm_hh;AB_car_prob;C1_car_prob;C2_car_prob;DE_car_prob;prob_social;simd;crimeRate;norm_crime;avg_dis_sh;neigh_play;daily_play_per_child;avg_FSA;avg_walk;daily_OD;zone_mvpa;mvpa_home;mvpa_sc;mvpa_road;mvpa_play_field;mvpa_home_garden;mvpa_park;mvpa_PG;mvpa_amenity;mvpa_shops;mvpa_F_home;mvpa_fsa;mvpa_OD
11286;zone0;8448.90275962388;2625.4515469546564;0.0;zone0;S01010195;19;531;390;212;[0.0,0.481481,0.518519];[0.261538,0.646154,0.092308];[0.12,0.59,0.29];[0.447368,0.368421,0.184211];[0.418918918919,0.283783783784,0.202702702703,0.0945945945946];1;0.0;-0.540229885057;1143;104;0.21052631578947367;1.9473684210526316;38.58526315789474;35.526315789473685;70.66315789473686;11.263157894736842;23.63157894736842;12.894736842105264;2.296842105263158;0.0;5.5368421052631565;0.0;3.0063157894736845;0.28631578947368425;2.086315789473684;7.842105263157895;10.368421052631579
11286;zone1;8656.736904000718;2165.9902346445633;0.0;zone1;S01010198;18;1027;748;394;[0.058824,0.529412,0.411765];[0.305785,0.561983,0.132231];[0.219858,0.496454,0.283688];[0.523179,0.331126,0.145695];[0.48623853211,0.229357798165,0.266055045872,0.0183486238532];1;1609.0;1.3102524676;1283;81;0.1688888888888889;1.0;42.53555555555556;32.94444444444444;64.54666666666668;11.277777777777779;22.77777777777778;14.0;1.9977777777777779;0.0;2.4266666666666667;0.08444444444444445;3.6822222222222214;0.35777777777777786;2.575555555555555;3.6666666666666665;7.611111111111111
11286;zone2;8537.588755655543;3024.028900129281;0.0;zone2;S01010201;22;643;453;253;[0.0,0.47619,0.52381];[0.270833,0.3125,0.416667];[0.088,0.48,0.432];[0.296552,0.434483,0.268966];[0.365853658537,0.292682926829,0.292682926829,0.0487804878049];2;219.0;-0.28762447053;1055;156;0.26;1.7272727272727273;36.223636363636366;39.27272727272727;72.10363636363635;11.727272727272727;23.954545454545453;12.227272727272727;2.476363636363636;0.0;5.920000000000002;0.12363636363636363;3.247272727272727;0.33636363636363636;2.4654545454545453;7.7727272727272725;11.227272727272727
11286;zone3;8059.42097232239;3767.666522351409;0.0;zone3;S01010203;30;671;504;260;[0.090909,0.363636,0.545455];[0.263804,0.460123,0.276074];[0.094828,0.422414,0.482759];[0.183824,0.375,0.441176];[0.272727272727,0.218181818182,0.363636363636,0.145454545455];3;215.0;-0.292668818285;1962;183;0.22933333333333333;1.5;43.44133333333335;42.833333333333336;68.03466666666667;9.866666666666667;22.533333333333335;14.833333333333334;3.714666666666666;0.0;3.1866666666666665;0.0;3.8400000000000003;0.19200000000000006;2.0399999999999996;6.133333333333334;10.3
11286;zone4;8368.288440296214;3565.498290652094;0.0;zone4;S01010204;30;800;589;381;[0.272727,0.727273,0.0];[0.627451,0.27451,0.098039];[0.444444,0.533333,0.022222];[0.600619,0.321981,0.077399];[0.595041322314,0.157024793388,0.239669421488,0.00826446280992];1;497.0;0.0317745673598;1152;148;0.184;1.7;45.04933333333333;35.43333333333333;68.82666666666665;10.533333333333333;22.9;15.2;1.636;0.0;3.1906666666666665;0.048;3.749333333333333;0.27466666666666667;2.188;7.166666666666667;8.066666666666666
11286;zone5;8034.229745798958;3515.110462853287;0.0;zone5;S01010205;15;658;534;355;[0.411765,0.117647,0.470588];[0.465116,0.457364,0.077519];[0.317757,0.588785,0.093458];[0.593458,0.280374,0.126168];[0.466666666667,0.2,0.3,0.0333333333333];1;925.0;0.523434132086;1337;86;0.21866666666666668;0.8;38.666666666666664;37.8;63.60533333333333;10.666666666666666;22.466666666666665;13.066666666666666;2.9200000000000004;0.0;3.312;0.0;3.504;0.3573333333333333;2.3040000000000003;3.1333333333333333;9.2
11286;zone6;7457.064719570519;3739.055375726369;0.0;zone6;S01010208;18;903;745;565;[0.30137,0.589041,0.109589];[0.48062,0.457364,0.062016];[0.272727,0.613636,0.113636];[0.66055,0.270642,0.068807];[0.233333333333,0.133333333333,0.461111111111,0.172222222222];1;603.0;0.153385979085;1391;86;0.18444444444444444;2.0;44.49555555555555;34.55555555555556;65.05999999999999;9.277777777777779;21.77777777777778;15.333333333333334;2.451111111111111;0.0;2.635555555555556;0.0;2.482222222222222;0.24222222222222223;1.6133333333333333;7.555555555555555;7.055555555555555
11286;zone7;7917.838214725937;1939.334458859395;0.0;zone7;S01010209;24;966;677;468;[0.172414,0.586207,0.241379];[0.333333,0.414966,0.251701];[0.381944,0.458333,0.159722];[0.545852,0.336245,0.117904];[0.337931034483,0.248275862069,0.303448275862,0.110344827586];1;2053.0;1.82052250092;1553;128;0.19833333333333333;0.875;52.498333333333335;38.791666666666664;71.79833333333333;10.666666666666666;23.166666666666668;18.0;2.0883333333333334;0.0;6.053333333333335;0.0;3.440000000000001;0.47333333333333333;2.6216666666666666;3.5;11.041666666666666
11286;zone8;7878.406567747077;2721.2634132011362;0.0;zone8;S01010210;18;885;641;416;[0.173913,0.456522,0.369565];[0.21519,0.5,0.28481];[0.189781,0.386861,0.423358];[0.422111,0.442211,0.135678];[0.394736842105,0.236842105263,0.254385964912,0.114035087719];1;344.0;-0.144253829852;1040;98;0.2111111111111111;0.6666666666666666;34.58888888888888;37.55555555555556;61.557777777777765;10.61111111111111;22.5;11.555555555555555;2.0622222222222226;0.0;4.822222222222223;0.0;2.824444444444445;0.24222222222222223;2.9399999999999995;2.3333333333333335;9.222222222222221
11286;zone9;7785.599648345685;3201.783800714137;0.0;zone9;S01010211;22;858;634;452;[0.147059,0.705882,0.147059];[0.384615,0.452991,0.162393];[0.469565,0.4,0.130435];[0.722656,0.226563,0.050781];[0.473214285714,0.169642857143,0.285714285714,0.0714285714286];1;430.0;-0.0456985893816;1018;118;0.20363636363636364;1.5909090909090908;47.00363636363636;29.09090909090909;63.65272727272727;9.772727272727273;22.0;15.636363636363637;0.7763636363636363;0.0;3.1818181818181825;0.0;2.4545454545454546;0.37636363636363634;2.174545454545455;5.454545454545454;5.954545454545454
11286;zone10;7580.688680869333;3097.127786881416;0.0;zone10;S01010212;49;1083;779;559;[0.233333,0.633333,0.133333];[0.594771,0.339869,0.065359];[0.465517,0.405172,0.12931];[0.712821,0.269231,0.017949];[0.566037735849,0.138364779874,0.22641509434,0.0691823899371];1;1473.0;1.15298517036;1166;300;0.23346938775510204;1.2653061224489797;49.612244897959194;39.183673469387756;73.40489795918369;11.612244897959183;23.46938775510204;16.93877551020408;2.6530612244897953;0.0;5.136326530612245;0.0;3.747755102040816;0.3110204081632653;2.5273469387755108;5.285714285714286;11.081632653061224
11286;zone11;8065.177293237223;3111.5884965344962;0.0;zone11;S01010213;13;924;657;476;[0.105263,0.684211,0.210526];[0.382609,0.547826,0.069565];[0.218543,0.556291,0.225166];[0.467925,0.483019,0.049057];[0.451327433628,0.221238938053,0.274336283186,0.0530973451327];1;247.0;-0.255840453357;1046;82;0.23692307692307693;1.0;33.53846153846153;38.0;65.92923076923077;11.615384615384615;23.23076923076923;11.076923076923077;2.6553846153846155;0.0;4.32923076923077;0.07076923076923078;4.196923076923077;0.4;2.1876923076923074;4.384615384615385;10.923076923076923
11286;zone12;7144.994858230166;1947.4125453867302;0.0;zone12;S01010214;27;967;717;396;[0.098592,0.28169,0.619718];[0.197531,0.438272,0.364198];[0.173333,0.493333,0.333333];[0.237069,0.487069,0.275862];[0.361344537815,0.210084033613,0.310924369748,0.117647058824];3;176.0;-0.337854473183;1822;163;0.2325925925925926;1.5555555555555556;48.551111111111126;39.74074074074074;72.83259259259258;10.592592592592593;23.51851851851852;16.62962962962963;4.125925925925926;0.0;4.435555555555556;0.0;3.0414814814814823;0.2933333333333334;1.7229629629629628;6.814814814814815;11.148148148148149
11286;zone13;7013.590150664996;2618.495528189446;0.0;zone13;S01010215;24;850;608;492;[0.571429,0.285714,0.142857];[0.5,0.431373,0.068627];[0.382609,0.391304,0.226087];[0.678571,0.269841,0.051587];[0.467289719626,0.140186915888,0.345794392523,0.0467289719626];1;547.0;0.0886083430805;685;152;0.24666666666666667;1.25;40.75833333333333;38.583333333333336;67.49333333333333;10.708333333333334;23.125;13.916666666666666;2.2433333333333336;0.0;3.3899999999999992;0.0;4.545000000000001;0.2950000000000001;2.6466666666666665;4.875;9.708333333333334
11286;zone14;7332.222205807836;2329.961970144465;0.0;zone14;S01010216;15;621;464;361;[0.6,0.4,0.0];[0.597701,0.356322,0.045977];[0.409091,0.439394,0.151515];[0.709544,0.273859,0.016598];[0.5,0.163265306122,0.265306122449,0.0714285714286];1;600.0;0.150092344085;1259;81;0.20266666666666666;1.0666666666666667;54.48;36.86666666666667;72.20533333333333;10.266666666666667;23.333333333333332;18.533333333333335;2.6480000000000006;0.0;4.949333333333334;0.0;2.8933333333333326;0.25866666666666666;2.9680000000000004;4.866666666666666;9.933333333333334
11286;zone15;7299.833172322251;2625.8610945736937;0.0;zone15;S01010217;33;817;598;406;[0.16129,0.516129,0.322581];[0.565517,0.4,0.034483];[0.5,0.431373,0.068627];[0.702703,0.283784,0.013514];[0.541935483871,0.0967741935484,0.296774193548,0.0645161290323];1;1060.0;0.679274950851;1036;255;0.29818181818181816;1.4242424242424243;49.45333333333333;41.72727272727273;73.16727272727275;10.757575757575758;23.666666666666668;16.87878787878788;3.101818181818182;0.0;4.6024242424242425;0.0;4.036363636363636;0.3563636363636363;2.39030303030303;5.636363636363637;11.303030303030303
11286;zone16;7142.953643082513;3018.5401822929393;0.0;zone16;S01010218;31;1018;790;587;[0.425532,0.404255,0.170213];[0.392523,0.453271,0.154206];[0.358209,0.492537,0.149254];[0.589124,0.335347,0.075529];[0.424657534247,0.109589041096,0.369863013699,0.0958904109589];1;557.0;0.101026678737;525;204;0.24903225806451612;1.2903225806451613;32.24387096774192;40.935483870967744;63.93806451612904;10.741935483870968;23.0;10.935483870967742;2.0606451612903225;0.0;3.415483870967742;0.0;4.558709677419356;0.35354838709677416;2.1690322580645165;5.129032258064516;9.483870967741936
11286;zone17;6738.8937706128745;4298.8917997019325;0.0;zone17;S01010219;21;503;382;274;[0.695652,0.304348,0.0];[0.758621,0.215517,0.025862];[0.761905,0.166667,0.071429];[0.781609,0.195402,0.022989];[0.41935483871,0.0752688172043,0.408602150538,0.0967741935484];2;184.0;-0.327838932938;1623;188;0.34476190476190477;0.7142857142857143;62.799999999999976;52.904761904761905;79.36571428571428;10.333333333333334;23.523809523809526;21.666666666666668;6.946666666666668;0.0;7.609523809523809;0.00952380952380952;2.0704761904761906;0.33333333333333337;2.596190476190476;2.8095238095238093;16.095238095238095
11286;zone18;5915.780765415368;4211.222876105162;0.0;zone18;S01010220;7;476;433;279;[0.181159,0.608696,0.210145];[0.404255,0.531915,0.06383];[0.227273,0.704545,0.068182];[0.448276,0.482759,0.068966];[0.154545454545,0.0636363636364,0.318181818182,0.463636363636];5;267.0;-0.232306706325;1172;65;0.3485714285714286;2.142857142857143;44.034285714285716;37.857142857142854;68.12571428571428;9.142857142857142;22.428571428571427;14.714285714285714;3.565714285714286;0.0;4.285714285714286;0.27999999999999997;1.1999999999999997;0.18285714285714286;1.5257142857142856;9.142857142857142;8.857142857142858
11286;zone19;6341.0811208317455;3913.8398648988496;0.0;zone19;S01010221;13;546;394;260;[0.6,0.4,0.0];[0.557377,0.409836,0.032787];[0.538462,0.323077,0.138462];[0.699387,0.257669,0.042945];[0.609375,0.140625,0.203125,0.046875];1;635.0;0.19005459739;1195;49;0.14153846153846153;1.9230769230769231;59.969230769230776;26.692307692307693;69.61846153846153;9.384615384615385;21.76923076923077;20.307692307692307;3.9292307692307693;0.0;2.169230769230769;0.03692307692307692;0.8584615384615385;0.35076923076923083;2.196923076923077;6.538461538461538;6.384615384615385
11286;zone20;7001.213463613622;4053.9957950241624;0.0;zone20;S01010222;15;492;414;285;[0.142857,0.5,0.357143];[0.432432,0.459459,0.108108];[0.348624,0.522936,0.12844];[0.747899,0.235294,0.016807];[0.345238095238,0.214285714286,0.309523809524,0.130952380952];1;377.0;-0.105830277325;1914;68;0.176;1.6666666666666667;56.92533333333333;31.866666666666667;75.50133333333333;11.6;23.8;19.266666666666666;3.7839999999999994;0.0;3.106666666666667;0.0;2.8480000000000003;0.264;2.2826666666666666;6.8;9.2
11286;zone21;6986.8418912765155;3434.1450308482026;0.0;zone21;S01010223;4;556;462;337;[0.076923,0.538462,0.384615];[0.567797,0.330508,0.101695];[0.472222,0.444444,0.083333];[0.584699,0.36612,0.04918];[0.432432432432,0.162162162162,0.324324324324,0.0810810810811];1;439.0;-0.0353356041414;1706;25;0.24;0.75;55.269999999999996;41.75;69.08;10.75;22.0;19.0;4.970000000000001;0.0;3.45;0.0;2.44;0.16;1.87;3.0;10.5
11286;zone22;6247.397837456437;3329.661273309237;0.0;zone22;S01010224;40;1036;727;469;[0.405405,0.540541,0.054054];[0.592593,0.274074,0.133333];[0.418803,0.504274,0.076923];[0.768421,0.202632,0.028947];[0.506097560976,0.140243902439,0.268292682927,0.0853658536585];1;1004.0;0.614259332793;1103;195;0.188;1.65;49.230000000000004;29.05;69.87299999999999;10.8;22.9;16.8;4.231;0.0;2.156999999999999;0.11399999999999999;1.478;0.33199999999999996;1.925;7.275;7.625
11286;zone23;7827.985844039554;4105.4701191949;0.0;zone23;S01010225;33;812;636;431;[0.25,0.634615,0.115385];[0.469072,0.43299,0.097938];[0.54023,0.413793,0.045977];[0.672065,0.234818,0.093117];[0.385185185185,0.125925925926,0.325925925926,0.162962962963];1;1006.0;0.616572011517;1614;178;0.20484848484848484;1.0606060606060606;48.24484848484848;35.72727272727273;71.43757575757576;11.454545454545455;23.696969696969695;16.515151515151516;4.219393939393939;0.0;3.0593939393939396;0.0096969696969697;2.8460606060606066;0.3587878787878789;2.8569696969696965;4.818181818181818;9.787878787878787
11286;zone24;7040.363001382077;4481.052780471187;0.0;zone24;S01010226;40;816;565;394;[0.454545,0.242424,0.30303];[0.715385,0.2,0.084615];[0.540541,0.405405,0.054054];[0.766917,0.18797,0.045113];[0.503355704698,0.201342281879,0.221476510067,0.0738255033557];2;422.0;-0.0548014077425;1155;468;0.449;1.575;61.105999999999995;59.05;80.604;9.325;22.925;21.0;6.834999999999998;0.0;8.189000000000004;0.20400000000000001;2.0310000000000006;0.16300000000000003;2.018;6.25;16.8
11286;zone25;6847.772309074456;4638.663588163389;0.0;zone25;S01010227;39;692;454;294;[0.413793,0.413793,0.172414];[0.704545,0.238636,0.056818];[0.654545,0.345455,0.0];[0.810606,0.159091,0.030303];[0.672268907563,0.0924369747899,0.159663865546,0.0756302521008];4;0.0;-0.540229885057;1182;629;0.6153846153846154;1.1282051282051282;58.60102564102564;77.28205128205128;82.63794871794872;8.538461538461538;22.564102564102566;20.128205128205128;7.811282051282053;0.0;12.061538461538461;0.29128205128205126;2.689230769230769;0.2841025641025641;2.1241025641025644;4.435897435897436;22.384615384615383
11286;zone26;8241.816993110848;4572.457656401622;0.0;zone26;S01010229;30;1016;787;508;[0.1,0.625,0.275];[0.350877,0.350877,0.298246];[0.348315,0.477528,0.174157];[0.565217,0.310559,0.124224];[0.420731707317,0.213414634146,0.292682926829,0.0731707317073];1;395.0;-0.0859445809966;1331;143;0.18533333333333332;1.2;42.33333333333333;29.633333333333333;67.31333333333332;11.5;23.233333333333334;14.2;2.523999999999999;0.0;2.876;0.05333333333333333;2.56;0.3173333333333333;2.397333333333334;5.766666666666667;7.566666666666666
11286;zone27;7458.320056766788;4680.341251240345;0.0;zone27;S01010230;24;1005;772;577;[0.314286,0.628571,0.057143];[0.703883,0.296117,0.0];[0.727273,0.218182,0.054545];[0.71831,0.24507,0.03662];[0.517857142857,0.136904761905,0.267857142857,0.077380952381];1;846.0;0.433218203459;1036;188;0.305;1.125;49.48333333333333;49.375;70.73833333333333;9.833333333333334;22.541666666666668;16.875;3.603333333333334;0.0;5.98;0.08;3.563333333333334;0.25833333333333336;2.1883333333333335;4.291666666666667;12.75
11286;zone28;7569.802990100143;4917.458811240416;0.0;zone28;S01010232;37;1074;792;485;[0.457143,0.485714,0.057143];[0.557292,0.338542,0.104167];[0.492063,0.333333,0.174603];[0.654229,0.251244,0.094527];[0.470297029703,0.153465346535,0.306930693069,0.0693069306931];1;771.0;0.347049794199;1123;242;0.24972972972972973;1.3783783783783783;43.82054054054054;42.37837837837838;70.2281081081081;10.864864864864865;23.27027027027027;14.837837837837839;3.0248648648648646;0.0;4.3675675675675665;0.17405405405405405;3.6172972972972968;0.3383783783783783;2.029189189189189;6.108108108108108;10.675675675675675
11286;zone29;7830.713068379679;4879.746446724283;0.0;zone29;S01010233;33;970;705;476;[0.275,0.625,0.1];[0.655629,0.245033,0.099338];[0.52809,0.426966,0.044944];[0.771505,0.212366,0.016129];[0.587209302326,0.093023255814,0.261627906977,0.0581395348837];1;284.0;-0.213781821634;1256;233;0.27151515151515154;1.1515151515151516;48.84969696969698;41.93939393939394;62.802424242424244;8.666666666666666;21.333333333333332;16.606060606060606;1.5539393939393942;0.0;3.4399999999999995;0.18787878787878795;3.4969696969696957;0.2666666666666668;2.0242424242424244;3.4242424242424243;8.181818181818182
11286;zone30;6473.383843181837;4954.519765957263;0.0;zone30;S01010261;6;2551;2373;526;[0.666667,0.270833,0.0625];[0.675841,0.281346,0.042813];[0.75,0.25,0.0];[0.824468,0.164894,0.010638];[0.41,0.06,0.41,0.12];3;176.0;-0.337679921334;1470;31;0.2;1.8333333333333333;64.68666666666667;47.0;74.50666666666666;9.0;22.333333333333332;22.0;5.38;0.0;2.8600000000000008;0.08666666666666667;4.72;0.3666666666666667;1.6733333333333331;4.333333333333333;12.666666666666666
11286;zone31;4930.642193689802;4959.449818932565;0.0;zone31;S01010266;3;555;474;237;[0.320755,0.556604,0.122642];[0.677273,0.254545,0.068182];[0.5,0.461538,0.038462];[0.534247,0.30137,0.164384];[0.141176470588,0.0588235294118,0.4,0.4];3;536.0;0.0761386922126;1019;9;0.10666666666666667;3.3333333333333335;58.626666666666665;37.666666666666664;67.57333333333334;8.0;20.666666666666668;20.0;1.5200000000000002;0.0;2.2666666666666666;0.8000000000000002;2.72;0.06666666666666667;0.8533333333333334;8.666666666666666;6.666666666666667
11286;zone32;5712.5549897826;4979.400336637217;0.0;zone32;S01010270;4;1153;972;817;[0.389831,0.533898,0.076271];[0.70255,0.252125,0.045326];[0.714286,0.272727,0.012987];[0.771552,0.228448,0.0];[0.125,0.0909090909091,0.454545454545,0.329545454545];1;871.0;0.461200629557;1650;15;0.15;1.75;67.43;29.25;81.94;11.25;23.25;23.0;5.569999999999999;0.0;3.12;0.05;0.35;0.49;1.8199999999999998;11.5;8.5
11286;zone33;3394.0723536088512;4934.677182292946;0.0;zone33;S01010282;13;976;841;645;[0.438776,0.520408,0.040816];[0.545732,0.405488,0.04878];[0.521277,0.382979,0.095745];[0.712707,0.232044,0.055249];[0.190954773869,0.070351758794,0.35175879397,0.386934673367];2;350.0;-0.137812028107;1369;67;0.19076923076923077;2.0;50.76923076923077;41.53846153846154;73.26461538461538;10.076923076923077;22.692307692307693;17.384615384615383;2.5384615384615383;0.0;7.7907692307692304;0.6523076923076924;1.698461538461539;0.316923076923077;1.6676923076923076;6.538461538461538;12.384615384615385
11286;zone34;4385.789287498423;4835.237486850067;0.0;zone34;S01010289;15;771;687;380;[0.130952,0.511905,0.357143];[0.262911,0.502347,0.234742];[0.178571,0.464286,0.357143];[0.410256,0.435897,0.153846];[0.058064516129,0.0322580645161,0.245161290323,0.664516129032];5;259.0;-0.241396294863;1143;228;0.5813333333333334;1.5333333333333334;51.709333333333326;80.13333333333334;87.16266666666668;10.533333333333333;24.4;17.733333333333334;4.402666666666666;0.0;10.546666666666665;4.098666666666668;4.7173333333333325;0.17066666666666663;2.4266666666666667;6.133333333333334;23.2
11286;zone35;4401.5375624188455;4669.062022109911;0.0;zone35;S01010290;13;546;485;278;[0.198198,0.603604,0.198198];[0.485944,0.449799,0.064257];[0.555556,0.444444,0.0];[0.435897,0.512821,0.051282];[0.10752688172,0.0430107526882,0.494623655914,0.354838709677];3;353.0;-0.133686757747;1217;167;0.48923076923076925;0.6153846153846154;51.48615384615384;71.15384615384616;74.5476923076923;9.615384615384615;23.0;17.615384615384617;4.729230769230768;0.0;8.34769230769231;3.1076923076923078;2.083076923076923;0.3076923076923077;1.7876923076923084;2.4615384615384617;17.76923076923077
11286;zone36;4119.983651650423;4281.100418217042;0.0;zone36;S01010291;12;1075;975;481;[0.405594,0.447552,0.146853];[0.627907,0.277132,0.094961];[0.415094,0.433962,0.150943];[0.562963,0.325926,0.111111];[0.197080291971,0.0729927007299,0.445255474453,0.284671532847];3;438.0;-0.0363924713322;1042;101;0.33;1.5833333333333333;53.123333333333335;52.5;75.10000000000001;10.083333333333334;23.166666666666668;17.916666666666668;4.0633333333333335;0.0;5.696666666666668;2.2900000000000005;1.3966666666666665;0.25666666666666665;2.056666666666667;6.5;12.75
11286;zone37;4399.731076226201;4291.6703625917;0.0;zone37;S01010292;10;890;831;409;[0.348214,0.508929,0.142857];[0.477169,0.420091,0.10274];[0.339286,0.446429,0.214286];[0.55814,0.383721,0.05814];[0.128378378378,0.0540540540541,0.398648648649,0.418918918919];4;323.0;-0.168488563048;1340;139;0.54;1.2;57.592;73.2;85.716;10.7;24.7;19.8;7.279999999999999;0.0;7.352000000000001;2.832;3.864;0.27999999999999997;1.8560000000000003;5.4;20.8
11286;zone38;4514.690807242894;4541.15458266895;0.0;zone38;S01010293;16;839;723;373;[0.51773,0.35461,0.12766];[0.635389,0.262735,0.101877];[0.446809,0.319149,0.234043];[0.514286,0.392857,0.092857];[0.242424242424,0.0606060606061,0.393939393939,0.30303030303];3;290.0;-0.205814991507;1118;218;0.5225;1.75;49.83250000000001;72.5625;71.64;7.6875;21.4375;16.8125;3.1925;0.0;8.239999999999998;1.9825000000000004;2.5475000000000003;0.155;1.2725;6.5625;15.4375
11286;zone39;4541.7482834333705;4418.565122351524;0.0;zone39;S01010294;13;690;631;275;[0.242105,0.526316,0.231579];[0.650873,0.214464,0.134663];[0.583333,0.208333,0.208333];[0.414894,0.489362,0.095745];[0.164835164835,0.043956043956,0.494505494505,0.296703296703];4;440.0;-0.0342259463805;1078;191;0.563076923076923;1.9230769230769231;60.064615384615394;70.76923076923077;74.78769230769231;7.538461538461538;21.76923076923077;20.46153846153846;5.704615384615384;0.0;4.676923076923078;1.9507692307692308;3.6400000000000006;0.09538461538461539;1.1046153846153846;5.769230769230769;15.461538461538462
11286;zone40;4766.8646917667475;4574.50133624035;0.0;zone40;S01010295;18;974;870;427;[0.384615,0.391026,0.224359];[0.604555,0.310559,0.084886];[0.428571,0.285714,0.285714];[0.390728,0.516556,0.092715];[0.212765957447,0.113475177305,0.297872340426,0.375886524823];4;529.0;0.0680145754747;1125;234;0.4955555555555556;1.7222222222222223;55.56888888888889;69.66666666666667;79.92666666666668;9.38888888888889;22.944444444444443;19.055555555555557;5.204444444444444;0.0;7.377777777777778;1.822222222222222;3.4222222222222225;0.18444444444444444;1.848888888888889;7.055555555555555;17.444444444444443
11286;zone41;4647.752341766679;4736.091736240359;0.0;zone41;S01010296;16;664;560;291;[0.294118,0.423529,0.282353];[0.520913,0.368821,0.110266];[0.375,0.375,0.25];[0.475524,0.391608,0.132867];[0.282828282828,0.111111111111,0.363636363636,0.242424242424];2;856.0;0.444094443477;1280;141;0.3475;1.6875;37.330000000000005;51.3125;69.92;10.0625;23.1875;12.4375;3.1424999999999996;0.0;4.3575;1.9075;3.5199999999999996;0.27249999999999996;1.7749999999999997;7.25;12.375
11286;zone42;5522.849421766708;4411.996091240393;0.0;zone42;S01010297;7;1066;894;676;[0.582609,0.382609,0.034783];[0.691824,0.245283,0.062893];[0.540541,0.333333,0.126126];[0.681275,0.270916,0.047809];[0.260563380282,0.140845070423,0.37323943662,0.225352112676];1;504.0;0.0391758595379;1845;49;0.28;1.8571428571428572;51.09142857142857;38.857142857142854;74.24;10.714285714285714;23.428571428571427;17.714285714285715;3.1599999999999997;0.0;2.097142857142857;0.2571428571428572;4.508571428571428;0.32;2.365714285714286;7.857142857142857;9.428571428571429
11286;zone43;4706.481893689814;4143.807995855712;0.0;zone43;S01010298;12;880;677;515;[0.308943,0.479675,0.211382];[0.581395,0.356589,0.062016];[0.539683,0.396825,0.063492];[0.744828,0.193103,0.062069];[0.227272727273,0.0984848484848,0.371212121212,0.30303030303];1;486.0;0.0190902878356;965;71;0.22666666666666666;0.9166666666666666;45.836666666666666;41.083333333333336;69.66333333333333;11.083333333333334;23.166666666666668;15.5;4.493333333333333;0.0;4.66;0.6333333333333333;1.9500000000000002;0.29;2.823333333333333;3.0;11.333333333333334
11286;zone44;4885.424673909578;4209.645754097502;0.0;zone44;S01010299;4;536;404;292;[0.3,0.54,0.16];[0.556701,0.340206,0.103093];[0.458333,0.520833,0.020833];[0.584906,0.283019,0.132075];[0.428571428571,0.0857142857143,0.285714285714,0.2];1;375.0;-0.10827530326;750;28;0.26;1.25;45.739999999999995;35.75;72.69999999999999;12.5;24.0;15.75;4.85;0.0;1.7999999999999998;0.47;3.75;0.35;2.91;4.75;10.25
11286;zone45;4883.397012115578;4340.414778682246;0.0;zone45;S01010300;21;934;764;478;[0.460784,0.411765,0.127451];[0.664653,0.238671,0.096677];[0.632353,0.323529,0.044118];[0.606383,0.329787,0.06383];[0.3046875,0.125,0.3515625,0.21875];2;513.0;0.0498225801839;654;170;0.3028571428571429;1.4761904761904763;42.268571428571434;43.666666666666664;71.0647619047619;10.142857142857142;23.333333333333332;14.523809523809524;5.561904761904762;0.0;4.775238095238095;0.7104761904761904;2.2038095238095234;0.30666666666666675;1.9790476190476187;5.571428571428571;12.761904761904763
11286;zone46;5144.66081966521;4032.769083704074;0.0;zone46;S01010301;6;522;457;283;[0.292683,0.597561,0.109756];[0.57563,0.315126,0.109244];[0.222222,0.703704,0.074074];[0.561798,0.393258,0.044944];[0.214285714286,0.0612244897959,0.459183673469,0.265306122449];4;490.0;0.0232745011966;1643;84;0.5466666666666666;2.1666666666666665;61.0;61.666666666666664;80.00666666666667;8.833333333333334;22.833333333333332;20.666666666666668;9.959999999999999;0.0;1.4466666666666665;0.22;3.5933333333333337;0.08;1.3133333333333332;9.333333333333334;14.833333333333334
11286;zone47;5165.568789180556;4297.038752619699;0.0;zone47;S01010302;24;669;495;388;[0.65625,0.28125,0.0625];[0.6,0.356522,0.043478];[0.716981,0.226415,0.056604];[0.801802,0.18018,0.018018];[0.582417582418,0.0769230769231,0.263736263736,0.0769230769231];1;392.0;-0.0896499889057;1312;182;0.29833333333333334;1.4583333333333333;49.99833333333333;44.5;75.14666666666666;11.125;23.458333333333332;17.291666666666668;6.098333333333335;0.0;3.2783333333333338;0.43666666666666676;3.465;0.3583333333333334;2.525;5.458333333333333;12.708333333333334
11286;zone48;5241.140616766716;4139.402270499609;0.0;zone48;S01010303;33;579;387;250;[0.692308,0.153846,0.153846];[0.56701,0.298969,0.134021];[0.630435,0.282609,0.086957];[0.658879,0.285047,0.056075];[0.58407079646,0.106194690265,0.274336283186,0.0353982300885];1;415.0;-0.0627120940391;1478;324;0.37454545454545457;1.2121212121212122;53.20484848484848;49.75757575757576;71.75515151515151;9.818181818181818;22.606060606060606;18.242424242424242;7.166060606060606;0.0;2.3406060606060604;0.3345454545454546;2.7903030303030305;0.4278787878787879;2.157575757575758;4.212121212121212;12.090909090909092
11286;zone49;4853.647576226233;3833.123065294377;0.0;zone49;S01010304;12;542;456;332;[0.323529,0.514706,0.161765];[0.635135,0.25,0.114865];[0.477273,0.522727,0.0];[0.829268,0.109756,0.060976];[0.372340425532,0.0425531914894,0.297872340426,0.287234042553];1;804.0;0.384523850516;1739;81;0.26;2.0833333333333335;62.76666666666667;37.75;89.79;13.25;25.666666666666668;21.5;7.743333333333335;0.0;3.066666666666667;0.7000000000000001;2.493333333333333;0.5233333333333333;2.286666666666667;10.833333333333334;13.666666666666666
11286;zone50;4697.410406890209;3639.1027396354093;0.0;zone50;S01010305;7;807;694;478;[0.36036,0.468468,0.171171];[0.553191,0.33617,0.110638];[0.409639,0.301205,0.289157];[0.589888,0.337079,0.073034];[0.198529411765,0.0735294117647,0.382352941176,0.345588235294];1;223.0;-0.28282788147;524;64;0.35428571428571426;2.5714285714285716;44.76571428571429;41.285714285714285;69.8742857142857;9.0;22.142857142857142;15.0;6.291428571428571;0.0;2.5485714285714285;0.84;0.9771428571428572;0.3657142857142857;1.2114285714285715;9.857142857142858;10.285714285714286
11286;zone51;4591.3082521834585;3868.367573740388;0.0;zone51;S01010306;13;752;675;449;[0.35625,0.56875,0.075];[0.570588,0.355882,0.073529];[0.283019,0.566038,0.150943];[0.650943,0.330189,0.018868];[0.165680473373,0.0473372781065,0.479289940828,0.307692307692];2;238.0;-0.265781391166;738;139;0.40307692307692305;2.230769230769231;48.603076923076934;46.84615384615385;77.58769230769231;10.384615384615385;23.384615384615383;16.615384615384617;7.541538461538462;0.0;2.9538461538461536;1.3046153846153847;1.7538461538461543;0.27999999999999997;1.732307692307692;9.846153846153847;13.153846153846153
11286;zone52;4503.72067559025;3742.2957906521283;0.0;zone52;S01010307;9;821;732;428;[0.189922,0.577519,0.232558];[0.407407,0.487654,0.104938];[0.346154,0.538462,0.115385];[0.71875,0.234375,0.046875];[0.0681818181818,0.0568181818182,0.375,0.5];5;319.0;-0.172537833795;461;138;0.5911111111111111;1.4444444444444444;41.60888888888889;78.33333333333333;76.59555555555556;8.88888888888889;22.77777777777778;14.222222222222221;14.0;0.0;4.0;1.7111111111111112;1.982222222222222;0.16444444444444448;1.6355555555555557;5.333333333333333;21.11111111111111
11286;zone53;4364.519870735056;4047.768725526131;0.0;zone53;S01010308;9;975;858;480;[0.285714,0.54007,0.174216];[0.511936,0.384615,0.103448];[0.254902,0.411765,0.333333];[0.648352,0.307692,0.043956];[0.0970873786408,0.0631067961165,0.359223300971,0.480582524272];4;257.0;-0.244477582955;1010;128;0.5511111111111111;1.1111111111111112;60.471111111111114;70.77777777777777;81.56888888888889;8.88888888888889;23.333333333333332;20.555555555555557;9.737777777777778;0.0;6.017777777777778;1.431111111111111;2.7466666666666666;0.2;1.982222222222222;4.888888888888889;19.444444444444443
11286;zone54;5381.88771051669;3636.3205112402793;0.0;zone54;S01010309;4;419;356;264;[0.333333,0.25,0.416667];[0.478873,0.422535,0.098592];[0.352941,0.382353,0.264706];[0.705882,0.24183,0.052288];[0.365853658537,0.170731707317,0.390243902439,0.0731707317073];1;0.0;-0.540229885057;2153;23;0.22;0.25;62.36;31.5;70.2;11.0;22.75;21.75;3.14;0.0;3.0;0.05;2.4000000000000004;0.41999999999999993;3.4000000000000004;0.75;8.0
11286;zone55;5657.373406240428;3625.6586165034923;0.0;zone55;S01010310;13;706;540;381;[0.333333,0.238095,0.428571];[0.565517,0.337931,0.096552];[0.54902,0.27451,0.176471];[0.715415,0.256917,0.027668];[0.484848484848,0.151515151515,0.318181818182,0.0454545454545];1;574.0;0.120406534162;797;64;0.19692307692307692;1.1538461538461537;44.63384615384616;37.46153846153846;70.91076923076923;11.846153846153847;23.76923076923077;15.0;3.3630769230769237;0.0;1.649230769230769;0.3230769230769231;4.018461538461538;0.403076923076923;3.0307692307692307;5.846153846153846;8.923076923076923
11286;zone56;5685.425126382168;3318.6970593171873;0.0;zone56;S01010311;22;721;556;351;[0.411765,0.352941,0.235294];[0.472222,0.453704,0.074074];[0.571429,0.404762,0.02381];[0.717949,0.271062,0.010989];[0.565217391304,0.121739130435,0.269565217391,0.0434782608696];1;1534.0;1.22364271569;1524;108;0.1890909090909091;1.2272727272727273;60.50363636363636;34.59090909090909;74.27454545454547;10.818181818181818;23.181818181818183;20.954545454545453;3.6672727272727275;0.0;3.0181818181818185;0.10909090909090909;3.227272727272727;0.2654545454545455;2.4472727272727273;4.909090909090909;9.545454545454545
11286;zone57;5466.52613028024;3072.1402274564575;0.0;zone57;S01010312;34;868;647;425;[0.117647,0.823529,0.058824];[0.754386,0.22807,0.017544];[0.407407,0.444444,0.148148];[0.804945,0.153846,0.041209];[0.586956521739,0.115942028986,0.268115942029,0.0289855072464];1;685.0;0.247477927043;1723;186;0.21411764705882352;1.3235294117647058;55.084705882352935;36.1764705882353;74.84117647058824;11.617647058823529;23.852941176470587;18.852941176470587;3.1388235294117646;0.0;4.709411764705883;0.15529411764705886;2.5199999999999996;0.3999999999999999;2.5435294117647054;5.411764705882353;10.029411764705882
11286;zone58;5251.7403530303945;3502.549209042501;0.0;zone58;S01010313;16;654;529;356;[0.428571,0.285714,0.285714];[0.6,0.333333,0.066667];[0.433735,0.481928,0.084337];[0.739623,0.162264,0.098113];[0.648351648352,0.131868131868,0.175824175824,0.043956043956];1;565.0;0.109617915218;2142;80;0.195;1.8125;73.35249999999999;33.8125;74.03;8.25;22.0;25.25;2.9025000000000003;0.0;2.5949999999999993;0.155;2.3024999999999998;0.22750000000000004;1.8150000000000004;6.75;7.4375
11286;zone59;4840.312157862589;3385.4448126102257;0.0;zone59;S01010314;21;1248;1034;550;[0.358209,0.507463,0.134328];[0.514493,0.333333,0.152174];[0.5,0.326923,0.173077];[0.636,0.324,0.04];[0.316901408451,0.133802816901,0.401408450704,0.147887323944];1;637.0;0.192402372167;1453;132;0.2419047619047619;1.2857142857142858;53.8895238095238;39.38095238095238;67.67238095238096;8.857142857142858;21.80952380952381;18.333333333333332;4.807619047619048;0.0;3.914285714285715;0.3295238095238095;1.060952380952381;0.2704761904761905;2.2990476190476192;4.142857142857143;9.571428571428571
11286;zone60;4536.293429266749;2504.1273706154316;0.0;zone60;S01010315;43;911;678;409;[0.180723,0.554217,0.26506];[0.252632,0.457895,0.289474];[0.208333,0.5,0.291667];[0.55144,0.345679,0.102881];[0.308176100629,0.169811320755,0.358490566038,0.163522012579];2;382.0;-0.100954860853;1622;346;0.3116279069767442;1.6511627906976745;46.48651162790697;41.95348837209303;72.30139534883723;10.44186046511628;23.093023255813954;15.744186046511627;5.513488372093023;0.0;3.1060465116279072;0.01023255813953488;3.0911627906976746;0.3423255813953489;2.31906976744186;6.883720930232558;11.279069767441861
11286;zone61;4589.6619547948285;2943.195659127726;0.0;zone61;S01010316;25;512;414;304;[0.392157,0.529412,0.078431];[0.62931,0.37069,0.0];[0.439024,0.560976,0.0];[0.775401,0.224599,0.0];[0.439252336449,0.102803738318,0.252336448598,0.205607476636];1;481.0;0.0128180141103;1282;188;0.2992;1.6;60.14240000000001;42.68;75.05760000000001;9.64;22.76;20.84;4.608000000000001;0.0;4.1216;0.06880000000000001;2.8143999999999996;0.26560000000000006;2.2207999999999997;6.16;11.16
11286;zone63;4421.5566371748755;3071.026327566895;0.0;zone63;S01010318;12;1588;1497;304;[0.5,0.456522,0.043478];[0.469799,0.47651,0.053691];[0.310345,0.37931,0.310345];[0.678571,0.285714,0.035714];[0.36,0.14,0.34,0.16];3;317.0;-0.175110645645;1229;137;0.44;1.4166666666666667;61.94666666666666;57.166666666666664;78.99999999999999;9.0;23.25;21.166666666666668;7.696666666666666;0.0;5.193333333333333;0.7566666666666668;2.33;0.14666666666666664;2.0366666666666666;5.666666666666667;15.583333333333334
11286;zone64;4173.240913470097;2893.8040771744095;0.0;zone64;S01010319;9;711;624;407;[0.258741,0.608392,0.132867];[0.383399,0.486166,0.130435];[0.439394,0.212121,0.348485];[0.530769,0.384615,0.084615];[0.171974522293,0.0700636942675,0.471337579618,0.286624203822];2;473.0;0.00423719084943;1578;48;0.20444444444444446;1.7777777777777777;56.72;35.111111111111114;69.25333333333333;8.88888888888889;22.555555555555557;19.11111111111111;3.155555555555556;0.0;1.9422222222222223;0.14222222222222222;2.5288888888888885;0.22666666666666668;1.666666666666667;7.222222222222222;7.444444444444445
11286;zone65;3940.1918462749595;2900.8899784533987;0.0;zone65;S01010320;4;675;594;437;[0.257813,0.523438,0.21875];[0.61753,0.298805,0.083665];[0.526316,0.22807,0.245614];[0.805085,0.169492,0.025424];[0.172185430464,0.0662251655629,0.443708609272,0.317880794702];1;646.0;0.202453315259;1165;29;0.28;2.0;49.46;46.5;68.32;8.25;21.25;16.75;6.970000000000001;0.0;3.17;0.29000000000000004;1.49;0.15;1.44;6.5;11.25
11286;zone66;3905.8658739096163;2664.6669636212755;0.0;zone66;S01010321;7;837;634;432;[0.401709,0.555556,0.042735];[0.54717,0.433962,0.018868];[0.45122,0.439024,0.109756];[0.666667,0.271186,0.062147];[0.212328767123,0.0958904109589,0.390410958904,0.301369863014];1;1019.0;0.631764531736;1909;38;0.2057142857142857;3.4285714285714284;84.57714285714287;33.285714285714285;98.42857142857143;11.571428571428571;25.285714285714285;28.857142857142858;5.7942857142857145;0.0;3.645714285714285;0.17714285714285719;2.2399999999999998;0.2742857142857143;0.8514285714285714;17.714285714285715;11.571428571428571
11286;zone67;3630.3978644730896;3132.1651121578075;0.0;zone67;S01010322;9;1028;914;549;[0.174419,0.549419,0.276163];[0.412399,0.471698,0.115903];[0.298507,0.38806,0.313433];[0.647059,0.323529,0.029412];[0.057268722467,0.0352422907489,0.449339207048,0.458149779736];5;124.0;-0.397569575369;1454;120;0.5066666666666667;3.111111111111111;47.528888888888886;61.888888888888886;70.04888888888888;6.888888888888889;20.555555555555557;16.11111111111111;3.057777777777778;0.0;7.5600000000000005;0.8977777777777778;1.631111111111111;0.06222222222222223;0.5911111111111113;10.555555555555555;12.666666666666666
11286;zone68;6208.193116766784;3072.425066795916;0.0;zone68;S01010323;4;603;466;377;[0.555556,0.444444,0.0];[0.657143,0.271429,0.071429];[0.642857,0.321429,0.035714];[0.793651,0.166667,0.039683];[0.578431372549,0.166666666667,0.235294117647,0.0196078431373];1;970.0;0.57559463238;941;25;0.23;0.75;57.16;54.25;83.55;12.0;24.5;19.25;13.149999999999999;0.0;2.29;0.06;3.88;0.7000000000000001;2.1999999999999997;3.5;19.0
11286;zone69;6517.651722029823;2240.572579661372;0.0;zone69;S01010324;6;759;566;403;[0.142857,0.571429,0.285714];[0.298077,0.490385,0.211538];[0.333333,0.530864,0.135802];[0.401674,0.414226,0.1841];[0.569620253165,0.101265822785,0.291139240506,0.0379746835443];1;407.0;-0.0721601679586;1508;28;0.18;1.3333333333333333;33.96666666666667;24.333333333333332;61.00666666666666;11.833333333333334;22.666666666666668;11.833333333333334;1.406666666666667;0.0;1.7733333333333334;0.0;2.1999999999999997;0.6666666666666666;1.9133333333333333;5.166666666666667;5.0
11286;zone70;6038.016041009105;2402.8415869980217;0.0;zone70;S01010325;18;939;666;501;[0.263158,0.368421,0.368421];[0.383838,0.525253,0.090909];[0.253623,0.615942,0.130435];[0.451362,0.463035,0.085603];[0.545454545455,0.238636363636,0.193181818182,0.0227272727273];1;225.0;-0.281126582053;1577;102;0.2222222222222222;0.7222222222222222;43.67111111111111;40.77777777777778;61.89777777777777;9.61111111111111;22.055555555555557;14.777777777777779;3.0888888888888895;0.0;1.3311111111111111;0.0;4.486666666666668;0.25777777777777783;2.3066666666666666;2.3333333333333335;8.5
11286;zone71;5272.359331052501;2740.775131541117;0.0;zone71;S01010326;39;987;707;494;[0.526316,0.368421,0.105263];[0.522523,0.333333,0.144144];[0.492188,0.3125,0.195313];[0.723514,0.224806,0.05168];[0.54375,0.16875,0.23125,0.05625];1;1389.0;1.05701743376;950;257;0.2553846153846154;1.2820512820512822;46.3025641025641;40.46153846153846;70.68820512820513;10.717948717948717;22.94871794871795;15.743589743589743;2.33025641025641;0.0;7.605128205128203;0.01743589743589744;2.057435897435898;0.35282051282051274;2.275897435897436;4.9743589743589745;11.538461538461538
11286;zone72;4970.167032608406;2501.795090448298;0.0;zone72;S01010327;34;982;660;362;[0.031746,0.507937,0.460317];[0.372881,0.432203,0.194915];[0.289063,0.328125,0.382813];[0.516892,0.347973,0.135135];[0.416184971098,0.21387283237,0.236994219653,0.132947976879];1;470.0;0.000335688704598;1020;240;0.26823529411764707;1.1764705882352942;43.90941176470589;39.23529411764706;65.72117647058822;9.558823529411764;21.88235294117647;15.176470588235293;3.1552941176470597;0.0;6.335294117647059;0.01294117647058824;1.3976470588235288;0.3423529411764705;2.2517647058823536;3.911764705882353;10.441176470588236
11286;zone73;5975.307390960257;2677.5485166167286;0.0;zone73;S01010328;24;969;706;445;[0.16129,0.5,0.33871];[0.27044,0.471698,0.257862];[0.192547,0.434783,0.372671];[0.338983,0.432203,0.228814];[0.309352517986,0.258992805755,0.280575539568,0.151079136691];2;457.0;-0.0138550124678;1980;196;0.31166666666666665;1.4166666666666667;50.48333333333333;43.666666666666664;71.95166666666667;10.916666666666666;23.125;17.458333333333332;4.825;0.0;2.2850000000000006;0.0;4.358333333333333;0.3816666666666666;1.7433333333333334;5.291666666666667;11.083333333333334
