cycle;name;location.x;location.y;location.z;name;dataZone;nm_children;pop;over16;nm_hh;AB_car_prob;C1_car_prob;C2_car_prob;DE_car_prob;prob_social;simd;crimeRate;norm_crime;avg_dis_sh;neigh_play;daily_play_per_child;avg_FSA;avg_walk;daily_OD;zone_mvpa;mvpa_home;mvpa_sc;mvpa_road;mvpa_play_field;mvpa_home_garden;mvpa_park;mvpa_PG;mvpa_amenity;mvpa_shops;mvpa_F_home;mvpa_fsa;mvpa_OD
11286;zone0;8448.90275962388;2625.4515469546564;0.0;zone0;S01010195;19;531;390;212;[0.0,0.481481,0.518519];[0.261538,0.646154,0.092308];[0.12,0.59,0.29];[0.447368,0.368421,0.184211];[0.418918918919,0.283783783784,0.202702702703,0.0945945945946];1;0.0;-0.540229885057;1080;117;0.23789473684210527;1.0;39.4;42.94736842105263;62.57263157894737;9.631578947368421;21.94736842105263;12.947368421052632;1.1747368421052633;0.0;5.816842105263157;0.00842105263157895;3.9368421052631577;0.4021052631578948;2.0968421052631583;3.1052631578947367;10.368421052631579
11286;zone1;8656.736904000718;2165.9902346445633;0.0;zone1;S01010198;18;1027;748;394;[0.058824,0.529412,0.411765];[0.305785,0.561983,0.132231];[0.219858,0.496454,0.283688];[0.523179,0.331126,0.145695];[0.48623853211,0.229357798165,0.266055045872,0.0183486238532];1;1609.0;1.3102524676;1279;89;0.19333333333333333;1.3888888888888888;38.97555555555556;38.888888888888886;61.173333333333325;9.166666666666666;21.88888888888889;13.166666666666666;1.4955555555555557;0.0;2.0288888888888885;0.21777777777777776;4.2555555555555555;0.33111111111111113;1.9022222222222227;4.944444444444445;7.555555555555555
11286;zone2;8537.588755655543;3024.028900129281;0.0;zone2;S01010201;22;643;453;253;[0.0,0.47619,0.52381];[0.270833,0.3125,0.416667];[0.088,0.48,0.432];[0.296552,0.434483,0.268966];[0.365853658537,0.292682926829,0.292682926829,0.0487804878049];2;219.0;-0.28762447053;831;182;0.3181818181818182;1.0909090909090908;34.47636363636363;48.36363636363637;62.86363636363637;9.545454545454545;21.863636363636363;11.863636363636363;2.0109090909090908;0.0;6.198181818181817;0.15272727272727274;3.4763636363636365;0.3636363636363637;1.8818181818181825;3.8636363636363638;11.318181818181818
11286;zone3;8059.42097232239;3767.666522351409;0.0;zone3;S01010203;30;671;504;260;[0.090909,0.363636,0.545455];[0.263804,0.460123,0.276074];[0.094828,0.422414,0.482759];[0.183824,0.375,0.441176];[0.272727272727,0.218181818182,0.363636363636,0.145454545455];3;215.0;-0.292668818285;1956;210;0.268;1.6333333333333333;51.274666666666675;37.7;71.24933333333334;10.4;22.8;17.366666666666667;2.381333333333333;0.0;4.6320000000000014;0.0;3.209333333333334;0.22666666666666668;2.150666666666667;6.333333333333333;9.733333333333333
11286;zone4;8368.288440296214;3565.498290652094;0.0;zone4;S01010204;30;800;589;381;[0.272727,0.727273,0.0];[0.627451,0.27451,0.098039];[0.444444,0.533333,0.022222];[0.600619,0.321981,0.077399];[0.595041322314,0.157024793388,0.239669421488,0.00826446280992];1;497.0;0.0317745673598;1369;185;0.23733333333333334;0.9333333333333333;43.50266666666666;40.06666666666667;66.212;10.333333333333334;22.7;14.7;2.2573333333333334;0.0;4.101333333333333;0.016;3.932;0.3373333333333334;2.345333333333333;3.6333333333333333;9.766666666666667
11286;zone5;8034.229745798958;3515.110462853287;0.0;zone5;S01010205;15;658;534;355;[0.411765,0.117647,0.470588];[0.465116,0.457364,0.077519];[0.317757,0.588785,0.093458];[0.593458,0.280374,0.126168];[0.466666666667,0.2,0.3,0.0333333333333];1;925.0;0.523434132086;1287;102;0.264;0.8666666666666667;44.368;44.86666666666667;69.08800000000001;11.0;22.933333333333334;15.0;3.1413333333333338;0.0;5.626666666666666;0.0;3.6160000000000005;0.3786666666666667;1.9893333333333336;3.7333333333333334;11.933333333333334
11286;zone6;7457.064719570519;3739.055375726369;0.0;zone6;S01010208;18;903;745;565;[0.30137,0.589041,0.109589];[0.48062,0.457364,0.062016];[0.272727,0.613636,0.113636];[0.66055,0.270642,0.068807];[0.233333333333,0.133333333333,0.461111111111,0.172222222222];1;603.0;0.153385979085;1412;88;0.18888888888888888;1.3888888888888888;47.76666666666666;33.111111111111114;66.86888888888888;10.11111111111111;22.5;16.166666666666668;2.195555555555556;0.0;3.1488888888888886;0.0;3.0644444444444447;0.4133333333333334;2.475555555555556;4.888888888888889;8.0
11286;zone7;7917.838214725937;1939.334458859395;0.0;zone7;S01010209;24;966;677;468;[0.172414,0.586207,0.241379];[0.333333,0.414966,0.251701];[0.381944,0.458333,0.159722];[0.545852,0.336245,0.117904];[0.337931034483,0.248275862069,0.303448275862,0.110344827586];1;2053.0;1.82052250092;1694;111;0.17833333333333334;0.875;51.431666666666665;35.25;69.55333333333333;10.791666666666666;23.041666666666668;17.666666666666668;1.6166666666666665;0.0;4.698333333333333;0.0;3.003333333333334;0.3700000000000001;2.573333333333333;4.0;8.791666666666666
11286;zone8;7878.406567747077;2721.2634132011362;0.0;zone8;S01010210;18;885;641;416;[0.173913,0.456522,0.369565];[0.21519,0.5,0.28481];[0.189781,0.386861,0.423358];[0.422111,0.442211,0.135678];[0.394736842105,0.236842105263,0.254385964912,0.114035087719];1;344.0;-0.144253829852;913;128;0.2733333333333333;1.0555555555555556;36.833333333333336;40.333333333333336;64.68444444444442;10.61111111111111;22.444444444444443;12.555555555555555;1.8644444444444441;0.0;5.344444444444444;0.0;3.4600000000000004;0.4177777777777778;2.1466666666666665;4.111111111111111;10.333333333333334
11286;zone9;7785.599648345685;3201.783800714137;0.0;zone9;S01010211;22;858;634;452;[0.147059,0.705882,0.147059];[0.384615,0.452991,0.162393];[0.469565,0.4,0.130435];[0.722656,0.226563,0.050781];[0.473214285714,0.169642857143,0.285714285714,0.0714285714286];1;430.0;-0.0456985893816;1042;102;0.17636363636363636;2.0454545454545454;45.74000000000001;30.272727272727273;66.07454545454547;9.954545454545455;22.0;15.5;1.2636363636363637;0.0;4.790909090909091;0.0;2.1781818181818178;0.42363636363636364;1.721818181818182;6.5;7.7727272727272725
11286;zone10;7580.688680869333;3097.127786881416;0.0;zone10;S01010212;49;1083;779;559;[0.233333,0.633333,0.133333];[0.594771,0.339869,0.065359];[0.465517,0.405172,0.12931];[0.712821,0.269231,0.017949];[0.566037735849,0.138364779874,0.22641509434,0.0691823899371];1;1473.0;1.15298517036;1169;283;0.2236734693877551;1.7346938775510203;48.71020408163265;38.16326530612245;73.03918367346941;10.816326530612244;23.224489795918366;16.632653061224488;1.7151020408163258;0.0;4.697959183673468;0.0;3.9616326530612245;0.31428571428571417;2.2318367346938777;7.63265306122449;9.938775510204081
11286;zone11;8065.177293237223;3111.5884965344962;0.0;zone11;S01010213;13;924;657;476;[0.105263,0.684211,0.210526];[0.382609,0.547826,0.069565];[0.218543,0.556291,0.225166];[0.467925,0.483019,0.049057];[0.451327433628,0.221238938053,0.274336283186,0.0530973451327];1;247.0;-0.255840453357;886;63;0.18769230769230769;1.3846153846153846;31.8676923076923;31.153846153846153;67.00615384615384;12.76923076923077;23.692307692307693;10.538461538461538;1.4953846153846155;0.0;4.535384615384616;0.0;2.9384615384615382;0.3353846153846154;2.4676923076923076;6.384615384615385;8.461538461538462
11286;zone12;7144.994858230166;1947.4125453867302;0.0;zone12;S01010214;27;967;717;396;[0.098592,0.28169,0.619718];[0.197531,0.438272,0.364198];[0.173333,0.493333,0.333333];[0.237069,0.487069,0.275862];[0.361344537815,0.210084033613,0.310924369748,0.117647058824];3;176.0;-0.337854473183;1930;165;0.2311111111111111;1.1111111111111112;57.647407407407414;44.629629629629626;70.69185185185187;9.481481481481481;22.25925925925926;19.74074074074074;3.152592592592592;0.0;4.638518518518518;0.0;3.6874074074074086;0.2785185185185185;2.2874074074074073;3.6666666666666665;10.962962962962964
11286;zone13;7013.590150664996;2618.495528189446;0.0;zone13;S01010215;24;850;608;492;[0.571429,0.285714,0.142857];[0.5,0.431373,0.068627];[0.382609,0.391304,0.226087];[0.678571,0.269841,0.051587];[0.467289719626,0.140186915888,0.345794392523,0.0467289719626];1;547.0;0.0886083430805;731;159;0.25666666666666665;1.4166666666666667;38.90166666666667;40.5;62.96333333333334;9.458333333333334;22.166666666666668;13.125;1.8800000000000001;0.0;3.246666666666666;0.0;3.8833333333333324;0.36833333333333335;2.1466666666666665;5.125;8.416666666666666
11286;zone14;7332.222205807836;2329.961970144465;0.0;zone14;S01010216;15;621;464;361;[0.6,0.4,0.0];[0.597701,0.356322,0.045977];[0.409091,0.439394,0.151515];[0.709544,0.273859,0.016598];[0.5,0.163265306122,0.265306122449,0.0714285714286];1;600.0;0.150092344085;1288;84;0.216;1.0;55.26133333333333;39.6;71.088;10.666666666666666;22.866666666666667;18.533333333333335;1.9973333333333336;0.0;4.671999999999999;0.0;3.4960000000000004;0.37600000000000006;2.826666666666667;4.0;9.733333333333333
11286;zone15;7299.833172322251;2625.8610945736937;0.0;zone15;S01010217;33;817;598;406;[0.16129,0.516129,0.322581];[0.565517,0.4,0.034483];[0.5,0.431373,0.068627];[0.702703,0.283784,0.013514];[0.541935483871,0.0967741935484,0.296774193548,0.0645161290323];1;1060.0;0.679274950851;996;253;0.2909090909090909;1.2121212121212122;45.35151515151515;41.39393939393939;66.73333333333335;10.030303030303031;22.272727272727273;15.545454545454545;2.083636363636364;0.0;5.304242424242423;0.0;3.072727272727272;0.24484848484848484;2.334545454545455;4.151515151515151;9.969696969696969
11286;zone16;7142.953643082513;3018.5401822929393;0.0;zone16;S01010218;31;1018;790;587;[0.425532,0.404255,0.170213];[0.392523,0.453271,0.154206];[0.358209,0.492537,0.149254];[0.589124,0.335347,0.075529];[0.424657534247,0.109589041096,0.369863013699,0.0958904109589];1;557.0;0.101026678737;434;194;0.24129032258064517;1.4838709677419355;38.31483870967742;41.96774193548387;64.92258064516129;10.225806451612904;22.451612903225808;12.935483870967742;1.6051612903225803;0.0;2.1664516129032254;0.0;5.72;0.3135483870967742;2.1187096774193552;5.645161290322581;8.935483870967742
11286;zone17;6738.8937706128745;4298.8917997019325;0.0;zone17;S01010219;21;503;382;274;[0.695652,0.304348,0.0];[0.758621,0.215517,0.025862];[0.761905,0.166667,0.071429];[0.781609,0.195402,0.022989];[0.41935483871,0.0752688172043,0.408602150538,0.0967741935484];2;184.0;-0.327838932938;1476;201;0.37142857142857144;1.0952380952380953;67.34857142857142;57.57142857142857;81.38666666666667;9.523809523809524;23.285714285714285;23.19047619047619;5.809523809523808;0.0;7.759999999999999;0.0380952380952381;3.773333333333333;0.21714285714285717;2.3238095238095235;3.9047619047619047;16.857142857142858
11286;zone18;5915.780765415368;4211.222876105162;0.0;zone18;S01010220;7;476;433;279;[0.181159,0.608696,0.210145];[0.404255,0.531915,0.06383];[0.227273,0.704545,0.068182];[0.448276,0.482759,0.068966];[0.154545454545,0.0636363636364,0.318181818182,0.463636363636];5;267.0;-0.232306706325;1635;74;0.4;1.5714285714285714;51.66857142857143;57.57142857142857;88.27428571428572;12.0;25.0;18.142857142857142;9.382857142857143;0.0;8.868571428571428;0.6228571428571428;2.531428571428571;0.4800000000000001;2.051428571428571;7.285714285714286;20.714285714285715
11286;zone19;6341.0811208317455;3913.8398648988496;0.0;zone19;S01010221;13;546;394;260;[0.6,0.4,0.0];[0.557377,0.409836,0.032787];[0.538462,0.323077,0.138462];[0.699387,0.257669,0.042945];[0.609375,0.140625,0.203125,0.046875];1;635.0;0.19005459739;1131;68;0.19384615384615383;1.6153846153846154;52.24615384615383;31.153846153846153;67.63692307692307;10.0;22.53846153846154;17.923076923076923;4.44;0.0;2.36;0.1692307692307692;1.4646153846153847;0.17230769230769233;1.6923076923076925;5.230769230769231;7.923076923076923
11286;zone20;7001.213463613622;4053.9957950241624;0.0;zone20;S01010222;15;492;414;285;[0.142857,0.5,0.357143];[0.432432,0.459459,0.108108];[0.348624,0.522936,0.12844];[0.747899,0.235294,0.016807];[0.345238095238,0.214285714286,0.309523809524,0.130952380952];1;377.0;-0.105830277325;1771;59;0.15466666666666667;1.6;50.76;27.866666666666667;66.84266666666664;10.6;22.866666666666667;16.933333333333334;3.458666666666667;0.0;2.074666666666667;0.0;2.010666666666667;0.41600000000000004;1.9813333333333332;4.866666666666666;7.0
11286;zone21;6986.8418912765155;3434.1450308482026;0.0;zone21;S01010223;4;556;462;337;[0.076923,0.538462,0.384615];[0.567797,0.330508,0.101695];[0.472222,0.444444,0.083333];[0.584699,0.36612,0.04918];[0.432432432432,0.162162162162,0.324324324324,0.0810810810811];1;439.0;-0.0353356041414;1813;19;0.19;0.75;84.13;41.25;86.00999999999999;11.5;24.25;29.25;4.52;0.0;3.79;0.07;4.84;0.48;3.48;2.0;12.75
11286;zone22;6247.397837456437;3329.661273309237;0.0;zone22;S01010224;40;1036;727;469;[0.405405,0.540541,0.054054];[0.592593,0.274074,0.133333];[0.418803,0.504274,0.076923];[0.768421,0.202632,0.028947];[0.506097560976,0.140243902439,0.268292682927,0.0853658536585];1;1004.0;0.614259332793;1058;224;0.215;1.325;45.509;33.675;68.52400000000002;11.025;23.025;15.45;5.154000000000001;0.0;2.8000000000000003;0.13699999999999998;1.6829999999999998;0.359;2.2849999999999997;4.825;9.25
11286;zone23;7827.985844039554;4105.4701191949;0.0;zone23;S01010225;33;812;636;431;[0.25,0.634615,0.115385];[0.469072,0.43299,0.097938];[0.54023,0.413793,0.045977];[0.672065,0.234818,0.093117];[0.385185185185,0.125925925926,0.325925925926,0.162962962963];1;1006.0;0.616572011517;1677;176;0.20242424242424242;1.7878787878787878;61.41333333333333;33.24242424242424;71.48484848484847;9.212121212121213;22.333333333333332;21.12121212121212;2.2496969696969695;0.0;3.6339393939393942;0.0;2.5309090909090903;0.23272727272727275;2.112727272727272;6.303030303030303;7.9393939393939394
11286;zone24;7040.363001382077;4481.052780471187;0.0;zone24;S01010226;40;816;565;394;[0.454545,0.242424,0.30303];[0.715385,0.2,0.084615];[0.540541,0.405405,0.054054];[0.766917,0.18797,0.045113];[0.503355704698,0.201342281879,0.221476510067,0.0738255033557];2;422.0;-0.0548014077425;1164;487;0.47;0.9;55.858000000000004;60.825;79.64099999999999;10.0;23.4;19.0;7.974000000000001;0.0;7.103000000000003;0.10499999999999998;3.2040000000000006;0.28900000000000003;2.614;4.1;17.95
11286;zone25;6847.772309074456;4638.663588163389;0.0;zone25;S01010227;39;692;454;294;[0.413793,0.413793,0.172414];[0.704545,0.238636,0.056818];[0.654545,0.345455,0.0];[0.810606,0.159091,0.030303];[0.672268907563,0.0924369747899,0.159663865546,0.0756302521008];4;0.0;-0.540229885057;1039;599;0.5846153846153846;1.2820512820512822;51.95384615384613;72.23076923076923;76.3897435897436;8.435897435897436;21.974358974358974;17.615384615384617;8.207179487179486;0.0;9.166153846153847;0.10358974358974359;2.377435897435898;0.19692307692307695;2.1312820512820516;4.435897435897436;19.384615384615383
11286;zone26;8241.816993110848;4572.457656401622;0.0;zone26;S01010229;30;1016;787;508;[0.1,0.625,0.275];[0.350877,0.350877,0.298246];[0.348315,0.477528,0.174157];[0.565217,0.310559,0.124224];[0.420731707317,0.213414634146,0.292682926829,0.0731707317073];1;395.0;-0.0859445809966;1424;159;0.196;1.4333333333333333;45.44266666666667;29.066666666666666;65.41733333333333;10.366666666666667;22.433333333333334;15.333333333333334;1.5066666666666668;0.0;3.1546666666666665;0.11333333333333334;2.3586666666666662;0.30000000000000004;2.1413333333333338;5.9;6.666666666666667
11286;zone27;7458.320056766788;4680.341251240345;0.0;zone27;S01010230;24;1005;772;577;[0.314286,0.628571,0.057143];[0.703883,0.296117,0.0];[0.727273,0.218182,0.054545];[0.71831,0.24507,0.03662];[0.517857142857,0.136904761905,0.267857142857,0.077380952381];1;846.0;0.433218203459;930;152;0.24166666666666667;1.1666666666666667;51.139999999999986;41.125;74.83166666666668;11.125;23.583333333333332;17.541666666666668;3.27;0.0;6.555;0.04333333333333333;2.978333333333333;0.38500000000000006;2.8100000000000005;4.833333333333333;12.333333333333334
11286;zone28;7569.802990100143;4917.458811240416;0.0;zone28;S01010232;37;1074;792;485;[0.457143,0.485714,0.057143];[0.557292,0.338542,0.104167];[0.492063,0.333333,0.174603];[0.654229,0.251244,0.094527];[0.470297029703,0.153465346535,0.306930693069,0.0693069306931];1;771.0;0.347049794199;776;246;0.2594594594594595;1.6486486486486487;37.738378378378385;39.21621621621622;70.68324324324324;11.45945945945946;23.72972972972973;12.702702702702704;1.6864864864864866;0.0;5.027027027027027;0.06486486486486487;4.2745945945945945;0.2875675675675676;2.1448648648648647;7.4324324324324325;10.594594594594595
11286;zone29;7830.713068379679;4879.746446724283;0.0;zone29;S01010233;33;970;705;476;[0.275,0.625,0.1];[0.655629,0.245033,0.099338];[0.52809,0.426966,0.044944];[0.771505,0.212366,0.016129];[0.587209302326,0.093023255814,0.261627906977,0.0581395348837];1;284.0;-0.213781821634;1049;219;0.2545454545454545;1.2727272727272727;47.332121212121216;42.39393939393939;68.92969696969696;10.303030303030303;22.818181818181817;16.21212121212121;2.2909090909090906;0.0;3.2860606060606066;0.05333333333333333;5.1878787878787875;0.3927272727272727;2.301818181818182;4.454545454545454;10.272727272727273
11286;zone30;6473.383843181837;4954.519765957263;0.0;zone30;S01010261;6;2551;2373;526;[0.666667,0.270833,0.0625];[0.675841,0.281346,0.042813];[0.75,0.25,0.0];[0.824468,0.164894,0.010638];[0.41,0.06,0.41,0.12];3;176.0;-0.337679921334;1431;29;0.18666666666666668;1.1666666666666667;74.50666666666666;47.0;80.55999999999999;10.166666666666666;23.666666666666668;25.666666666666668;4.366666666666666;0.0;1.7666666666666668;0.27999999999999997;6.126666666666668;0.2933333333333333;2.2066666666666666;4.166666666666667;11.833333333333334
11286;zone31;4930.642193689802;4959.449818932565;0.0;zone31;S01010266;3;555;474;237;[0.320755,0.556604,0.122642];[0.677273,0.254545,0.068182];[0.5,0.461538,0.038462];[0.534247,0.30137,0.164384];[0.141176470588,0.0588235294118,0.4,0.4];3;536.0;0.0761386922126;1020;15;0.18666666666666668;1.3333333333333333;48.080000000000005;52.333333333333336;63.29333333333333;8.0;21.0;15.666666666666666;2.2533333333333334;0.0;3.013333333333333;0.9866666666666668;3.6666666666666665;0.21333333333333335;1.4800000000000002;5.0;9.333333333333334
11286;zone32;5712.5549897826;4979.400336637217;0.0;zone32;S01010270;4;1153;972;817;[0.389831,0.533898,0.076271];[0.70255,0.252125,0.045326];[0.714286,0.272727,0.012987];[0.771552,0.228448,0.0];[0.125,0.0909090909091,0.454545454545,0.329545454545];1;871.0;0.461200629557;1566;20;0.18;1.75;65.07000000000001;33.75;68.42999999999999;9.5;21.25;21.75;5.48;0.0;2.85;0.24;1.06;0.24;1.87;2.25;9.0
11286;zone33;3394.0723536088512;4934.677182292946;0.0;zone33;S01010282;13;976;841;645;[0.438776,0.520408,0.040816];[0.545732,0.405488,0.04878];[0.521277,0.382979,0.095745];[0.712707,0.232044,0.055249];[0.190954773869,0.070351758794,0.35175879397,0.386934673367];2;350.0;-0.137812028107;1350;68;0.19384615384615383;1.6923076923076923;60.9723076923077;44.38461538461539;77.58461538461538;10.0;23.153846153846153;20.923076923076923;2.523076923076923;0.0;7.427692307692308;1.2984615384615386;1.3046153846153845;0.34769230769230774;1.4276923076923076;7.384615384615385;12.0
11286;zone34;4385.789287498423;4835.237486850067;0.0;zone34;S01010289;15;771;687;380;[0.130952,0.511905,0.357143];[0.262911,0.502347,0.234742];[0.178571,0.464286,0.357143];[0.410256,0.435897,0.153846];[0.058064516129,0.0322580645161,0.245161290323,0.664516129032];5;259.0;-0.241396294863;1307;207;0.536;2.066666666666667;56.474666666666664;73.26666666666667;73.04266666666668;7.066666666666666;21.133333333333333;19.333333333333332;3.4;0.0;6.786666666666667;2.2453333333333334;3.6319999999999997;0.14666666666666667;1.1946666666666668;6.666666666666667;15.733333333333333
11286;zone35;4401.5375624188455;4669.062022109911;0.0;zone35;S01010290;13;546;485;278;[0.198198,0.603604,0.198198];[0.485944,0.449799,0.064257];[0.555556,0.444444,0.0];[0.435897,0.512821,0.051282];[0.10752688172,0.0430107526882,0.494623655914,0.354838709677];3;353.0;-0.133686757747;1101;180;0.5353846153846153;1.3076923076923077;45.464615384615385;67.92307692307692;73.79384615384616;9.076923076923077;23.0;15.23076923076923;3.8861538461538463;0.0;7.123076923076923;2.4646153846153847;3.0338461538461536;0.19076923076923077;2.0123076923076924;5.769230769230769;16.076923076923077
11286;zone36;4119.983651650423;4281.100418217042;0.0;zone36;S01010291;12;1075;975;481;[0.405594,0.447552,0.146853];[0.627907,0.277132,0.094961];[0.415094,0.433962,0.150943];[0.562963,0.325926,0.111111];[0.197080291971,0.0729927007299,0.445255474453,0.284671532847];3;438.0;-0.0363924713322;1028;111;0.35333333333333333;1.9166666666666667;44.75666666666667;50.0;68.73333333333333;9.25;22.75;15.0;2.8666666666666667;0.0;5.390000000000001;2.02;1.7433333333333338;0.27666666666666667;1.5366666666666668;6.333333333333333;11.583333333333334
11286;zone37;4399.731076226201;4291.6703625917;0.0;zone37;S01010292;10;890;831;409;[0.348214,0.508929,0.142857];[0.477169,0.420091,0.10274];[0.339286,0.446429,0.214286];[0.55814,0.383721,0.05814];[0.128378378378,0.0540540540541,0.398648648649,0.418918918919];4;323.0;-0.168488563048;1202;137;0.516;1.5;57.952;72.8;83.348;9.0;23.1;20.1;7.796000000000001;0.0;8.16;2.2560000000000002;3.252;0.14400000000000002;1.536;6.3;21.0
11286;zone38;4514.690807242894;4541.15458266895;0.0;zone38;S01010293;16;839;723;373;[0.51773,0.35461,0.12766];[0.635389,0.262735,0.101877];[0.446809,0.319149,0.234043];[0.514286,0.392857,0.092857];[0.242424242424,0.0606060606061,0.393939393939,0.30303030303];3;290.0;-0.205814991507;1069;252;0.605;1.4375;50.07;73.1875;73.67750000000001;8.0;21.875;17.3125;4.895;0.0;7.635;1.8575000000000002;3.2950000000000004;0.08500000000000002;1.7924999999999998;5.0625;17.3125
11286;zone39;4541.7482834333705;4418.565122351524;0.0;zone39;S01010294;13;690;631;275;[0.242105,0.526316,0.231579];[0.650873,0.214464,0.134663];[0.583333,0.208333,0.208333];[0.414894,0.489362,0.095745];[0.164835164835,0.043956043956,0.494505494505,0.296703296703];4;440.0;-0.0342259463805;1046;196;0.5846153846153846;1.2307692307692308;54.29846153846154;79.07692307692308;80.81230769230768;9.307692307692308;23.23076923076923;18.53846153846154;5.695384615384616;0.0;8.97846153846154;2.227692307692308;4.516923076923076;0.18153846153846157;1.7323076923076925;4.384615384615385;20.923076923076923
11286;zone40;4766.8646917667475;4574.50133624035;0.0;zone40;S01010295;18;974;870;427;[0.384615,0.391026,0.224359];[0.604555,0.310559,0.084886];[0.428571,0.285714,0.285714];[0.390728,0.516556,0.092715];[0.212765957447,0.113475177305,0.297872340426,0.375886524823];4;529.0;0.0680145754747;1255;216;0.4622222222222222;2.111111111111111;54.56;60.833333333333336;79.80666666666667;9.166666666666666;22.833333333333332;18.61111111111111;5.586666666666666;0.0;5.8133333333333335;1.948888888888889;2.844444444444444;0.1866666666666667;1.708888888888889;9.444444444444445;15.666666666666666
11286;zone41;4647.752341766679;4736.091736240359;0.0;zone41;S01010296;16;664;560;291;[0.294118,0.423529,0.282353];[0.520913,0.368821,0.110266];[0.375,0.375,0.25];[0.475524,0.391608,0.132867];[0.282828282828,0.111111111111,0.363636363636,0.242424242424];2;856.0;0.444094443477;1160;144;0.345;1.5;57.864999999999995;51.625;71.9275;9.0;22.1875;19.625;2.744999999999999;0.0;4.747500000000001;1.6449999999999996;2.6075000000000004;0.365;1.675;5.6875;11.3125
11286;zone42;5522.849421766708;4411.996091240393;0.0;zone42;S01010297;7;1066;894;676;[0.582609,0.382609,0.034783];[0.691824,0.245283,0.062893];[0.540541,0.333333,0.126126];[0.681275,0.270916,0.047809];[0.260563380282,0.140845070423,0.37323943662,0.225352112676];1;504.0;0.0391758595379;1787;36;0.18857142857142858;2.142857142857143;53.09142857142857;30.714285714285715;65.84;8.857142857142858;21.571428571428573;17.857142857142858;1.5657142857142858;0.0;1.5257142857142856;0.41714285714285715;1.862857142857143;0.09142857142857143;1.9657142857142857;8.428571428571429;4.857142857142857
11286;zone43;4706.481893689814;4143.807995855712;0.0;zone43;S01010298;12;880;677;515;[0.308943,0.479675,0.211382];[0.581395,0.356589,0.062016];[0.539683,0.396825,0.063492];[0.744828,0.193103,0.062069];[0.227272727273,0.0984848484848,0.371212121212,0.30303030303];1;486.0;0.0190902878356;1198;62;0.20333333333333334;2.0833333333333335;55.05000000000001;35.0;74.78333333333333;10.416666666666666;22.916666666666668;18.833333333333332;4.093333333333333;0.0;4.746666666666666;0.4466666666666667;0.7833333333333333;0.3433333333333333;1.57;8.833333333333334;9.583333333333334
11286;zone44;4885.424673909578;4209.645754097502;0.0;zone44;S01010299;4;536;404;292;[0.3,0.54,0.16];[0.556701,0.340206,0.103093];[0.458333,0.520833,0.020833];[0.584906,0.283019,0.132075];[0.428571428571,0.0857142857143,0.285714285714,0.2];1;375.0;-0.10827530326;716;37;0.35;3.0;35.04;38.0;72.95;11.25;24.0;12.0;3.45;0.0;1.63;0.5700000000000001;4.39;0.24;0.9600000000000001;13.0;9.5
11286;zone45;4883.397012115578;4340.414778682246;0.0;zone45;S01010300;21;934;764;478;[0.460784,0.411765,0.127451];[0.664653,0.238671,0.096677];[0.632353,0.323529,0.044118];[0.606383,0.329787,0.06383];[0.3046875,0.125,0.3515625,0.21875];2;513.0;0.0498225801839;542;157;0.2895238095238095;1.5714285714285714;36.82285714285714;39.285714285714285;67.96761904761904;11.619047619047619;23.285714285714285;12.238095238095237;2.836190476190476;0.0;3.2571428571428576;0.9619047619047618;2.7752380952380955;0.340952380952381;1.9504761904761905;7.0;9.285714285714286
11286;zone46;5144.66081966521;4032.769083704074;0.0;zone46;S01010301;6;522;457;283;[0.292683,0.597561,0.109756];[0.57563,0.315126,0.109244];[0.222222,0.703704,0.074074];[0.561798,0.393258,0.044944];[0.214285714286,0.0612244897959,0.459183673469,0.265306122449];4;490.0;0.0232745011966;2119;92;0.5933333333333334;2.3333333333333335;58.026666666666664;61.5;86.99333333333334;9.833333333333334;23.666666666666668;20.0;11.406666666666666;0.0;2.893333333333333;0.9933333333333335;3.546666666666667;0.20666666666666667;2.14;10.333333333333334;18.333333333333332
11286;zone47;5165.568789180556;4297.038752619699;0.0;zone47;S01010302;24;669;495;388;[0.65625,0.28125,0.0625];[0.6,0.356522,0.043478];[0.716981,0.226415,0.056604];[0.801802,0.18018,0.018018];[0.582417582418,0.0769230769231,0.263736263736,0.0769230769231];1;392.0;-0.0896499889057;1345;205;0.325;0.9166666666666666;44.14833333333334;46.958333333333336;66.09333333333335;9.5;22.166666666666668;14.875;5.738333333333333;0.0;1.8733333333333337;0.3383333333333334;3.321666666666666;0.3266666666666667;2.683333333333333;3.5833333333333335;10.75
11286;zone48;5241.140616766716;4139.402270499609;0.0;zone48;S01010303;33;579;387;250;[0.692308,0.153846,0.153846];[0.56701,0.298969,0.134021];[0.630435,0.282609,0.086957];[0.658879,0.285047,0.056075];[0.58407079646,0.106194690265,0.274336283186,0.0353982300885];1;415.0;-0.0627120940391;1560;234;0.2678787878787879;1.303030303030303;51.36;41.96969696969697;72.39151515151518;10.696969696969697;23.0;17.424242424242426;6.385454545454545;0.0;1.5672727272727274;0.4569696969696971;2.606060606060606;0.2521212121212122;2.701818181818182;5.636363636363637;10.575757575757576
11286;zone49;4853.647576226233;3833.123065294377;0.0;zone49;S01010304;12;542;456;332;[0.323529,0.514706,0.161765];[0.635135,0.25,0.114865];[0.477273,0.522727,0.0];[0.829268,0.109756,0.060976];[0.372340425532,0.0425531914894,0.297872340426,0.287234042553];1;804.0;0.384523850516;1380;96;0.31333333333333335;1.1666666666666667;60.55666666666667;48.166666666666664;79.83666666666667;10.833333333333334;24.166666666666668;20.583333333333332;7.239999999999999;0.0;3.3733333333333335;0.9766666666666667;3.153333333333333;0.42666666666666675;2.46;4.916666666666667;14.166666666666666
11286;zone50;4697.410406890209;3639.1027396354093;0.0;zone50;S01010305;7;807;694;478;[0.36036,0.468468,0.171171];[0.553191,0.33617,0.110638];[0.409639,0.301205,0.289157];[0.589888,0.337079,0.073034];[0.198529411765,0.0735294117647,0.382352941176,0.345588235294];1;223.0;-0.28282788147;625;49;0.2571428571428571;2.0;43.805714285714295;35.42857142857143;64.90285714285714;9.142857142857142;21.571428571428573;14.571428571428571;6.394285714285715;0.0;1.7657142857142862;0.2857142857142857;0.9028571428571429;0.26285714285714284;1.6285714285714286;6.428571428571429;9.142857142857142
11286;zone51;4591.3082521834585;3868.367573740388;0.0;zone51;S01010306;13;752;675;449;[0.35625,0.56875,0.075];[0.570588,0.355882,0.073529];[0.283019,0.566038,0.150943];[0.650943,0.330189,0.018868];[0.165680473373,0.0473372781065,0.479289940828,0.307692307692];2;238.0;-0.265781391166;768;144;0.4276923076923077;1.3846153846153846;41.55692307692308;52.84615384615385;65.63384615384615;9.23076923076923;21.615384615384617;13.923076923076923;7.661538461538462;0.0;2.427692307692308;1.1076923076923078;1.5353846153846153;0.34153846153846157;2.0276923076923077;3.923076923076923;12.153846153846153
11286;zone52;4503.72067559025;3742.2957906521283;0.0;zone52;S01010307;9;821;732;428;[0.189922,0.577519,0.232558];[0.407407,0.487654,0.104938];[0.346154,0.538462,0.115385];[0.71875,0.234375,0.046875];[0.0681818181818,0.0568181818182,0.375,0.5];5;319.0;-0.172537833795;411;111;0.4711111111111111;2.7777777777777777;54.57777777777778;57.44444444444444;79.92444444444445;8.88888888888889;22.444444444444443;18.22222222222222;10.484444444444444;0.0;4.613333333333333;1.0488888888888888;0.44000000000000006;0.27555555555555555;1.0622222222222222;10.777777777777779;16.11111111111111
11286;zone53;4364.519870735056;4047.768725526131;0.0;zone53;S01010308;9;975;858;480;[0.285714,0.54007,0.174216];[0.511936,0.384615,0.103448];[0.254902,0.411765,0.333333];[0.648352,0.307692,0.043956];[0.0970873786408,0.0631067961165,0.359223300971,0.480582524272];4;257.0;-0.244477582955;1388;97;0.4266666666666667;2.2222222222222223;78.16888888888887;62.888888888888886;84.77333333333334;8.11111111111111;21.88888888888889;27.0;6.897777777777779;0.0;5.48888888888889;2.1333333333333337;1.5066666666666668;0.2222222222222222;1.6711111111111112;7.777777777777778;15.666666666666666
11286;zone54;5381.88771051669;3636.3205112402793;0.0;zone54;S01010309;4;419;356;264;[0.333333,0.25,0.416667];[0.478873,0.422535,0.098592];[0.352941,0.382353,0.264706];[0.705882,0.24183,0.052288];[0.365853658537,0.170731707317,0.390243902439,0.0731707317073];1;0.0;-0.540229885057;1451;18;0.18;1.25;55.900000000000006;38.75;77.36000000000001;12.25;24.25;19.0;6.0200000000000005;0.0;3.16;0.72;2.2;0.43;2.53;5.25;11.75
11286;zone55;5657.373406240428;3625.6586165034923;0.0;zone55;S01010310;13;706;540;381;[0.333333,0.238095,0.428571];[0.565517,0.337931,0.096552];[0.54902,0.27451,0.176471];[0.715415,0.256917,0.027668];[0.484848484848,0.151515151515,0.318181818182,0.0454545454545];1;574.0;0.120406534162;877;64;0.19076923076923077;1.7692307692307692;53.2;33.0;80.33538461538463;13.076923076923077;25.23076923076923;18.23076923076923;3.4000000000000004;0.0;2.5384615384615383;0.88;2.9169230769230774;0.3353846153846154;2.4584615384615387;9.461538461538462;9.153846153846153
11286;zone56;5685.425126382168;3318.6970593171873;0.0;zone56;S01010311;22;721;556;351;[0.411765,0.352941,0.235294];[0.472222,0.453704,0.074074];[0.571429,0.404762,0.02381];[0.717949,0.271062,0.010989];[0.565217391304,0.121739130435,0.269565217391,0.0434782608696];1;1534.0;1.22364271569;1605;97;0.16545454545454547;1.4090909090909092;57.22;32.81818181818182;71.23818181818181;10.227272727272727;23.09090909090909;19.5;2.2927272727272725;0.0;3.3509090909090915;0.2381818181818182;2.9745454545454537;0.22000000000000008;2.3999999999999995;5.2272727272727275;8.363636363636363
11286;zone57;5466.52613028024;3072.1402274564575;0.0;zone57;S01010312;34;868;647;425;[0.117647,0.823529,0.058824];[0.754386,0.22807,0.017544];[0.407407,0.444444,0.148148];[0.804945,0.153846,0.041209];[0.586956521739,0.115942028986,0.268115942029,0.0289855072464];1;685.0;0.247477927043;1704;168;0.18470588235294116;1.411764705882353;59.72117647058823;34.88235294117647;72.55058823529413;10.058823529411764;22.647058823529413;20.676470588235293;2.168235294117647;0.0;3.6552941176470592;0.21529411764705883;2.911764705882353;0.30000000000000004;2.3152941176470585;5.882352941176471;8.5
11286;zone58;5251.7403530303945;3502.549209042501;0.0;zone58;S01010313;16;654;529;356;[0.428571,0.285714,0.285714];[0.6,0.333333,0.066667];[0.433735,0.481928,0.084337];[0.739623,0.162264,0.098113];[0.648351648352,0.131868131868,0.175824175824,0.043956043956];1;565.0;0.109617915218;2140;100;0.2375;0.9375;76.29249999999999;43.375;78.0375;9.8125;22.9375;26.125;4.0375;0.0;3.375000000000001;0.315;3.1875;0.3475;2.6425000000000005;3.4375;10.4375
11286;zone59;4840.312157862589;3385.4448126102257;0.0;zone59;S01010314;21;1248;1034;550;[0.358209,0.507463,0.134328];[0.514493,0.333333,0.152174];[0.5,0.326923,0.173077];[0.636,0.324,0.04];[0.316901408451,0.133802816901,0.401408450704,0.147887323944];1;637.0;0.192402372167;1023;147;0.26857142857142857;1.380952380952381;54.61142857142857;41.904761904761905;72.6495238095238;10.047619047619047;22.571428571428573;18.61904761904762;5.674285714285714;0.0;4.116190476190476;0.7999999999999998;0.798095238095238;0.2876190476190476;2.1504761904761898;5.761904761904762;10.904761904761905
11286;zone60;4536.293429266749;2504.1273706154316;0.0;zone60;S01010315;43;911;678;409;[0.180723,0.554217,0.26506];[0.252632,0.457895,0.289474];[0.208333,0.5,0.291667];[0.55144,0.345679,0.102881];[0.308176100629,0.169811320755,0.358490566038,0.163522012579];2;382.0;-0.100954860853;1634;322;0.2855813953488372;1.3255813953488371;45.066976744186036;41.69767441860465;68.1013953488372;9.976744186046512;22.651162790697676;15.395348837209303;3.8511627906976735;0.0;3.8437209302325575;0.00837209302325581;3.198139534883721;0.2446511627906977;2.346976744186046;5.0;10.395348837209303
11286;zone61;4589.6619547948285;2943.195659127726;0.0;zone61;S01010316;25;512;414;304;[0.392157,0.529412,0.078431];[0.62931,0.37069,0.0];[0.439024,0.560976,0.0];[0.775401,0.224599,0.0];[0.439252336449,0.102803738318,0.252336448598,0.205607476636];1;481.0;0.0128180141103;1285;184;0.2816;1.48;57.12160000000001;44.52;72.77279999999999;9.52;22.08;19.64;3.576;0.0;4.598400000000001;0.2799999999999999;2.8752000000000004;0.26560000000000006;1.8687999999999996;6.16;10.84
11286;zone63;4421.5566371748755;3071.026327566895;0.0;zone63;S01010318;12;1588;1497;304;[0.5,0.456522,0.043478];[0.469799,0.47651,0.053691];[0.310345,0.37931,0.310345];[0.678571,0.285714,0.035714];[0.36,0.14,0.34,0.16];3;317.0;-0.175110645645;1205;143;0.45666666666666667;1.1666666666666667;59.39666666666667;61.166666666666664;76.44333333333334;7.833333333333333;22.5;20.583333333333332;6.0566666666666675;0.0;9.05;0.6900000000000001;1.22;0.11;2.06;4.833333333333333;16.583333333333332
11286;zone64;4173.240913470097;2893.8040771744095;0.0;zone64;S01010319;9;711;624;407;[0.258741,0.608392,0.132867];[0.383399,0.486166,0.130435];[0.439394,0.212121,0.348485];[0.530769,0.384615,0.084615];[0.171974522293,0.0700636942675,0.471337579618,0.286624203822];2;473.0;0.00423719084943;1367;64;0.28;2.2222222222222223;48.70222222222222;43.22222222222222;63.275555555555556;7.444444444444445;20.444444444444443;16.11111111111111;3.8844444444444455;0.0;3.3555555555555556;0.1511111111111111;1.5599999999999998;0.2222222222222222;1.0844444444444445;7.0;8.555555555555555
11286;zone65;3940.1918462749595;2900.8899784533987;0.0;zone65;S01010320;4;675;594;437;[0.257813,0.523438,0.21875];[0.61753,0.298805,0.083665];[0.526316,0.22807,0.245614];[0.805085,0.169492,0.025424];[0.172185430464,0.0662251655629,0.443708609272,0.317880794702];1;646.0;0.202453315259;1173;21;0.21;1.25;57.09;36.75;71.92999999999999;10.0;22.5;19.5;5.83;0.0;3.15;0.28;1.44;0.36;2.7399999999999998;4.25;10.25
11286;zone66;3905.8658739096163;2664.6669636212755;0.0;zone66;S01010321;7;837;634;432;[0.401709,0.555556,0.042735];[0.54717,0.433962,0.018868];[0.45122,0.439024,0.109756];[0.666667,0.271186,0.062147];[0.212328767123,0.0958904109589,0.390410958904,0.301369863014];1;1019.0;0.631764531736;1975;44;0.24571428571428572;0.7142857142857143;71.72;40.285714285714285;72.46285714285715;9.571428571428571;22.0;24.428571428571427;4.217142857142857;0.0;3.4971428571428573;0.1942857142857143;2.12;0.3885714285714285;1.9885714285714282;2.2857142857142856;9.571428571428571
11286;zone67;3630.3978644730896;3132.1651121578075;0.0;zone67;S01010322;9;1028;914;549;[0.174419,0.549419,0.276163];[0.412399,0.471698,0.115903];[0.298507,0.38806,0.313433];[0.647059,0.323529,0.029412];[0.057268722467,0.0352422907489,0.449339207048,0.458149779736];5;124.0;-0.397569575369;1508;142;0.6;1.6666666666666667;49.82666666666666;72.22222222222223;72.82666666666667;8.222222222222221;21.88888888888889;16.666666666666668;7.1066666666666665;0.0;6.817777777777778;0.911111111111111;2.137777777777778;0.24444444444444446;1.728888888888889;5.666666666666667;16.444444444444443
11286;zone68;6208.193116766784;3072.425066795916;0.0;zone68;S01010323;4;603;466;377;[0.555556,0.444444,0.0];[0.657143,0.271429,0.071429];[0.642857,0.321429,0.035714];[0.793651,0.166667,0.039683];[0.578431372549,0.166666666667,0.235294117647,0.0196078431373];1;970.0;0.57559463238;1329;20;0.18;0.5;55.750000000000014;34.25;71.92;11.5;23.25;18.5;6.359999999999999;0.0;3.31;0.0;1.8599999999999999;0.62;3.41;2.0;10.75
11286;zone69;6517.651722029823;2240.572579661372;0.0;zone69;S01010324;6;759;566;403;[0.142857,0.571429,0.285714];[0.298077,0.490385,0.211538];[0.333333,0.530864,0.135802];[0.401674,0.414226,0.1841];[0.569620253165,0.101265822785,0.291139240506,0.0379746835443];1;407.0;-0.0721601679586;1809;19;0.12666666666666668;2.0;49.35999999999999;32.0;61.633333333333326;7.833333333333333;20.5;17.0;0.7266666666666667;0.0;2.273333333333333;0.0;2.4333333333333336;0.31333333333333335;1.7866666666666668;6.833333333333333;5.0
11286;zone70;6038.016041009105;2402.8415869980217;0.0;zone70;S01010325;18;939;666;501;[0.263158,0.368421,0.368421];[0.383838,0.525253,0.090909];[0.253623,0.615942,0.130435];[0.451362,0.463035,0.085603];[0.545454545455,0.238636363636,0.193181818182,0.0227272727273];1;225.0;-0.281126582053;1845;93;0.2;0.7222222222222222;42.27333333333333;32.833333333333336;63.44444444444443;10.722222222222221;22.77777777777778;14.333333333333334;2.086666666666667;0.0;1.6311111111111112;0.0;4.126666666666667;0.32888888888888895;2.664444444444445;2.888888888888889;7.388888888888889
11286;zone71;5272.359331052501;2740.775131541117;0.0;zone71;S01010326;39;987;707;494;[0.526316,0.368421,0.105263];[0.522523,0.333333,0.144144];[0.492188,0.3125,0.195313];[0.723514,0.224806,0.05168];[0.54375,0.16875,0.23125,0.05625];1;1389.0;1.05701743376;1019;268;0.26564102564102565;0.9487179487179487;51.215384615384615;43.23076923076923;71.62871794871793;10.435897435897436;22.641025641025642;17.487179487179485;2.381538461538461;0.0;6.803076923076923;0.01538461538461539;3.0851282051282043;0.39794871794871794;2.6348717948717946;4.0256410256410255;11.871794871794872
11286;zone72;4970.167032608406;2501.795090448298;0.0;zone72;S01010327;34;982;660;362;[0.031746,0.507937,0.460317];[0.372881,0.432203,0.194915];[0.289063,0.328125,0.382813];[0.516892,0.347973,0.135135];[0.416184971098,0.21387283237,0.236994219653,0.132947976879];1;470.0;0.000335688704598;921;235;0.26705882352941174;1.588235294117647;47.320000000000014;42.35294117647059;71.6541176470588;10.205882352941176;22.735294117647058;16.235294117647058;2.8376470588235296;0.0;7.629411764705882;0.01411764705882353;1.6870588235294117;0.20941176470588244;1.992941176470588;6.4411764705882355;11.617647058823529
11286;zone73;5975.307390960257;2677.5485166167286;0.0;zone73;S01010328;24;969;706;445;[0.16129,0.5,0.33871];[0.27044,0.471698,0.257862];[0.192547,0.434783,0.372671];[0.338983,0.432203,0.228814];[0.309352517986,0.258992805755,0.280575539568,0.151079136691];2;457.0;-0.0138550124678;2179;196;0.31666666666666665;1.2916666666666667;43.926666666666655;43.375;64.59499999999998;9.333333333333334;21.625;14.791666666666666;3.603333333333334;0.0;1.9666666666666668;0.0;3.9216666666666673;0.265;1.8966666666666667;5.583333333333333;9.041666666666666
