cycle;name;location.x;location.y;location.z;name;dataZone;nm_children;pop;over16;nm_hh;AB_car_prob;C1_car_prob;C2_car_prob;DE_car_prob;prob_social;simd;crimeRate;norm_crime;avg_dis_sh;neigh_play;daily_play_per_child;avg_FSA;avg_walk;daily_OD;zone_mvpa;mvpa_home;mvpa_sc;mvpa_road;mvpa_play_field;mvpa_home_garden;mvpa_park;mvpa_PG;mvpa_amenity;mvpa_shops;mvpa_F_home;mvpa_fsa;mvpa_OD
11286;zone0;8448.90275962388;2625.4515469546564;0.0;zone0;S01010195;19;531;390;212;[0.0,0.481481,0.518519];[0.261538,0.646154,0.092308];[0.12,0.59,0.29];[0.447368,0.368421,0.184211];[0.418918918919,0.283783783784,0.202702702703,0.0945945945946];1;0.0;-0.540229885057;1125;123;0.25263157894736843;1.1578947368421053;44.18526315789473;38.8421052631579;74.0378947368421;11.894736842105264;24.57894736842105;15.263157894736842;0.8884210526315791;0.0;5.726315789473685;0.0;4.823157894736843;0.32210526315789473;2.4778947368421047;6.578947368421052;10.947368421052632
11286;zone1;8656.736904000718;2165.9902346445633;0.0;zone1;S01010198;18;1027;748;394;[0.058824,0.529412,0.411765];[0.305785,0.561983,0.132231];[0.219858,0.496454,0.283688];[0.523179,0.331126,0.145695];[0.48623853211,0.229357798165,0.266055045872,0.0183486238532];1;1609.0;1.3102524676;1238;64;0.13555555555555557;1.8888888888888888;42.95333333333334;28.833333333333332;66.54666666666668;10.444444444444445;22.77777777777778;14.722222222222221;1.4422222222222223;0.0;2.0244444444444443;0.10222222222222223;3.2977777777777786;0.35555555555555557;1.9911111111111113;7.666666666666667;6.5
11286;zone2;8537.588755655543;3024.028900129281;0.0;zone2;S01010201;22;643;453;253;[0.0,0.47619,0.52381];[0.270833,0.3125,0.416667];[0.088,0.48,0.432];[0.296552,0.434483,0.268966];[0.365853658537,0.292682926829,0.292682926829,0.0487804878049];2;219.0;-0.28762447053;991;202;0.34545454545454546;1.4090909090909092;38.40545454545454;48.95454545454545;69.12727272727273;10.590909090909092;23.09090909090909;12.909090909090908;2.2672727272727276;0.0;6.429090909090909;0.16363636363636364;4.578181818181819;0.35454545454545455;2.0618181818181816;4.954545454545454;12.954545454545455
11286;zone3;8059.42097232239;3767.666522351409;0.0;zone3;S01010203;30;671;504;260;[0.090909,0.363636,0.545455];[0.263804,0.460123,0.276074];[0.094828,0.422414,0.482759];[0.183824,0.375,0.441176];[0.272727272727,0.218181818182,0.363636363636,0.145454545455];3;215.0;-0.292668818285;1961;193;0.24666666666666667;1.3666666666666667;52.88400000000001;38.833333333333336;70.50533333333333;9.733333333333333;22.766666666666666;18.233333333333334;2.9400000000000004;0.0;4.134666666666666;0.0;2.9466666666666668;0.3466666666666667;2.254666666666667;5.466666666666667;9.566666666666666
11286;zone4;8368.288440296214;3565.498290652094;0.0;zone4;S01010204;30;800;589;381;[0.272727,0.727273,0.0];[0.627451,0.27451,0.098039];[0.444444,0.533333,0.022222];[0.600619,0.321981,0.077399];[0.595041322314,0.157024793388,0.239669421488,0.00826446280992];1;497.0;0.0317745673598;1117;159;0.204;1.1333333333333333;42.897333333333336;36.833333333333336;69.6;11.5;23.6;14.3;2.0973333333333333;0.0;4.266666666666665;0.052;3.902666666666666;0.3506666666666666;2.7626666666666675;4.966666666666667;9.8
11286;zone5;8034.229745798958;3515.110462853287;0.0;zone5;S01010205;15;658;534;355;[0.411765,0.117647,0.470588];[0.465116,0.457364,0.077519];[0.317757,0.588785,0.093458];[0.593458,0.280374,0.126168];[0.466666666667,0.2,0.3,0.0333333333333];1;925.0;0.523434132086;1445;77;0.2;1.4666666666666666;43.89066666666666;36.4;65.57333333333334;10.0;22.066666666666666;15.0;2.0826666666666664;0.0;3.738666666666667;0.0;3.1119999999999997;0.33066666666666666;2.1759999999999997;5.266666666666667;8.333333333333334
11286;zone6;7457.064719570519;3739.055375726369;0.0;zone6;S01010208;18;903;745;565;[0.30137,0.589041,0.109589];[0.48062,0.457364,0.062016];[0.272727,0.613636,0.113636];[0.66055,0.270642,0.068807];[0.233333333333,0.133333333333,0.461111111111,0.172222222222];1;603.0;0.153385979085;1453;92;0.18888888888888888;1.1666666666666667;50.35555555555554;34.22222222222222;71.75777777777779;11.555555555555555;24.166666666666668;17.055555555555557;3.1955555555555555;0.0;2.457777777777778;0.0;3.8244444444444454;0.29777777777777775;3.0622222222222217;4.333333333333333;8.944444444444445
11286;zone7;7917.838214725937;1939.334458859395;0.0;zone7;S01010209;24;966;677;468;[0.172414,0.586207,0.241379];[0.333333,0.414966,0.251701];[0.381944,0.458333,0.159722];[0.545852,0.336245,0.117904];[0.337931034483,0.248275862069,0.303448275862,0.110344827586];1;2053.0;1.82052250092;1578;123;0.19666666666666666;1.7916666666666667;49.264999999999986;32.5;73.79166666666667;11.375;23.833333333333332;16.916666666666668;1.651666666666667;0.0;5.3999999999999995;0.0;2.9949999999999997;0.38666666666666677;2.298333333333334;7.25;9.5
11286;zone8;7878.406567747077;2721.2634132011362;0.0;zone8;S01010210;18;885;641;416;[0.173913,0.456522,0.369565];[0.21519,0.5,0.28481];[0.189781,0.386861,0.423358];[0.422111,0.442211,0.135678];[0.394736842105,0.236842105263,0.254385964912,0.114035087719];1;344.0;-0.144253829852;1259;124;0.25555555555555554;1.1666666666666667;42.36;39.333333333333336;65.73111111111113;10.333333333333334;22.38888888888889;14.555555555555555;2.3311111111111114;0.0;4.573333333333334;0.0;3.1488888888888886;0.34444444444444444;2.348888888888889;3.9444444444444446;9.555555555555555
11286;zone9;7785.599648345685;3201.783800714137;0.0;zone9;S01010211;22;858;634;452;[0.147059,0.705882,0.147059];[0.384615,0.452991,0.162393];[0.469565,0.4,0.130435];[0.722656,0.226563,0.050781];[0.473214285714,0.169642857143,0.285714285714,0.0714285714286];1;430.0;-0.0456985893816;1175;142;0.2509090909090909;1.3636363636363635;46.15272727272726;39.81818181818182;70.63454545454546;10.727272727272727;23.136363636363637;15.681818181818182;2.4072727272727277;0.0;4.761818181818181;0.0;3.3036363636363633;0.3563636363636364;2.510909090909091;6.181818181818182;10.0
11286;zone10;7580.688680869333;3097.127786881416;0.0;zone10;S01010212;49;1083;779;559;[0.233333,0.633333,0.133333];[0.594771,0.339869,0.065359];[0.465517,0.405172,0.12931];[0.712821,0.269231,0.017949];[0.566037735849,0.138364779874,0.22641509434,0.0691823899371];1;1473.0;1.15298517036;1221;349;0.27591836734693875;0.8979591836734694;48.665306122448975;41.69387755102041;70.11755102040817;10.408163265306122;23.122448979591837;16.612244897959183;2.6106122448979594;0.0;5.336326530612246;0.0;3.889795918367346;0.4514285714285714;2.532244897959184;3.4285714285714284;11.326530612244898
11286;zone11;8065.177293237223;3111.5884965344962;0.0;zone11;S01010213;13;924;657;476;[0.105263,0.684211,0.210526];[0.382609,0.547826,0.069565];[0.218543,0.556291,0.225166];[0.467925,0.483019,0.049057];[0.451327433628,0.221238938053,0.274336283186,0.0530973451327];1;247.0;-0.255840453357;918;86;0.2523076923076923;1.3076923076923077;30.34769230769231;36.53846153846154;63.28;11.076923076923077;22.53846153846154;10.153846153846153;1.6892307692307693;0.0;3.769230769230769;0.05538461538461538;3.8061538461538467;0.39076923076923087;2.6707692307692312;5.230769230769231;8.846153846153847
11286;zone12;7144.994858230166;1947.4125453867302;0.0;zone12;S01010214;27;967;717;396;[0.098592,0.28169,0.619718];[0.197531,0.438272,0.364198];[0.173333,0.493333,0.333333];[0.237069,0.487069,0.275862];[0.361344537815,0.210084033613,0.310924369748,0.117647058824];3;176.0;-0.337854473183;1778;166;0.23851851851851852;1.3333333333333333;56.81629629629629;40.407407407407405;74.20444444444443;10.481481481481481;22.962962962962962;19.333333333333332;3.0577777777777784;0.0;5.235555555555555;0.0;3.426666666666667;0.29629629629629634;2.5496296296296297;5.148148148148148;11.296296296296296
11286;zone13;7013.590150664996;2618.495528189446;0.0;zone13;S01010215;24;850;608;492;[0.571429,0.285714,0.142857];[0.5,0.431373,0.068627];[0.382609,0.391304,0.226087];[0.678571,0.269841,0.051587];[0.467289719626,0.140186915888,0.345794392523,0.0467289719626];1;547.0;0.0886083430805;837;148;0.23833333333333334;1.9166666666666667;45.24666666666667;37.708333333333336;70.42333333333333;10.916666666666666;23.083333333333332;15.208333333333334;1.4733333333333336;0.0;3.3766666666666665;0.0;4.426666666666665;0.2416666666666667;1.8966666666666667;7.958333333333333;8.833333333333334
11286;zone14;7332.222205807836;2329.961970144465;0.0;zone14;S01010216;15;621;464;361;[0.6,0.4,0.0];[0.597701,0.356322,0.045977];[0.409091,0.439394,0.151515];[0.709544,0.273859,0.016598];[0.5,0.163265306122,0.265306122449,0.0714285714286];1;600.0;0.150092344085;1270;83;0.21333333333333335;1.2;49.986666666666665;35.4;77.24266666666668;12.8;24.933333333333334;16.933333333333334;2.981333333333334;0.0;4.509333333333333;0.0;3.7226666666666666;0.4000000000000001;3.042666666666667;6.133333333333334;10.733333333333333
11286;zone15;7299.833172322251;2625.8610945736937;0.0;zone15;S01010217;33;817;598;406;[0.16129,0.516129,0.322581];[0.565517,0.4,0.034483];[0.5,0.431373,0.068627];[0.702703,0.283784,0.013514];[0.541935483871,0.0967741935484,0.296774193548,0.0645161290323];1;1060.0;0.679274950851;946;239;0.27151515151515154;1.2424242424242424;46.99878787878789;44.484848484848484;70.7878787878788;10.757575757575758;23.060606060606062;16.060606060606062;2.082424242424243;0.0;4.401212121212121;0.0;4.667878787878787;0.30787878787878786;2.478787878787879;5.2727272727272725;10.757575757575758
11286;zone16;7142.953643082513;3018.5401822929393;0.0;zone16;S01010218;31;1018;790;587;[0.425532,0.404255,0.170213];[0.392523,0.453271,0.154206];[0.358209,0.492537,0.149254];[0.589124,0.335347,0.075529];[0.424657534247,0.109589041096,0.369863013699,0.0958904109589];1;557.0;0.101026678737;675;191;0.24;1.064516129032258;39.59483870967742;40.74193548387097;64.58967741935483;10.580645161290322;22.612903225806452;13.387096774193548;2.148387096774193;0.0;2.912258064516128;0.0;4.425806451612903;0.32774193548387104;2.3303225806451606;4.193548387096774;9.064516129032258
11286;zone17;6738.8937706128745;4298.8917997019325;0.0;zone17;S01010219;21;503;382;274;[0.695652,0.304348,0.0];[0.758621,0.215517,0.025862];[0.761905,0.166667,0.071429];[0.781609,0.195402,0.022989];[0.41935483871,0.0752688172043,0.408602150538,0.0967741935484];2;184.0;-0.327838932938;1597;165;0.30095238095238097;1.380952380952381;61.86857142857143;44.476190476190474;75.72190476190475;9.571428571428571;22.476190476190474;21.0;4.3047619047619055;0.0;6.327619047619049;0.13333333333333336;1.7561904761904763;0.3142857142857143;2.072380952380952;5.761904761904762;12.047619047619047
11286;zone18;5915.780765415368;4211.222876105162;0.0;zone18;S01010220;7;476;433;279;[0.181159,0.608696,0.210145];[0.404255,0.531915,0.06383];[0.227273,0.704545,0.068182];[0.448276,0.482759,0.068966];[0.154545454545,0.0636363636364,0.318181818182,0.463636363636];5;267.0;-0.232306706325;1113;70;0.3942857142857143;2.857142857142857;48.09142857142857;44.857142857142854;75.37714285714286;9.285714285714286;22.285714285714285;16.571428571428573;5.725714285714285;0.0;4.948571428571428;0.3314285714285714;1.44;0.25142857142857145;0.7085714285714287;12.0;12.0
11286;zone19;6341.0811208317455;3913.8398648988496;0.0;zone19;S01010221;13;546;394;260;[0.6,0.4,0.0];[0.557377,0.409836,0.032787];[0.538462,0.323077,0.138462];[0.699387,0.257669,0.042945];[0.609375,0.140625,0.203125,0.046875];1;635.0;0.19005459739;1351;57;0.16923076923076924;1.1538461538461537;52.27076923076923;30.076923076923077;71.92923076923077;11.538461538461538;23.692307692307693;17.76923076923077;4.6523076923076925;0.0;3.667692307692308;0.09538461538461539;1.2092307692307693;0.3753846153846154;2.316923076923077;5.076923076923077;9.076923076923077
11286;zone20;7001.213463613622;4053.9957950241624;0.0;zone20;S01010222;15;492;414;285;[0.142857,0.5,0.357143];[0.432432,0.459459,0.108108];[0.348624,0.522936,0.12844];[0.747899,0.235294,0.016807];[0.345238095238,0.214285714286,0.309523809524,0.130952380952];1;377.0;-0.105830277325;1828;72;0.18933333333333333;0.4;42.37866666666665;33.333333333333336;61.68266666666666;10.0;22.866666666666667;14.6;2.6026666666666665;0.0;3.066666666666666;0.0;2.4186666666666663;0.4213333333333333;2.9013333333333335;1.4666666666666666;7.8
11286;zone21;6986.8418912765155;3434.1450308482026;0.0;zone21;S01010223;4;556;462;337;[0.076923,0.538462,0.384615];[0.567797,0.330508,0.101695];[0.472222,0.444444,0.083333];[0.584699,0.36612,0.04918];[0.432432432432,0.162162162162,0.324324324324,0.0810810810811];1;439.0;-0.0353356041414;1733;21;0.2;1.25;48.92;38.75;73.29;11.0;24.5;16.75;5.71;0.0;4.199999999999999;0.0;3.6399999999999997;0.33;3.12;2.5;13.0
11286;zone22;6247.397837456437;3329.661273309237;0.0;zone22;S01010224;40;1036;727;469;[0.405405,0.540541,0.054054];[0.592593,0.274074,0.133333];[0.418803,0.504274,0.076923];[0.768421,0.202632,0.028947];[0.506097560976,0.140243902439,0.268292682927,0.0853658536585];1;1004.0;0.614259332793;950;194;0.191;1.0;45.164999999999985;30.2;64.011;10.275;22.35;15.6;4.436;0.0;2.168;0.10400000000000001;1.2519999999999998;0.33499999999999985;2.377;3.525;7.475
11286;zone23;7827.985844039554;4105.4701191949;0.0;zone23;S01010225;33;812;636;431;[0.25,0.634615,0.115385];[0.469072,0.43299,0.097938];[0.54023,0.413793,0.045977];[0.672065,0.234818,0.093117];[0.385185185185,0.125925925926,0.325925925926,0.162962962963];1;1006.0;0.616572011517;1593;145;0.16606060606060605;2.0;61.379393939393935;32.18181818181818;74.09454545454547;9.909090909090908;22.87878787878788;20.939393939393938;2.0618181818181816;0.0;3.153939393939394;0.02181818181818182;2.835151515151516;0.34181818181818185;1.9757575757575754;8.212121212121213;7.515151515151516
11286;zone24;7040.363001382077;4481.052780471187;0.0;zone24;S01010226;40;816;565;394;[0.454545,0.242424,0.30303];[0.715385,0.2,0.084615];[0.540541,0.405405,0.054054];[0.766917,0.18797,0.045113];[0.503355704698,0.201342281879,0.221476510067,0.0738255033557];2;422.0;-0.0548014077425;1082;557;0.539;1.225;55.438999999999986;66.35;81.686;9.475;23.4;19.0;7.657999999999999;0.0;9.694;0.258;2.6399999999999997;0.21000000000000005;2.3689999999999993;5.2;19.7
11286;zone25;6847.772309074456;4638.663588163389;0.0;zone25;S01010227;39;692;454;294;[0.413793,0.413793,0.172414];[0.704545,0.238636,0.056818];[0.654545,0.345455,0.0];[0.810606,0.159091,0.030303];[0.672268907563,0.0924369747899,0.159663865546,0.0756302521008];4;0.0;-0.540229885057;1314;545;0.5394871794871795;1.6666666666666667;64.73435897435895;75.28205128205128;84.48923076923074;8.205128205128204;22.256410256410255;22.0;4.989743589743591;0.0;14.461538461538458;0.11076923076923077;2.6317948717948716;0.14461538461538462;1.8861538461538463;6.051282051282051;21.692307692307693
11286;zone26;8241.816993110848;4572.457656401622;0.0;zone26;S01010229;30;1016;787;508;[0.1,0.625,0.275];[0.350877,0.350877,0.298246];[0.348315,0.477528,0.174157];[0.565217,0.310559,0.124224];[0.420731707317,0.213414634146,0.292682926829,0.0731707317073];1;395.0;-0.0859445809966;1387;135;0.172;1.5;50.53866666666668;29.066666666666666;68.60133333333333;10.433333333333334;22.666666666666668;17.366666666666667;2.2893333333333334;0.0;2.9893333333333336;0.024;2.477333333333333;0.3200000000000001;2.4679999999999995;5.766666666666667;7.2
11286;zone27;7458.320056766788;4680.341251240345;0.0;zone27;S01010230;24;1005;772;577;[0.314286,0.628571,0.057143];[0.703883,0.296117,0.0];[0.727273,0.218182,0.054545];[0.71831,0.24507,0.03662];[0.517857142857,0.136904761905,0.267857142857,0.077380952381];1;846.0;0.433218203459;988;148;0.23333333333333334;1.125;50.93666666666667;39.541666666666664;71.04833333333333;10.875;22.791666666666668;17.416666666666668;3.1750000000000003;0.0;4.761666666666667;0.05;3.1316666666666664;0.3666666666666667;2.44;4.416666666666667;10.458333333333334
11286;zone28;7569.802990100143;4917.458811240416;0.0;zone28;S01010232;37;1074;792;485;[0.457143,0.485714,0.057143];[0.557292,0.338542,0.104167];[0.492063,0.333333,0.174603];[0.654229,0.251244,0.094527];[0.470297029703,0.153465346535,0.306930693069,0.0693069306931];1;771.0;0.347049794199;970;254;0.2616216216216216;1.3783783783783783;44.40108108108108;43.83783783783784;71.16972972972972;10.756756756756756;23.10810810810811;15.027027027027026;3.3297297297297295;0.0;5.115675675675675;0.07243243243243244;3.919999999999999;0.3751351351351352;2.3200000000000003;5.405405405405405;11.972972972972974
11286;zone29;7830.713068379679;4879.746446724283;0.0;zone29;S01010233;33;970;705;476;[0.275,0.625,0.1];[0.655629,0.245033,0.099338];[0.52809,0.426966,0.044944];[0.771505,0.212366,0.016129];[0.587209302326,0.093023255814,0.261627906977,0.0581395348837];1;284.0;-0.213781821634;1232;211;0.24606060606060606;1.0909090909090908;51.0230303030303;42.93939393939394;70.49333333333333;10.606060606060606;23.0;17.575757575757574;1.9709090909090907;0.0;3.6848484848484846;0.14909090909090908;4.675151515151516;0.34787878787878795;2.167272727272727;4.575757575757576;10.0
11286;zone30;6473.383843181837;4954.519765957263;0.0;zone30;S01010261;6;2551;2373;526;[0.666667,0.270833,0.0625];[0.675841,0.281346,0.042813];[0.75,0.25,0.0];[0.824468,0.164894,0.010638];[0.41,0.06,0.41,0.12];3;176.0;-0.337679921334;1897;42;0.2733333333333333;0.8333333333333334;71.63333333333333;52.333333333333336;82.66666666666666;11.666666666666666;24.5;25.0;2.8666666666666667;0.0;3.266666666666666;0.43999999999999995;7.326666666666667;0.22666666666666666;2.0533333333333332;3.8333333333333335;13.5
11286;zone31;4930.642193689802;4959.449818932565;0.0;zone31;S01010266;3;555;474;237;[0.320755,0.556604,0.122642];[0.677273,0.254545,0.068182];[0.5,0.461538,0.038462];[0.534247,0.30137,0.164384];[0.141176470588,0.0588235294118,0.4,0.4];3;536.0;0.0761386922126;1028;17;0.21333333333333335;1.3333333333333333;38.49333333333333;38.666666666666664;79.57333333333334;14.0;26.333333333333332;13.333333333333334;1.6133333333333333;0.0;5.093333333333333;1.8800000000000001;3.786666666666667;0.3333333333333333;2.7466666666666666;9.0;12.0
11286;zone32;5712.5549897826;4979.400336637217;0.0;zone32;S01010270;4;1153;972;817;[0.389831,0.533898,0.076271];[0.70255,0.252125,0.045326];[0.714286,0.272727,0.012987];[0.771552,0.228448,0.0];[0.125,0.0909090909091,0.454545454545,0.329545454545];1;871.0;0.461200629557;1457;12;0.12;1.75;37.900000000000006;23.5;70.39;12.5;24.5;11.75;2.31;0.0;2.48;0.12;1.93;0.53;2.3;10.0;6.25
11286;zone33;3394.0723536088512;4934.677182292946;0.0;zone33;S01010282;13;976;841;645;[0.438776,0.520408,0.040816];[0.545732,0.405488,0.04878];[0.521277,0.382979,0.095745];[0.712707,0.232044,0.055249];[0.190954773869,0.070351758794,0.35175879397,0.386934673367];2;350.0;-0.137812028107;1385;59;0.1753846153846154;2.1538461538461537;50.93846153846154;43.76923076923077;77.84;10.692307692307692;23.76923076923077;17.384615384615383;2.5107692307692306;0.0;7.319999999999999;0.8707692307692306;2.076923076923077;0.38769230769230767;1.541538461538462;9.461538461538462;12.23076923076923
11286;zone34;4385.789287498423;4835.237486850067;0.0;zone34;S01010289;15;771;687;380;[0.130952,0.511905,0.357143];[0.262911,0.502347,0.234742];[0.178571,0.464286,0.357143];[0.410256,0.435897,0.153846];[0.058064516129,0.0322580645161,0.245161290323,0.664516129032];5;259.0;-0.241396294863;1342;234;0.6053333333333333;1.6;48.88266666666666;74.33333333333333;75.17866666666667;8.4;22.066666666666666;16.733333333333334;3.4133333333333336;0.0;8.394666666666668;2.4560000000000004;4.133333333333333;0.24800000000000003;1.378666666666667;6.0;17.933333333333334
11286;zone35;4401.5375624188455;4669.062022109911;0.0;zone35;S01010290;13;546;485;278;[0.198198,0.603604,0.198198];[0.485944,0.449799,0.064257];[0.555556,0.444444,0.0];[0.435897,0.512821,0.051282];[0.10752688172,0.0430107526882,0.494623655914,0.354838709677];3;353.0;-0.133686757747;1220;164;0.48923076923076925;1.1538461538461537;54.57230769230768;60.15384615384615;73.33538461538461;9.615384615384615;22.53846153846154;18.692307692307693;3.335384615384615;0.0;6.9630769230769225;1.5138461538461538;3.015384615384615;0.39692307692307693;1.9107692307692306;4.076923076923077;14.307692307692308
11286;zone36;4119.983651650423;4281.100418217042;0.0;zone36;S01010291;12;1075;975;481;[0.405594,0.447552,0.146853];[0.627907,0.277132,0.094961];[0.415094,0.433962,0.150943];[0.562963,0.325926,0.111111];[0.197080291971,0.0729927007299,0.445255474453,0.284671532847];3;438.0;-0.0363924713322;729;146;0.46;1.4166666666666667;46.78666666666667;67.66666666666667;77.56;9.5;23.083333333333332;16.25;2.7266666666666666;0.0;12.343333333333332;1.4800000000000002;2.8733333333333335;0.26;2.07;5.416666666666667;18.916666666666668
11286;zone37;4399.731076226201;4291.6703625917;0.0;zone37;S01010292;10;890;831;409;[0.348214,0.508929,0.142857];[0.477169,0.420091,0.10274];[0.339286,0.446429,0.214286];[0.55814,0.383721,0.05814];[0.128378378378,0.0540540540541,0.398648648649,0.418918918919];4;323.0;-0.168488563048;1023;123;0.492;1.4;56.90400000000001;63.0;82.65599999999999;10.6;23.8;19.4;7.024000000000001;0.0;7.308;1.1640000000000001;3.904;0.2760000000000001;1.864;5.8;19.0
11286;zone38;4514.690807242894;4541.15458266895;0.0;zone38;S01010293;16;839;723;373;[0.51773,0.35461,0.12766];[0.635389,0.262735,0.101877];[0.446809,0.319149,0.234043];[0.514286,0.392857,0.092857];[0.242424242424,0.0606060606061,0.393939393939,0.30303030303];3;290.0;-0.205814991507;973;210;0.52;2.25;48.147499999999994;67.125;78.4875;8.9375;22.5625;16.1875;4.945;0.0;9.442499999999999;0.9624999999999999;3.0175000000000005;0.19250000000000003;1.2974999999999999;9.375;17.8125
11286;zone39;4541.7482834333705;4418.565122351524;0.0;zone39;S01010294;13;690;631;275;[0.242105,0.526316,0.231579];[0.650873,0.214464,0.134663];[0.583333,0.208333,0.208333];[0.414894,0.489362,0.095745];[0.164835164835,0.043956043956,0.494505494505,0.296703296703];4;440.0;-0.0342259463805;1423;183;0.5446153846153846;1.6923076923076923;72.99384615384615;74.84615384615384;87.60000000000001;8.23076923076923;22.76923076923077;25.076923076923077;6.747692307692308;0.0;9.323076923076922;1.1846153846153846;3.6984615384615385;0.28923076923076924;2.0215384615384617;6.538461538461538;20.307692307692307
11286;zone40;4766.8646917667475;4574.50133624035;0.0;zone40;S01010295;18;974;870;427;[0.384615,0.391026,0.224359];[0.604555,0.310559,0.084886];[0.428571,0.285714,0.285714];[0.390728,0.516556,0.092715];[0.212765957447,0.113475177305,0.297872340426,0.375886524823];4;529.0;0.0680145754747;1371;200;0.43333333333333335;2.0;49.55555555555556;61.5;75.06666666666666;8.88888888888889;22.27777777777778;17.055555555555557;4.535555555555555;0.0;6.782222222222221;1.0755555555555554;2.797777777777778;0.2644444444444445;1.4977777777777779;8.166666666666666;14.666666666666666
11286;zone41;4647.752341766679;4736.091736240359;0.0;zone41;S01010296;16;664;560;291;[0.294118,0.423529,0.282353];[0.520913,0.368821,0.110266];[0.375,0.375,0.25];[0.475524,0.391608,0.132867];[0.282828282828,0.111111111111,0.363636363636,0.242424242424];2;856.0;0.444094443477;1241;197;0.4825;1.9375;56.375;55.3125;85.8;10.9375;24.6875;19.375;3.8299999999999996;0.0;8.015;1.105;3.5575;0.3275;1.4425;10.75;15.9375
11286;zone42;5522.849421766708;4411.996091240393;0.0;zone42;S01010297;7;1066;894;676;[0.582609,0.382609,0.034783];[0.691824,0.245283,0.062893];[0.540541,0.333333,0.126126];[0.681275,0.270916,0.047809];[0.260563380282,0.140845070423,0.37323943662,0.225352112676];1;504.0;0.0391758595379;1321;59;0.32571428571428573;1.0;48.29142857142858;43.0;69.66857142857144;11.428571428571429;23.285714285714285;16.0;4.0;0.0;2.468571428571429;0.5771428571428572;4.148571428571429;0.41714285714285715;1.9714285714285715;3.4285714285714284;10.714285714285714
11286;zone43;4706.481893689814;4143.807995855712;0.0;zone43;S01010298;12;880;677;515;[0.308943,0.479675,0.211382];[0.581395,0.356589,0.062016];[0.539683,0.396825,0.063492];[0.744828,0.193103,0.062069];[0.227272727273,0.0984848484848,0.371212121212,0.30303030303];1;486.0;0.0190902878356;1105;74;0.23666666666666666;2.5;50.28;36.416666666666664;66.52666666666666;8.5;21.0;17.083333333333332;3.033333333333333;0.0;3.106666666666667;0.6666666666666666;1.2999999999999998;0.16000000000000003;1.1966666666666665;8.666666666666666;7.666666666666667
11286;zone44;4885.424673909578;4209.645754097502;0.0;zone44;S01010299;4;536;404;292;[0.3,0.54,0.16];[0.556701,0.340206,0.103093];[0.458333,0.520833,0.020833];[0.584906,0.283019,0.132075];[0.428571428571,0.0857142857143,0.285714285714,0.2];1;375.0;-0.10827530326;716;40;0.38;0.0;37.05;65.25;69.88;11.5;23.5;12.75;7.78;0.0;2.89;1.5899999999999999;5.0;0.31000000000000005;3.08;0.0;16.75
11286;zone45;4883.397012115578;4340.414778682246;0.0;zone45;S01010300;21;934;764;478;[0.460784,0.411765,0.127451];[0.664653,0.238671,0.096677];[0.632353,0.323529,0.044118];[0.606383,0.329787,0.06383];[0.3046875,0.125,0.3515625,0.21875];2;513.0;0.0498225801839;614;192;0.3466666666666667;1.8571428571428572;45.59238095238095;45.19047619047619;71.37714285714284;9.904761904761905;22.761904761904763;15.619047619047619;5.539047619047619;0.0;2.3904761904761904;0.4780952380952381;3.6857142857142855;0.3447619047619049;1.8228571428571425;6.9523809523809526;11.523809523809524
11286;zone46;5144.66081966521;4032.769083704074;0.0;zone46;S01010301;6;522;457;283;[0.292683,0.597561,0.109756];[0.57563,0.315126,0.109244];[0.222222,0.703704,0.074074];[0.561798,0.393258,0.044944];[0.214285714286,0.0612244897959,0.459183673469,0.265306122449];4;490.0;0.0232745011966;1123;59;0.36666666666666664;3.1666666666666665;40.89333333333334;52.333333333333336;68.12666666666667;7.166666666666667;21.666666666666668;14.0;6.140000000000001;0.0;1.0533333333333332;0.18000000000000002;3.646666666666667;0.19333333333333336;0.84;11.166666666666666;10.5
11286;zone47;5165.568789180556;4297.038752619699;0.0;zone47;S01010302;24;669;495;388;[0.65625,0.28125,0.0625];[0.6,0.356522,0.043478];[0.716981,0.226415,0.056604];[0.801802,0.18018,0.018018];[0.582417582418,0.0769230769231,0.263736263736,0.0769230769231];1;392.0;-0.0896499889057;1779;187;0.295;1.125;64.85666666666667;41.708333333333336;76.14833333333333;10.291666666666666;23.333333333333332;22.208333333333332;5.655000000000001;0.0;2.4766666666666666;0.4583333333333333;3.2816666666666663;0.43;2.436666666666667;3.9583333333333335;11.291666666666666
11286;zone48;5241.140616766716;4139.402270499609;0.0;zone48;S01010303;33;579;387;250;[0.692308,0.153846,0.153846];[0.56701,0.298969,0.134021];[0.630435,0.282609,0.086957];[0.658879,0.285047,0.056075];[0.58407079646,0.106194690265,0.274336283186,0.0353982300885];1;415.0;-0.0627120940391;1683;260;0.29454545454545455;1.5454545454545454;48.55878787878789;43.696969696969695;73.20969696969695;10.636363636363637;23.060606060606062;16.515151515151516;7.223030303030303;0.0;1.8448484848484852;0.49333333333333323;2.543030303030302;0.31393939393939396;1.8812121212121211;6.878787878787879;11.515151515151516
11286;zone49;4853.647576226233;3833.123065294377;0.0;zone49;S01010304;12;542;456;332;[0.323529,0.514706,0.161765];[0.635135,0.25,0.114865];[0.477273,0.522727,0.0];[0.829268,0.109756,0.060976];[0.372340425532,0.0425531914894,0.297872340426,0.287234042553];1;804.0;0.384523850516;1102;88;0.2866666666666667;1.5;49.99666666666666;43.333333333333336;80.83666666666667;12.75;25.083333333333332;16.916666666666668;6.453333333333333;0.0;4.056666666666667;1.54;1.9133333333333338;0.5766666666666668;2.05;7.833333333333333;13.583333333333334
11286;zone50;4697.410406890209;3639.1027396354093;0.0;zone50;S01010305;7;807;694;478;[0.36036,0.468468,0.171171];[0.553191,0.33617,0.110638];[0.409639,0.301205,0.289157];[0.589888,0.337079,0.073034];[0.198529411765,0.0735294117647,0.382352941176,0.345588235294];1;223.0;-0.28282788147;599;58;0.32571428571428573;1.2857142857142858;40.480000000000004;48.142857142857146;72.93714285714286;11.571428571428571;23.571428571428573;13.285714285714286;6.817142857142858;0.0;3.045714285714286;2.091428571428571;0.5085714285714287;0.08;2.605714285714286;7.857142857142857;11.857142857142858
11286;zone51;4591.3082521834585;3868.367573740388;0.0;zone51;S01010306;13;752;675;449;[0.35625,0.56875,0.075];[0.570588,0.355882,0.073529];[0.283019,0.566038,0.150943];[0.650943,0.330189,0.018868];[0.165680473373,0.0473372781065,0.479289940828,0.307692307692];2;238.0;-0.265781391166;704;114;0.3415384615384615;2.1538461538461537;48.88615384615385;42.07692307692308;69.21230769230769;9.384615384615385;21.923076923076923;16.615384615384617;4.150769230769231;0.0;3.1599999999999993;1.4984615384615385;1.0092307692307692;0.16615384615384615;1.7569230769230766;7.846153846153846;9.461538461538462
11286;zone52;4503.72067559025;3742.2957906521283;0.0;zone52;S01010307;9;821;732;428;[0.189922,0.577519,0.232558];[0.407407,0.487654,0.104938];[0.346154,0.538462,0.115385];[0.71875,0.234375,0.046875];[0.0681818181818,0.0568181818182,0.375,0.5];5;319.0;-0.172537833795;464;159;0.6844444444444444;1.4444444444444444;44.41777777777777;81.11111111111111;71.11555555555555;8.222222222222221;22.11111111111111;15.11111111111111;7.533333333333333;0.0;5.0311111111111115;3.888888888888889;1.28;0.4000000000000001;1.4044444444444446;4.333333333333333;17.22222222222222
11286;zone53;4364.519870735056;4047.768725526131;0.0;zone53;S01010308;9;975;858;480;[0.285714,0.54007,0.174216];[0.511936,0.384615,0.103448];[0.254902,0.411765,0.333333];[0.648352,0.307692,0.043956];[0.0970873786408,0.0631067961165,0.359223300971,0.480582524272];4;257.0;-0.244477582955;1263;115;0.49777777777777776;2.4444444444444446;70.99111111111111;58.888888888888886;76.92000000000002;6.888888888888889;21.22222222222222;24.333333333333332;4.884444444444444;0.0;5.804444444444444;1.2222222222222223;1.0133333333333334;0.1111111111111111;0.9199999999999999;8.555555555555555;12.444444444444445
11286;zone54;5381.88771051669;3636.3205112402793;0.0;zone54;S01010309;4;419;356;264;[0.333333,0.25,0.416667];[0.478873,0.422535,0.098592];[0.352941,0.382353,0.264706];[0.705882,0.24183,0.052288];[0.365853658537,0.170731707317,0.390243902439,0.0731707317073];1;0.0;-0.540229885057;1401;22;0.22;1.5;70.44;27.5;71.65;9.25;21.5;24.25;1.91;0.0;1.9500000000000002;0.56;1.6;0.43000000000000005;2.8;5.75;5.75
11286;zone55;5657.373406240428;3625.6586165034923;0.0;zone55;S01010310;13;706;540;381;[0.333333,0.238095,0.428571];[0.565517,0.337931,0.096552];[0.54902,0.27451,0.176471];[0.715415,0.256917,0.027668];[0.484848484848,0.151515151515,0.318181818182,0.0454545454545];1;574.0;0.120406534162;820;82;0.24615384615384617;0.9230769230769231;52.07076923076923;47.15384615384615;71.10461538461539;10.23076923076923;23.153846153846153;17.846153846153847;4.230769230769231;0.0;3.193846153846153;2.0553846153846154;1.9138461538461538;0.25538461538461543;2.8646153846153846;3.923076923076923;11.0
11286;zone56;5685.425126382168;3318.6970593171873;0.0;zone56;S01010311;22;721;556;351;[0.411765,0.352941,0.235294];[0.472222,0.453704,0.074074];[0.571429,0.404762,0.02381];[0.717949,0.271062,0.010989];[0.565217391304,0.121739130435,0.269565217391,0.0434782608696];1;1534.0;1.22364271569;1842;118;0.20363636363636364;0.8181818181818182;56.26;37.22727272727273;66.92181818181817;9.0;21.954545454545453;19.318181818181817;3.727272727272727;0.0;2.703636363636363;0.34;2.390909090909091;0.3945454545454546;2.6963636363636363;2.772727272727273;8.681818181818182
11286;zone57;5466.52613028024;3072.1402274564575;0.0;zone57;S01010312;34;868;647;425;[0.117647,0.823529,0.058824];[0.754386,0.22807,0.017544];[0.407407,0.444444,0.148148];[0.804945,0.153846,0.041209];[0.586956521739,0.115942028986,0.268115942029,0.0289855072464];1;685.0;0.247477927043;1659;203;0.22705882352941176;1.1176470588235294;63.84588235294118;38.14705882352941;72.14705882352939;9.647058823529411;22.441176470588236;21.852941176470587;3.0294117647058822;0.0;3.4447058823529404;0.11764705882352941;2.9435294117647057;0.4152941176470588;2.5211764705882347;4.176470588235294;9.058823529411764
11286;zone58;5251.7403530303945;3502.549209042501;0.0;zone58;S01010313;16;654;529;356;[0.428571,0.285714,0.285714];[0.6,0.333333,0.066667];[0.433735,0.481928,0.084337];[0.739623,0.162264,0.098113];[0.648351648352,0.131868131868,0.175824175824,0.043956043956];1;565.0;0.109617915218;2157;101;0.245;0.8125;68.35249999999999;39.8125;72.8125;9.125;21.8125;23.75;3.6275;0.0;3.6624999999999996;0.4650000000000001;2.3099999999999996;0.34500000000000003;2.82;3.25;9.5625
11286;zone59;4840.312157862589;3385.4448126102257;0.0;zone59;S01010314;21;1248;1034;550;[0.358209,0.507463,0.134328];[0.514493,0.333333,0.152174];[0.5,0.326923,0.173077];[0.636,0.324,0.04];[0.316901408451,0.133802816901,0.401408450704,0.147887323944];1;637.0;0.192402372167;1218;166;0.3047619047619048;1.380952380952381;51.11809523809525;47.80952380952381;72.32190476190476;9.619047619047619;22.666666666666668;17.428571428571427;5.451428571428572;0.0;5.956190476190476;1.047619047619048;1.0571428571428574;0.24571428571428577;2.2838095238095235;4.9523809523809526;13.0
11286;zone60;4536.293429266749;2504.1273706154316;0.0;zone60;S01010315;43;911;678;409;[0.180723,0.554217,0.26506];[0.252632,0.457895,0.289474];[0.208333,0.5,0.291667];[0.55144,0.345679,0.102881];[0.308176100629,0.169811320755,0.358490566038,0.163522012579];2;382.0;-0.100954860853;1582;424;0.38232558139534883;1.4186046511627908;46.731162790697674;44.86046511627907;70.91441860465116;10.348837209302326;22.88372093023256;15.883720930232558;4.525581395348837;0.0;3.807441860465117;0.02883720930232558;3.2502325581395346;0.31348837209302327;2.4344186046511624;5.534883720930233;11.13953488372093
11286;zone61;4589.6619547948285;2943.195659127726;0.0;zone61;S01010316;25;512;414;304;[0.392157,0.529412,0.078431];[0.62931,0.37069,0.0];[0.439024,0.560976,0.0];[0.775401,0.224599,0.0];[0.439252336449,0.102803738318,0.252336448598,0.205607476636];1;481.0;0.0128180141103;1358;205;0.3216;0.96;55.2368;46.72;74.64959999999999;10.88;23.28;18.96;5.388799999999999;0.0;4.328;0.19039999999999999;3.6864000000000003;0.2896;2.8656;3.24;13.0
11286;zone63;4421.5566371748755;3071.026327566895;0.0;zone63;S01010318;12;1588;1497;304;[0.5,0.456522,0.043478];[0.469799,0.47651,0.053691];[0.310345,0.37931,0.310345];[0.678571,0.285714,0.035714];[0.36,0.14,0.34,0.16];3;317.0;-0.175110645645;1100;134;0.43666666666666665;1.6666666666666667;60.98666666666665;54.916666666666664;85.63333333333333;10.666666666666666;23.916666666666668;20.916666666666668;8.440000000000001;0.0;8.283333333333333;0.9833333333333334;0.9866666666666667;0.2066666666666667;1.9333333333333333;7.583333333333333;18.333333333333332
11286;zone64;4173.240913470097;2893.8040771744095;0.0;zone64;S01010319;9;711;624;407;[0.258741,0.608392,0.132867];[0.383399,0.486166,0.130435];[0.439394,0.212121,0.348485];[0.530769,0.384615,0.084615];[0.171974522293,0.0700636942675,0.471337579618,0.286624203822];2;473.0;0.00423719084943;1425;65;0.28444444444444444;2.2222222222222223;45.11555555555555;37.111111111111114;61.64444444444444;7.555555555555555;21.0;15.333333333333334;4.506666666666667;0.0;2.066666666666667;0.47555555555555556;1.9022222222222223;0.39555555555555555;1.3822222222222222;5.111111111111111;8.333333333333334
11286;zone65;3940.1918462749595;2900.8899784533987;0.0;zone65;S01010320;4;675;594;437;[0.257813,0.523438,0.21875];[0.61753,0.298805,0.083665];[0.526316,0.22807,0.245614];[0.805085,0.169492,0.025424];[0.172185430464,0.0662251655629,0.443708609272,0.317880794702];1;646.0;0.202453315259;1137;26;0.25;2.5;52.08;38.5;74.88;10.25;23.0;17.75;3.5999999999999996;0.0;2.21;0.37;3.1999999999999997;0.09;1.54;11.25;9.0
11286;zone66;3905.8658739096163;2664.6669636212755;0.0;zone66;S01010321;7;837;634;432;[0.401709,0.555556,0.042735];[0.54717,0.433962,0.018868];[0.45122,0.439024,0.109756];[0.666667,0.271186,0.062147];[0.212328767123,0.0958904109589,0.390410958904,0.301369863014];1;1019.0;0.631764531736;1878;38;0.19428571428571428;1.2857142857142858;40.548571428571435;33.42857142857143;56.75428571428571;8.0;21.0;13.857142857142858;4.12;0.0;2.217142857142857;0.09142857142857143;0.7885714285714285;0.21714285714285714;1.5942857142857143;3.7142857142857144;6.857142857142857
11286;zone67;3630.3978644730896;3132.1651121578075;0.0;zone67;S01010322;9;1028;914;549;[0.174419,0.549419,0.276163];[0.412399,0.471698,0.115903];[0.298507,0.38806,0.313433];[0.647059,0.323529,0.029412];[0.057268722467,0.0352422907489,0.449339207048,0.458149779736];5;124.0;-0.397569575369;1488;158;0.6711111111111111;2.111111111111111;60.559999999999995;72.88888888888889;86.33777777777777;8.88888888888889;23.22222222222222;20.88888888888889;6.466666666666666;0.0;9.555555555555557;1.3199999999999998;2.5466666666666664;0.24000000000000002;1.586666666666667;9.777777777777779;19.444444444444443
11286;zone68;6208.193116766784;3072.425066795916;0.0;zone68;S01010323;4;603;466;377;[0.555556,0.444444,0.0];[0.657143,0.271429,0.071429];[0.642857,0.321429,0.035714];[0.793651,0.166667,0.039683];[0.578431372549,0.166666666667,0.235294117647,0.0196078431373];1;970.0;0.57559463238;756;22;0.22;1.0;31.619999999999997;38.0;49.19;7.0;19.25;10.5;2.7600000000000002;0.0;1.15;0.39;1.6399999999999997;0.2;2.05;2.25;5.25
11286;zone69;6517.651722029823;2240.572579661372;0.0;zone69;S01010324;6;759;566;403;[0.142857,0.571429,0.285714];[0.298077,0.490385,0.211538];[0.333333,0.530864,0.135802];[0.401674,0.414226,0.1841];[0.569620253165,0.101265822785,0.291139240506,0.0379746835443];1;407.0;-0.0721601679586;1831;33;0.22;1.3333333333333333;40.26;36.0;75.93333333333335;13.166666666666666;26.0;13.5;3.5;0.0;2.4933333333333336;0.0;5.78;0.5199999999999999;2.7399999999999998;6.666666666666667;11.333333333333334
11286;zone70;6038.016041009105;2402.8415869980217;0.0;zone70;S01010325;18;939;666;501;[0.263158,0.368421,0.368421];[0.383838,0.525253,0.090909];[0.253623,0.615942,0.130435];[0.451362,0.463035,0.085603];[0.545454545455,0.238636363636,0.193181818182,0.0227272727273];1;225.0;-0.281126582053;1543;112;0.24222222222222223;0.8888888888888888;42.946666666666665;43.333333333333336;70.85111111111111;11.5;24.0;14.444444444444445;4.779999999999999;0.0;1.0333333333333332;0.0;6.48888888888889;0.4911111111111111;2.231111111111111;4.166666666666667;11.777777777777779
11286;zone71;5272.359331052501;2740.775131541117;0.0;zone71;S01010326;39;987;707;494;[0.526316,0.368421,0.105263];[0.522523,0.333333,0.144144];[0.492188,0.3125,0.195313];[0.723514,0.224806,0.05168];[0.54375,0.16875,0.23125,0.05625];1;1389.0;1.05701743376;978;247;0.24102564102564103;1.4871794871794872;50.69641025641025;35.205128205128204;71.89333333333333;10.461538461538462;22.76923076923077;17.307692307692307;2.557948717948718;0.0;5.7682051282051265;0.01435897435897436;1.8338461538461537;0.281025641025641;2.4974358974358983;6.512820512820513;9.717948717948717
11286;zone72;4970.167032608406;2501.795090448298;0.0;zone72;S01010327;34;982;660;362;[0.031746,0.507937,0.460317];[0.372881,0.432203,0.194915];[0.289063,0.328125,0.382813];[0.516892,0.347973,0.135135];[0.416184971098,0.21387283237,0.236994219653,0.132947976879];1;470.0;0.000335688704598;1054;254;0.2917647058823529;0.7647058823529411;47.41294117647059;38.73529411764706;66.54470588235294;9.941176470588236;22.205882352941178;15.705882352941176;3.5588235294117654;0.0;5.747058823529411;0.00470588235294118;1.6352941176470592;0.3788235294117646;2.837647058823529;2.7941176470588234;10.529411764705882
11286;zone73;5975.307390960257;2677.5485166167286;0.0;zone73;S01010328;24;969;706;445;[0.16129,0.5,0.33871];[0.27044,0.471698,0.257862];[0.192547,0.434783,0.372671];[0.338983,0.432203,0.228814];[0.309352517986,0.258992805755,0.280575539568,0.151079136691];2;457.0;-0.0138550124678;2043;149;0.24166666666666667;2.0;37.306666666666665;32.583333333333336;64.43666666666667;9.875;22.583333333333332;12.375;2.1716666666666664;0.0;1.7366666666666661;0.0;3.5749999999999997;0.2516666666666667;1.835;8.166666666666666;6.916666666666667
