cycle;name;location.x;location.y;location.z;name;dataZone;nm_children;pop;over16;nm_hh;AB_car_prob;C1_car_prob;C2_car_prob;DE_car_prob;prob_social;simd;crimeRate;norm_crime;avg_dis_sh;neigh_play;daily_play_per_child;avg_FSA;avg_walk;daily_OD;zone_mvpa;mvpa_home;mvpa_sc;mvpa_road;mvpa_play_field;mvpa_home_garden;mvpa_park;mvpa_PG;mvpa_amenity;mvpa_shops;mvpa_F_home;mvpa_fsa;mvpa_OD
11286;zone0;8448.90275962388;2625.4515469546564;0.0;zone0;S01010195;19;531;390;212;[0.0,0.481481,0.518519];[0.261538,0.646154,0.092308];[0.12,0.59,0.29];[0.447368,0.368421,0.184211];[0.418918918919,0.283783783784,0.202702702703,0.0945945945946];1;0.0;-0.540229885057;865;107;0.22105263157894736;1.5263157894736843;36.73052631578948;30.31578947368421;64.76;10.789473684210526;22.68421052631579;12.578947368421053;1.1621052631578948;0.0;4.324210526315789;0.02526315789473684;2.877894736842105;0.3094736842105264;2.1789473684210523;6.052631578947368;7.894736842105263
11286;zone1;8656.736904000718;2165.9902346445633;0.0;zone1;S01010198;18;1027;748;394;[0.058824,0.529412,0.411765];[0.305785,0.561983,0.132231];[0.219858,0.496454,0.283688];[0.523179,0.331126,0.145695];[0.48623853211,0.229357798165,0.266055045872,0.0183486238532];1;1609.0;1.3102524676;1232;80;0.1688888888888889;1.0555555555555556;33.68222222222222;36.388888888888886;66.86;12.222222222222221;24.11111111111111;11.222222222222221;2.4622222222222225;0.0;3.24;0.16222222222222224;4.013333333333333;0.3488888888888889;2.933333333333334;4.5;9.38888888888889
11286;zone2;8537.588755655543;3024.028900129281;0.0;zone2;S01010201;22;643;453;253;[0.0,0.47619,0.52381];[0.270833,0.3125,0.416667];[0.088,0.48,0.432];[0.296552,0.434483,0.268966];[0.365853658537,0.292682926829,0.292682926829,0.0487804878049];2;219.0;-0.28762447053;929;171;0.29454545454545455;0.9090909090909091;31.63636363636364;46.81818181818182;66.16181818181819;10.954545454545455;23.363636363636363;10.227272727272727;1.9672727272727273;0.0;6.525454545454545;0.15272727272727274;4.503636363636364;0.33272727272727276;2.7472727272727275;3.6363636363636362;12.681818181818182
11286;zone3;8059.42097232239;3767.666522351409;0.0;zone3;S01010203;30;671;504;260;[0.090909,0.363636,0.545455];[0.263804,0.460123,0.276074];[0.094828,0.422414,0.482759];[0.183824,0.375,0.441176];[0.272727272727,0.218181818182,0.363636363636,0.145454545455];3;215.0;-0.292668818285;1976;161;0.20933333333333334;1.9666666666666666;56.434666666666665;33.53333333333333;69.2;9.1;21.866666666666667;19.366666666666667;2.2706666666666666;0.0;2.7666666666666666;0.0;2.753333333333333;0.22666666666666668;1.6866666666666668;7.433333333333334;7.333333333333333
11286;zone4;8368.288440296214;3565.498290652094;0.0;zone4;S01010204;30;800;589;381;[0.272727,0.727273,0.0];[0.627451,0.27451,0.098039];[0.444444,0.533333,0.022222];[0.600619,0.321981,0.077399];[0.595041322314,0.157024793388,0.239669421488,0.00826446280992];1;497.0;0.0317745673598;1414;162;0.2;1.0333333333333334;48.91466666666667;37.43333333333333;68.61333333333332;10.6;22.733333333333334;16.533333333333335;2.0346666666666664;0.0;4.3693333333333335;0.09066666666666666;3.4693333333333336;0.4106666666666666;2.6160000000000005;3.933333333333333;9.433333333333334
11286;zone5;8034.229745798958;3515.110462853287;0.0;zone5;S01010205;15;658;534;355;[0.411765,0.117647,0.470588];[0.465116,0.457364,0.077519];[0.317757,0.588785,0.093458];[0.593458,0.280374,0.126168];[0.466666666667,0.2,0.3,0.0333333333333];1;925.0;0.523434132086;1405;77;0.2;1.0666666666666667;41.12000000000001;35.733333333333334;61.19200000000001;8.866666666666667;21.666666666666668;14.066666666666666;1.72;0.0;4.322666666666667;0.02666666666666667;2.2800000000000002;0.34400000000000003;2.0773333333333337;4.2;7.8
11286;zone6;7457.064719570519;3739.055375726369;0.0;zone6;S01010208;18;903;745;565;[0.30137,0.589041,0.109589];[0.48062,0.457364,0.062016];[0.272727,0.613636,0.113636];[0.66055,0.270642,0.068807];[0.233333333333,0.133333333333,0.461111111111,0.172222222222];1;603.0;0.153385979085;1421;82;0.17333333333333334;1.5555555555555556;51.97333333333334;28.5;66.48666666666666;10.277777777777779;22.444444444444443;17.666666666666668;2.0133333333333336;0.0;2.2733333333333334;0.0;2.0555555555555554;0.28222222222222226;2.2088888888888887;5.555555555555555;5.833333333333333
11286;zone7;7917.838214725937;1939.334458859395;0.0;zone7;S01010209;24;966;677;468;[0.172414,0.586207,0.241379];[0.333333,0.414966,0.251701];[0.381944,0.458333,0.159722];[0.545852,0.336245,0.117904];[0.337931034483,0.248275862069,0.303448275862,0.110344827586];1;2053.0;1.82052250092;1695;112;0.17833333333333334;1.9583333333333333;53.4;35.416666666666664;77.865;11.583333333333334;23.958333333333332;18.208333333333332;1.2583333333333335;0.0;7.684999999999999;0.0;2.8650000000000007;0.2883333333333334;2.208333333333333;8.125;11.375
11286;zone8;7878.406567747077;2721.2634132011362;0.0;zone8;S01010210;18;885;641;416;[0.173913,0.456522,0.369565];[0.21519,0.5,0.28481];[0.189781,0.386861,0.423358];[0.422111,0.442211,0.135678];[0.394736842105,0.236842105263,0.254385964912,0.114035087719];1;344.0;-0.144253829852;1342;84;0.18;1.1111111111111112;36.95111111111111;31.5;63.63555555555555;10.88888888888889;22.77777777777778;12.38888888888889;1.1222222222222225;0.0;4.773333333333334;0.01333333333333333;2.5644444444444443;0.3333333333333333;2.546666666666667;4.555555555555555;7.944444444444445
11286;zone9;7785.599648345685;3201.783800714137;0.0;zone9;S01010211;22;858;634;452;[0.147059,0.705882,0.147059];[0.384615,0.452991,0.162393];[0.469565,0.4,0.130435];[0.722656,0.226563,0.050781];[0.473214285714,0.169642857143,0.285714285714,0.0714285714286];1;430.0;-0.0456985893816;1078;120;0.2109090909090909;2.090909090909091;47.776363636363634;31.181818181818183;70.37636363636365;10.545454545454545;22.818181818181817;16.0;3.1145454545454543;0.0;3.789090909090909;0.0;2.3781818181818184;0.2800000000000001;1.7200000000000002;7.954545454545454;8.818181818181818
11286;zone10;7580.688680869333;3097.127786881416;0.0;zone10;S01010212;49;1083;779;559;[0.233333,0.633333,0.133333];[0.594771,0.339869,0.065359];[0.465517,0.405172,0.12931];[0.712821,0.269231,0.017949];[0.566037735849,0.138364779874,0.22641509434,0.0691823899371];1;1473.0;1.15298517036;1102;286;0.22448979591836735;1.4489795918367347;52.21632653061222;37.36734693877551;68.89877551020408;9.53061224489796;22.224489795918366;17.897959183673468;2.7608163265306125;0.0;3.8212244897959193;0.0;2.8089795918367346;0.31591836734693873;2.3379591836734694;5.36734693877551;8.918367346938776
11286;zone11;8065.177293237223;3111.5884965344962;0.0;zone11;S01010213;13;924;657;476;[0.105263,0.684211,0.210526];[0.382609,0.547826,0.069565];[0.218543,0.556291,0.225166];[0.467925,0.483019,0.049057];[0.451327433628,0.221238938053,0.274336283186,0.0530973451327];1;247.0;-0.255840453357;897;70;0.20615384615384616;1.2307692307692308;32.033846153846156;33.84615384615385;66.98461538461538;12.384615384615385;23.846153846153847;10.846153846153847;1.2615384615384615;0.0;5.046153846153846;0.03076923076923077;3.7476923076923074;0.37846153846153846;2.6215384615384614;5.3076923076923075;9.615384615384615
11286;zone12;7144.994858230166;1947.4125453867302;0.0;zone12;S01010214;27;967;717;396;[0.098592,0.28169,0.619718];[0.197531,0.438272,0.364198];[0.173333,0.493333,0.333333];[0.237069,0.487069,0.275862];[0.361344537815,0.210084033613,0.310924369748,0.117647058824];3;176.0;-0.337854473183;2031;188;0.2696296296296296;0.9259259259259259;45.21777777777779;39.81481481481482;68.50666666666667;10.333333333333334;23.40740740740741;15.296296296296296;4.14074074074074;0.0;4.082962962962965;0.0;2.8177777777777777;0.4414814814814816;2.5599999999999996;3.7777777777777777;10.555555555555555
11286;zone13;7013.590150664996;2618.495528189446;0.0;zone13;S01010215;24;850;608;492;[0.571429,0.285714,0.142857];[0.5,0.431373,0.068627];[0.382609,0.391304,0.226087];[0.678571,0.269841,0.051587];[0.467289719626,0.140186915888,0.345794392523,0.0467289719626];1;547.0;0.0886083430805;912;151;0.24166666666666667;1.375;54.41666666666668;39.708333333333336;63.696666666666665;8.166666666666666;20.875;18.541666666666668;2.015;0.0;3.0916666666666663;0.0;3.024999999999999;0.2733333333333334;1.9133333333333338;4.041666666666667;7.666666666666667
11286;zone14;7332.222205807836;2329.961970144465;0.0;zone14;S01010216;15;621;464;361;[0.6,0.4,0.0];[0.597701,0.356322,0.045977];[0.409091,0.439394,0.151515];[0.709544,0.273859,0.016598];[0.5,0.163265306122,0.265306122449,0.0714285714286];1;600.0;0.150092344085;1324;79;0.20533333333333334;1.3333333333333333;60.78666666666667;36.8;75.432;10.733333333333333;23.333333333333332;20.933333333333334;1.8959999999999997;0.0;6.183999999999999;0.0;2.9279999999999995;0.22400000000000003;2.528;5.0;10.466666666666667
11286;zone15;7299.833172322251;2625.8610945736937;0.0;zone15;S01010217;33;817;598;406;[0.16129,0.516129,0.322581];[0.565517,0.4,0.034483];[0.5,0.431373,0.068627];[0.702703,0.283784,0.013514];[0.541935483871,0.0967741935484,0.296774193548,0.0645161290323];1;1060.0;0.679274950851;1019;224;0.26181818181818184;1.2727272727272727;48.2581818181818;39.54545454545455;70.02545454545455;10.787878787878787;22.87878787878788;16.242424242424242;2.8751515151515146;0.0;4.625454545454546;0.0;3.1236363636363635;0.3163636363636364;2.307878787878788;5.212121212121212;10.181818181818182
11286;zone16;7142.953643082513;3018.5401822929393;0.0;zone16;S01010218;31;1018;790;587;[0.425532,0.404255,0.170213];[0.392523,0.453271,0.154206];[0.358209,0.492537,0.149254];[0.589124,0.335347,0.075529];[0.424657534247,0.109589041096,0.369863013699,0.0958904109589];1;557.0;0.101026678737;453;190;0.23483870967741935;1.5483870967741935;33.63096774193547;38.25806451612903;64.11096774193548;10.290322580645162;22.774193548387096;11.483870967741936;2.0425806451612902;0.0;2.887741935483871;0.0;4.376774193548386;0.37032258064516127;2.050322580645161;6.161290322580645;8.838709677419354
11286;zone17;6738.8937706128745;4298.8917997019325;0.0;zone17;S01010219;21;503;382;274;[0.695652,0.304348,0.0];[0.758621,0.215517,0.025862];[0.761905,0.166667,0.071429];[0.781609,0.195402,0.022989];[0.41935483871,0.0752688172043,0.408602150538,0.0967741935484];2;184.0;-0.327838932938;1462;170;0.3142857142857143;2.0952380952380953;68.22095238095237;47.142857142857146;84.12571428571428;10.047619047619047;23.571428571428573;23.38095238095238;4.782857142857143;0.0;7.691428571428572;0.0;2.8285714285714283;0.2476190476190477;1.516190476190476;8.285714285714286;14.80952380952381
11286;zone18;5915.780765415368;4211.222876105162;0.0;zone18;S01010220;7;476;433;279;[0.181159,0.608696,0.210145];[0.404255,0.531915,0.06383];[0.227273,0.704545,0.068182];[0.448276,0.482759,0.068966];[0.154545454545,0.0636363636364,0.318181818182,0.463636363636];5;267.0;-0.232306706325;1038;74;0.4057142857142857;1.7142857142857142;48.07428571428572;47.714285714285715;74.86285714285714;10.571428571428571;22.857142857142858;16.428571428571427;5.959999999999999;0.0;5.548571428571429;0.05142857142857143;1.897142857142857;0.17142857142857146;1.9828571428571427;7.571428571428571;13.0
11286;zone19;6341.0811208317455;3913.8398648988496;0.0;zone19;S01010221;13;546;394;260;[0.6,0.4,0.0];[0.557377,0.409836,0.032787];[0.538462,0.323077,0.138462];[0.699387,0.257669,0.042945];[0.609375,0.140625,0.203125,0.046875];1;635.0;0.19005459739;1130;52;0.14461538461538462;1.3076923076923077;49.69538461538461;32.61538461538461;71.57230769230769;11.461538461538462;23.23076923076923;16.692307692307693;5.132307692307692;0.0;3.7015384615384614;0.06769230769230769;1.4676923076923076;0.4153846153846154;2.433846153846154;5.0;9.846153846153847
11286;zone20;7001.213463613622;4053.9957950241624;0.0;zone20;S01010222;15;492;414;285;[0.142857,0.5,0.357143];[0.432432,0.459459,0.108108];[0.348624,0.522936,0.12844];[0.747899,0.235294,0.016807];[0.345238095238,0.214285714286,0.309523809524,0.130952380952];1;377.0;-0.105830277325;1852;73;0.184;1.4;51.11466666666667;34.0;65.82933333333332;9.266666666666667;21.933333333333334;17.666666666666668;2.8320000000000003;0.0;2.967999999999999;0.0;2.2666666666666666;0.27466666666666667;2.096;4.8;7.6
11286;zone21;6986.8418912765155;3434.1450308482026;0.0;zone21;S01010223;4;556;462;337;[0.076923,0.538462,0.384615];[0.567797,0.330508,0.101695];[0.472222,0.444444,0.083333];[0.584699,0.36612,0.04918];[0.432432432432,0.162162162162,0.324324324324,0.0810810810811];1;439.0;-0.0353356041414;1526;17;0.17;1.5;58.31999999999999;33.0;70.83;10.5;22.25;19.75;3.2300000000000004;0.0;3.3499999999999996;0.0;2.3;0.33;1.9600000000000002;5.5;8.5
11286;zone22;6247.397837456437;3329.661273309237;0.0;zone22;S01010224;40;1036;727;469;[0.405405,0.540541,0.054054];[0.592593,0.274074,0.133333];[0.418803,0.504274,0.076923];[0.768421,0.202632,0.028947];[0.506097560976,0.140243902439,0.268292682927,0.0853658536585];1;1004.0;0.614259332793;855;202;0.199;1.675;49.263999999999996;28.825;68.447;10.125;22.4;16.8;3.806;0.0;2.5229999999999997;0.15100000000000002;1.3409999999999997;0.2560000000000001;2.046;7.325;7.35
11286;zone23;7827.985844039554;4105.4701191949;0.0;zone23;S01010225;33;812;636;431;[0.25,0.634615,0.115385];[0.469072,0.43299,0.097938];[0.54023,0.413793,0.045977];[0.672065,0.234818,0.093117];[0.385185185185,0.125925925926,0.325925925926,0.162962962963];1;1006.0;0.616572011517;1790;136;0.15757575757575756;1.5151515151515151;56.22787878787878;30.636363636363637;70.15636363636365;10.212121212121213;22.484848484848484;19.151515151515152;2.6315151515151514;0.0;3.355151515151515;0.0;2.190303030303031;0.3575757575757576;2.2993939393939393;5.757575757575758;7.696969696969697
11286;zone24;7040.363001382077;4481.052780471187;0.0;zone24;S01010226;40;816;565;394;[0.454545,0.242424,0.30303];[0.715385,0.2,0.084615];[0.540541,0.405405,0.054054];[0.766917,0.18797,0.045113];[0.503355704698,0.201342281879,0.221476510067,0.0738255033557];2;422.0;-0.0548014077425;895;443;0.429;1.525;48.576;54.55;73.13500000000002;9.125;22.45;16.35;7.200000000000001;0.0;6.1530000000000005;0.10200000000000001;1.8969999999999996;0.31999999999999995;2.007999999999999;5.725;14.85
11286;zone25;6847.772309074456;4638.663588163389;0.0;zone25;S01010227;39;692;454;294;[0.413793,0.413793,0.172414];[0.704545,0.238636,0.056818];[0.654545,0.345455,0.0];[0.810606,0.159091,0.030303];[0.672268907563,0.0924369747899,0.159663865546,0.0756302521008];4;0.0;-0.540229885057;1145;606;0.597948717948718;1.5128205128205128;53.09230769230769;71.23076923076923;84.82564102564103;9.692307692307692;23.512820512820515;18.102564102564102;6.112820512820513;0.0;13.9425641025641;0.22564102564102567;2.9907692307692306;0.2676923076923076;2.1353846153846154;6.0256410256410255;22.82051282051282
11286;zone26;8241.816993110848;4572.457656401622;0.0;zone26;S01010229;30;1016;787;508;[0.1,0.625,0.275];[0.350877,0.350877,0.298246];[0.348315,0.477528,0.174157];[0.565217,0.310559,0.124224];[0.420731707317,0.213414634146,0.292682926829,0.0731707317073];1;395.0;-0.0859445809966;1240;148;0.184;1.5;45.11066666666668;29.3;68.38400000000001;11.066666666666666;23.066666666666666;15.266666666666667;2.3893333333333335;0.0;3.457333333333334;0.024;2.3053333333333326;0.46;2.3626666666666667;6.2;7.766666666666667
11286;zone27;7458.320056766788;4680.341251240345;0.0;zone27;S01010230;24;1005;772;577;[0.314286,0.628571,0.057143];[0.703883,0.296117,0.0];[0.727273,0.218182,0.054545];[0.71831,0.24507,0.03662];[0.517857142857,0.136904761905,0.267857142857,0.077380952381];1;846.0;0.433218203459;1010;162;0.25333333333333335;1.2916666666666667;48.43333333333334;39.583333333333336;73.68666666666668;11.458333333333334;23.916666666666668;16.375;3.256666666666666;0.0;4.565;0.05166666666666667;3.885;0.45166666666666666;2.4166666666666665;5.541666666666667;11.291666666666666
11286;zone28;7569.802990100143;4917.458811240416;0.0;zone28;S01010232;37;1074;792;485;[0.457143,0.485714,0.057143];[0.557292,0.338542,0.104167];[0.492063,0.333333,0.174603];[0.654229,0.251244,0.094527];[0.470297029703,0.153465346535,0.306930693069,0.0693069306931];1;771.0;0.347049794199;892;260;0.2702702702702703;1.3243243243243243;45.52864864864866;40.86486486486486;68.55135135135134;10.216216216216216;22.81081081081081;15.513513513513514;2.274594594594595;0.0;4.737297297297298;0.10810810810810811;3.3708108108108106;0.32540540540540547;2.410810810810811;4.972972972972973;10.0
11286;zone29;7830.713068379679;4879.746446724283;0.0;zone29;S01010233;33;970;705;476;[0.275,0.625,0.1];[0.655629,0.245033,0.099338];[0.52809,0.426966,0.044944];[0.771505,0.212366,0.016129];[0.587209302326,0.093023255814,0.261627906977,0.0581395348837];1;284.0;-0.213781821634;1185;187;0.21696969696969698;1.5454545454545454;56.160000000000004;38.45454545454545;72.63515151515152;10.606060606060606;23.060606060606062;19.393939393939394;2.0315151515151513;0.0;2.7078787878787884;0.06424242424242424;4.524848484848484;0.3248484848484849;2.186666666666667;5.909090909090909;8.757575757575758
11286;zone30;6473.383843181837;4954.519765957263;0.0;zone30;S01010261;6;2551;2373;526;[0.666667,0.270833,0.0625];[0.675841,0.281346,0.042813];[0.75,0.25,0.0];[0.824468,0.164894,0.010638];[0.41,0.06,0.41,0.12];3;176.0;-0.337679921334;1468;28;0.18666666666666668;1.3333333333333333;76.23333333333333;37.166666666666664;86.47333333333334;12.0;25.333333333333332;26.666666666666668;3.2999999999999994;0.0;2.1266666666666665;0.18000000000000002;6.033333333333332;0.56;4.14;4.666666666666667;11.0
11286;zone31;4930.642193689802;4959.449818932565;0.0;zone31;S01010266;3;555;474;237;[0.320755,0.556604,0.122642];[0.677273,0.254545,0.068182];[0.5,0.461538,0.038462];[0.534247,0.30137,0.164384];[0.141176470588,0.0588235294118,0.4,0.4];3;536.0;0.0761386922126;1113;10;0.12;1.6666666666666667;43.38666666666666;28.333333333333332;70.85333333333332;11.666666666666666;24.333333333333332;14.333333333333334;1.6266666666666667;0.0;4.28;0.6266666666666666;2.3866666666666667;0.3466666666666667;1.92;6.666666666666667;8.666666666666666
11286;zone32;5712.5549897826;4979.400336637217;0.0;zone32;S01010270;4;1153;972;817;[0.389831,0.533898,0.076271];[0.70255,0.252125,0.045326];[0.714286,0.272727,0.012987];[0.771552,0.228448,0.0];[0.125,0.0909090909091,0.454545454545,0.329545454545];1;871.0;0.461200629557;1455;8;0.08;3.75;65.61;18.5;64.55;6.5;20.25;22.5;1.7399999999999998;0.0;0.2;0.22999999999999998;1.1;0.09000000000000001;0.7500000000000001;9.75;3.0
11286;zone33;3394.0723536088512;4934.677182292946;0.0;zone33;S01010282;13;976;841;645;[0.438776,0.520408,0.040816];[0.545732,0.405488,0.04878];[0.521277,0.382979,0.095745];[0.712707,0.232044,0.055249];[0.190954773869,0.070351758794,0.35175879397,0.386934673367];2;350.0;-0.137812028107;1399;58;0.1723076923076923;1.3846153846153846;55.033846153846156;34.53846153846154;67.50153846153846;9.153846153846153;21.692307692307693;19.076923076923077;1.0830769230769233;0.0;6.141538461538461;0.3876923076923078;0.8769230769230769;0.3107692307692308;1.836923076923077;5.461538461538462;8.153846153846153
11286;zone34;4385.789287498423;4835.237486850067;0.0;zone34;S01010289;15;771;687;380;[0.130952,0.511905,0.357143];[0.262911,0.502347,0.234742];[0.178571,0.464286,0.357143];[0.410256,0.435897,0.153846];[0.058064516129,0.0322580645161,0.245161290323,0.664516129032];5;259.0;-0.241396294863;1453;215;0.5493333333333333;1.7333333333333334;49.97866666666666;68.66666666666667;78.89333333333333;9.2;23.133333333333333;16.8;4.48;0.0;9.837333333333333;1.7706666666666668;3.645333333333333;0.19466666666666668;1.6693333333333331;6.333333333333333;19.266666666666666
11286;zone35;4401.5375624188455;4669.062022109911;0.0;zone35;S01010290;13;546;485;278;[0.198198,0.603604,0.198198];[0.485944,0.449799,0.064257];[0.555556,0.444444,0.0];[0.435897,0.512821,0.051282];[0.10752688172,0.0430107526882,0.494623655914,0.354838709677];3;353.0;-0.133686757747;1153;181;0.5384615384615384;1.7692307692307692;52.82153846153846;67.53846153846153;78.52615384615385;8.615384615384615;22.615384615384617;18.23076923076923;4.073846153846154;0.0;10.590769230769231;1.3384615384615384;2.335384615384615;0.08923076923076924;2.190769230769231;6.846153846153846;17.76923076923077
11286;zone36;4119.983651650423;4281.100418217042;0.0;zone36;S01010291;12;1075;975;481;[0.405594,0.447552,0.146853];[0.627907,0.277132,0.094961];[0.415094,0.433962,0.150943];[0.562963,0.325926,0.111111];[0.197080291971,0.0729927007299,0.445255474453,0.284671532847];3;438.0;-0.0363924713322;1122;114;0.37333333333333335;1.25;44.346666666666664;54.75;73.21333333333334;10.083333333333334;23.166666666666668;14.916666666666666;2.2466666666666666;0.0;9.253333333333334;1.6233333333333333;2.4566666666666666;0.3233333333333333;2.4633333333333334;4.75;15.083333333333334
11286;zone37;4399.731076226201;4291.6703625917;0.0;zone37;S01010292;10;890;831;409;[0.348214,0.508929,0.142857];[0.477169,0.420091,0.10274];[0.339286,0.446429,0.214286];[0.55814,0.383721,0.05814];[0.128378378378,0.0540540540541,0.398648648649,0.418918918919];4;323.0;-0.168488563048;1159;123;0.472;2.5;63.14;56.6;80.45599999999999;8.2;22.4;22.2;4.444;0.0;7.604000000000001;0.8999999999999998;1.656;0.188;1.452;9.6;14.0
11286;zone38;4514.690807242894;4541.15458266895;0.0;zone38;S01010293;16;839;723;373;[0.51773,0.35461,0.12766];[0.635389,0.262735,0.101877];[0.446809,0.319149,0.234043];[0.514286,0.392857,0.092857];[0.242424242424,0.0606060606061,0.393939393939,0.30303030303];3;290.0;-0.205814991507;1188;214;0.52;1.875;58.5475;65.0;80.0025;8.5625;22.625;20.1875;4.0825000000000005;0.0;9.700000000000003;0.9575;2.5124999999999997;0.13499999999999998;1.6924999999999997;7.625;16.875
11286;zone39;4541.7482834333705;4418.565122351524;0.0;zone39;S01010294;13;690;631;275;[0.242105,0.526316,0.231579];[0.650873,0.214464,0.134663];[0.583333,0.208333,0.208333];[0.414894,0.489362,0.095745];[0.164835164835,0.043956043956,0.494505494505,0.296703296703];4;440.0;-0.0342259463805;1094;206;0.6092307692307692;1.3076923076923077;60.38461538461539;77.38461538461539;87.92615384615384;9.846153846153847;24.384615384615383;20.692307692307693;6.975384615384616;0.0;9.861538461538462;1.8646153846153848;4.436923076923078;0.40615384615384625;1.9169230769230767;5.769230769230769;22.76923076923077
11286;zone40;4766.8646917667475;4574.50133624035;0.0;zone40;S01010295;18;974;870;427;[0.384615,0.391026,0.224359];[0.604555,0.310559,0.084886];[0.428571,0.285714,0.285714];[0.390728,0.516556,0.092715];[0.212765957447,0.113475177305,0.297872340426,0.375886524823];4;529.0;0.0680145754747;1235;232;0.49333333333333335;1.3333333333333333;57.72888888888888;68.05555555555556;81.61999999999999;9.166666666666666;23.27777777777778;20.166666666666668;5.04;0.0;9.79111111111111;1.5266666666666668;3.3244444444444445;0.24888888888888897;2.2199999999999998;5.222222222222222;19.166666666666668
11286;zone41;4647.752341766679;4736.091736240359;0.0;zone41;S01010296;16;664;560;291;[0.294118,0.423529,0.282353];[0.520913,0.368821,0.110266];[0.375,0.375,0.25];[0.475524,0.391608,0.132867];[0.282828282828,0.111111111111,0.363636363636,0.242424242424];2;856.0;0.444094443477;1465;149;0.36;2.4375;57.6425;47.5625;73.47999999999999;8.75;21.8125;19.5625;2.369999999999999;0.0;5.8075;1.185;1.645;0.3125;1.3025000000000002;8.8125;10.625
11286;zone42;5522.849421766708;4411.996091240393;0.0;zone42;S01010297;7;1066;894;676;[0.582609,0.382609,0.034783];[0.691824,0.245283,0.062893];[0.540541,0.333333,0.126126];[0.681275,0.270916,0.047809];[0.260563380282,0.140845070423,0.37323943662,0.225352112676];1;504.0;0.0391758595379;1289;48;0.26285714285714284;1.2857142857142858;47.51428571428572;39.0;69.63428571428571;10.571428571428571;23.285714285714285;16.0;3.268571428571429;0.0;1.5428571428571427;0.7142857142857143;4.9885714285714275;0.41714285714285715;2.5599999999999996;4.571428571428571;10.0
11286;zone43;4706.481893689814;4143.807995855712;0.0;zone43;S01010298;12;880;677;515;[0.308943,0.479675,0.211382];[0.581395,0.356589,0.062016];[0.539683,0.396825,0.063492];[0.744828,0.193103,0.062069];[0.227272727273,0.0984848484848,0.371212121212,0.30303030303];1;486.0;0.0190902878356;1068;77;0.25333333333333335;2.0;48.703333333333326;37.75;65.56333333333335;8.333333333333334;21.083333333333332;16.5;3.0766666666666667;0.0;5.823333333333333;0.3566666666666667;0.9333333333333335;0.2866666666666667;1.2633333333333334;5.916666666666667;9.75
11286;zone44;4885.424673909578;4209.645754097502;0.0;zone44;S01010299;4;536;404;292;[0.3,0.54,0.16];[0.556701,0.340206,0.103093];[0.458333,0.520833,0.020833];[0.584906,0.283019,0.132075];[0.428571428571,0.0857142857143,0.285714285714,0.2];1;375.0;-0.10827530326;732;35;0.34;2.5;44.879999999999995;42.75;65.25;9.25;21.75;15.75;3.83;0.0;1.16;0.53;2.96;0.11;1.8;6.75;8.25
11286;zone45;4883.397012115578;4340.414778682246;0.0;zone45;S01010300;21;934;764;478;[0.460784,0.411765,0.127451];[0.664653,0.238671,0.096677];[0.632353,0.323529,0.044118];[0.606383,0.329787,0.06383];[0.3046875,0.125,0.3515625,0.21875];2;513.0;0.0498225801839;737;173;0.3161904761904762;1.8095238095238095;41.47238095238096;40.57142857142857;65.35238095238094;9.380952380952381;21.761904761904763;13.952380952380953;3.824761904761905;0.0;3.127619047619047;0.4990476190476191;2.255238095238095;0.24952380952380956;1.685714285714286;6.809523809523809;9.19047619047619
11286;zone46;5144.66081966521;4032.769083704074;0.0;zone46;S01010301;6;522;457;283;[0.292683,0.597561,0.109756];[0.57563,0.315126,0.109244];[0.222222,0.703704,0.074074];[0.561798,0.393258,0.044944];[0.214285714286,0.0612244897959,0.459183673469,0.265306122449];4;490.0;0.0232745011966;1835;101;0.64;1.8333333333333333;61.06666666666666;72.5;84.81333333333335;8.833333333333334;23.166666666666668;21.333333333333332;10.76;0.0;1.8133333333333337;1.18;6.240000000000001;0.13333333333333333;2.1266666666666665;7.166666666666667;19.666666666666668
11286;zone47;5165.568789180556;4297.038752619699;0.0;zone47;S01010302;24;669;495;388;[0.65625,0.28125,0.0625];[0.6,0.356522,0.043478];[0.716981,0.226415,0.056604];[0.801802,0.18018,0.018018];[0.582417582418,0.0769230769231,0.263736263736,0.0769230769231];1;392.0;-0.0896499889057;1331;188;0.3;1.375;55.21666666666666;40.291666666666664;73.12333333333335;10.333333333333334;23.375;18.708333333333332;4.881666666666666;0.0;1.7966666666666662;0.5683333333333332;3.5116666666666663;0.2733333333333334;2.668333333333333;5.416666666666667;10.25
11286;zone48;5241.140616766716;4139.402270499609;0.0;zone48;S01010303;33;579;387;250;[0.692308,0.153846,0.153846];[0.56701,0.298969,0.134021];[0.630435,0.282609,0.086957];[0.658879,0.285047,0.056075];[0.58407079646,0.106194690265,0.274336283186,0.0353982300885];1;415.0;-0.0627120940391;1351;282;0.32606060606060605;1.4545454545454546;56.39272727272726;41.96969696969697;73.4981818181818;10.030303030303031;23.0;18.96969696969697;5.743030303030304;0.0;1.9018181818181816;0.6957575757575757;2.693333333333334;0.2496969696969697;2.4096969696969697;5.9393939393939394;10.424242424242424
11286;zone49;4853.647576226233;3833.123065294377;0.0;zone49;S01010304;12;542;456;332;[0.323529,0.514706,0.161765];[0.635135,0.25,0.114865];[0.477273,0.522727,0.0];[0.829268,0.109756,0.060976];[0.372340425532,0.0425531914894,0.297872340426,0.287234042553];1;804.0;0.384523850516;1885;95;0.30333333333333334;1.4166666666666667;55.03333333333334;45.833333333333336;72.11333333333334;9.416666666666666;22.5;18.5;6.116666666666667;0.0;1.8866666666666667;0.6866666666666666;2.8066666666666666;0.2966666666666667;2.63;5.416666666666667;11.0
11286;zone50;4697.410406890209;3639.1027396354093;0.0;zone50;S01010305;7;807;694;478;[0.36036,0.468468,0.171171];[0.553191,0.33617,0.110638];[0.409639,0.301205,0.289157];[0.589888,0.337079,0.073034];[0.198529411765,0.0735294117647,0.382352941176,0.345588235294];1;223.0;-0.28282788147;505;69;0.38285714285714284;1.1428571428571428;36.777142857142856;47.857142857142854;71.92;12.285714285714286;24.428571428571427;12.428571428571429;8.525714285714285;0.0;2.857142857142857;1.977142857142857;0.5142857142857143;0.33142857142857146;2.4171428571428573;4.571428571428571;13.285714285714286
11286;zone51;4591.3082521834585;3868.367573740388;0.0;zone51;S01010306;13;752;675;449;[0.35625,0.56875,0.075];[0.570588,0.355882,0.073529];[0.283019,0.566038,0.150943];[0.650943,0.330189,0.018868];[0.165680473373,0.0473372781065,0.479289940828,0.307692307692];2;238.0;-0.265781391166;774;154;0.4523076923076923;1.6153846153846154;49.824615384615385;55.07692307692308;75.24923076923079;9.538461538461538;22.692307692307693;17.076923076923077;6.9692307692307685;0.0;3.4707692307692306;2.31076923076923;1.3353846153846156;0.3323076923076923;1.9815384615384617;7.6923076923076925;13.615384615384615
11286;zone52;4503.72067559025;3742.2957906521283;0.0;zone52;S01010307;9;821;732;428;[0.189922,0.577519,0.232558];[0.407407,0.487654,0.104938];[0.346154,0.538462,0.115385];[0.71875,0.234375,0.046875];[0.0681818181818,0.0568181818182,0.375,0.5];5;319.0;-0.172537833795;419;133;0.5644444444444444;1.0;43.24888888888889;79.0;72.35111111111111;8.555555555555555;22.22222222222222;14.777777777777779;8.97777777777778;0.0;4.884444444444444;4.004444444444444;0.7288888888888889;0.16;2.2622222222222224;4.111111111111111;18.0
11286;zone53;4364.519870735056;4047.768725526131;0.0;zone53;S01010308;9;975;858;480;[0.285714,0.54007,0.174216];[0.511936,0.384615,0.103448];[0.254902,0.411765,0.333333];[0.648352,0.307692,0.043956];[0.0970873786408,0.0631067961165,0.359223300971,0.480582524272];4;257.0;-0.244477582955;1169;128;0.5422222222222223;1.2222222222222223;63.724444444444444;77.22222222222223;85.16000000000001;9.222222222222221;23.22222222222222;22.0;7.7555555555555555;0.0;9.822222222222223;2.4177777777777774;2.217777777777778;0.15111111111111108;1.8888888888888888;4.777777777777778;21.77777777777778
11286;zone54;5381.88771051669;3636.3205112402793;0.0;zone54;S01010309;4;419;356;264;[0.333333,0.25,0.416667];[0.478873,0.422535,0.098592];[0.352941,0.382353,0.264706];[0.705882,0.24183,0.052288];[0.365853658537,0.170731707317,0.390243902439,0.0731707317073];1;0.0;-0.540229885057;1957;20;0.19;1.25;79.77;36.5;84.41;11.25;24.25;27.75;3.68;0.0;2.65;0.48;4.1899999999999995;0.49;2.6500000000000004;5.0;10.75
11286;zone55;5657.373406240428;3625.6586165034923;0.0;zone55;S01010310;13;706;540;381;[0.333333,0.238095,0.428571];[0.565517,0.337931,0.096552];[0.54902,0.27451,0.176471];[0.715415,0.256917,0.027668];[0.484848484848,0.151515151515,0.318181818182,0.0454545454545];1;574.0;0.120406534162;760;72;0.2153846153846154;1.4615384615384615;48.77538461538461;33.0;61.83076923076923;8.384615384615385;21.46153846153846;16.307692307692307;2.92;0.0;1.3046153846153847;0.13846153846153844;2.476923076923077;0.23692307692307693;2.0246153846153847;5.076923076923077;6.3076923076923075
11286;zone56;5685.425126382168;3318.6970593171873;0.0;zone56;S01010311;22;721;556;351;[0.411765,0.352941,0.235294];[0.472222,0.453704,0.074074];[0.571429,0.404762,0.02381];[0.717949,0.271062,0.010989];[0.565217391304,0.121739130435,0.269565217391,0.0434782608696];1;1534.0;1.22364271569;1718;117;0.2;1.5454545454545454;67.31090909090909;34.63636363636363;73.12727272727271;9.318181818181818;22.454545454545453;23.227272727272727;2.4527272727272726;0.0;3.7018181818181812;0.10363636363636365;2.5345454545454547;0.31272727272727274;2.0272727272727273;5.136363636363637;8.272727272727273
11286;zone57;5466.52613028024;3072.1402274564575;0.0;zone57;S01010312;34;868;647;425;[0.117647,0.823529,0.058824];[0.754386,0.22807,0.017544];[0.407407,0.444444,0.148148];[0.804945,0.153846,0.041209];[0.586956521739,0.115942028986,0.268115942029,0.0289855072464];1;685.0;0.247477927043;1670;160;0.18;1.3529411764705883;55.67882352941177;28.88235294117647;71.74823529411766;11.058823529411764;23.147058823529413;18.823529411764707;1.7705882352941176;0.0;3.6705882352941184;0.15058823529411766;2.663529411764706;0.43764705882352933;2.5400000000000005;5.735294117647059;7.735294117647059
11286;zone58;5251.7403530303945;3502.549209042501;0.0;zone58;S01010313;16;654;529;356;[0.428571,0.285714,0.285714];[0.6,0.333333,0.066667];[0.433735,0.481928,0.084337];[0.739623,0.162264,0.098113];[0.648351648352,0.131868131868,0.175824175824,0.043956043956];1;565.0;0.109617915218;2136;99;0.2325;1.4375;67.9225;39.375;78.6125;10.875;23.5;22.75;3.9650000000000007;0.0;3.765;0.0775;3.2575000000000003;0.285;1.935;6.5;10.5625
11286;zone59;4840.312157862589;3385.4448126102257;0.0;zone59;S01010314;21;1248;1034;550;[0.358209,0.507463,0.134328];[0.514493,0.333333,0.152174];[0.5,0.326923,0.173077];[0.636,0.324,0.04];[0.316901408451,0.133802816901,0.401408450704,0.147887323944];1;637.0;0.192402372167;1194;166;0.29904761904761906;1.2380952380952381;43.24380952380952;46.61904761904762;71.24761904761905;10.619047619047619;23.095238095238095;14.80952380952381;6.662857142857142;0.0;4.569523809523808;1.019047619047619;1.5047619047619047;0.33904761904761915;2.4819047619047616;4.428571428571429;13.333333333333334
11286;zone60;4536.293429266749;2504.1273706154316;0.0;zone60;S01010315;43;911;678;409;[0.180723,0.554217,0.26506];[0.252632,0.457895,0.289474];[0.208333,0.5,0.291667];[0.55144,0.345679,0.102881];[0.308176100629,0.169811320755,0.358490566038,0.163522012579];2;382.0;-0.100954860853;1669;355;0.31906976744186044;1.4186046511627908;50.895813953488364;42.16279069767442;75.49116279069767;10.86046511627907;23.767441860465116;17.348837209302324;5.072558139534885;0.0;3.8865116279069767;0.0;3.4930232558139527;0.4120930232558138;2.5813953488372103;6.325581395348837;12.0
11286;zone61;4589.6619547948285;2943.195659127726;0.0;zone61;S01010316;25;512;414;304;[0.392157,0.529412,0.078431];[0.62931,0.37069,0.0];[0.439024,0.560976,0.0];[0.775401,0.224599,0.0];[0.439252336449,0.102803738318,0.252336448598,0.205607476636];1;481.0;0.0128180141103;1428;168;0.2544;1.8;52.315200000000004;37.6;74.55199999999999;11.04;23.44;17.84;3.8271999999999995;0.0;3.718399999999999;0.0864;2.8768000000000007;0.27520000000000006;1.9536000000000002;7.6;10.0
11286;zone63;4421.5566371748755;3071.026327566895;0.0;zone63;S01010318;12;1588;1497;304;[0.5,0.456522,0.043478];[0.469799,0.47651,0.053691];[0.310345,0.37931,0.310345];[0.678571,0.285714,0.035714];[0.36,0.14,0.34,0.16];3;317.0;-0.175110645645;1193;121;0.38333333333333336;0.9166666666666666;62.00666666666667;58.5;75.46666666666665;8.916666666666666;22.0;21.5;8.383333333333335;0.0;5.053333333333334;1.18;0.7966666666666667;0.25333333333333335;2.3;3.3333333333333335;14.916666666666666
11286;zone64;4173.240913470097;2893.8040771744095;0.0;zone64;S01010319;9;711;624;407;[0.258741,0.608392,0.132867];[0.383399,0.486166,0.130435];[0.439394,0.212121,0.348485];[0.530769,0.384615,0.084615];[0.171974522293,0.0700636942675,0.471337579618,0.286624203822];2;473.0;0.00423719084943;1432;86;0.3688888888888889;1.2222222222222223;48.599999999999994;48.0;69.30666666666667;9.333333333333334;22.0;16.555555555555557;5.231111111111111;0.0;4.262222222222222;0.36444444444444446;1.4888888888888887;0.2222222222222222;2.0844444444444448;6.111111111111111;10.88888888888889
11286;zone65;3940.1918462749595;2900.8899784533987;0.0;zone65;S01010320;4;675;594;437;[0.257813,0.523438,0.21875];[0.61753,0.298805,0.083665];[0.526316,0.22807,0.245614];[0.805085,0.169492,0.025424];[0.172185430464,0.0662251655629,0.443708609272,0.317880794702];1;646.0;0.202453315259;1214;30;0.29;0.75;41.8;37.5;62.05;9.0;22.0;14.25;4.49;0.0;3.04;0.73;1.09;0.14;3.54;1.75;9.0
11286;zone66;3905.8658739096163;2664.6669636212755;0.0;zone66;S01010321;7;837;634;432;[0.401709,0.555556,0.042735];[0.54717,0.433962,0.018868];[0.45122,0.439024,0.109756];[0.666667,0.271186,0.062147];[0.212328767123,0.0958904109589,0.390410958904,0.301369863014];1;1019.0;0.631764531736;1534;36;0.19428571428571428;2.2857142857142856;37.074285714285715;35.857142857142854;66.86285714285714;9.571428571428571;22.0;12.428571428571429;5.422857142857142;0.0;2.7028571428571433;0.0;1.217142857142857;0.21714285714285714;1.445714285714286;10.142857142857142;8.714285714285714
11286;zone67;3630.3978644730896;3132.1651121578075;0.0;zone67;S01010322;9;1028;914;549;[0.174419,0.549419,0.276163];[0.412399,0.471698,0.115903];[0.298507,0.38806,0.313433];[0.647059,0.323529,0.029412];[0.057268722467,0.0352422907489,0.449339207048,0.458149779736];5;124.0;-0.397569575369;1399;136;0.5733333333333334;2.2222222222222223;59.173333333333325;73.44444444444444;81.29333333333334;8.11111111111111;22.22222222222222;20.22222222222222;6.555555555555555;0.0;7.617777777777778;1.6844444444444446;2.248888888888889;0.14222222222222225;1.0533333333333337;9.555555555555555;17.77777777777778
11286;zone68;6208.193116766784;3072.425066795916;0.0;zone68;S01010323;4;603;466;377;[0.555556,0.444444,0.0];[0.657143,0.271429,0.071429];[0.642857,0.321429,0.035714];[0.793651,0.166667,0.039683];[0.578431372549,0.166666666667,0.235294117647,0.0196078431373];1;970.0;0.57559463238;945;17;0.16;1.0;52.74;34.5;77.66;13.0;24.5;18.0;4.25;0.0;3.3899999999999997;0.11;3.3299999999999996;0.29;3.8899999999999997;5.0;10.5
11286;zone69;6517.651722029823;2240.572579661372;0.0;zone69;S01010324;6;759;566;403;[0.142857,0.571429,0.285714];[0.298077,0.490385,0.211538];[0.333333,0.530864,0.135802];[0.401674,0.414226,0.1841];[0.569620253165,0.101265822785,0.291139240506,0.0379746835443];1;407.0;-0.0721601679586;1652;26;0.16;1.3333333333333333;40.80666666666667;26.666666666666668;73.08;14.166666666666666;25.333333333333332;14.0;3.1333333333333333;0.0;0.98;0.0;4.386666666666667;0.4466666666666667;2.7999999999999994;6.666666666666667;8.0
11286;zone70;6038.016041009105;2402.8415869980217;0.0;zone70;S01010325;18;939;666;501;[0.263158,0.368421,0.368421];[0.383838,0.525253,0.090909];[0.253623,0.615942,0.130435];[0.451362,0.463035,0.085603];[0.545454545455,0.238636363636,0.193181818182,0.0227272727273];1;225.0;-0.281126582053;1838;77;0.16444444444444445;1.1666666666666667;39.53333333333333;30.88888888888889;68.21555555555557;12.0;24.11111111111111;13.61111111111111;3.1066666666666665;0.0;1.668888888888889;0.0;4.211111111111112;0.4577777777777779;2.4977777777777783;5.111111111111111;8.444444444444445
11286;zone71;5272.359331052501;2740.775131541117;0.0;zone71;S01010326;39;987;707;494;[0.526316,0.368421,0.105263];[0.522523,0.333333,0.144144];[0.492188,0.3125,0.195313];[0.723514,0.224806,0.05168];[0.54375,0.16875,0.23125,0.05625];1;1389.0;1.05701743376;990;231;0.2246153846153846;1.0512820512820513;47.596923076923076;40.794871794871796;67.71794871794872;9.871794871794872;22.23076923076923;16.17948717948718;2.6020512820512813;0.0;6.386666666666668;0.02358974358974359;2.005128205128205;0.3394871794871794;2.4287179487179484;3.948717948717949;10.564102564102564
11286;zone72;4970.167032608406;2501.795090448298;0.0;zone72;S01010327;34;982;660;362;[0.031746,0.507937,0.460317];[0.372881,0.432203,0.194915];[0.289063,0.328125,0.382813];[0.516892,0.347973,0.135135];[0.416184971098,0.21387283237,0.236994219653,0.132947976879];1;470.0;0.000335688704598;960;240;0.27058823529411763;1.2352941176470589;44.28352941176472;39.64705882352941;70.82588235294116;10.911764705882353;23.0;14.882352941176471;3.7588235294117647;0.0;7.049411764705883;0.0;1.5729411764705876;0.35647058823529404;2.0952941176470588;5.4411764705882355;11.852941176470589
11286;zone73;5975.307390960257;2677.5485166167286;0.0;zone73;S01010328;24;969;706;445;[0.16129,0.5,0.33871];[0.27044,0.471698,0.257862];[0.192547,0.434783,0.372671];[0.338983,0.432203,0.228814];[0.309352517986,0.258992805755,0.280575539568,0.151079136691];2;457.0;-0.0138550124678;1713;160;0.26;1.625;39.48833333333334;40.875;65.34666666666666;9.541666666666666;22.208333333333332;13.416666666666666;2.9150000000000005;0.0;2.8750000000000004;0.0;4.081666666666666;0.3283333333333333;1.833333333333333;6.416666666666667;9.375
